  -7305.00   42251.15  0.0520584     9.3722   247.3819   182.1930   349.0064
  -7295.00   42252.45  0.0520800     9.3607   246.1149   182.3589   348.9611
  -7285.00   42252.11  0.0522816     9.3486   244.5968   182.5873   348.9363
  -7275.00   42253.11  0.0522725     9.3397   242.9714   182.7940   348.8853
  -7265.00   42255.75  0.0522886     9.3285   241.2199   183.0257   348.7981
  -7255.00   42256.78  0.0523988     9.3139   239.1201   183.4667   348.7319
  -7245.00   42255.10  0.0524262     9.3047   237.1426   183.7661   348.6632
  -7235.00   42255.07  0.0524480     9.2994   235.2714   184.0255   348.5620
  -7225.00   42255.65  0.0523905     9.2905   233.2220   184.5250   348.4661
  -7215.00   42254.15  0.0523420     9.2835   231.4760   184.8605   348.3813
  -7205.00   42251.31  0.0523915     9.2819   229.9590   185.1207   348.3065
  -7195.00   42250.71  0.0522222     9.2803   228.4903   185.4898   348.2242
  -7185.00   42251.42  0.0521032     9.2769   227.3116   185.7237   348.1385
  -7175.00   42250.12  0.0521451     9.2733   226.1519   185.9813   348.0958
  -7165.00   42248.87  0.0520182     9.2730   225.1203   186.1487   348.0560
  -7155.00   42250.21  0.0519539     9.2715   224.1789   186.2415   347.9911
  -7145.00   42252.30  0.0519677     9.2633   222.9475   186.4971   347.9561
  -7135.00   42251.72  0.0519642     9.2568   221.7312   186.5951   347.9414
  -7125.00   42251.75  0.0520582     9.2522   220.4292   186.6542   347.9037
  -7115.00   42254.06  0.0520659     9.2415   218.7312   186.9435   347.8555
  -7105.00   42255.73  0.0521171     9.2281   217.0062   187.1122   347.8162
  -7095.00   42254.87  0.0523177     9.2172   215.1377   187.3134   347.7826
  -7085.00   42254.61  0.0523211     9.2068   213.1244   187.6430   347.7180
  -7075.00   42255.99  0.0523634     9.1939   211.2145   187.9262   347.6277
  -7065.00   42256.23  0.0525031     9.1797   209.2269   188.3277   347.5643
  -7055.00   42253.43  0.0524941     9.1714   207.4231   188.6886   347.4928
  -7045.00   42252.10  0.0525081     9.1653   205.8542   189.0282   347.3804
  -7035.00   42252.47  0.0525053     9.1550   204.2355   189.5411   347.2878
  -7025.00   42251.36  0.0524224     9.1485   202.9083   189.8859   347.2174
  -7015.00   42249.00  0.0524156     9.1482   201.7541   190.1776   347.1360
  -7005.00   42248.90  0.0522777     9.1445   200.4686   190.6292   347.0559
  -6995.00   42250.92  0.0521349     9.1394   199.3759   190.8708   346.9895
  -6985.00   42251.00  0.0521226     9.1370   198.2059   191.0758   346.9585
  -6975.00   42250.78  0.0519534     9.1351   196.8638   191.3244   346.9242
  -6965.00   42252.64  0.0518632     9.1303   195.5378   191.4421   346.8684
  -6955.00   42255.42  0.0518697     9.1204   193.9363   191.6207   346.8533
  -6945.00   42255.14  0.0517894     9.1127   192.2423   191.7255   346.8506
  -6935.00   42254.36  0.0518331     9.1057   190.5256   191.8020   346.8069
  -6925.00   42255.58  0.0518787     9.0909   188.5561   192.0705   346.7633
  -6915.00   42256.36  0.0518780     9.0758   186.7184   192.2019   346.7375
  -6905.00   42254.41  0.0520122     9.0653   184.9447   192.3696   346.6926
  -6895.00   42252.69  0.0520348     9.0523   183.1077   192.7534   346.6151
  -6885.00   42253.07  0.0520643     9.0374   181.5764   193.0094   346.5286
  -6875.00   42253.13  0.0521667     9.0252   180.1186   193.3231   346.4653
  -6865.00   42250.60  0.0521172     9.0177   178.7308   193.7204   346.3849
  -6855.00   42249.39  0.0521257     9.0110   177.5751   194.0442   346.2686
  -6845.00   42250.81  0.0521451     9.0012   176.3489   194.4442   346.1878
  -6835.00   42250.89  0.0520182     8.9966   175.1779   194.7442   346.1340
  -6825.00   42249.72  0.0519935     8.9970   174.0306   194.9930   346.0528
  -6815.00   42250.39  0.0519403     8.9912   172.6094   195.3762   345.9823
  -6805.00   42253.27  0.0518059     8.9847   171.2319   195.5325   345.9473
  -6795.00   42254.18  0.0517898     8.9830   169.7096   195.6614   345.9241
  -6785.00   42253.86  0.0516996     8.9781   167.8942   195.9333   345.8890
  -6775.00   42255.02  0.0516710     8.9687   166.1786   196.0194   345.8453
  -6765.00   42257.09  0.0517165     8.9582   164.3431   196.1288   345.8384
  -6755.00   42256.13  0.0516566     8.9491   162.4371   196.3033   345.8280
  -6745.00   42253.89  0.0517443     8.9392   160.7169   196.4295   345.7693
  -6735.00   42253.68  0.0518691     8.9225   158.9865   196.6744   345.7239
  -6725.00   42253.75  0.0518562     8.9079   157.4463   196.8518   345.6998
  -6715.00   42251.63  0.0519776     8.8983   156.0700   197.0750   345.6368
  -6705.00   42249.55  0.0520797     8.8837   154.6504   197.5072   345.5493
  -6695.00   42250.17  0.0521120     8.8681   153.5039   197.7678   345.4761
  -6685.00   42251.24  0.0521876     8.8585   152.3460   198.0850   345.4128
  -6675.00   42250.10  0.0521618     8.8505   151.0177   198.5778   345.3259
  -6665.00   42249.80  0.0521900     8.8415   149.8101   198.9257   345.2168
  -6655.00   42252.31  0.0522052     8.8323   148.4286   199.2894   345.1505
  -6645.00   42253.58  0.0520432     8.8283   146.8337   199.6784   345.1034
  -6635.00   42253.05  0.0519984     8.8274   145.2020   199.9913   345.0207
  -6625.00   42253.45  0.0519712     8.8198   143.3495   200.3487   344.9613
  -6615.00   42255.72  0.0517680     8.8132   141.4972   200.5314   344.9527
  -6605.00   42256.26  0.0516753     8.8122   139.6203   200.6932   344.9335
  -6595.00   42254.60  0.0516042     8.8047   137.6112   200.9920   344.9004
  -6585.00   42254.18  0.0515271     8.7920   135.9214   201.0304   344.8856
  -6575.00   42255.09  0.0515042     8.7818   134.3168   201.0869   344.8921
  -6565.00   42253.74  0.0514238     8.7708   132.6933   201.3143   344.8787
  -6555.00   42250.99  0.0515019     8.7560   131.4201   201.4121   344.8229
  -6545.00   42250.48  0.0516184     8.7376   130.2351   201.5614   344.7855
  -6535.00   42251.11  0.0515619     8.7229   129.0693   201.7755   344.7595
  -6525.00   42250.09  0.0516612     8.7121   127.9919   202.0249   344.6786
  -6515.00   42248.80  0.0518039     8.6958   126.7983   202.4087   344.5837
  -6505.00   42250.27  0.0517821     8.6811   125.6638   202.6400   344.5233
  -6495.00   42252.53  0.0518020     8.6748   124.3512   202.9495   344.4549
  -6485.00   42252.50  0.0518023     8.6674   122.7091   203.4514   344.3620
  -6475.00   42252.58  0.0518097     8.6574   121.1582   203.7051   344.2764
  -6465.00   42254.99  0.0517829     8.6512   119.4210   203.9561   344.2325
  -6455.00   42256.34  0.0516236     8.6481   117.3909   204.3476   344.1955
  -6445.00   42255.34  0.0516071     8.6444   115.4792   204.5972   344.1245
  -6435.00   42254.40  0.0516190     8.6351   113.5858   204.7986   344.0880
  -6425.00   42255.14  0.0514272     8.6280   111.7285   204.9616   344.0976
  -6415.00   42254.98  0.0513711     8.6252   110.0231   205.1295   344.0730
  -6405.00   42252.29  0.0514142     8.6141   108.3992   205.3793   344.0332
  -6395.00   42250.99  0.0513543     8.5991   107.1442   205.3846   344.0355
  -6385.00   42251.68  0.0513457     8.5896   105.9912   205.4545   344.0351
  -6375.00   42251.08  0.0513541     8.5777   104.7314   205.7654   343.9995
  -6365.00   42249.27  0.0514649     8.5596   103.7902   205.8491   343.9492
  -6355.00   42249.46  0.0515857     8.5424   102.8271   205.9624   343.9164
  -6345.00   42251.38  0.0515506     8.5293   101.5908   206.2769   343.8820
  -6335.00   42251.87  0.0516868     8.5167   100.3205   206.5760   343.7931
  -6325.00   42251.36  0.0518729     8.4997    98.8750   206.9158   343.7036
  -6315.00   42252.99  0.0518285     8.4864    97.2759   207.1953   343.6570
  -6305.00   42255.51  0.0518483     8.4812    95.4368   207.5856   343.5832
  -6295.00   42255.47  0.0519147     8.4727    93.3273   208.1348   343.4849
  -6285.00   42254.61  0.0518893     8.4617    91.4067   208.3857   343.4250
  -6275.00   42255.50  0.0518116     8.4579    89.4277   208.6642   343.3940
  -6265.00   42256.04  0.0516658     8.4554    87.2693   209.1609   343.3549
  -6255.00   42254.28  0.0516345     8.4486    85.4862   209.4121   343.3017
  -6245.00   42252.08  0.0515858     8.4394    83.9418   209.5466   343.2920
  -6235.00   42251.92  0.0513477     8.4327    82.4289   209.7632   343.3155
  -6225.00   42251.99  0.0512769     8.4273    81.1403   209.9612   343.2938
  -6215.00   42249.80  0.0513232     8.4126    80.0228   210.1221   343.2677
  -6205.00   42248.88  0.0511935     8.3961    79.0955   210.1106   343.2930
  -6195.00   42250.38  0.0511422     8.3860    78.1251   210.1975   343.2913
  -6185.00   42251.22  0.0512067     8.3712    76.9106   210.5193   343.2400
  -6175.00   42250.85  0.0512696     8.3500    75.8670   210.5505   343.2071
  -6165.00   42251.55  0.0513273     8.3339    74.6544   210.6240   343.1792
  -6155.00   42254.14  0.0513067     8.3223    72.9616   211.0211   343.1257
  -6145.00   42255.25  0.0514405     8.3074    71.2631   211.2935   343.0378
  -6135.00   42254.45  0.0515921     8.2914    69.4683   211.5352   342.9609
  -6125.00   42254.95  0.0514927     8.2819    67.4801   211.8386   342.9228
  -6115.00   42256.36  0.0515112     8.2776    65.4183   212.2287   342.8478
  -6105.00   42255.61  0.0516165     8.2687    63.3481   212.6873   342.7580
  -6095.00   42253.51  0.0515284     8.2588    61.6095   212.8540   342.7329
  -6085.00   42252.95  0.0514207     8.2570    59.9542   213.0835   342.7174
  -6075.00   42253.15  0.0513520     8.2539    58.2334   213.5559   342.6755
  -6065.00   42251.69  0.0513338     8.2433    57.0002   213.6824   342.6512
  -6055.00   42249.55  0.0512691     8.2339    55.9787   213.7066   342.6652
  -6045.00   42249.76  0.0510825     8.2274    54.8073   213.9433   342.6843
  -6035.00   42250.92  0.0510980     8.2173    53.7779   214.1049   342.6591
  -6025.00   42250.23  0.0511954     8.2002    52.8097   214.1702   342.6423
  -6015.00   42250.06  0.0510807     8.1842    51.7415   214.1874   342.6701
  -6005.00   42252.24  0.0510861     8.1737    50.4531   214.3395   342.6520
  -5995.00   42254.15  0.0512584     8.1571    48.8752   214.6620   342.5868
  -5985.00   42254.43  0.0513217     8.1359    47.3579   214.7097   342.5665
  -5975.00   42254.49  0.0513604     8.1224    45.6541   214.8283   342.5418
  -5965.00   42256.25  0.0514238     8.1121    43.5195   215.3237   342.4680
  -5955.00   42256.82  0.0515779     8.0956    41.5680   215.5974   342.3934
  -5945.00   42254.95  0.0517040     8.0809    39.7135   215.8093   342.3377
  -5935.00   42253.69  0.0516053     8.0745    37.7339   216.2189   342.2986
  -5925.00   42253.80  0.0516581     8.0684    35.9053   216.6449   342.2251
  -5915.00   42252.95  0.0517914     8.0583    34.2600   217.0600   342.1507
  -5905.00   42250.66  0.0516459     8.0502    32.9030   217.2718   342.1487
  -5895.00   42249.87  0.0515157     8.0489    31.6054   217.5693   342.1393
  -5885.00   42250.80  0.0514981     8.0441    30.2351   218.0594   342.0959
  -5875.00   42250.86  0.0514198     8.0318    29.2339   218.1562   342.1047
  -5865.00   42249.77  0.0512655     8.0232    28.2566   218.1803   342.1457
  -5855.00   42250.75  0.0510811     8.0167    26.9267   218.4875   342.1607
  -5845.00   42252.93  0.0510818     8.0020    25.6817   218.5942   342.1527
  -5835.00   42253.42  0.0511210     7.9830    24.4027   218.5679   342.1643
  -5825.00   42253.27  0.0509560     7.9679    22.8441   218.6283   342.1974
  -5815.00   42254.84  0.0509764     7.9544    21.0982   218.7943   342.1701
  -5805.00   42256.53  0.0511803     7.9349    19.2173   219.0399   342.1054
  -5795.00   42256.32  0.0511983     7.9146    17.4372   219.0829   342.0952
  -5785.00   42254.87  0.0511989     7.9032    15.5915   219.2499   342.0649
  -5775.00   42255.03  0.0513201     7.8933    13.5540   219.7617   341.9695
  -5765.00   42255.00  0.0514413     7.8771    11.8946   219.9860   341.9097
  -5755.00   42252.70  0.0514834     7.8662    10.4504   220.1405   341.8795
  -5745.00   42250.73  0.0513817     7.8637     8.8752   220.5993   341.8348
  -5735.00   42250.62  0.0514253     7.8565     7.5593   220.9403   341.7772
  -5725.00   42250.83  0.0515306     7.8461     6.4274   221.1843   341.7397
  -5715.00   42249.60  0.0513398     7.8407     5.3321   221.3666   341.7627
  -5705.00   42249.53  0.0512341     7.8378     4.1693   221.6150   341.7609
  -5695.00   42251.51  0.0512962     7.8294     2.8558   221.9728   341.7262
  -5685.00   42253.10  0.0512145     7.8158     1.6892   221.9799   341.7625
  -5675.00   42252.87  0.0510758     7.8073     0.3496   221.9944   341.8110
  -5665.00   42253.75  0.0510095     7.7993   358.5836   222.3288   341.8027
  -5655.00   42255.80  0.0510599     7.7814   356.9434   222.3790   341.8020
  -5645.00   42256.34  0.0511101     7.7631   355.2956   222.3144   341.8290
  -5635.00   42255.14  0.0509980     7.7511   353.3748   222.4840   341.8449
  -5625.00   42254.95  0.0510862     7.7357   351.5072   222.6688   341.8077
  -5615.00   42255.57  0.0513313     7.7156   349.7479   222.8551   341.7542
  -5605.00   42254.72  0.0513445     7.6986   348.1578   222.9434   341.7531
  -5595.00   42252.32  0.0513772     7.6884   346.6013   223.1914   341.7161
  -5585.00   42251.53  0.0515737     7.6772   345.0150   223.7037   341.6141
  -5575.00   42251.94  0.0516921     7.6615   343.7966   223.9222   341.5721
  -5565.00   42250.57  0.0516988     7.6532   342.6702   224.1206   341.5607
  -5555.00   42249.19  0.0516569     7.6518   341.2756   224.6809   341.5030
  -5545.00   42249.83  0.0517029     7.6428   340.0551   225.0306   341.4583
  -5535.00   42251.60  0.0517567     7.6329   338.8810   225.2232   341.4595
  -5525.00   42251.74  0.0515432     7.6307   337.4537   225.5117   341.4923
  -5515.00   42252.11  0.0514336     7.6260   335.8923   225.7967   341.4996
  -5505.00   42254.24  0.0514870     7.6146   334.1989   226.0762   341.4934
  -5495.00   42256.27  0.0513334     7.6020   332.5527   226.0835   341.5619
  -5485.00   42255.82  0.0511617     7.5931   330.7510   226.1389   341.6221
  -5475.00   42255.24  0.0511382     7.5818   328.7032   226.4671   341.6105
  -5465.00   42255.98  0.0511452     7.5613   326.9690   226.4622   341.6302
  -5455.00   42255.86  0.0511317     7.5436   325.3712   226.3708   341.6766
  -5445.00   42253.61  0.0510522     7.5324   323.6076   226.6230   341.6706
  -5435.00   42252.08  0.0511394     7.5144   322.1235   226.7844   341.6278
  -5425.00   42252.24  0.0513383     7.4941   320.8710   226.8816   341.5927
  -5415.00   42251.82  0.0513063     7.4821   319.6814   227.0232   341.5896
  -5405.00   42249.97  0.0513445     7.4726   318.4984   227.2970   341.5430
  -5395.00   42249.50  0.0515466     7.4608   317.2683   227.7307   341.4494
  -5385.00   42251.17  0.0515939     7.4484   316.2274   227.8868   341.4348
  -5375.00   42251.35  0.0515519     7.4435   315.0468   228.0830   341.4410
  -5365.00   42250.87  0.0515534     7.4422   313.4831   228.6136   341.3845
  -5355.00   42252.03  0.0515804     7.4321   312.0158   228.8575   341.3660
  -5345.00   42254.49  0.0515681     7.4236   310.4954   228.9265   341.4128
  -5335.00   42255.13  0.0513945     7.4230   308.6176   229.2141   341.4480
  -5325.00   42254.76  0.0513316     7.4153   306.7112   229.4338   341.4576
  -5315.00   42255.67  0.0514032     7.4008   304.8409   229.5548   341.4839
  -5305.00   42256.90  0.0512654     7.3902   303.0561   229.5461   341.5616
  -5295.00   42255.58  0.0511632     7.3807   301.2812   229.6132   341.6084
  -5285.00   42253.36  0.0512467     7.3659   299.4937   229.8907   341.5896
  -5275.00   42252.92  0.0512735     7.3459   298.1246   229.8641   341.6176
  -5265.00   42252.69  0.0512725     7.3308   296.9222   229.8062   341.6646
  -5255.00   42250.66  0.0513015     7.3203   295.5634   230.1309   341.6334
  -5245.00   42249.08  0.0514261     7.3015   294.4840   230.3007   341.5885
  -5235.00   42249.92  0.0516012     7.2831   293.5379   230.3663   341.5806
  -5225.00   42250.97  0.0516001     7.2753   292.4114   230.6099   341.5699
  -5215.00   42250.46  0.0516840     7.2657   291.1800   230.9245   341.5175
  -5205.00   42250.67  0.0519080     7.2522   289.7980   231.3061   341.4496
  -5195.00   42253.25  0.0519253     7.2436   288.3820   231.5020   341.4564
  -5185.00   42254.50  0.0518983     7.2402   286.7098   231.7651   341.4677
  -5175.00   42254.09  0.0519655     7.2369   284.6742   232.3087   341.4162
  -5165.00   42254.47  0.0519690     7.2268   282.7718   232.5466   341.4260
  -5155.00   42256.14  0.0518987     7.2204   280.8670   232.6422   341.5048
  -5145.00   42256.24  0.0517586     7.2205   278.7448   232.9994   341.5395
  -5135.00   42254.29  0.0516903     7.2103   276.8328   233.2210   341.5595
  -5125.00   42253.62  0.0516890     7.1949   275.1627   233.2709   341.6348
  -5115.00   42254.11  0.0515106     7.1865   273.6432   233.3153   341.7235
  -5105.00   42252.67  0.0514022     7.1754   272.2754   233.4041   341.7630
  -5095.00   42250.19  0.0514864     7.1562   271.0055   233.5915   341.7663
  -5085.00   42249.85  0.0514542     7.1369   270.0487   233.5552   341.8106
  -5075.00   42250.68  0.0514170     7.1235   269.1322   233.5320   341.8501
  -5065.00   42249.97  0.0515020     7.1110   267.9582   233.8584   341.8015
  -5055.00   42249.17  0.0516037     7.0919   266.9134   234.0016   341.7598
  -5045.00   42250.92  0.0517061     7.0772   265.8057   234.0464   341.7716
  -5035.00   42253.21  0.0517193     7.0733   264.3219   234.3539   341.7466
  -5025.00   42253.43  0.0517977     7.0645   262.7080   234.6480   341.6907
  -5015.00   42253.52  0.0519685     7.0522   260.9473   234.9108   341.6686
  -5005.00   42255.67  0.0519314     7.0491   259.0863   235.1044   341.6991
  -4995.00   42256.72  0.0518926     7.0476   257.1101   235.3280   341.7183
  -4985.00   42255.37  0.0519823     7.0414   254.9927   235.7308   341.6961
  -4975.00   42254.14  0.0519470     7.0322   253.1453   235.8662   341.7445
  -4965.00   42254.43  0.0518628     7.0271   251.4385   235.9090   341.8402
  -4955.00   42254.00  0.0518032     7.0249   249.6888   236.2150   341.8669
  -4945.00   42251.25  0.0517732     7.0116   248.2840   236.3476   341.8921
  -4935.00   42250.01  0.0517742     6.9967   247.1142   236.3273   341.9907
  -4925.00   42250.88  0.0516627     6.9901   245.9923   236.4161   342.0625
  -4915.00   42250.49  0.0516282     6.9779   244.9801   236.5136   342.0734
  -4905.00   42249.07  0.0517524     6.9575   243.9599   236.6226   342.0991
  -4895.00   42249.65  0.0517405     6.9420   242.9893   236.6284   342.1490
  -4885.00   42251.89  0.0517424     6.9314   241.8897   236.6709   342.1689
  -4875.00   42252.52  0.0519062     6.9172   240.4491   236.9715   342.1229
  -4865.00   42252.13  0.0520180     6.8992   238.9988   237.1115   342.0993
  -4855.00   42253.77  0.0521143     6.8884   237.3920   237.1934   342.1243
  -4845.00   42256.06  0.0522035     6.8855   235.4215   237.5618   342.0888
  -4835.00   42255.76  0.0523091     6.8759   233.4545   237.8613   342.0332
  -4825.00   42254.54  0.0524627     6.8653   231.4679   238.0935   342.0519
  -4815.00   42255.15  0.0524487     6.8659   229.4651   238.3795   342.0894
  -4805.00   42255.46  0.0524279     6.8654   227.5881   238.6529   342.0994
  -4795.00   42253.36  0.0525183     6.8571   225.7833   238.9967   342.1167
  -4785.00   42251.15  0.0524464     6.8505   224.2724   239.1663   342.2007
  -4775.00   42251.12  0.0523371     6.8475   222.9554   239.2623   342.3054
  -4765.00   42251.29  0.0522997     6.8421   221.6290   239.5595   342.3435
  -4755.00   42249.25  0.0522202     6.8269   220.5735   239.6604   342.4004
  -4745.00   42248.61  0.0521643     6.8129   219.5916   239.6354   342.5256
  -4735.00   42250.60  0.0520669     6.8059   218.4707   239.7763   342.5896
  -4725.00   42251.62  0.0520156     6.7905   217.3660   239.8608   342.5888
  -4715.00   42251.34  0.0520911     6.7696   216.1077   239.9021   342.6439
  -4705.00   42252.30  0.0520626     6.7573   214.6974   239.9561   342.6950
  -4695.00   42254.99  0.0520603     6.7484   213.1399   240.0430   342.6806
  -4685.00   42255.82  0.0522147     6.7330   211.3151   240.2676   342.6501
  -4675.00   42254.64  0.0522800     6.7186   209.4906   240.3924   342.6502
  -4665.00   42254.96  0.0523394     6.7136   207.6298   240.4953   342.6732
  -4655.00   42256.08  0.0524524     6.7113   205.6179   240.8353   342.6389
  -4645.00   42254.81  0.0525093     6.7022   203.8194   241.0631   342.6075
  -4635.00   42252.37  0.0526019     6.6957   202.1511   241.2129   342.6685
  -4625.00   42251.96  0.0526070     6.6989   200.5390   241.4909   342.7159
  -4615.00   42252.32  0.0525761     6.6973   199.1857   241.7016   342.7212
  -4605.00   42250.71  0.0526374     6.6877   197.9220   241.8940   342.7877
  -4595.00   42248.87  0.0525710     6.6831   196.7867   242.0247   342.8965
  -4585.00   42249.77  0.0524883     6.6810   195.7509   242.0980   342.9803
  -4575.00   42251.17  0.0525026     6.6713   194.5897   242.2921   343.0284
  -4565.00   42250.45  0.0524325     6.6558   193.4753   242.3388   343.1055
  -4555.00   42250.50  0.0524079     6.6447   192.2602   242.3046   343.2230
  -4545.00   42253.12  0.0524104     6.6371   190.7693   242.4594   343.2646
  -4535.00   42254.84  0.0523856     6.6204   189.2546   242.5224   343.2583
  -4525.00   42254.60  0.0524736     6.6021   187.5620   242.5393   343.3285
  -4515.00   42254.65  0.0525171     6.5939   185.7111   242.6571   343.3738
  -4505.00   42256.39  0.0525611     6.5856   183.8973   242.7794   343.3302
  -4495.00   42256.50  0.0527255     6.5705   182.0054   242.9587   343.3251
  -4485.00   42253.95  0.0528089     6.5601   180.2140   243.1159   343.3524
  -4475.00   42252.83  0.0529066     6.5589   178.5724   243.2782   343.3567
  -4465.00   42253.11  0.0530716     6.5550   176.9456   243.6028   343.3325
  -4455.00   42251.87  0.0531155     6.5465   175.5595   243.8350   343.3331
  -4445.00   42249.48  0.0532043     6.5440   174.2882   244.0118   343.4119
  -4435.00   42249.41  0.0532736     6.5478   172.9903   244.3401   343.4605
  -4425.00   42250.91  0.0532292     6.5444   171.8645   244.5694   343.4729
  -4415.00   42250.79  0.0532470     6.5357   170.6707   244.7411   343.5830
  -4405.00   42249.96  0.0531901     6.5337   169.3709   244.9299   343.7157
  -4395.00   42251.82  0.0530936     6.5314   168.0751   245.0446   343.7834
  -4385.00   42254.05  0.0530676     6.5185   166.5649   245.1880   343.8668
  -4375.00   42253.89  0.0529437     6.5038   164.9589   245.2475   343.9823
  -4365.00   42253.55  0.0528884     6.4951   163.2807   245.2394   344.0880
  -4355.00   42255.33  0.0529007     6.4843   161.4181   245.3708   344.1253
  -4345.00   42256.48  0.0528121     6.4661   159.6340   245.4162   344.1332
  -4335.00   42255.16  0.0528501     6.4512   157.8363   245.4219   344.2085
  -4325.00   42253.81  0.0529300     6.4455   156.0373   245.5652   344.2360
  -4315.00   42254.33  0.0529501     6.4370   154.4941   245.6776   344.1714
  -4305.00   42254.14  0.0530596     6.4243   153.0017   245.8079   344.1865
  -4295.00   42251.20  0.0531438     6.4202   151.6106   245.9788   344.2364
  -4285.00   42249.93  0.0532361     6.4225   150.4422   246.1363   344.2195
  -4275.00   42250.63  0.0533729     6.4184   149.2645   246.3721   344.2211
  -4265.00   42250.46  0.0533656     6.4124   148.1391   246.5599   344.2762
  -4255.00   42249.10  0.0534289     6.4143   147.0164   246.6956   344.3659
  -4245.00   42249.94  0.0535222     6.4165   145.7362   246.9415   344.4222
  -4235.00   42252.56  0.0534346     6.4102   144.4522   247.0922   344.4607
  -4225.00   42253.60  0.0534213     6.4028   142.9660   247.1875   344.5962
  -4215.00   42253.18  0.0534267     6.4018   141.2674   247.3438   344.7247
  -4205.00   42254.81  0.0533505     6.3970   139.6003   247.4129   344.7626
  -4195.00   42256.74  0.0533275     6.3831   137.7551   247.4815   344.8576
  -4185.00   42255.97  0.0532522     6.3717   135.8335   247.5513   344.9855
  -4175.00   42254.29  0.0532535     6.3660   134.0563   247.5562   345.0470
  -4165.00   42254.39  0.0533200     6.3539   132.2903   247.6420   345.0794
  -4155.00   42254.70  0.0532414     6.3372   130.6931   247.6990   345.1104
  -4145.00   42252.64  0.0533112     6.3278   129.2364   247.7322   345.1775
  -4135.00   42250.77  0.0534737     6.3230   127.8773   247.8784   345.1923
  -4125.00   42251.12  0.0535017     6.3134   126.7862   247.9875   345.1314
  -4115.00   42251.81  0.0536072     6.3033   125.6702   248.1232   345.1662
  -4105.00   42249.90  0.0537677     6.3032   124.5089   248.3364   345.2232
  -4095.00   42249.47  0.0538907     6.3056   123.4803   248.5113   345.1849
  -4085.00   42251.32  0.0540222     6.3010   122.2706   248.7297   345.2057
  -4075.00   42252.43  0.0540379     6.2985   120.8443   248.9742   345.3046
  -4065.00   42251.95  0.0541239     6.3039   119.3465   249.1616   345.3835
  -4055.00   42252.87  0.0542298     6.3046   117.6403   249.3953   345.4502
  -4045.00   42255.47  0.0540949     6.2975   115.8257   249.5761   345.5371
  -4035.00   42256.36  0.0540457     6.2932   113.8627   249.7159   345.6949
  -4025.00   42255.15  0.0540693     6.2923   111.8305   249.8873   345.8255
  -4015.00   42255.21  0.0539276     6.2839   110.0072   249.9497   345.8701
  -4005.00   42256.07  0.0538267     6.2694   108.1761   250.0083   345.9877
  -3995.00   42254.53  0.0537611     6.2606   106.4002   250.1144   346.1250
  -3985.00   42251.92  0.0537341     6.2545   105.0029   250.1162   346.1479
  -3975.00   42251.18  0.0537555     6.2408   103.7205   250.1498   346.1772
  -3965.00   42251.65  0.0536535     6.2268   102.5214   250.2327   346.2329
  -3955.00   42250.19  0.0537251     6.2228   101.4815   250.2866   346.2692
  -3945.00   42249.08  0.0538922     6.2187   100.4718   250.3924   346.2710
  -3935.00   42250.20  0.0538626     6.2099    99.5315   250.4827   346.2345
  -3925.00   42252.13  0.0539349     6.2057    98.3866   250.6238   346.2872
  -3915.00   42251.70  0.0541208     6.2093    97.0573   250.8171   346.3484
  -3905.00   42251.84  0.0541892     6.2112    95.7615   250.9350   346.3161
  -3895.00   42254.18  0.0542393     6.2071    94.1737   251.0904   346.3702
  -3885.00   42255.56  0.0542738     6.2086    92.2703   251.3202   346.5061
  -3875.00   42254.91  0.0543478     6.2147    90.4194   251.4564   346.5699
  -3865.00   42254.67  0.0544129     6.2126    88.4967   251.5832   346.6395
  -3855.00   42256.01  0.0542612     6.2055    86.4973   251.7319   346.7684
  -3845.00   42256.03  0.0542380     6.2041    84.5735   251.8544   346.9105
  -3835.00   42253.82  0.0543079     6.2022    82.8146   251.9558   347.0136
  -3825.00   42252.51  0.0541472     6.1913    81.3634   251.9682   347.0632
  -3815.00   42252.87  0.0540574     6.1791    79.9732   252.0188   347.1781
  -3805.00   42251.69  0.0540975     6.1737    78.6664   252.1257   347.2950
  -3795.00   42249.48  0.0540912     6.1671    77.7397   252.1030   347.2870
  -3785.00   42249.18  0.0541071     6.1536    76.8162   252.1069   347.3122
  -3775.00   42250.74  0.0540841     6.1441    75.7263   252.2342   347.3897
  -3765.00   42250.82  0.0542147     6.1435    74.7086   252.3100   347.3938
  -3755.00   42250.65  0.0544071     6.1393    73.5784   252.3906   347.3852
  -3745.00   42252.35  0.0543759     6.1313    72.2670   252.5084   347.3891
  -3735.00   42254.91  0.0544989     6.1321    70.6669   252.7038   347.4408
  -3725.00   42255.12  0.0547446     6.1370    68.8755   252.9108   347.4949
  -3715.00   42254.61  0.0547837     6.1373    67.1259   253.0345   347.4792
  -3705.00   42255.87  0.0548098     6.1353    65.1335   253.2340   347.5595
  -3695.00   42256.45  0.0549133     6.1401    62.9617   253.5153   347.7095
  -3685.00   42254.95  0.0549799     6.1459    61.0734   253.6722   347.7642
  -3675.00   42253.12  0.0549700     6.1419    59.3010   253.7933   347.8482
  -3665.00   42253.19  0.0548212     6.1369    57.5036   253.9981   348.0233
  -3655.00   42253.03  0.0548014     6.1376    55.9688   254.1568   348.1531
  -3645.00   42250.89  0.0548281     6.1333    54.7045   254.2297   348.2403
  -3635.00   42249.61  0.0545797     6.1203    53.6218   254.2545   348.3279
  -3625.00   42250.58  0.0544594     6.1105    52.5349   254.3391   348.4419
  -3615.00   42250.84  0.0545242     6.1063    51.4614   254.4337   348.5292
  -3605.00   42249.93  0.0544382     6.0974    50.5939   254.3883   348.5114
  -3595.00   42250.38  0.0543742     6.0849    49.5380   254.3914   348.5367
  -3585.00   42252.77  0.0544092     6.0808    48.1300   254.5461   348.6129
  -3575.00   42253.94  0.0545323     6.0827    46.7555   254.6093   348.5862
  -3565.00   42253.76  0.0546626     6.0792    45.2279   254.6484   348.5683
  -3555.00   42254.81  0.0546120     6.0756    43.3979   254.7958   348.6219
  -3545.00   42256.70  0.0547510     6.0819    41.4454   254.9946   348.6695
  -3535.00   42256.43  0.0549865     6.0883    39.4928   255.1525   348.7168
  -3525.00   42254.63  0.0549248     6.0874    37.6851   255.2389   348.7495
  -3515.00   42254.24  0.0549121     6.0881    35.8219   255.4261   348.8540
  -3505.00   42254.11  0.0550450     6.0943    34.0001   255.6556   348.9994
  -3495.00   42252.48  0.0550533     6.0970    32.6044   255.7293   349.0477
  -3485.00   42250.17  0.0549647     6.0908    31.3403   255.7944   349.1383
  -3475.00   42250.06  0.0548711     6.0879    29.9962   255.9739   349.3163
  -3465.00   42250.87  0.0548952     6.0893    28.9078   256.0777   349.4042
  -3455.00   42249.95  0.0549079     6.0828    27.9660   256.0831   349.4567
  -3445.00   42249.56  0.0546804     6.0712    26.9040   256.1180   349.5657
  -3435.00   42251.40  0.0546366     6.0657    25.7151   256.2171   349.6558
  -3425.00   42253.12  0.0547764     6.0629    24.4424   256.2847   349.7019
  -3415.00   42253.20  0.0546726     6.0532    23.1711   256.2412   349.6982
  -3405.00   42253.51  0.0546180     6.0436    21.6237   256.2874   349.7314
  -3395.00   42255.45  0.0547591     6.0435    19.7659   256.4628   349.7943
  -3385.00   42256.52  0.0548989     6.0451    18.0416   256.5180   349.7534
  -3375.00   42255.30  0.0549954     6.0411    16.2708   256.5652   349.7368
  -3365.00   42254.56  0.0550130     6.0415    14.2780   256.7759   349.8167
  -3355.00   42255.12  0.0552122     6.0506    12.4340   256.9935   349.8469
  -3345.00   42254.36  0.0554605     6.0566    10.7842   257.1455   349.8726
  -3335.00   42251.99  0.0553736     6.0563     9.2530   257.2933   349.9541
  -3325.00   42250.81  0.0553882     6.0606     7.7661   257.5413   350.0702
  -3315.00   42251.09  0.0555613     6.0681     6.3803   257.7874   350.2007
  -3305.00   42250.61  0.0554877     6.0679     5.3069   257.8710   350.2731
  -3295.00   42249.13  0.0553290     6.0616     4.1959   257.9921   350.3913
  -3285.00   42249.61  0.0552546     6.0603     2.8821   258.2103   350.5723
  -3275.00   42251.75  0.0552320     6.0599     1.7332   258.2924   350.6423
  -3265.00   42252.19  0.0551389     6.0500     0.5540   258.2923   350.6874
  -3255.00   42252.32  0.0548969     6.0399   359.0415   258.3805   350.8133
  -3245.00   42254.08  0.0548639     6.0370   357.4259   258.4874   350.8750
  -3235.00   42256.06  0.0549808     6.0337   355.7875   258.5214   350.8730
  -3225.00   42256.08  0.0548206     6.0248   354.0761   258.5081   350.8900
  -3215.00   42255.05  0.0547632     6.0202   352.2222   258.6009   350.9236
  -3205.00   42255.45  0.0549514     6.0245   350.3081   258.7707   350.9545
  -3195.00   42255.72  0.0550228     6.0265   348.6893   258.7995   350.9192
  -3185.00   42253.67  0.0550392     6.0245   347.1456   258.8563   350.9252
  -3175.00   42251.71  0.0550893     6.0298   345.4941   259.0883   351.0208
  -3165.00   42251.66  0.0552537     6.0401   344.1571   259.2488   351.0453
  -3155.00   42251.51  0.0554069     6.0440   343.0352   259.3286   351.0657
  -3145.00   42250.00  0.0552888     6.0449   341.8236   259.4871   351.1906
  -3135.00   42249.22  0.0553049     6.0510   340.6299   259.6993   351.3036
  -3125.00   42250.69  0.0554757     6.0571   339.4754   259.8612   351.3903
  -3115.00   42251.78  0.0553266     6.0540   338.3436   259.9075   351.4840
  -3105.00   42251.37  0.0551721     6.0488   337.0076   260.0221   351.6036
  -3095.00   42252.14  0.0551786     6.0493   335.3966   260.2211   351.7437
  -3085.00   42254.64  0.0551324     6.0468   333.8955   260.2393   351.7893
  -3075.00   42255.61  0.0550277     6.0363   332.2898   260.2276   351.8276
  -3065.00   42255.08  0.0548756     6.0297   330.3534   260.3541   351.9442
  -3055.00   42255.38  0.0549048     6.0293   328.5114   260.4390   351.9736
  -3045.00   42256.42  0.0550272     6.0250   326.8232   260.4445   351.9399
  -3035.00   42255.79  0.0549039     6.0181   325.1085   260.4784   351.9772
  -3025.00   42253.30  0.0549190     6.0178   323.4533   260.6087   352.0077
  -3015.00   42252.40  0.0551695     6.0235   321.9521   260.7749   351.9992
  -3005.00   42252.49  0.0552123     6.0245   320.7380   260.8202   351.9806
  -2995.00   42250.95  0.0552398     6.0247   319.5708   260.9275   352.0073
  -2985.00   42249.15  0.0553790     6.0332   318.2665   261.2099   352.0908
  -2975.00   42249.64  0.0555274     6.0429   317.2024   261.3681   352.1100
  -2965.00   42251.04  0.0556260     6.0452   316.1698   261.4676   352.1423
  -2955.00   42251.08  0.0555531     6.0485   314.7979   261.7079   352.2906
  -2945.00   42250.95  0.0555901     6.0562   313.3571   261.9483   352.4017
  -2935.00   42253.12  0.0557158     6.0597   311.8876   262.1028   352.4659
  -2925.00   42255.06  0.0555154     6.0555   310.2156   262.2169   352.5966
  -2915.00   42254.81  0.0553569     6.0519   308.3591   262.3814   352.7296
  -2905.00   42254.62  0.0553849     6.0525   306.3695   262.5949   352.8286
  -2895.00   42255.99  0.0552289     6.0467   304.5517   262.6220   352.8797
  -2885.00   42256.46  0.0550656     6.0360   302.7751   262.6361   352.9250
  -2875.00   42254.67  0.0549606     6.0324   300.8562   262.8128   353.0148
  -2865.00   42253.40  0.0549452     6.0323   299.2761   262.8728   353.0130
  -2855.00   42253.62  0.0549903     6.0272   297.9736   262.8661   352.9615
  -2845.00   42253.12  0.0548744     6.0240   296.6349   262.9538   353.0034
  -2835.00   42250.50  0.0549117     6.0289   295.4306   263.0890   353.0214
  -2825.00   42249.62  0.0551356     6.0356   294.3919   263.2241   352.9817
  -2815.00   42250.61  0.0551061     6.0375   293.4143   263.2917   352.9926
  -2805.00   42250.53  0.0551129     6.0417   292.3453   263.4102   353.0483
  -2795.00   42249.65  0.0552800     6.0525   291.0475   263.6750   353.1156
  -2785.00   42250.89  0.0553261     6.0598   289.8175   263.7901   353.1464
  -2775.00   42253.47  0.0553354     6.0606   288.4629   263.8582   353.2044
  -2765.00   42254.48  0.0552928     6.0649   286.6794   264.0907   353.3514
  -2755.00   42254.15  0.0553104     6.0717   284.8702   264.2651   353.4390
  -2745.00   42255.61  0.0553706     6.0711   283.0844   264.3516   353.4786
  -2735.00   42257.11  0.0551898     6.0668   281.1029   264.4684   353.6077
  -2725.00   42255.97  0.0550874     6.0659   279.1368   264.6031   353.7186
  -2715.00   42254.08  0.0551646     6.0658   277.2827   264.7661   353.7564
  -2705.00   42253.83  0.0550007     6.0591   275.6489   264.8078   353.8042
  -2695.00   42253.87  0.0548761     6.0512   274.2049   264.8275   353.8521
  -2685.00   42251.65  0.0548902     6.0510   272.7477   265.0165   353.9000
  -2675.00   42250.02  0.0548656     6.0502   271.6342   265.0699   353.8846
  -2665.00   42250.54  0.0548974     6.0448   270.7265   265.0733   353.8395
  -2655.00   42251.35  0.0548635     6.0445   269.6443   265.2147   353.8790
  -2645.00   42249.88  0.0549455     6.0514   268.6095   265.3475   353.8808
  -2635.00   42249.78  0.0551662     6.0564   267.5865   265.4769   353.8234
  -2625.00   42251.97  0.0551567     6.0588   266.3517   265.6098   353.8521
  -2615.00   42253.16  0.0552148     6.0665   264.9155   265.7613   353.9183
  -2605.00   42252.74  0.0554411     6.0781   263.2217   266.0349   353.9571
  -2595.00   42253.66  0.0554529     6.0835   261.4660   266.2024   354.0044
  -2585.00   42256.05  0.0554478     6.0852   259.6054   266.3182   354.0967
  -2575.00   42256.71  0.0554682     6.0914   257.4573   266.5969   354.2363
  -2565.00   42255.14  0.0554432     6.0963   255.4476   266.7897   354.3192
  -2555.00   42254.89  0.0554264     6.0923   253.6183   266.9035   354.3732
  -2545.00   42255.54  0.0552513     6.0879   251.7434   267.0859   354.5079
  -2535.00   42253.76  0.0551323     6.0877   250.0983   267.2344   354.5998
  -2525.00   42251.04  0.0551555     6.0845   248.7106   267.3873   354.6011
  -2515.00   42250.34  0.0549505     6.0765   247.4661   267.4945   354.6455
  -2505.00   42251.05  0.0548081     6.0716   246.4126   267.5405   354.6882
  -2495.00   42249.70  0.0548530     6.0734   245.3327   267.7259   354.6811
  -2485.00   42248.88  0.0547642     6.0724   244.3724   267.8074   354.6559
  -2475.00   42250.41  0.0547482     6.0691   243.4416   267.8281   354.6271
  -2465.00   42252.61  0.0547625     6.0739   242.1877   268.0018   354.6527
  -2455.00   42252.38  0.0547994     6.0823   240.8697   268.1150   354.6475
  -2445.00   42252.52  0.0549486     6.0865   239.4521   268.2202   354.6030
  -2435.00   42254.96  0.0549300     6.0906   237.7159   268.3836   354.6566
  -2425.00   42256.16  0.0549632     6.1006   235.8710   268.5040   354.7285
  -2415.00   42255.06  0.0551491     6.1103   233.9225   268.7124   354.7481
  -2405.00   42254.48  0.0551029     6.1128   231.9554   268.8825   354.8092
  -2395.00   42255.59  0.0550721     6.1151   230.0876   268.9678   354.9161
  -2385.00   42255.36  0.0551242     6.1215   228.1922   269.1959   355.0147
  -2375.00   42252.78  0.0550527     6.1230   226.5471   269.3544   355.0745
  -2365.00   42251.45  0.0550165     6.1174   225.1602   269.4386   355.1306
  -2355.00   42252.15  0.0549149     6.1146   223.7778   269.6175   355.2369
  -2345.00   42250.98  0.0548138     6.1148   222.6230   269.7350   355.2898
  -2335.00   42248.86  0.0548389     6.1096   221.6271   269.8531   355.2686
  -2325.00   42248.95  0.0546983     6.1022   220.5603   269.9949   355.3042
  -2315.00   42250.98  0.0546055     6.1008   219.5453   270.0431   355.3347
  -2305.00   42251.13  0.0546954     6.1026   218.3941   270.2019   355.2898
  -2295.00   42250.99  0.0546277     6.1008   217.1080   270.3272   355.2604
  -2285.00   42252.98  0.0546434     6.0997   215.7400   270.3648   355.2529
  -2275.00   42255.63  0.0547432     6.1071   214.0536   270.5496   355.2527
  -2265.00   42255.53  0.0547770     6.1149   212.2837   270.6821   355.2394
  -2255.00   42254.60  0.0549264     6.1182   210.4749   270.7995   355.2163
  -2245.00   42255.84  0.0549891     6.1245   208.4688   271.0132   355.2762
  -2235.00   42256.14  0.0550329     6.1356   206.5596   271.1523   355.3429
  -2225.00   42254.03  0.0552052     6.1431   204.7445   271.3629   355.3594
  -2215.00   42252.02  0.0551838     6.1442   202.9801   271.6061   355.4407
  -2205.00   42252.32  0.0551615     6.1481   201.4583   271.7295   355.5623
  -2195.00   42252.23  0.0552172     6.1533   200.0243   271.9728   355.6356
  -2185.00   42249.93  0.0550974     6.1510   198.7451   272.1952   355.6949
  -2175.00   42249.02  0.0550299     6.1445   197.6429   272.3147   355.7736
  -2165.00   42250.77  0.0549508     6.1425   196.4664   272.5308   355.8533
  -2155.00   42251.07  0.0547851     6.1406   195.3524   272.6837   355.8761
  -2145.00   42250.09  0.0547463     6.1332   194.2252   272.8125   355.8526
  -2135.00   42250.99  0.0546291     6.1272   192.8575   272.9990   355.8763
  -2125.00   42253.68  0.0545051     6.1285   191.4554   273.0664   355.8796
  -2115.00   42254.50  0.0545471     6.1304   189.8953   273.2084   355.8087
  -2105.00   42253.82  0.0544698     6.1291   188.1227   273.3806   355.7792
  -2095.00   42254.96  0.0544714     6.1327   186.3684   273.4138   355.7884
  -2085.00   42256.78  0.0545695     6.1426   184.4913   273.5734   355.7690
  -2075.00   42255.79  0.0545420     6.1498   182.6371   273.7242   355.7564
  -2065.00   42253.48  0.0546485     6.1534   180.9293   273.8120   355.7746
  -2055.00   42253.39  0.0547377     6.1615   179.2262   274.0038   355.8365
  -2045.00   42253.32  0.0547176     6.1710   177.7428   274.1247   355.8918
  -2035.00   42251.16  0.0548224     6.1745   176.4190   274.2874   355.9152
  -2025.00   42249.06  0.0548231     6.1742   175.1062   274.5196   356.0009
  -2015.00   42249.73  0.0547838     6.1779   174.0007   274.6076   356.1019
  -2005.00   42250.84  0.0548190     6.1804   172.8913   274.8004   356.1353
  -1995.00   42249.72  0.0547013     6.1750   171.6978   275.0306   356.1779
  -1985.00   42249.78  0.0546610     6.1699   170.5376   275.1129   356.2519
  -1975.00   42252.50  0.0546421     6.1693   169.1873   275.2961   356.2871
  -1965.00   42253.98  0.0544742     6.1660   167.7163   275.4617   356.2797
  -1955.00   42253.48  0.0544578     6.1586   166.1505   275.5721   356.2667
  -1945.00   42253.98  0.0544395     6.1554   164.3602   275.7529   356.2774
  -1935.00   42255.99  0.0543332     6.1576   162.5892   275.8307   356.2572
  -1925.00   42256.29  0.0543739     6.1580   160.7809   275.9665   356.1833
  -1915.00   42254.17  0.0543710     6.1570   158.8852   276.1712   356.1608
  -1905.00   42253.65  0.0544105     6.1630   157.2203   276.2044   356.1689
  -1895.00   42254.45  0.0545359     6.1728   155.6285   276.3560   356.1301
  -1885.00   42253.02  0.0545270     6.1781   154.0998   276.5686   356.1159
  -1875.00   42250.46  0.0546691     6.1831   152.8045   276.6562   356.1632
  -1865.00   42250.22  0.0548301     6.1927   151.5501   276.8500   356.2171
  -1855.00   42251.12  0.0547982     6.2006   150.3903   277.0311   356.2622
  -1845.00   42250.19  0.0548968     6.2017   149.2538   277.2194   356.3175
  -1835.00   42249.01  0.0549603     6.2016   147.9856   277.4873   356.4169
  -1825.00   42250.58  0.0548985     6.2042   146.7646   277.6208   356.5075
  -1815.00   42252.86  0.0548857     6.2026   145.3786   277.8509   356.5367
  -1805.00   42252.60  0.0547644     6.1945   143.7378   278.1582   356.5859
  -1795.00   42252.74  0.0546944     6.1898   142.1153   278.2635   356.6530
  -1785.00   42255.15  0.0546432     6.1884   140.3328   278.4595   356.6516
  -1775.00   42256.49  0.0544123     6.1827   138.4147   278.7027   356.6204
  -1765.00   42255.35  0.0543627     6.1767   136.5540   278.8219   356.6135
  -1755.00   42254.35  0.0543671     6.1770   134.6930   278.9858   356.6001
  -1745.00   42255.06  0.0542067     6.1802   132.9933   279.0912   356.5520
  -1735.00   42254.67  0.0542025     6.1809   131.4083   279.2284   356.4912
  -1725.00   42251.73  0.0542434     6.1829   129.8799   279.4270   356.4833
  -1715.00   42250.43  0.0542517     6.1913   128.6790   279.4401   356.4898
  -1705.00   42251.27  0.0543297     6.1999   127.5564   279.5664   356.4537
  -1695.00   42250.59  0.0543142     6.2031   126.3676   279.8116   356.4592
  -1685.00   42249.08  0.0544247     6.2089   125.3626   279.8547   356.5264
  -1675.00   42249.60  0.0545667     6.2174   124.2925   279.9905   356.5673
  -1665.00   42251.87  0.0544742     6.2209   123.0686   280.2024   356.5947
  -1655.00   42252.40  0.0545450     6.2198   121.7344   280.3501   356.6672
  -1645.00   42251.86  0.0546444     6.2200   120.1897   280.5605   356.7505
  -1635.00   42253.63  0.0545421     6.2208   118.5947   280.6799   356.7990
  -1625.00   42255.90  0.0545137     6.2162   116.7869   280.8850   356.8200
  -1615.00   42255.49  0.0544577     6.2083   114.7589   281.1876   356.8622
  -1605.00   42254.42  0.0544024     6.2051   112.9125   281.2540   356.9019
  -1595.00   42255.29  0.0543636     6.2028   111.0569   281.4170   356.8731
  -1585.00   42255.77  0.0541705     6.1959   109.1572   281.7061   356.8331
  -1575.00   42253.91  0.0541633     6.1918   107.5373   281.8015   356.8300
  -1565.00   42251.73  0.0542258     6.1938   106.1017   281.9165   356.7965
  -1555.00   42251.91  0.0540711     6.1958   104.8313   282.0561   356.7275
  -1545.00   42251.93  0.0541032     6.1960   103.6734   282.1946   356.6865
  -1535.00   42249.68  0.0542410     6.2002   102.5576   282.3706   356.6835
  -1525.00   42248.87  0.0542622     6.2089   101.6532   282.3865   356.6746
  -1515.00   42250.63  0.0543537     6.2154   100.6364   282.5251   356.6481
  -1505.00   42251.47  0.0544257     6.2183    99.3426   282.8172   356.6768
  -1495.00   42251.14  0.0545601     6.2248    98.1153   282.8693   356.7521
  -1485.00   42252.10  0.0547090     6.2319    96.7014   283.0073   356.7901
  -1475.00   42254.85  0.0546274     6.2318    94.9397   283.3221   356.8277
  -1465.00   42255.89  0.0547033     6.2298    93.0865   283.5052   356.9252
  -1455.00   42254.77  0.0548248     6.2297    91.1234   283.7205   357.0043
  -1445.00   42255.33  0.0546549     6.2271    89.1621   283.9246   357.0288
  -1435.00   42256.34  0.0545933     6.2194    87.1386   284.1744   357.0637
  -1425.00   42255.20  0.0545684     6.2119    85.1011   284.5153   357.1034
  -1415.00   42252.79  0.0544444     6.2088    83.4719   284.6031   357.1066
  -1405.00   42252.39  0.0543439     6.2045    81.9515   284.7835   357.0623
  -1395.00   42252.70  0.0541621     6.1978    80.4273   285.1336   357.0204
  -1385.00   42251.22  0.0541352     6.1967    79.2839   285.2143   357.0070
  -1375.00   42249.37  0.0541609     6.2005    78.3075   285.2872   356.9548
  -1365.00   42250.11  0.0539672     6.2020    77.2962   285.4747   356.8818
  -1355.00   42251.42  0.0539986     6.2038    76.2796   285.5965   356.8680
  -1345.00   42250.58  0.0541626     6.2107    75.1957   285.7119   356.8750
  -1335.00   42250.52  0.0541130     6.2186    74.1185   285.7282   356.8588
  -1325.00   42252.81  0.0541664     6.2223    72.7548   285.8591   356.8613
  -1315.00   42254.58  0.0542843     6.2249    71.0317   286.1391   356.9150
  -1305.00   42254.47  0.0543706     6.2304    69.3920   286.1621   356.9809
  -1295.00   42254.70  0.0544476     6.2336    67.5918   286.2713   357.0096
  -1285.00   42256.48  0.0543716     6.2299    65.4797   286.6179   357.0505
  -1275.00   42256.99  0.0544362     6.2273    63.4965   286.7741   357.1376
  -1265.00   42254.72  0.0545448     6.2267    61.6437   286.9151   357.1844
  -1255.00   42253.60  0.0543372     6.2210    59.8782   287.1427   357.1788
  -1245.00   42253.55  0.0542895     6.2128    58.2271   287.3570   357.2105
  -1235.00   42252.47  0.0543539     6.2074    56.6926   287.6349   357.2358
  -1225.00   42249.98  0.0542060     6.2044    55.5760   287.7048   357.2016
  -1215.00   42249.52  0.0541213     6.1987    54.4913   287.8593   357.1586
  -1205.00   42250.76  0.0540488     6.1928    53.2745   288.2089   357.1270
  -1195.00   42250.74  0.0540571     6.1936    52.3521   288.2558   357.0996
  -1185.00   42250.06  0.0540855     6.1962    51.4031   288.3043   357.0405
  -1175.00   42251.49  0.0539371     6.1961    50.1683   288.5438   356.9766
  -1165.00   42253.91  0.0540284     6.1990    48.8370   288.6580   356.9772
  -1155.00   42254.03  0.0542443     6.2069    47.3807   288.7298   356.9822
  -1145.00   42253.77  0.0541810     6.2130    45.8045   288.7992   356.9598
  -1135.00   42255.20  0.0542689     6.2153    43.9613   288.9518   356.9910
  -1125.00   42256.59  0.0544980     6.2190    41.8829   289.2276   357.0667
  -1115.00   42255.67  0.0545788     6.2239    40.0326   289.2816   357.1239
  -1105.00   42254.33  0.0546329     6.2232    38.1494   289.4386   357.1685
  -1095.00   42254.55  0.0546212     6.2177    36.1051   289.8555   357.2368
  -1085.00   42254.60  0.0546930     6.2145    34.4052   290.0502   357.3216
  -1075.00   42252.10  0.0547419     6.2110    32.9580   290.2102   357.3534
  -1065.00   42250.39  0.0544881     6.2016    31.5410   290.5453   357.3447
  -1055.00   42250.55  0.0544072     6.1925    30.2736   290.8006   357.3741
  -1045.00   42250.68  0.0544732     6.1883    29.1187   291.0415   357.3780
  -1035.00   42249.35  0.0542252     6.1842    28.1629   291.1709   357.3106
  -1025.00   42249.54  0.0540872     6.1781    27.0851   291.3366   357.2687
  -1015.00   42251.85  0.0540811     6.1754    25.7344   291.6620   357.2462
  -1005.00   42253.17  0.0540452     6.1789    24.5632   291.6845   357.1991
   -995.00   42253.18  0.0540211     6.1813    23.2068   291.7240   357.1488
   -985.00   42254.24  0.0539037     6.1815    21.4525   291.9992   357.1179
   -975.00   42256.47  0.0540065     6.1866    19.7080   292.0816   357.1355
   -965.00   42256.47  0.0541851     6.1938    17.9423   292.1046   357.1471
   -955.00   42255.00  0.0540619     6.1964    16.0891   292.2335   357.1370
   -945.00   42254.68  0.0541261     6.1969    14.1975   292.3816   357.1928
   -935.00   42255.11  0.0543769     6.2000    12.3403   292.5811   357.2700
   -925.00   42253.69  0.0543701     6.2019    10.8262   292.6356   357.2986
   -915.00   42251.48  0.0543658     6.1974     9.3608   292.7847   357.3436
   -905.00   42251.03  0.0544076     6.1913     7.8063   293.1643   357.4146
   -895.00   42251.66  0.0544670     6.1884     6.6397   293.2988   357.4628
   -885.00   42250.33  0.0544670     6.1824     5.5916   293.4202   357.4731
   -875.00   42249.24  0.0542452     6.1717     4.3597   293.7757   357.4658
   -865.00   42250.36  0.0542069     6.1641     3.1835   293.9997   357.4849
   -855.00   42252.00  0.0542943     6.1604     2.0099   294.1475   357.4700
   -845.00   42251.99  0.0540403     6.1547     0.7501   294.3126   357.3924
   -835.00   42252.33  0.0539227     6.1485   359.2727   294.4797   357.3595
   -825.00   42254.64  0.0540264     6.1478   357.5370   294.7308   357.3443
   -815.00   42256.28  0.0539886     6.1514   355.9553   294.7469   357.2781
   -805.00   42255.73  0.0539728     6.1522   354.2239   294.7889   357.2373
   -795.00   42255.12  0.0539671     6.1530   352.1966   295.0776   357.2371
   -785.00   42255.98  0.0541207     6.1598   350.4329   295.1327   357.2516
   -775.00   42255.39  0.0543097     6.1655   348.7997   295.1407   357.2684
   -765.00   42252.98  0.0542299     6.1659   347.1234   295.3494   357.2860
   -755.00   42251.45  0.0543463     6.1665   345.5858   295.5248   357.3651
   -745.00   42251.66  0.0546312     6.1690   344.2080   295.6861   357.4491
   -735.00   42251.09  0.0545861     6.1673   343.0480   295.8214   357.4775
   -725.00   42249.38  0.0545641     6.1595   341.8442   296.0420   357.5434
   -715.00   42249.40  0.0546657     6.1529   340.4862   296.4287   357.6287
   -705.00   42251.33  0.0546648     6.1485   339.3794   296.5933   357.6498
   -695.00   42251.63  0.0545890     6.1390   338.1663   296.7727   357.6539
   -685.00   42251.31  0.0543901     6.1273   336.5772   297.2024   357.6595
   -675.00   42252.84  0.0543391     6.1218   335.0310   297.4372   357.6578
   -665.00   42254.99  0.0543504     6.1178   333.4481   297.5615   357.6233
   -655.00   42255.38  0.0540628     6.1117   331.6663   297.7979   357.5487
   -645.00   42254.66  0.0539384     6.1078   329.7807   297.9932   357.5262
   -635.00   42255.58  0.0540559     6.1102   327.8835   298.1531   357.5145
   -625.00   42256.53  0.0539567     6.1140   326.2195   298.1813   357.4458
   -615.00   42254.98  0.0538959     6.1141   324.5630   298.2358   357.4285
   -605.00   42252.89  0.0539665     6.1164   322.8033   298.4855   357.4674
   -595.00   42252.72  0.0540732     6.1235   321.4742   298.5060   357.4793
   -585.00   42252.37  0.0541850     6.1259   320.3095   298.4938   357.5024
   -575.00   42250.40  0.0541215     6.1234   318.9992   298.7420   357.5549
   -565.00   42249.00  0.0542247     6.1237   317.8585   298.8941   357.6340
   -555.00   42249.97  0.0544440     6.1236   316.8107   298.9852   357.7001
   -545.00   42251.08  0.0543334     6.1176   315.7054   299.1552   357.7223
   -535.00   42250.50  0.0542955     6.1086   314.4217   299.3730   357.7872
   -525.00   42251.09  0.0544305     6.1025   312.9216   299.6668   357.8579
   -515.00   42253.80  0.0543700     6.0969   311.5069   299.8053   357.8455
   -505.00   42255.06  0.0542753     6.0859   309.8827   299.9653   357.8421
   -495.00   42254.61  0.0541826     6.0756   307.8671   300.3561   357.8621
   -485.00   42255.06  0.0541545     6.0721   306.0180   300.5359   357.8375
   -475.00   42256.37  0.0541552     6.0673   304.2253   300.6198   357.7933
   -465.00   42256.17  0.0539351     6.0603   302.3009   300.8779   357.7417
   -455.00   42253.87  0.0538839     6.0587   300.5143   301.0569   357.7260
   -445.00   42253.08  0.0540228     6.0614   298.9378   301.1493   357.7111
   -435.00   42253.52  0.0539199     6.0633   297.6186   301.2077   357.6469
   -425.00   42251.98  0.0538928     6.0630   296.3694   301.2836   357.6516
   -415.00   42249.85  0.0540664     6.0667   295.0888   301.4725   357.7113
   -405.00   42249.86  0.0541649     6.0733   294.1382   301.4978   357.7183
   -395.00   42250.91  0.0542605     6.0731   293.1992   301.5073   357.7548
   -385.00   42250.43  0.0543109     6.0699   291.9112   301.7808   357.8545
   -375.00   42249.79  0.0544480     6.0706   290.6843   301.9443   357.9390
   -365.00   42251.60  0.0546339     6.0676   289.3925   302.0507   358.0031
   -355.00   42253.87  0.0545289     6.0575   287.7901   302.3217   358.0568
   -345.00   42253.82  0.0545106     6.0480   286.0000   302.5961   358.1349
   -335.00   42253.91  0.0546358     6.0411   284.0625   302.8829   358.1932
   -325.00   42255.94  0.0544869     6.0323   282.1747   303.1074   358.1672
   -315.00   42256.89  0.0543409     6.0201   280.2139   303.3265   358.1637
   -305.00   42255.48  0.0542951     6.0121   278.0923   303.6962   358.1860
   -295.00   42254.15  0.0541993     6.0102   276.3238   303.8849   358.1333
   -285.00   42254.38  0.0541229     6.0055   274.7688   303.9792   358.0786
   -275.00   42253.85  0.0539451     6.0003   273.1639   304.2482   358.0609
   -265.00   42251.00  0.0539023     6.0028   271.8498   304.3943   358.0502
   -255.00   42249.73  0.0539937     6.0062   270.7615   304.4457   358.0386
   -245.00   42250.74  0.0538548     6.0063   269.7565   304.5451   358.0091
   -235.00   42250.39  0.0538317     6.0068   268.7532   304.6215   358.0491
   -225.00   42249.36  0.0540068     6.0104   267.6494   304.7371   358.1246
   -215.00   42250.16  0.0540189     6.0135   266.6287   304.7828   358.1330
   -205.00   42252.64  0.0540397     6.0096   265.4518   304.8122   358.1838
   -195.00   42253.49  0.0541330     6.0057   263.8489   305.0322   358.3036
   -185.00   42253.01  0.0542161     6.0055   262.2457   305.1647   358.3651
   -175.00   42254.59  0.0543144     5.9992   260.5541   305.2498   358.4034
   -165.00   42256.59  0.0542350     5.9876   258.5272   305.5191   358.4761
   -155.00   42255.94  0.0542302     5.9800   256.5139   305.7361   358.5419
   -145.00   42254.43  0.0543407     5.9733   254.5459   305.9457   358.5707
   -135.00   42254.82  0.0541751     5.9624   252.6806   306.1861   358.5469
   -125.00   42255.07  0.0540558     5.9512   250.9631   306.3769   358.5511
   -115.00   42253.08  0.0540809     5.9455   249.2940   306.6485   358.5715
   -105.00   42250.83  0.0539705     5.9430   247.9807   306.8294   358.5053
    -95.00   42251.05  0.0538891     5.9371   246.8842   306.9226   358.4520
    -85.00   42251.36  0.0538171     5.9333   245.6890   307.1482   358.4652
    -75.00   42249.43  0.0538015     5.9377   244.7068   307.2557   358.4495
    -65.00   42248.84  0.0538936     5.9403   243.7866   307.2899   358.4300
    -55.00   42250.96  0.0538129     5.9389   242.6781   307.4184   358.4427
    -45.00   42252.13  0.0538514     5.9416   241.4828   307.4700   358.5068
    -35.00   42251.96  0.0540632     5.9454   240.0825   307.5406   358.5892
    -25.00   42252.91  0.0540756     5.9453   238.5568   307.6399   358.6202
    -15.00   42255.61  0.0541256     5.9402   236.8574   307.7064   358.7071
     -5.00   42256.61  0.0542883     5.9363   234.8462   307.8910   358.8517
      5.00   42255.07  0.0543489     5.9340   232.8839   308.0675   358.9100
     15.00   42255.21  0.0544054     5.9238   230.9638   308.2236   358.9507
     25.00   42255.95  0.0543857     5.9112   228.8838   308.5317   359.0532
     35.00   42254.54  0.0543572     5.9046   227.0503   308.7728   359.1074
     45.00   42251.83  0.0544052     5.8966   225.4234   309.0149   359.1026
     55.00   42251.36  0.0542243     5.8840   223.8783   309.3412   359.0965
     65.00   42251.90  0.0540867     5.8756   222.5908   309.5527   359.1051
     75.00   42250.52  0.0540894     5.8730   221.3874   309.7847   359.1070
     85.00   42248.92  0.0539152     5.8700   220.3271   310.0110   359.0423
     95.00   42250.12  0.0537971     5.8651   219.3571   310.1231   359.0094
    105.00   42251.81  0.0537648     5.8650   218.1871   310.2852   359.0524
    115.00   42251.15  0.0536967     5.8708   217.0357   310.3777   359.0424
    125.00   42251.17  0.0537315     5.8718   215.7976   310.4113   359.0305
    135.00   42253.62  0.0536875     5.8698   214.2220   310.5328   359.1012
    145.00   42255.36  0.0536952     5.8737   212.5946   310.5469   359.1833
    155.00   42254.78  0.0538504     5.8762   210.8205   310.5860   359.2529
    165.00   42254.74  0.0538239     5.8713   208.9049   310.7175   359.3126
    175.00   42256.30  0.0538521     5.8658   207.0365   310.7649   359.4155
    185.00   42256.51  0.0539882     5.8623   205.1166   310.8763   359.5448
    195.00   42253.71  0.0539787     5.8569   203.3396   311.0592   359.5842
    205.00   42252.48  0.0540051     5.8448   201.7636   311.2072   359.6214
    215.00   42252.63  0.0540329     5.8337   200.1831   311.4384   359.7271
    225.00   42251.47  0.0539703     5.8286   198.8672   311.6374   359.7576
    235.00   42248.98  0.0539922     5.8195   197.7172   311.8508   359.7274
    245.00   42248.94  0.0538824     5.8070   196.4932   312.1490   359.7483
    255.00   42250.76  0.0537708     5.8017   195.4356   312.3044   359.7639
    265.00   42250.78  0.0537784     5.8006   194.3246   312.4814   359.7435
    275.00   42250.33  0.0536298     5.7956   193.0722   312.7169   359.7013
    285.00   42252.25  0.0535565     5.7917   191.8015   312.8040   359.6961
    295.00   42254.81  0.0535777     5.7944   190.2931   312.8919   359.7470
    305.00   42254.57  0.0535024     5.7993   188.6706   312.9926   359.7415
    315.00   42253.98  0.0535556     5.7987   186.9880   313.0281   359.7467
    325.00   42255.33  0.0536122     5.7980   185.0740   313.1043   359.8599
    335.00   42256.38  0.0536244     5.8035   183.2462   313.1044   359.9546
    345.00   42254.60  0.0537784     5.8044   181.4482   313.1543     0.0174
    355.00   42253.14  0.0538222     5.7970   179.6075   313.3104     0.1300
    365.00   42253.59  0.0538873     5.7924   178.0195   313.3578     0.2627
    375.00   42253.57  0.0540206     5.7892   176.5173   313.4812     0.3786
    385.00   42250.83  0.0540024     5.7792   175.0893   313.7451     0.4349
    395.00   42249.59  0.0540401     5.7656   173.8697   313.9430     0.4921
    405.00   42250.55  0.0540846     5.7562   172.6313   314.1717     0.5945
    415.00   42250.57  0.0539557     5.7503   171.4386   314.4562     0.6051
    425.00   42249.23  0.0539255     5.7398   170.2719   314.7326     0.5621
    435.00   42249.94  0.0538501     5.7295   168.8907   315.0321     0.6016
    445.00   42252.79  0.0536790     5.7285   167.5323   315.1984     0.6156
    455.00   42253.65  0.0536159     5.7292   166.0332   315.3930     0.5708
    465.00   42253.44  0.0534702     5.7246   164.2787   315.6387     0.5684
    475.00   42254.83  0.0533852     5.7243   162.5778   315.6801     0.6052
    485.00   42256.89  0.0533700     5.7306   160.7677   315.7179     0.6584
    495.00   42256.00  0.0532497     5.7332   158.8742   315.8434     0.6801
    505.00   42254.00  0.0532855     5.7310   157.1344   315.8576     0.7255
    515.00   42253.81  0.0533622     5.7316   155.4102   315.8598     0.8653
    525.00   42254.06  0.0532994     5.7357   153.8570   315.8809     0.9572
    535.00   42251.78  0.0533915     5.7327   152.4678   315.9475     1.0067
    545.00   42249.88  0.0534615     5.7239   151.0912   316.0694     1.1448
    555.00   42250.38  0.0534790     5.7206   149.9807   316.0767     1.2731
    565.00   42251.18  0.0535471     5.7173   148.8852   316.1981     1.3395
    575.00   42249.79  0.0535236     5.7050   147.6698   316.4521     1.4084
    585.00   42249.41  0.0535684     5.6929   146.5647   316.5776     1.4795
    595.00   42251.64  0.0536033     5.6872   145.3218   316.7271     1.5566
    605.00   42252.85  0.0534602     5.6802   143.8504   317.0211     1.5634
    615.00   42252.33  0.0534490     5.6691   142.3235   317.2618     1.5337
    625.00   42252.94  0.0534465     5.6616   140.5864   317.4599     1.5897
    635.00   42255.51  0.0532588     5.6626   138.7906   317.6203     1.6016
    645.00   42256.10  0.0531909     5.6624   136.9297   317.8253     1.5438
    655.00   42254.79  0.0531258     5.6580   134.9443   318.0320     1.5758
    665.00   42254.57  0.0530596     5.6610   133.2127   318.0075     1.6404
    675.00   42255.48  0.0530400     5.6692   131.5525   318.0340     1.6730
    685.00   42254.02  0.0529619     5.6701   129.8897   318.1732     1.7249
    695.00   42251.27  0.0530513     5.6685   128.5551   318.1272     1.8199
    705.00   42250.61  0.0531753     5.6721   127.3452   318.0583     1.9711
    715.00   42251.20  0.0531258     5.6744   126.1611   318.1313     2.0758
    725.00   42249.91  0.0532539     5.6683   125.0832   318.2228     2.1525
    735.00   42248.71  0.0534126     5.6597   123.9404   318.3120     2.3254
    745.00   42250.10  0.0534145     5.6568   122.8484   318.3628     2.4594
    755.00   42252.15  0.0534637     5.6508   121.5826   318.5848     2.5001
    765.00   42252.06  0.0534782     5.6368   120.0277   318.8989     2.5928
    775.00   42252.12  0.0535059     5.6267   118.5184   319.0322     2.6806
    785.00   42254.61  0.0534769     5.6239   116.8152   319.2445     2.7130
    795.00   42255.90  0.0533085     5.6161   114.7973   319.6294     2.7244
    805.00   42255.02  0.0532793     5.6065   112.8541   319.8797     2.7190
    815.00   42254.39  0.0532524     5.6051   110.9283   320.0167     2.7743
    825.00   42255.48  0.0530040     5.6081   108.9761   320.2367     2.7882
    835.00   42255.33  0.0529033     5.6079   107.1689   320.4701     2.7440
    845.00   42252.87  0.0528798     5.6060   105.4827   320.6001     2.8188
    855.00   42251.62  0.0527491     5.6125   104.1381   320.5415     2.9104
    865.00   42252.20  0.0526765     5.6202   102.9178   320.5925     2.9317
    875.00   42251.27  0.0526222     5.6187   101.6641   320.7362     3.0188
    885.00   42249.21  0.0526844     5.6179   100.7375   320.6123     3.1592
    895.00   42249.23  0.0527483     5.6228    99.8414   320.5097     3.2892
    905.00   42250.91  0.0526696     5.6217    98.6991   320.6402     3.3905
    915.00   42251.18  0.0527847     5.6131    97.5532   320.7068     3.4885
    925.00   42250.79  0.0529401     5.6067    96.2790   320.7042     3.6568
    935.00   42252.61  0.0528694     5.6043    94.8182   320.7819     3.7673
    945.00   42255.19  0.0528925     5.5963    93.1169   321.0255     3.7879
    955.00   42255.33  0.0529525     5.5832    91.1622   321.2862     3.8896
    965.00   42254.69  0.0529375     5.5771    89.3266   321.3436     3.9836
    975.00   42255.87  0.0528736     5.5756    87.3897   321.5574     3.9769
    985.00   42256.36  0.0527469     5.5676    85.2565   321.9397     3.9974
    995.00   42254.65  0.0527505     5.5604    83.4389   322.0942     4.0308
   1005.00   42252.62  0.0527137     5.5634    81.8506   322.1535     4.0687
   1015.00   42252.53  0.0524880     5.5662    80.2472   322.3893     4.0858
   1025.00   42252.46  0.0524414     5.5650    78.8820   322.5962     4.0697
   1035.00   42250.21  0.0524859     5.5666    77.7423   322.6091     4.1682
   1045.00   42249.23  0.0523429     5.5750    76.7696   322.5487     4.2689
   1055.00   42250.55  0.0522947     5.5813    75.7978   322.6228     4.2890
   1065.00   42251.12  0.0523484     5.5794    74.6629   322.7316     4.4127
   1075.00   42250.47  0.0524170     5.5815    73.6959   322.5463     4.5955
   1085.00   42251.17  0.0524754     5.5871    72.5797   322.4615     4.7112
   1095.00   42253.62  0.0524651     5.5833    71.0029   322.6613     4.8292
   1105.00   42254.72  0.0526364     5.5742    69.3930   322.7036     4.9805
   1115.00   42254.15  0.0528014     5.5704    67.6862   322.6852     5.1456
   1125.00   42254.98  0.0527175     5.5666    65.7003   322.8907     5.2424
   1135.00   42256.68  0.0527657     5.5559    63.6079   323.2196     5.2732
   1145.00   42256.07  0.0528730     5.5448    61.5070   323.4871     5.3822
   1155.00   42254.18  0.0527741     5.5425    59.6466   323.6196     5.4624
   1165.00   42253.78  0.0526530     5.5414    57.8532   323.9379     5.4231
   1175.00   42253.79  0.0525516     5.5347    56.0235   324.3720     5.4476
   1185.00   42252.13  0.0525064     5.5332    54.6626   324.4698     5.5151
   1195.00   42249.93  0.0523808     5.5409    53.5444   324.5332     5.5298
   1205.00   42249.94  0.0521390     5.5446    52.2948   324.8065     5.5554
   1215.00   42250.92  0.0521123     5.5443    51.2320   324.9410     5.5992
   1225.00   42249.98  0.0521327     5.5504    50.3192   324.8515     5.7169
   1235.00   42249.84  0.0519412     5.5590    49.2687   324.8273     5.8257
   1245.00   42251.95  0.0518909     5.5618    48.0599   324.9235     5.8664
   1255.00   42253.73  0.0519963     5.5597    46.6383   324.9650     6.0194
   1265.00   42253.96  0.0519882     5.5633    45.2317   324.7867     6.2071
   1275.00   42254.27  0.0519719     5.5671    43.6391   324.7587     6.2888
   1285.00   42256.17  0.0519888     5.5606    41.6228   324.9961     6.4006
   1295.00   42256.92  0.0521267     5.5538    39.7521   324.9684     6.5723
   1305.00   42255.29  0.0522149     5.5532    37.9617   324.9185     6.6972
   1315.00   42254.33  0.0521027     5.5489    35.9743   325.1767     6.7651
   1325.00   42254.68  0.0521746     5.5382    34.1249   325.4381     6.8190
   1335.00   42253.71  0.0523042     5.5316    32.4982   325.5817     6.9254
   1345.00   42251.43  0.0521600     5.5320    31.0712   325.7259     6.9865
   1355.00   42250.49  0.0520495     5.5297    29.7359   326.0400     6.9443
   1365.00   42251.13  0.0520427     5.5238    28.3825   326.4001     6.9825
   1375.00   42250.82  0.0519756     5.5269    27.3781   326.4262     7.0664
   1385.00   42249.56  0.0518253     5.5360    26.4302   326.4971     7.0581
   1395.00   42250.37  0.0516414     5.5389    25.1535   326.7928     7.0824
   1405.00   42252.50  0.0516654     5.5411    23.9782   326.8090     7.1800
   1415.00   42252.88  0.0516852     5.5516    22.8141   326.6567     7.2934
   1425.00   42252.94  0.0515125     5.5607    21.3076   326.6729     7.3996
   1435.00   42254.69  0.0515422     5.5617    19.6278   326.7371     7.4875
   1445.00   42256.45  0.0517347     5.5624    17.8549   326.6816     7.6710
   1455.00   42256.35  0.0517388     5.5677    16.0671   326.5457     7.8656
   1465.00   42255.12  0.0517475     5.5688    14.2076   326.5984     7.9488
   1475.00   42255.46  0.0518782     5.5604    12.1524   326.8570     8.0811
   1485.00   42255.43  0.0520177     5.5561    10.4199   326.8445     8.2711
   1495.00   42253.18  0.0520666     5.5567     8.8907   326.8874     8.3610
   1505.00   42251.23  0.0519758     5.5504     7.1971   327.2969     8.4039
   1515.00   42251.18  0.0520575     5.5413     5.7731   327.5554     8.4853
   1525.00   42251.09  0.0521465     5.5402     4.5948   327.6900     8.5701
   1535.00   42249.72  0.0519393     5.5432     3.3859   327.9671     8.5963
   1545.00   42249.38  0.0518199     5.5411     2.1665   328.3232     8.5709
   1555.00   42251.15  0.0518418     5.5397     0.8914   328.6044     8.6297
   1565.00   42252.41  0.0516944     5.5485   359.7091   328.6484     8.7161
   1575.00   42252.10  0.0514922     5.5584   358.4060   328.7699     8.7067
   1585.00   42253.07  0.0513601     5.5606   356.7008   329.0741     8.7524
   1595.00   42255.26  0.0513492     5.5666   355.1182   328.9981     8.8988
   1605.00   42255.99  0.0513127     5.5793   353.5380   328.8411     9.0031
   1615.00   42255.09  0.0511273     5.5862   351.6132   328.9550     9.0917
   1625.00   42255.30  0.0511774     5.5858   349.7458   328.9597     9.2276
   1635.00   42256.09  0.0513461     5.5889   348.0285   328.8349     9.4064
   1645.00   42255.27  0.0512918     5.5950   346.3645   328.7712     9.5612
   1655.00   42252.85  0.0512841     5.5930   344.7669   328.8700     9.6415
   1665.00   42252.09  0.0514404     5.5851   343.2011   329.0594     9.7742
   1675.00   42252.16  0.0515130     5.5847   341.9620   329.0308     9.9425
   1685.00   42250.65  0.0514948     5.5859   340.8640   329.1026     9.9940
   1695.00   42249.05  0.0514415     5.5785   339.5112   329.5262    10.0224
   1705.00   42249.64  0.0515084     5.5730   338.3724   329.6785    10.1253
   1715.00   42251.19  0.0515549     5.5764   337.3272   329.7401    10.1856
   1725.00   42251.19  0.0513532     5.5799   335.9645   330.0698    10.1799
   1735.00   42251.50  0.0512863     5.5779   334.4935   330.3543    10.1914
   1745.00   42253.72  0.0513436     5.5808   332.9477   330.5038    10.2625
   1755.00   42255.65  0.0511892     5.5930   331.3215   330.5640    10.3277
   1765.00   42255.28  0.0510229     5.6018   329.5514   330.7014    10.3277
   1775.00   42254.99  0.0509954     5.6046   327.5391   330.9353    10.3996
   1785.00   42255.91  0.0509846     5.6152   325.7695   330.8106    10.5619
   1795.00   42256.05  0.0509512     5.6294   324.1435   330.6579    10.6555
   1805.00   42253.87  0.0508556     5.6342   322.2952   330.8306    10.7429
   1815.00   42252.62  0.0509613     5.6356   320.7470   330.7539    10.9297
   1825.00   42252.80  0.0511450     5.6418   319.4730   330.5882    11.1085
   1835.00   42252.18  0.0511126     5.6473   318.1816   330.6373    11.2291
   1845.00   42250.07  0.0511850     5.6428   316.9417   330.7695    11.3445
   1855.00   42249.48  0.0513958     5.6365   315.7395   330.9349    11.4891
   1865.00   42250.71  0.0514461     5.6390   314.6543   331.0065    11.6212
   1875.00   42250.72  0.0514154     5.6388   313.4857   331.2155    11.6534
   1885.00   42250.04  0.0514235     5.6311   311.9572   331.7041    11.6801
   1895.00   42251.24  0.0514487     5.6308   310.5197   331.8913    11.7796
   1905.00   42253.81  0.0514099     5.6387   309.0567   332.0150    11.8061
   1915.00   42254.44  0.0512094     5.6428   307.1570   332.4619    11.7746
   1925.00   42254.35  0.0511417     5.6443   305.2439   332.7077    11.8249
   1935.00   42255.64  0.0511518     5.6537   303.3951   332.7834    11.9053
   1945.00   42256.98  0.0509536     5.6688   301.4917   332.9099    11.9448
   1955.00   42255.74  0.0508070     5.6766   299.6130   333.0483    11.9807
   1965.00   42253.77  0.0508203     5.6811   297.7732   333.1883    12.0905
   1975.00   42253.35  0.0507611     5.6945   296.2677   333.0849    12.2452
   1985.00   42253.20  0.0506817     5.7068   294.9896   332.9867    12.3263
   1995.00   42250.88  0.0506415     5.7082   293.5655   333.1883    12.4157
   2005.00   42249.38  0.0507032     5.7113   292.4728   333.0918    12.6084
   2015.00   42250.10  0.0508010     5.7193   291.5915   332.9331    12.7514
   2025.00   42250.77  0.0507403     5.7224   290.4867   333.0919    12.8169
   2035.00   42249.99  0.0508107     5.7183   289.3582   333.1792    12.9447
   2045.00   42250.15  0.0509872     5.7160   288.1632   333.2587    13.0798
   2055.00   42252.55  0.0509738     5.7212   286.8495   333.3747    13.1514
   2065.00   42253.71  0.0509476     5.7205   285.3122   333.5779    13.1846
   2075.00   42253.33  0.0510101     5.7143   283.4319   333.9661    13.2262
   2085.00   42254.01  0.0510129     5.7189   281.6068   334.1162    13.3089
   2095.00   42256.08  0.0509437     5.7281   279.7772   334.2394    13.3154
   2105.00   42256.23  0.0508177     5.7309   277.6361   334.6756    13.2792
   2115.00   42254.67  0.0507787     5.7356   275.6896   334.8396    13.3520
   2125.00   42254.25  0.0507713     5.7497   273.9929   334.8563    13.4231
   2135.00   42254.75  0.0505961     5.7649   272.3274   335.0355    13.4269
   2145.00   42253.12  0.0505155     5.7728   270.8504   335.1180    13.4945
   2155.00   42250.55  0.0505809     5.7814   269.5419   335.1443    13.6317
   2165.00   42250.05  0.0505331     5.7978   268.4781   335.0702    13.7610
   2175.00   42250.72  0.0504930     5.8085   267.5354   335.0001    13.8505
   2185.00   42249.61  0.0505669     5.8090   266.3902   335.1467    13.9728
   2195.00   42248.85  0.0506601     5.8145   265.3825   335.0609    14.1703
   2205.00   42250.56  0.0507540     5.8230   264.3823   334.9654    14.2925
   2215.00   42252.62  0.0507739     5.8225   262.9569   335.2299    14.3419
   2225.00   42252.81  0.0508852     5.8191   261.4336   335.3394    14.4812
   2235.00   42253.02  0.0510546     5.8208   259.7845   335.4483    14.5994
   2245.00   42255.41  0.0510256     5.8263   257.9083   335.7397    14.6068
   2255.00   42256.46  0.0510219     5.8261   255.9047   336.0084    14.6408
   2265.00   42255.30  0.0511012     5.8243   253.7596   336.3698    14.6934
   2275.00   42254.48  0.0510522     5.8349   251.7745   336.6081    14.7318
   2285.00   42255.15  0.0509447     5.8459   249.9310   336.8137    14.7279
   2295.00   42254.68  0.0508539     5.8497   248.0212   337.2343    14.7118
   2305.00   42252.07  0.0507877     5.8597   246.4550   337.3744    14.7991
   2315.00   42250.86  0.0507185     5.8773   245.1870   337.4074    14.8621
   2325.00   42251.57  0.0505509     5.8906   243.9177   337.6525    14.8558
   2335.00   42250.74  0.0504775     5.8984   242.8416   337.6956    14.9550
   2345.00   42248.96  0.0505165     5.9102   241.8546   337.6642    15.1028
   2355.00   42249.41  0.0504321     5.9260   240.8669   337.6865    15.1855
   2365.00   42251.37  0.0503835     5.9335   239.8353   337.6595    15.2737
   2375.00   42251.73  0.0504681     5.9343   238.5315   337.7429    15.4097
   2385.00   42251.49  0.0505106     5.9423   237.1817   337.7016    15.5659
   2395.00   42253.44  0.0505418     5.9501   235.7234   337.6703    15.6486
   2405.00   42255.86  0.0505804     5.9476   233.8647   337.9292    15.6876
   2415.00   42255.75  0.0506557     5.9467   231.9901   338.0004    15.8143
   2425.00   42254.80  0.0507658     5.9528   230.1013   338.0793    15.9004
   2435.00   42255.80  0.0507386     5.9573   228.0778   338.4192    15.8668
   2445.00   42256.01  0.0507418     5.9578   226.1780   338.6251    15.9010
   2455.00   42253.87  0.0508223     5.9611   224.3546   338.8648    15.9641
   2465.00   42251.81  0.0507644     5.9743   222.7341   339.1369    15.9557
   2475.00   42251.80  0.0506842     5.9851   221.3365   339.3335    15.9471
   2485.00   42251.75  0.0506525     5.9901   219.9540   339.6498    15.9592
   2495.00   42249.53  0.0505908     6.0047   218.8314   339.7618    16.0333
   2505.00   42248.86  0.0505279     6.0237   217.8548   339.8028    16.0820
   2515.00   42250.70  0.0504341     6.0351   216.7294   340.0402    16.0823
   2525.00   42251.37  0.0503950     6.0448   215.6730   340.0206    16.2021
   2535.00   42250.78  0.0504460     6.0605   214.5343   339.9442    16.3495
   2545.00   42251.84  0.0504142     6.0751   213.1738   340.0345    16.4060
   2555.00   42254.43  0.0504294     6.0806   211.7109   340.0020    16.5085
   2565.00   42255.26  0.0505655     6.0838   209.9926   340.0178    16.6692
   2575.00   42254.36  0.0506368     6.0935   208.1765   340.0626    16.7871
   2585.00   42255.16  0.0507107     6.0991   206.3221   340.1260    16.8485
   2595.00   42256.65  0.0508233     6.0955   204.2729   340.3957    16.9002
   2605.00   42255.49  0.0509014     6.0979   202.3687   340.5340    17.0043
   2615.00   42253.27  0.0509939     6.1066   200.5995   340.7180    17.0460
   2625.00   42253.05  0.0510108     6.1101   198.8202   341.1697    16.9880
   2635.00   42253.17  0.0510022     6.1127   197.3176   341.4145    17.0157
   2645.00   42251.19  0.0510425     6.1232   195.9439   341.6625    17.0682
   2655.00   42249.24  0.0509698     6.1387   194.6542   342.0510    17.0213
   2665.00   42249.91  0.0508844     6.1499   193.5378   342.2787    17.0116
   2675.00   42251.05  0.0508463     6.1591   192.3518   342.5234    17.0641
   2685.00   42250.02  0.0507410     6.1777   191.2028   342.6795    17.1206
   2695.00   42250.18  0.0506613     6.1961   190.0237   342.7610    17.1602
   2705.00   42252.86  0.0505985     6.2052   188.5834   342.9713    17.1905
   2715.00   42254.42  0.0505196     6.2161   187.1237   342.9441    17.3147
   2725.00   42254.17  0.0505216     6.2327   185.5238   342.8986    17.4356
   2735.00   42254.59  0.0505040     6.2435   183.6912   343.0627    17.4639
   2745.00   42256.51  0.0504949     6.2468   181.9115   343.0277    17.5587
   2755.00   42256.65  0.0505749     6.2534   180.0504   343.0157    17.7028
   2765.00   42254.31  0.0506100     6.2639   178.1971   343.1491    17.7590
   2775.00   42253.49  0.0506705     6.2676   176.5254   343.2288    17.7902
   2785.00   42254.01  0.0507733     6.2660   174.8698   343.4148    17.8516
   2795.00   42252.48  0.0508002     6.2726   173.4159   343.5627    17.9180
   2805.00   42250.10  0.0508708     6.2823   172.1290   343.7490    17.9237
   2815.00   42249.94  0.0509331     6.2846   170.8198   344.1432    17.8713
   2825.00   42251.10  0.0509072     6.2893   169.7070   344.3305    17.8984
   2835.00   42250.53  0.0509289     6.3041   168.5724   344.5413    17.9297
   2845.00   42249.53  0.0509049     6.3188   167.3024   344.9478    17.8607
   2855.00   42251.30  0.0508465     6.3289   166.0918   345.1245    17.8514
   2865.00   42253.46  0.0508200     6.3430   164.6724   345.2860    17.9213
   2875.00   42253.20  0.0507264     6.3641   163.1053   345.4836    17.9490
   2885.00   42253.18  0.0506894     6.3814   161.4944   345.5572    17.9753
   2895.00   42255.34  0.0506854     6.3912   159.6710   345.6753    18.0451
   2905.00   42256.53  0.0506066     6.4054   157.8713   345.6461    18.1658
   2915.00   42255.42  0.0506333     6.4225   156.0605   345.6198    18.2660
   2925.00   42254.30  0.0507119     6.4301   154.1898   345.7736    18.3036
   2935.00   42255.01  0.0507383     6.4327   152.5699   345.7196    18.4070
   2945.00   42254.61  0.0508368     6.4419   151.0001   345.7330    18.5313
   2955.00   42251.65  0.0509448     6.4508   149.4743   345.9810    18.5468
   2965.00   42250.39  0.0510624     6.4517   148.2279   346.1059    18.5587
   2975.00   42251.08  0.0511911     6.4534   146.9825   346.3057    18.6200
   2985.00   42250.50  0.0512192     6.4638   145.7641   346.6055    18.6361
   2995.00   42249.05  0.0513050     6.4738   144.6150   346.8953    18.6012
   3005.00   42249.78  0.0513955     6.4777   143.3269   347.2909    18.5642
   3015.00   42252.17  0.0513226     6.4877   142.0331   347.5439    18.5832
   3025.00   42252.92  0.0513021     6.5065   140.5730   347.8232    18.5888
   3035.00   42252.46  0.0513041     6.5210   138.8736   348.2587    18.5243
   3045.00   42254.35  0.0512092     6.5312   137.2265   348.4112    18.5344
   3055.00   42256.30  0.0511387     6.5496   135.3739   348.5611    18.6103
   3065.00   42255.69  0.0510400     6.5707   133.3789   348.8426    18.6185
   3075.00   42254.39  0.0509994     6.5839   131.5594   348.9128    18.6344
   3085.00   42254.95  0.0509809     6.5946   129.7101   348.9766    18.7285
   3095.00   42255.27  0.0508539     6.6101   127.9836   349.0317    18.8193
   3105.00   42253.24  0.0508616     6.6249   126.4411   349.0710    18.8710
   3115.00   42251.30  0.0509499     6.6301   124.9991   349.1878    18.9125
   3125.00   42251.62  0.0509149     6.6337   123.8467   349.1406    18.9988
   3135.00   42251.79  0.0509572     6.6449   122.7182   349.1955    19.0753
   3145.00   42249.64  0.0510836     6.6523   121.5489   349.4675    19.0599
   3155.00   42249.09  0.0511690     6.6518   120.6019   349.5332    19.0612
   3165.00   42250.77  0.0512548     6.6576   119.4866   349.6779    19.1116
   3175.00   42251.69  0.0512811     6.6701   118.1387   350.0377    19.0886
   3185.00   42251.21  0.0513770     6.6784   116.7886   350.2935    19.0288
   3195.00   42252.35  0.0514727     6.6842   115.2086   350.5769    19.0141
   3205.00   42255.05  0.0513765     6.6982   113.4689   350.8488    19.0178
   3215.00   42256.02  0.0513627     6.7178   111.5801   351.1443    18.9920
   3225.00   42254.91  0.0514198     6.7313   109.5613   351.5047    18.9424
   3235.00   42255.39  0.0513071     6.7433   107.7173   351.5990    18.9655
   3245.00   42256.19  0.0512307     6.7649   105.8176   351.7315    19.0269
   3255.00   42254.82  0.0512016     6.7855   103.9065   352.0368    19.0233
   3265.00   42252.30  0.0511852     6.7961   102.4264   352.0283    19.0471
   3275.00   42251.74  0.0511892     6.8094   101.0212   352.0184    19.1552
   3285.00   42252.12  0.0511069     6.8262    99.6910   352.1422    19.2254
   3295.00   42250.43  0.0511866     6.8373    98.6062   352.1914    19.2483
   3305.00   42249.13  0.0513342     6.8418    97.5667   352.2441    19.3121
   3315.00   42250.13  0.0513174     6.8470    96.6173   352.2476    19.3866
   3325.00   42251.64  0.0514082     6.8581    95.5128   352.4112    19.4125
   3335.00   42250.92  0.0516232     6.8634    94.2255   352.7147    19.3889
   3345.00   42251.06  0.0517099     6.8633    93.0116   352.8091    19.3847
   3355.00   42253.28  0.0517815     6.8732    91.4741   353.0380    19.4039
   3365.00   42254.83  0.0518674     6.8874    89.5649   353.5450    19.3469
   3375.00   42254.29  0.0519662     6.8951    87.7457   353.8368    19.2734
   3385.00   42254.52  0.0520228     6.9054    85.7742   354.1111    19.2720
   3395.00   42256.19  0.0518998     6.9244    83.6571   354.5103    19.2597
   3405.00   42256.36  0.0518841     6.9439    81.6254   354.8750    19.2097
   3415.00   42254.20  0.0519288     6.9574    79.7203   355.1682    19.1922
   3425.00   42253.14  0.0517440     6.9718    78.1030   355.2741    19.2289
   3435.00   42253.26  0.0516264     6.9938    76.5578   355.4560    19.2666
   3445.00   42251.96  0.0516447     7.0110    75.0904   355.7606    19.2607
   3455.00   42249.54  0.0515754     7.0187    74.0945   355.7100    19.2915
   3465.00   42249.11  0.0515256     7.0323    73.0993   355.6902    19.3821
   3475.00   42250.52  0.0514694     7.0483    71.9561   355.9235    19.4131
   3485.00   42250.23  0.0515406     7.0549    71.0134   355.9702    19.4050
   3495.00   42250.02  0.0516449     7.0598    69.9568   355.9806    19.4630
   3505.00   42251.73  0.0515708     7.0681    68.7327   356.0635    19.5077
   3515.00   42254.20  0.0516581     7.0781    67.2735   356.2824    19.4808
   3525.00   42254.34  0.0518651     7.0830    65.6134   356.5193    19.4591
   3535.00   42254.10  0.0518726     7.0852    63.9881   356.5767    19.4556
   3545.00   42255.52  0.0518982     7.0977    62.0724   356.8231    19.4407
   3555.00   42256.49  0.0520423     7.1115    59.9040   357.3129    19.3720
   3565.00   42255.10  0.0521216     7.1180    58.0445   357.5201    19.3030
   3575.00   42253.64  0.0521357     7.1312    56.2027   357.7237    19.3008
   3585.00   42253.95  0.0520541     7.1525    54.2767   358.1747    19.2689
   3595.00   42253.72  0.0520841     7.1698    52.6616   358.5054    19.2001
   3605.00   42251.44  0.0521277     7.1841    51.2815   358.6900    19.2022
   3615.00   42250.04  0.0519183     7.2020    50.0936   358.8090    19.2411
   3625.00   42250.70  0.0518312     7.2237    48.9453   359.0144    19.2503
   3635.00   42250.69  0.0519202     7.2388    47.8298   359.2249    19.2582
   3645.00   42249.48  0.0518295     7.2466    46.9979   359.1144    19.3089
