  -7305.00   42257.00  0.0077107     2.2904   102.2065   297.4908   181.9540
  -7295.00   42259.18  0.0077778     2.3013   100.0909   298.4732   181.1465
  -7285.00   42259.14  0.0078319     2.3121    97.7701   299.6806   180.1586
  -7275.00   42259.04  0.0077473     2.3180    95.7941   300.2512   179.3459
  -7265.00   42260.69  0.0077656     2.3285    93.2201   301.0604   178.8330
  -7255.00   42261.03  0.0077541     2.3442    90.1657   302.5095   178.1545
  -7245.00   42259.12  0.0077666     2.3531    88.4338   302.7173   177.4834
  -7235.00   42257.49  0.0077768     2.3539    86.5201   303.0095   177.0426
  -7225.00   42257.42  0.0076881     2.3593    83.8842   304.2037   176.5656
  -7215.00   42257.00  0.0077566     2.3652    82.1462   304.7192   176.0484
  -7205.00   42254.58  0.0078164     2.3605    80.7844   305.1141   175.4198
  -7195.00   42253.78  0.0077097     2.3540    79.1430   305.8341   174.8305
  -7185.00   42255.24  0.0077576     2.3526    77.4018   306.6087   174.3352
  -7175.00   42255.68  0.0078270     2.3521    75.4852   307.8466   173.5193
  -7165.00   42255.18  0.0077879     2.3458    74.2773   308.3457   172.6410
  -7155.00   42256.14  0.0078123     2.3413    72.5368   309.0352   171.9772
  -7145.00   42258.66  0.0078017     2.3481    69.6921   310.8270   171.1428
  -7135.00   42259.71  0.0078601     2.3552    67.7818   311.6769   170.1586
  -7125.00   42259.00  0.0079111     2.3579    65.7515   312.3873   169.3044
  -7115.00   42259.61  0.0078140     2.3690    62.7459   313.8691   168.5620
  -7105.00   42261.02  0.0078793     2.3878    59.9894   315.0758   167.8388
  -7095.00   42260.15  0.0079566     2.4026    57.3928   316.2672   167.0213
  -7085.00   42257.96  0.0078467     2.4140    55.1112   317.0787   166.3742
  -7075.00   42257.29  0.0078412     2.4295    52.7026   317.9232   165.9837
  -7065.00   42257.40  0.0078488     2.4479    49.8531   319.5462   165.4127
  -7055.00   42255.99  0.0078089     2.4573    48.3391   320.0138   164.8113
  -7045.00   42253.92  0.0077752     2.4601    46.9179   320.2522   164.4656
  -7035.00   42254.19  0.0076624     2.4693    44.5114   321.6102   164.0318
  -7025.00   42255.73  0.0076875     2.4764    42.9556   322.2570   163.4598
  -7015.00   42255.35  0.0077087     2.4722    41.7245   322.5350   162.8622
  -7005.00   42255.32  0.0075583     2.4712    39.8291   323.3386   162.2669
  -6995.00   42257.44  0.0075658     2.4756    37.8070   324.1091   161.6916
  -6985.00   42259.54  0.0076337     2.4785    35.5866   325.1826   160.8468
  -6975.00   42259.75  0.0075509     2.4793    33.7143   325.7848   159.9658
  -6965.00   42259.24  0.0075324     2.4841    31.6677   326.2486   159.3115
  -6955.00   42260.45  0.0075329     2.5001    28.5577   327.8973   158.4980
  -6945.00   42260.92  0.0075531     2.5149    26.5217   328.6243   157.5570
  -6935.00   42258.84  0.0075839     2.5256    24.8186   328.8863   156.8470
  -6925.00   42257.00  0.0074769     2.5470    22.1725   330.1122   156.2533
  -6915.00   42257.01  0.0075256     2.5725    20.1497   330.9299   155.6158
  -6905.00   42256.63  0.0076201     2.5897    18.5034   331.5209   154.9852
  -6895.00   42254.69  0.0075052     2.6057    16.8688   332.0412   154.5270
  -6885.00   42253.77  0.0074948     2.6250    15.2429   332.4833   154.2289
  -6875.00   42255.17  0.0075523     2.6425    13.1128   333.6214   153.7539
  -6865.00   42256.05  0.0075137     2.6506    11.8244   333.8934   153.2387
  -6855.00   42255.37  0.0074958     2.6541    10.5800   333.8063   152.9384
  -6845.00   42256.12  0.0074294     2.6649     7.9944   335.0358   152.5155
  -6835.00   42258.59  0.0074724     2.6719     6.1910   335.5365   151.8745
  -6825.00   42259.65  0.0075461     2.6693     4.6020   335.6201   151.2819
  -6815.00   42259.04  0.0074342     2.6746     2.1096   336.4575   150.7110
  -6805.00   42259.47  0.0074794     2.6869   359.6566   337.2883   150.0626
  -6795.00   42260.73  0.0076092     2.6948   357.2288   338.2571   149.2641
  -6785.00   42260.23  0.0075700     2.7042   355.0311   339.0066   148.5105
  -6775.00   42257.70  0.0075706     2.7202   352.9162   339.6174   147.9549
  -6765.00   42256.75  0.0076125     2.7432   350.0522   341.2675   147.2808
  -6755.00   42256.75  0.0076301     2.7632   348.1573   342.1700   146.5349
  -6745.00   42255.42  0.0076669     2.7793   346.8064   342.4159   146.0440
  -6735.00   42253.43  0.0075684     2.8056   344.2940   343.8354   145.6402
  -6725.00   42253.79  0.0075874     2.8327   342.4319   344.7602   145.1200
  -6715.00   42255.55  0.0076791     2.8485   340.9407   345.2260   144.6582
  -6705.00   42255.79  0.0075534     2.8658   338.9113   345.9688   144.3523
  -6695.00   42255.71  0.0075158     2.8875   336.7823   346.6517   144.0796
  -6685.00   42257.69  0.0075677     2.9030   334.2444   347.7384   143.6563
  -6675.00   42259.81  0.0074990     2.9113   332.1004   348.2576   143.2227
  -6665.00   42259.69  0.0074495     2.9186   330.1167   348.3288   142.9455
  -6655.00   42258.88  0.0073788     2.9319   326.8729   349.7224   142.5333
  -6645.00   42259.64  0.0073584     2.9407   324.5825   350.3521   141.9086
  -6635.00   42260.25  0.0074025     2.9415   322.9894   350.2521   141.3699
  -6625.00   42258.38  0.0072716     2.9527   320.4389   351.1830   140.8669
  -6615.00   42256.65  0.0072692     2.9712   318.3719   351.9590   140.1995
  -6605.00   42256.66  0.0073678     2.9828   316.7068   352.5695   139.4726
  -6595.00   42256.69  0.0073027     2.9984   315.1569   353.0861   138.8590
  -6585.00   42254.65  0.0072787     3.0245   313.6504   353.5759   138.3513
  -6575.00   42253.62  0.0073122     3.0524   311.4768   354.8841   137.7692
  -6565.00   42254.74  0.0072976     3.0765   309.9311   355.5359   137.1923
  -6555.00   42255.85  0.0073116     3.0996   308.9391   355.3217   136.8538
  -6545.00   42255.35  0.0072326     3.1298   306.4086   356.4726   136.5742
  -6535.00   42256.16  0.0072199     3.1573   304.3465   357.1269   136.1614
  -6525.00   42258.83  0.0073065     3.1721   302.8653   356.9432   135.8372
  -6515.00   42260.21  0.0072052     3.1892   300.5243   357.3238   135.6489
  -6505.00   42259.56  0.0071820     3.2107   298.1450   357.7387   135.3660
  -6495.00   42259.55  0.0072636     3.2223   295.6300   358.3868   134.9552
  -6485.00   42260.45  0.0072278     3.2289   293.4796   358.6515   134.5738
  -6475.00   42259.66  0.0072215     3.2402   291.7505   358.5240   134.2579
  -6465.00   42257.05  0.0072211     3.2552   288.9705   359.7502   133.7980
  -6455.00   42255.89  0.0072225     3.2664   286.9879     0.4800   133.1937
  -6445.00   42256.30  0.0072996     3.2738   286.0361     0.2214   132.7102
  -6435.00   42255.33  0.0072350     3.2928   283.9715     1.1646   132.2726
  -6425.00   42253.84  0.0072459     3.3175   282.1924     2.0780   131.6624
  -6415.00   42254.17  0.0073679     3.3335   280.7704     2.6366   131.0784
  -6405.00   42256.19  0.0073253     3.3540   279.1379     3.1717   130.6694
  -6395.00   42256.27  0.0073251     3.3864   277.3119     3.7968   130.2575
  -6385.00   42256.01  0.0073851     3.4148   274.6953     5.1294   129.7984
  -6375.00   42257.64  0.0073769     3.4374   272.3494     5.9404   129.4085
  -6365.00   42259.82  0.0073865     3.4639   270.5460     5.8826   129.1786
  -6355.00   42259.87  0.0073379     3.4936   267.3525     7.0965   128.9560
  -6345.00   42259.15  0.0073100     3.5180   264.3870     8.1287   128.6131
  -6335.00   42259.89  0.0073705     3.5325   262.4331     8.0458   128.3730
  -6325.00   42260.60  0.0072729     3.5502   259.8161     8.5917   128.2370
  -6315.00   42258.71  0.0072197     3.5721   257.3476     9.2749   127.9391
  -6305.00   42256.46  0.0072815     3.5823   255.0948     9.9984   127.5537
  -6295.00   42256.24  0.0072197     3.5892   253.1642    10.4772   127.2484
  -6285.00   42256.12  0.0071758     3.6054   251.8480    10.5059   126.9213
  -6275.00   42254.39  0.0071656     3.6219   249.6386    11.6917   126.4468
  -6265.00   42253.48  0.0071333     3.6341   247.7598    12.6452   125.9078
  -6255.00   42255.01  0.0071557     3.6483   246.9669    12.3742   125.4842
  -6245.00   42256.57  0.0070817     3.6730   244.9962    13.1962   125.0697
  -6235.00   42256.49  0.0070441     3.7015   242.9018    14.1433   124.5130
  -6225.00   42256.99  0.0071298     3.7221   241.2638    14.3972   124.0369
  -6215.00   42259.64  0.0070665     3.7485   239.1931    14.7307   123.7491
  -6205.00   42260.57  0.0070304     3.7860   237.0799    15.0247   123.3961
  -6195.00   42259.66  0.0070818     3.8154   234.3625    15.8697   123.0197
  -6185.00   42259.32  0.0070667     3.8376   231.8386    16.3511   122.7828
  -6175.00   42260.06  0.0070621     3.8678   230.1712    15.9427   122.6166
  -6165.00   42259.61  0.0070258     3.8963   227.5803    16.6160   122.4137
  -6155.00   42257.11  0.0070091     3.9154   225.0627    17.4376   122.1295
  -6145.00   42255.95  0.0070731     3.9305   223.8436    17.0288   121.9383
  -6135.00   42256.54  0.0070116     3.9479   222.0957    17.2698   121.7919
  -6125.00   42255.61  0.0069671     3.9675   220.3230    17.8413   121.4508
  -6115.00   42253.87  0.0070629     3.9771   218.8712    18.1986   121.0677
  -6105.00   42254.19  0.0070502     3.9860   217.2987    18.5748   120.7909
  -6095.00   42256.00  0.0070305     4.0074   216.1360    18.5577   120.4307
  -6085.00   42256.57  0.0070667     4.0266   214.0436    19.4858   119.9443
  -6075.00   42256.36  0.0070844     4.0409   211.7203    20.4498   119.4932
  -6065.00   42258.06  0.0071391     4.0637   210.2978    20.2445   119.1455
  -6055.00   42260.49  0.0071087     4.0937   207.8191    20.9811   118.7757
  -6045.00   42260.54  0.0070886     4.1228   204.9361    22.0883   118.3204
  -6035.00   42259.45  0.0071968     4.1470   202.7739    22.3039   117.9889
  -6025.00   42259.96  0.0071750     4.1762   200.2485    22.7722   117.8033
  -6015.00   42260.15  0.0071288     4.2131   197.8902    23.2489   117.5188
  -6005.00   42258.33  0.0071918     4.2396   195.3633    24.0481   117.2191
  -5995.00   42255.97  0.0072024     4.2596   192.9243    24.7602   117.0825
  -5985.00   42255.64  0.0072011     4.2899   191.4541    24.6610   116.9427
  -5975.00   42256.02  0.0071673     4.3158   189.2666    25.5031   116.7219
  -5965.00   42254.40  0.0071499     4.3301   186.8807    26.6346   116.4827
  -5955.00   42253.65  0.0072039     4.3474   185.6516    26.5529   116.3157
  -5945.00   42255.31  0.0071429     4.3665   183.7932    27.0803   116.1448
  -5935.00   42256.83  0.0070610     4.3838   181.5361    28.0724   115.7957
  -5925.00   42256.77  0.0071193     4.3955   179.7314    28.4518   115.4529
  -5915.00   42257.18  0.0070984     4.4080   177.5118    28.9959   115.2105
  -5905.00   42259.42  0.0070257     4.4324   175.5731    29.2234   114.8459
  -5895.00   42260.69  0.0070214     4.4534   173.0457    30.0160   114.3776
  -5885.00   42259.61  0.0070112     4.4697   170.1986    30.9612   114.0069
  -5875.00   42259.05  0.0070291     4.4992   168.5215    30.6745   113.7011
  -5865.00   42259.86  0.0069740     4.5334   166.1299    31.2390   113.3393
  -5855.00   42259.26  0.0069132     4.5622   163.3837    32.2902   112.9555
  -5845.00   42256.83  0.0069867     4.5917   161.8552    32.1296   112.7174
  -5835.00   42255.53  0.0069674     4.6255   160.1055    32.2781   112.5756
  -5825.00   42255.91  0.0068876     4.6614   158.3844    32.6359   112.3318
  -5815.00   42255.35  0.0069348     4.6868   156.8066    32.9209   112.1079
  -5805.00   42253.63  0.0069594     4.7069   155.0717    33.2609   112.0374
  -5795.00   42253.88  0.0069571     4.7362   154.1385    32.8336   111.9096
  -5785.00   42256.03  0.0069405     4.7584   152.3046    33.3398   111.6688
  -5775.00   42256.61  0.0069356     4.7681   149.8934    34.2509   111.4588
  -5765.00   42256.57  0.0070114     4.7864   148.5773    33.8673   111.2828
  -5755.00   42258.18  0.0069859     4.8069   146.5124    34.1521   111.0450
  -5745.00   42260.42  0.0069206     4.8214   143.7243    35.1468   110.6728
  -5735.00   42260.57  0.0069909     4.8370   141.6158    35.3086   110.3496
  -5725.00   42259.22  0.0070156     4.8562   139.2718    35.6189   110.1094
  -5715.00   42259.39  0.0069674     4.8838   137.1624    35.8719   109.7419
  -5705.00   42259.60  0.0069929     4.9079   134.8778    36.4343   109.3338
  -5695.00   42257.72  0.0070210     4.9283   132.2753    37.3301   109.0617
  -5685.00   42255.36  0.0070712     4.9625   131.0529    36.9894   108.8191
  -5675.00   42255.19  0.0070666     4.9975   129.2175    37.4981   108.5031
  -5665.00   42255.62  0.0070361     5.0228   126.7140    38.7528   108.2187
  -5655.00   42254.45  0.0071303     5.0534   125.4463    38.7014   108.0620
  -5645.00   42253.65  0.0071468     5.0878   123.8705    38.9504   107.9351
  -5635.00   42255.32  0.0070823     5.1176   121.7990    39.7255   107.7112
  -5625.00   42256.96  0.0071332     5.1407   119.8507    40.1886   107.5385
  -5615.00   42256.82  0.0071693     5.1615   117.5063    40.7861   107.4831
  -5605.00   42257.07  0.0071524     5.1890   115.7494    40.7229   107.3389
  -5595.00   42259.24  0.0071405     5.2087   113.1722    41.4206   107.0947
  -5585.00   42260.51  0.0071225     5.2175   109.7838    42.7483   106.9163
  -5575.00   42259.55  0.0071691     5.2375   107.7807    42.6284   106.7484
  -5565.00   42258.91  0.0071277     5.2600   105.3219    43.1081   106.4734
  -5555.00   42259.57  0.0070369     5.2723   102.1576    44.4496   106.1241
  -5545.00   42259.11  0.0070654     5.2904   100.0118    44.8301   105.8382
  -5535.00   42256.49  0.0070565     5.3161    98.0669    45.1557   105.5896
  -5525.00   42255.11  0.0069672     5.3441    96.3545    45.5395   105.2226
  -5515.00   42255.32  0.0069544     5.3704    94.7335    45.9391   104.8663
  -5505.00   42255.01  0.0069595     5.3965    92.6391    46.7660   104.6480
  -5495.00   42253.52  0.0069573     5.4345    91.9112    46.2648   104.4271
  -5485.00   42254.05  0.0069362     5.4710    90.5930    46.3761   104.1428
  -5475.00   42256.36  0.0068978     5.4960    88.0650    47.5125   103.9378
  -5465.00   42257.37  0.0069643     5.5287    86.7390    47.1908   103.8377
  -5455.00   42257.22  0.0069682     5.5645    85.0848    47.0736   103.7090
  -5445.00   42258.64  0.0068966     5.5889    82.5933    47.7003   103.5121
  -5435.00   42260.52  0.0069389     5.6099    80.3376    47.8738   103.3836
  -5425.00   42260.42  0.0069772     5.6321    77.7637    48.2411   103.3157
  -5415.00   42258.89  0.0069433     5.6559    75.8666    48.0527   103.1301
  -5405.00   42258.84  0.0069430     5.6730    73.6403    48.3074   102.8800
  -5395.00   42259.26  0.0069490     5.6829    70.5274    49.4997   102.7019
  -5385.00   42257.66  0.0069970     5.7051    69.0813    49.2036   102.5058
  -5375.00   42255.58  0.0069839     5.7295    67.5307    49.3062   102.1876
  -5365.00   42255.36  0.0069253     5.7426    65.1127    50.4348   101.8616
  -5355.00   42256.01  0.0069913     5.7648    63.6326    50.6384   101.6196
  -5345.00   42254.67  0.0070151     5.7976    62.3214    50.7505   101.3608
  -5335.00   42253.87  0.0069563     5.8257    60.8902    51.0526   101.0265
  -5325.00   42255.25  0.0069790     5.8528    59.3455    51.3101   100.7544
  -5315.00   42257.13  0.0070346     5.8840    57.0246    52.1079   100.5930
  -5305.00   42257.22  0.0070549     5.9216    55.6493    51.8438   100.3983
  -5295.00   42257.74  0.0070625     5.9549    53.8194    51.9003   100.1629
  -5285.00   42259.86  0.0070652     5.9782    50.4739    53.2309   100.0252
  -5275.00   42261.33  0.0071521     6.0095    48.2321    53.2976    99.9513
  -5265.00   42260.15  0.0071750     6.0431    45.9854    53.4164    99.8014
  -5255.00   42259.05  0.0071106     6.0620    42.9411    54.4030    99.6217
  -5245.00   42259.24  0.0071543     6.0808    40.3815    54.9164    99.5190
  -5235.00   42258.57  0.0072009     6.1054    37.7876    55.6145    99.4176
  -5225.00   42256.07  0.0071466     6.1262    35.8558    55.9381    99.2021
  -5215.00   42254.73  0.0071179     6.1417    33.9988    56.3465    98.9689
  -5205.00   42255.33  0.0071208     6.1553    31.2262    57.7317    98.8040
  -5195.00   42255.48  0.0071340     6.1792    29.8795    57.8217    98.5868
  -5185.00   42254.43  0.0070870     6.2041    28.5955    57.9519    98.2672
  -5175.00   42254.77  0.0070003     6.2187    26.0775    59.2310    97.9813
  -5165.00   42257.24  0.0070333     6.2443    24.3763    59.5057    97.7706
  -5155.00   42257.88  0.0070275     6.2813    22.7595    59.6067    97.4971
  -5145.00   42257.63  0.0069271     6.3094    20.7050    60.0241    97.1880
  -5135.00   42258.64  0.0069093     6.3375    18.6236    60.2055    96.9790
  -5125.00   42260.56  0.0069506     6.3754    15.9583    60.7965    96.8330
  -5115.00   42260.67  0.0069431     6.4131    14.1176    60.5624    96.6431
  -5105.00   42259.28  0.0069103     6.4441    12.2579    60.3488    96.4516
  -5095.00   42259.01  0.0069075     6.4698     9.0675    61.4437    96.3645
  -5085.00   42259.52  0.0069761     6.5009     7.1834    61.3532    96.2962
  -5075.00   42257.77  0.0069868     6.5311     5.7079    61.0992    96.1340
  -5065.00   42255.36  0.0069116     6.5464     3.2572    61.9790    95.9752
  -5055.00   42254.94  0.0069398     6.5634     1.5020    62.2330    95.8836
  -5045.00   42255.45  0.0069932     6.5887   359.8560    62.5313    95.7304
  -5035.00   42254.61  0.0069372     6.6061   358.4202    62.7534    95.4769
  -5025.00   42254.00  0.0068998     6.6203   357.0217    62.8675    95.2482
  -5015.00   42255.64  0.0069244     6.6401   354.6032    63.8683    95.0674
  -5005.00   42257.87  0.0069562     6.6665   353.2264    63.7729    94.8120
  -4995.00   42258.21  0.0069333     6.6925   351.8760    63.5264    94.5022
  -4985.00   42258.28  0.0068845     6.7123   348.9288    64.6492    94.2666
  -4975.00   42260.25  0.0069504     6.7427   346.7959    64.7875    94.0846
  -4965.00   42261.11  0.0070017     6.7814   344.9102    64.6630    93.8306
  -4955.00   42259.94  0.0069487     6.8084   342.3649    65.1919    93.5768
  -4945.00   42258.55  0.0069631     6.8359   339.9827    65.4995    93.4405
  -4935.00   42258.66  0.0070447     6.8751   337.4115    66.1093    93.3077
  -4925.00   42258.36  0.0070737     6.9083   335.6199    66.1547    93.1219
  -4915.00   42256.03  0.0070541     6.9331   333.9300    66.2141    92.9687
  -4905.00   42254.60  0.0070716     6.9601   331.0625    67.5212    92.8965
  -4895.00   42255.29  0.0071453     6.9890   329.3912    67.7766    92.8033
  -4885.00   42255.39  0.0071592     7.0143   328.1761    67.6939    92.6255
  -4875.00   42254.30  0.0070978     7.0290   325.5213    68.9967    92.4840
  -4865.00   42254.59  0.0071145     7.0465   323.3993    69.6523    92.3936
  -4855.00   42256.79  0.0071624     7.0721   321.4858    70.0634    92.2089
  -4845.00   42258.08  0.0070998     7.0878   319.2360    70.7199    91.9532
  -4835.00   42257.87  0.0070384     7.1013   316.9207    71.2164    91.7541
  -4825.00   42258.80  0.0070477     7.1264   313.8031    72.3717    91.5651
  -4815.00   42260.79  0.0070475     7.1534   311.6796    72.5333    91.2904
  -4805.00   42260.85  0.0069901     7.1780   309.8341    72.3806    91.0004
  -4795.00   42259.09  0.0069305     7.2036   306.5060    73.6632    90.7983
  -4785.00   42258.51  0.0069540     7.2380   304.3062    73.9194    90.6154
  -4775.00   42258.55  0.0069712     7.2771   302.8834    73.5904    90.3695
  -4765.00   42257.17  0.0069014     7.3055   300.6448    74.2004    90.1601
  -4755.00   42254.71  0.0068842     7.3354   298.7311    74.5382    90.0649
  -4745.00   42254.26  0.0069353     7.3762   296.9147    74.9317    89.9383
  -4735.00   42255.27  0.0069270     7.4066   295.6545    74.8936    89.7629
  -4725.00   42254.64  0.0068783     7.4273   294.3489    74.8308    89.6530
  -4715.00   42254.12  0.0068841     7.4561   291.7722    75.9449    89.5832
  -4705.00   42255.72  0.0069253     7.4827   290.1951    76.0198    89.4610
  -4695.00   42257.91  0.0069084     7.5013   289.0563    75.5515    89.2732
  -4685.00   42258.27  0.0068614     7.5171   286.1549    76.6223    89.1345
  -4675.00   42258.15  0.0068758     7.5363   283.7111    77.0834    89.0157
  -4665.00   42259.74  0.0069177     7.5610   281.8156    76.9859    88.7882
  -4655.00   42260.93  0.0068754     7.5772   279.3550    77.4172    88.5303
  -4645.00   42259.67  0.0068377     7.5937   277.0490    77.6350    88.3469
  -4635.00   42258.15  0.0068806     7.6246   274.2614    78.4441    88.1419
  -4625.00   42258.28  0.0068996     7.6533   272.4602    78.4795    87.8647
  -4615.00   42257.99  0.0068707     7.6769   271.2349    78.0531    87.6186
  -4605.00   42255.80  0.0068678     7.7086   268.5447    79.1751    87.4536
  -4595.00   42254.20  0.0069245     7.7450   266.8305    79.4911    87.2815
  -4585.00   42254.79  0.0069652     7.7797   265.9848    79.0655    87.0613
  -4575.00   42255.22  0.0069443     7.8076   263.9194    79.8149    86.9060
  -4565.00   42254.18  0.0069657     7.8375   261.9882    80.3304    86.8329
  -4555.00   42254.40  0.0070476     7.8747   260.0386    80.8254    86.7034
  -4545.00   42256.87  0.0070548     7.9001   258.1166    81.1859    86.5373
  -4535.00   42258.25  0.0070276     7.9174   256.1500    81.3407    86.4503
  -4525.00   42258.20  0.0070631     7.9459   252.8769    82.6365    86.3664
  -4515.00   42258.93  0.0071078     7.9705   250.3709    83.1211    86.2117
  -4505.00   42260.78  0.0070846     7.9840   248.4672    82.9356    86.0293
  -4495.00   42260.84  0.0070557     8.0022   245.0684    84.1740    85.8940
  -4485.00   42258.83  0.0070738     8.0243   242.2061    84.9618    85.7514
  -4475.00   42257.96  0.0070972     8.0465   240.1883    85.1182    85.5086
  -4465.00   42258.02  0.0070529     8.0642   237.6417    85.9355    85.2723
  -4455.00   42256.72  0.0069989     8.0842   235.5718    86.3838    85.1028
  -4445.00   42254.41  0.0070313     8.1175   233.2620    87.2761    84.8867
  -4435.00   42254.17  0.0070195     8.1468   231.5284    87.7604    84.6164
  -4425.00   42255.35  0.0069474     8.1702   230.5041    87.5204    84.4086
  -4415.00   42255.20  0.0069310     8.2066   228.0860    88.6066    84.2575
  -4405.00   42254.52  0.0069537     8.2455   226.2673    89.0670    84.0795
  -4395.00   42256.10  0.0069427     8.2764   225.2157    88.6441    83.8834
  -4385.00   42258.21  0.0069032     8.3066   222.7739    89.3584    83.7674
  -4375.00   42258.48  0.0068927     8.3391   220.4879    89.7190    83.6996
  -4365.00   42258.15  0.0069440     8.3727   218.3041    89.8971    83.5651
  -4355.00   42259.64  0.0069286     8.3953   215.8052    90.2870    83.4217
  -4345.00   42260.86  0.0068680     8.4117   213.7338    90.1427    83.3489
  -4335.00   42259.88  0.0068917     8.4392   210.7508    90.9715    83.2450
  -4325.00   42258.23  0.0069215     8.4613   208.4051    91.3500    83.0582
  -4315.00   42258.25  0.0068839     8.4711   207.0289    90.8890    82.8781
  -4305.00   42258.10  0.0068582     8.4914   204.4868    91.7166    82.7304
  -4295.00   42255.67  0.0068827     8.5174   202.4698    92.2363    82.5417
  -4285.00   42254.05  0.0069162     8.5379   201.3280    92.0768    82.2848
  -4275.00   42254.55  0.0069061     8.5591   199.4369    92.6888    82.0683
  -4265.00   42255.23  0.0068703     8.5858   197.9279    92.8928    81.9036
  -4255.00   42254.49  0.0069305     8.6208   196.1444    93.3790    81.6850
  -4245.00   42255.02  0.0069650     8.6506   194.2382    93.8931    81.4483
  -4235.00   42257.54  0.0069218     8.6750   192.9484    93.5632    81.2925
  -4225.00   42259.31  0.0069394     8.7125   190.3139    94.3844    81.1633
  -4215.00   42258.86  0.0069972     8.7496   187.8353    94.9474    80.9900
  -4205.00   42259.35  0.0070196     8.7740   186.1587    94.5743    80.8293
  -4195.00   42260.73  0.0070221     8.8028   183.2339    95.3075    80.7379
  -4185.00   42260.57  0.0070270     8.8350   180.5546    95.8093    80.6522
  -4175.00   42258.45  0.0070983     8.8618   178.2905    96.0341    80.5016
  -4165.00   42257.55  0.0071301     8.8821   175.6353    96.7442    80.3706
  -4155.00   42257.85  0.0070842     8.8995   173.6865    96.8622    80.2936
  -4145.00   42256.99  0.0071165     8.9256   171.1868    97.7482    80.1612
  -4135.00   42254.79  0.0071735     8.9459   168.9352    98.5849    79.9649
  -4125.00   42254.48  0.0071521     8.9552   167.7047    98.4673    79.8013
  -4115.00   42255.89  0.0071334     8.9774   165.3700    99.4700    79.6538
  -4105.00   42255.41  0.0071524     9.0051   163.1412   100.4093    79.4394
  -4095.00   42254.80  0.0071780     9.0231   161.6884   100.5186    79.1928
  -4085.00   42256.14  0.0071725     9.0462   159.3253   101.3385    79.0004
  -4075.00   42258.52  0.0071058     9.0783   157.0451   101.9046    78.8284
  -4065.00   42258.99  0.0071246     9.1126   154.6486   102.4831    78.6031
  -4055.00   42258.84  0.0071502     9.1430   151.9586   103.1949    78.3941
  -4045.00   42260.10  0.0070680     9.1714   150.0030   103.0178    78.2675
  -4035.00   42261.42  0.0070379     9.2106   147.1338   103.7396    78.1416
  -4025.00   42259.88  0.0070610     9.2467   144.3727   104.4408    77.9744
  -4015.00   42257.90  0.0070445     9.2690   142.8984   103.9268    77.8487
  -4005.00   42257.54  0.0070238     9.2978   140.5527   104.3775    77.7768
  -3995.00   42257.28  0.0069879     9.3297   138.3362   104.9010    77.6712
  -3985.00   42255.17  0.0070219     9.3502   136.9159   104.8254    77.5157
  -3975.00   42253.84  0.0070545     9.3683   135.0943   105.2162    77.3947
  -3965.00   42254.73  0.0069887     9.3877   133.7791   105.1464    77.2989
  -3955.00   42255.83  0.0070008     9.4108   131.9065   105.7046    77.1260
  -3945.00   42255.32  0.0070651     9.4301   129.9064   106.3371    76.9205
  -3935.00   42255.59  0.0070425     9.4421   128.8740   105.8467    76.7598
  -3925.00   42258.15  0.0070253     9.4677   126.6054   106.4479    76.5947
  -3915.00   42259.29  0.0070532     9.4976   123.9437   107.3354    76.3626
  -3905.00   42258.86  0.0070858     9.5163   122.2582   107.1022    76.1359
  -3895.00   42259.01  0.0071035     9.5426   119.8193   107.4567    75.9745
  -3885.00   42260.50  0.0070548     9.5795   117.1818   107.9896    75.8006
  -3875.00   42260.51  0.0070857     9.6113   114.7325   108.4058    75.5885
  -3865.00   42258.54  0.0071538     9.6398   112.2787   108.8623    75.4211
  -3855.00   42257.41  0.0071022     9.6709   110.6961   108.5362    75.3182
  -3845.00   42257.75  0.0070988     9.7067   108.3955   109.1238    75.1896
  -3835.00   42256.54  0.0071707     9.7376   106.0217   109.9531    75.0318
  -3825.00   42254.27  0.0071859     9.7573   105.1194   109.3863    74.9287
  -3815.00   42253.86  0.0071998     9.7840   103.4016   109.6885    74.8557
  -3805.00   42255.20  0.0072070     9.8132   101.1554   110.5879    74.7236
  -3795.00   42255.34  0.0072653     9.8286    99.6655   110.7023    74.5660
  -3785.00   42255.03  0.0073328     9.8448    97.7158   111.1185    74.4527
  -3775.00   42256.60  0.0072858     9.8673    95.7699   111.4017    74.3349
  -3765.00   42259.15  0.0073122     9.8874    93.1619   112.2605    74.1410
  -3755.00   42259.65  0.0073991     9.9053    90.2835   113.2183    73.9433
  -3745.00   42259.03  0.0073680     9.9217    88.4265   113.0022    73.7931
  -3735.00   42259.99  0.0073421     9.9486    85.5419   113.7966    73.6140
  -3725.00   42260.65  0.0073745     9.9784    82.1288   115.1593    73.3825
  -3715.00   42259.29  0.0073819     9.9981    80.0691   115.2188    73.1786
  -3705.00   42257.11  0.0073670    10.0272    77.8029   115.5641    73.0329
  -3695.00   42256.85  0.0072990    10.0666    75.1934   116.4449    72.8520
  -3685.00   42256.96  0.0073001    10.0964    73.0610   117.0348    72.6505
  -3675.00   42255.11  0.0073395    10.1242    71.2235   117.3919    72.5152
  -3665.00   42253.75  0.0072362    10.1598    70.0561   117.1471    72.4166
  -3655.00   42254.71  0.0071955    10.1933    68.2217   117.6524    72.2833
  -3645.00   42255.77  0.0072562    10.2197    66.0895   118.4124    72.1412
  -3635.00   42255.29  0.0072168    10.2406    65.2837   117.6996    72.0568
  -3625.00   42255.50  0.0071832    10.2662    63.6645   117.6761    71.9760
  -3615.00   42257.82  0.0071887    10.2916    61.0373   118.5568    71.8264
  -3605.00   42259.48  0.0072208    10.3038    59.2286   118.4557    71.6720
  -3595.00   42259.08  0.0072633    10.3194    57.1384   118.4626    71.5583
  -3585.00   42259.15  0.0071967    10.3442    54.7766   118.7070    71.4058
  -3575.00   42260.54  0.0072171    10.3624    52.1000   119.3160    71.1914
  -3565.00   42260.46  0.0073146    10.3798    49.3464   120.0152    70.9976
  -3555.00   42258.26  0.0072578    10.4036    47.7861   119.6055    70.8418
  -3545.00   42256.91  0.0072228    10.4327    45.5730   120.0576    70.6479
  -3535.00   42256.91  0.0072809    10.4623    42.8472   121.1944    70.4263
  -3525.00   42256.11  0.0072914    10.4855    41.6383   120.9138    70.2556
  -3515.00   42253.91  0.0072747    10.5172    40.3027   120.8482    70.1257
  -3505.00   42253.61  0.0072367    10.5555    38.2950   121.5470    69.9542
  -3495.00   42255.30  0.0072722    10.5814    36.7146   121.8161    69.7800
  -3485.00   42255.64  0.0073476    10.6064    35.1991   121.8734    69.6764
  -3475.00   42255.44  0.0072736    10.6413    33.8212   121.6727    69.5743
  -3465.00   42256.90  0.0072695    10.6693    31.7169   122.0962    69.4329
  -3455.00   42259.34  0.0073906    10.6890    29.0858   122.8506    69.3022
  -3445.00   42259.88  0.0073817    10.7109    27.5068   122.3592    69.2162
  -3435.00   42259.07  0.0073664    10.7350    25.2466   122.4844    69.1124
  -3425.00   42259.66  0.0074183    10.7561    21.9933   123.6092    68.9497
  -3415.00   42260.52  0.0074752    10.7682    19.7588   123.7192    68.8033
  -3405.00   42259.10  0.0075338    10.7851    17.5235   123.8991    68.6874
  -3395.00   42256.94  0.0074823    10.8107    14.9583   124.6065    68.5159
  -3385.00   42256.59  0.0075060    10.8274    12.5384   125.3767    68.3030
  -3375.00   42256.74  0.0076222    10.8437    10.1793   126.1959    68.1272
  -3365.00   42255.24  0.0075500    10.8721     8.6798   126.2734    67.9652
  -3355.00   42253.73  0.0074904    10.9015     6.7033   126.9660    67.7619
  -3345.00   42254.60  0.0075470    10.9282     4.1327   128.2583    67.5534
  -3335.00   42255.98  0.0075197    10.9556     2.8314   128.1709    67.4026
  -3325.00   42255.60  0.0074618    10.9898     1.2214   128.2847    67.2714
  -3315.00   42255.77  0.0073984    11.0267   358.6682   129.2223    67.1041
  -3305.00   42258.12  0.0073911    11.0520   356.6854   129.4040    66.9562
  -3295.00   42259.82  0.0074349    11.0776   354.7261   129.3442    66.8729
  -3285.00   42259.69  0.0073325    11.1123   352.5788   129.3697    66.7681
  -3275.00   42259.34  0.0072880    11.1367   350.1105   129.7016    66.6271
  -3265.00   42260.49  0.0073930    11.1517   347.4461   130.1947    66.5151
  -3255.00   42260.49  0.0073529    11.1747   345.7752   129.7409    66.4218
  -3245.00   42258.05  0.0073016    11.1975   343.7902   129.7820    66.2906
  -3235.00   42256.46  0.0073400    11.2133   341.0376   130.7817    66.1172
  -3225.00   42256.50  0.0073528    11.2273   339.5557   130.6382    65.9701
  -3215.00   42255.88  0.0073836    11.2471   338.2010   130.5086    65.8337
  -3205.00   42254.06  0.0073257    11.2728   336.1646   131.2122    65.6387
  -3195.00   42253.84  0.0073150    11.2908   334.4897   131.6060    65.4309
  -3185.00   42255.63  0.0074214    11.3096   332.8368   131.9028    65.2712
  -3175.00   42256.54  0.0073506    11.3423   331.4209   131.8789    65.1049
  -3165.00   42256.02  0.0072869    11.3722   329.5247   132.2464    64.9055
  -3155.00   42257.30  0.0073656    11.3957   326.8971   133.1560    64.7286
  -3145.00   42259.53  0.0073423    11.4264   325.3156   132.8043    64.6003
  -3135.00   42260.01  0.0073171    11.4603   323.4537   132.6168    64.4707
  -3125.00   42259.05  0.0073046    11.4908   320.4711   133.4880    64.3126
  -3115.00   42259.49  0.0073142    11.5143   318.3663   133.4234    64.1904
  -3105.00   42260.35  0.0074028    11.5386   316.4667   133.1727    64.1104
  -3095.00   42259.45  0.0073641    11.5694   314.2877   133.3410    63.9918
  -3085.00   42256.98  0.0073474    11.5893   312.0986   133.6955    63.8485
  -3075.00   42256.44  0.0074845    11.6015   309.8670   134.2184    63.7444
  -3065.00   42256.71  0.0074808    11.6245   308.4481   134.0727    63.6374
  -3055.00   42255.05  0.0074533    11.6458   306.8289   134.2949    63.4819
  -3045.00   42253.57  0.0075225    11.6576   304.2563   135.5391    63.3117
  -3035.00   42254.36  0.0075318    11.6738   302.7121   135.7134    63.1692
  -3025.00   42256.10  0.0075685    11.6959   301.2639   135.7435    63.0182
  -3015.00   42256.22  0.0075396    11.7192   298.7013   136.8118    62.8161
  -3005.00   42256.50  0.0075128    11.7381   296.3963   137.4539    62.6246
  -2995.00   42258.73  0.0076061    11.7596   294.1281   137.8646    62.4765
  -2985.00   42260.73  0.0075425    11.7932   291.7805   138.2280    62.3056
  -2975.00   42259.98  0.0074593    11.8226   289.1768   138.7717    62.1115
  -2965.00   42259.25  0.0075263    11.8453   286.0271   139.7834    61.9603
  -2955.00   42259.80  0.0074690    11.8786   283.8870   139.7787    61.8410
  -2945.00   42259.77  0.0074126    11.9129   282.0388   139.6001    61.7053
  -2935.00   42257.45  0.0073961    11.9386   279.1731   140.5823    61.5590
  -2925.00   42255.97  0.0073499    11.9630   277.3512   140.6317    61.4558
  -2915.00   42256.25  0.0073923    11.9880   276.0502   140.3116    61.3735
  -2905.00   42256.27  0.0073366    12.0141   274.3326   140.5723    61.2426
  -2895.00   42254.45  0.0072765    12.0314   272.6668   140.8523    61.1067
  -2885.00   42254.07  0.0073754    12.0429   270.8868   141.2382    61.0060
  -2875.00   42255.91  0.0073426    12.0650   269.5446   141.1574    60.8803
  -2865.00   42256.56  0.0072729    12.0844   268.0520   141.1638    60.7049
  -2855.00   42256.14  0.0073305    12.0944   265.3938   142.1873    60.5360
  -2845.00   42257.11  0.0073067    12.1136   263.4405   142.3182    60.3899
  -2835.00   42259.65  0.0073046    12.1391   261.8671   141.9516    60.2176
  -2825.00   42260.42  0.0072819    12.1611   259.0903   142.7002    60.0128
  -2815.00   42259.52  0.0072371    12.1828   256.6257   143.0385    59.8403
  -2805.00   42259.55  0.0073224    12.2092   254.4952   143.0353    59.7015
  -2795.00   42260.40  0.0072831    12.2424   252.3629   143.1357    59.5326
  -2785.00   42258.94  0.0072061    12.2701   250.3372   143.2501    59.3591
  -2775.00   42256.31  0.0073048    12.2921   247.8736   143.9191    59.2364
  -2765.00   42255.40  0.0072881    12.3241   246.2262   143.9207    59.1261
  -2755.00   42255.88  0.0072489    12.3545   245.1987   143.4695    58.9867
  -2745.00   42254.70  0.0072867    12.3733   242.9938   144.2787    58.8531
  -2735.00   42253.61  0.0072731    12.3955   241.4163   144.4515    58.7565
  -2725.00   42254.68  0.0073449    12.4195   240.3141   144.1380    58.6577
  -2715.00   42256.83  0.0073372    12.4389   238.4620   144.5232    58.5126
  -2705.00   42256.98  0.0073013    12.4545   236.4930   144.8597    58.3798
  -2695.00   42256.89  0.0074345    12.4675   234.1868   145.3622    58.2758
  -2685.00   42258.87  0.0074438    12.4883   232.0061   145.6207    58.1330
  -2675.00   42260.43  0.0073808    12.5063   229.8556   145.7349    57.9555
  -2665.00   42259.80  0.0074640    12.5162   226.6508   146.8118    57.7980
  -2655.00   42258.73  0.0074694    12.5372   223.9379   147.3732    57.6535
  -2645.00   42259.46  0.0074585    12.5636   222.0220   147.2310    57.4713
  -2635.00   42259.64  0.0074480    12.5828   219.1974   148.1244    57.2744
  -2625.00   42257.48  0.0073965    12.6057   216.7003   148.7925    57.1171
  -2615.00   42255.62  0.0074738    12.6358   214.8258   149.0013    56.9758
  -2605.00   42255.93  0.0074378    12.6666   212.8907   149.4523    56.8049
  -2595.00   42255.77  0.0073261    12.6933   211.1531   149.7835    56.6475
  -2585.00   42254.08  0.0074085    12.7175   209.0573   150.4870    56.5404
  -2575.00   42253.65  0.0073902    12.7489   207.3066   150.8447    56.4314
  -2565.00   42255.66  0.0072971    12.7764   206.1305   150.5751    56.2948
  -2555.00   42256.91  0.0073089    12.7921   203.7883   151.3252    56.1787
  -2545.00   42256.76  0.0072664    12.8132   201.6077   151.7272    56.0896
  -2535.00   42257.70  0.0072894    12.8362   200.0666   151.3626    55.9762
  -2525.00   42260.23  0.0072546    12.8499   197.6747   151.7394    55.8269
  -2515.00   42260.79  0.0071616    12.8638   195.2624   152.0008    55.6955
  -2505.00   42259.39  0.0072587    12.8797   192.8740   152.2054    55.5778
  -2495.00   42259.10  0.0072554    12.8986   190.6009   152.3838    55.4133
  -2485.00   42259.51  0.0071465    12.9165   188.7070   152.2729    55.2322
  -2475.00   42258.43  0.0072021    12.9296   186.1659   152.9316    55.0787
  -2465.00   42255.74  0.0072156    12.9537   184.0573   153.3268    54.9276
  -2455.00   42255.06  0.0071849    12.9813   182.9653   152.8885    54.7427
  -2445.00   42255.87  0.0071789    12.9999   181.0136   153.4346    54.5632
  -2435.00   42254.92  0.0071326    13.0242   179.1336   153.9321    54.4265
  -2425.00   42253.73  0.0072153    13.0560   177.9933   153.7121    54.2868
  -2415.00   42254.84  0.0072191    13.0823   176.3885   153.9358    54.1261
  -2405.00   42256.88  0.0071159    13.1052   174.6943   154.0951    53.9914
  -2395.00   42257.20  0.0072192    13.1296   172.6339   154.4422    53.8931
  -2385.00   42257.02  0.0072602    13.1567   170.5330   154.6950    53.7789
  -2375.00   42258.87  0.0071915    13.1787   168.8817   154.3533    53.6445
  -2365.00   42260.78  0.0072338    13.1918   166.1530   154.9476    53.5367
  -2355.00   42260.08  0.0072372    13.2111   163.4038   155.4920    53.4423
  -2345.00   42258.86  0.0072847    13.2321   161.6519   155.0884    53.3112
  -2335.00   42259.34  0.0073027    13.2422   159.1636   155.5210    53.1617
  -2325.00   42259.31  0.0072249    13.2547   156.6789   156.0409    53.0337
  -2315.00   42257.13  0.0073396    13.2733   154.6697   156.2540    52.9019
  -2305.00   42255.11  0.0073921    13.2900   152.7063   156.6365    52.7290
  -2295.00   42255.25  0.0073015    13.3061   151.1045   156.7759    52.5543
  -2285.00   42255.64  0.0073717    13.3223   148.9120   157.5742    52.4075
  -2275.00   42254.07  0.0074184    13.3468   146.8556   158.2898    52.2502
  -2265.00   42253.85  0.0073941    13.3731   145.6590   158.1253    52.0689
  -2255.00   42256.09  0.0074037    13.3915   143.4312   158.8902    51.9064
  -2245.00   42257.45  0.0073550    13.4169   140.8315   159.8513    51.7796
  -2235.00   42257.42  0.0074043    13.4492   139.0838   159.8105    51.6380
  -2225.00   42258.05  0.0074137    13.4727   136.7458   160.2266    51.4874
  -2215.00   42260.28  0.0072755    13.4937   134.0944   160.7791    51.3723
  -2205.00   42260.94  0.0073277    13.5200   131.4955   161.1813    51.2756
  -2195.00   42259.23  0.0073531    13.5442   128.9295   161.5756    51.1570
  -2185.00   42258.60  0.0072379    13.5617   127.0410   161.3450    51.0312
  -2175.00   42259.18  0.0072445    13.5751   124.4880   161.8667    50.9306
  -2165.00   42258.04  0.0072220    13.5933   121.8936   162.5888    50.8257
  -2155.00   42255.62  0.0072089    13.6112   120.7681   162.0358    50.6819
  -2145.00   42254.87  0.0072151    13.6195   119.0674   162.2175    50.5330
  -2135.00   42255.71  0.0071095    13.6320   116.9923   162.8548    50.4030
  -2125.00   42255.27  0.0071732    13.6525   115.7514   162.7263    50.2514
  -2115.00   42253.91  0.0072257    13.6685   114.3417   162.7974    50.0709
  -2105.00   42254.92  0.0071087    13.6839   112.9541   162.7469    49.9048
  -2095.00   42257.18  0.0071689    13.7053   110.9503   163.1666    49.7599
  -2085.00   42257.48  0.0072219    13.7307   108.6876   163.7168    49.5999
  -2075.00   42257.32  0.0071813    13.7552   107.3335   163.1946    49.4310
  -2065.00   42259.07  0.0072081    13.7750   104.9111   163.5788    49.2923
  -2055.00   42260.85  0.0071762    13.8005   101.8156   164.5251    49.1758
  -2045.00   42260.51  0.0072116    13.8298    99.9256   164.2420    49.0391
  -2035.00   42258.81  0.0072559    13.8491    97.7640   164.2798    48.9032
  -2025.00   42259.00  0.0071425    13.8667    95.2380   164.7440    48.8026
  -2015.00   42259.02  0.0072036    13.8911    93.1504   164.9049    48.6987
  -2005.00   42256.64  0.0072818    13.9103    91.1374   165.1865    48.5703
  -1995.00   42254.57  0.0071942    13.9226    89.9350   164.7991    48.4477
  -1985.00   42254.83  0.0072461    13.9365    88.1464   165.0978    48.3430
  -1975.00   42255.41  0.0072854    13.9532    85.8370   166.0092    48.2216
  -1965.00   42254.47  0.0072948    13.9677    84.9447   165.5275    48.0706
  -1955.00   42254.31  0.0073506    13.9762    83.4000   165.6399    47.9279
  -1945.00   42256.57  0.0072952    13.9893    80.8905   166.5980    47.7979
  -1935.00   42258.38  0.0073661    14.0095    79.1158   166.6893    47.6388
  -1925.00   42257.90  0.0074604    14.0240    77.0478   166.9374    47.4631
  -1915.00   42258.28  0.0073544    14.0384    74.7670   167.2267    47.3115
  -1905.00   42260.08  0.0074210    14.0622    72.1077   167.7727    47.1667
  -1895.00   42260.64  0.0075051    14.0868    68.9600   168.7837    47.0042
  -1885.00   42258.97  0.0074449    14.1084    66.9889   168.6213    46.8460
  -1875.00   42258.23  0.0074702    14.1307    64.4093   169.1201    46.7202
  -1865.00   42258.76  0.0074452    14.1567    61.0888   170.4944    46.6035
  -1855.00   42258.25  0.0074440    14.1831    59.2259   170.5707    46.4685
  -1845.00   42255.56  0.0074647    14.2012    57.4920   170.6661    46.3475
  -1835.00   42254.71  0.0073224    14.2182    55.2476   171.3859    46.2561
  -1825.00   42255.54  0.0073263    14.2406    53.6111   171.5863    46.1481
  -1815.00   42255.12  0.0073928    14.2560    51.9373   171.8720    46.0185
  -1805.00   42253.98  0.0072476    14.2648    50.7848   171.5856    45.9034
  -1795.00   42254.94  0.0072518    14.2789    49.2158   171.6100    45.7930
  -1785.00   42257.50  0.0072972    14.2939    46.6409   172.5350    45.6558
  -1775.00   42258.36  0.0072597    14.3049    45.3436   172.0295    45.4997
  -1765.00   42258.17  0.0072855    14.3154    43.5550   171.8470    45.3583
  -1755.00   42259.57  0.0072275    14.3310    40.5056   172.8133    45.2202
  -1745.00   42261.28  0.0072608    14.3510    38.4032   172.7779    45.0536
  -1735.00   42260.35  0.0073523    14.3666    36.2837   172.7571    44.8864
  -1725.00   42258.40  0.0072234    14.3830    33.9246   173.0216    44.7482
  -1715.00   42258.01  0.0072538    14.4085    31.8141   173.1525    44.6063
  -1705.00   42258.23  0.0073672    14.4318    29.2463   173.9144    44.4502
  -1695.00   42256.24  0.0072875    14.4498    27.9158   173.5785    44.3115
  -1685.00   42254.52  0.0073088    14.4725    26.3717   173.5716    44.1973
  -1675.00   42254.90  0.0073157    14.4961    23.8037   174.7095    44.0806
  -1665.00   42256.05  0.0073265    14.5156    22.6218   174.5064    43.9490
  -1655.00   42255.05  0.0073749    14.5313    21.4289   174.2669    43.8381
  -1645.00   42254.73  0.0072649    14.5465    19.2995   174.8857    43.7447
  -1635.00   42256.71  0.0072851    14.5646    17.6339   174.9266    43.6262
  -1625.00   42258.44  0.0074168    14.5764    15.7588   175.0225    43.4961
  -1615.00   42258.20  0.0073114    14.5835    13.9684   174.8649    43.3835
  -1605.00   42258.37  0.0073299    14.5975    11.9413   174.8091    43.2656
  -1595.00   42260.30  0.0074499    14.6110     8.8178   175.7946    43.1196
  -1585.00   42261.13  0.0074553    14.6193     6.9074   175.5437    42.9676
  -1575.00   42259.44  0.0075113    14.6314     4.8722   175.4406    42.8304
  -1565.00   42258.08  0.0074951    14.6483     1.5918   176.7096    42.6872
  -1555.00   42258.35  0.0075422    14.6657   359.4726   176.9792    42.5205
  -1545.00   42257.48  0.0076661    14.6814   357.6270   177.1167    42.3642
  -1535.00   42254.95  0.0075520    14.6992   355.3075   177.8688    42.2322
  -1525.00   42253.90  0.0075492    14.7239   353.4366   178.2939    42.0903
  -1515.00   42255.13  0.0076832    14.7453   351.2040   179.1515    41.9403
  -1505.00   42255.40  0.0075900    14.7619   349.6811   179.2743    41.8162
  -1495.00   42254.78  0.0075675    14.7848   348.0647   179.4047    41.7077
  -1485.00   42255.68  0.0075734    14.8069   345.1311   180.7609    41.5901
  -1475.00   42258.45  0.0075462    14.8215   343.4080   180.7539    41.4681
  -1465.00   42259.09  0.0075669    14.8367   341.6778   180.5550    41.3664
  -1455.00   42258.49  0.0074400    14.8515   338.6887   181.4834    41.2705
  -1445.00   42259.35  0.0074108    14.8652   336.3755   181.6571    41.1470
  -1435.00   42260.73  0.0075214    14.8751   334.2671   181.5669    41.0207
  -1425.00   42260.14  0.0073999    14.8822   332.0455   181.6136    40.9073
  -1415.00   42258.05  0.0073549    14.8957   329.9902   181.5949    40.7784
  -1405.00   42257.70  0.0074682    14.9083   327.3261   182.3426    40.6252
  -1395.00   42258.16  0.0074405    14.9159   325.8426   182.0706    40.4758
  -1385.00   42256.39  0.0074489    14.9304   324.5753   181.7174    40.3377
  -1375.00   42254.27  0.0074360    14.9491   321.8555   182.9686    40.1876
  -1365.00   42254.55  0.0074405    14.9649   320.3605   183.0903    40.0262
  -1355.00   42255.56  0.0075375    14.9816   319.2889   182.7735    39.8840
  -1345.00   42255.03  0.0074302    15.0013   317.1236   183.4999    39.7593
  -1335.00   42254.67  0.0073908    15.0236   315.3215   183.7750    39.6230
  -1325.00   42256.78  0.0075262    15.0420   313.3222   184.0974    39.4883
  -1315.00   42259.07  0.0074456    15.0566   311.5315   184.0303    39.3794
  -1305.00   42259.05  0.0074105    15.0768   309.7332   183.8052    39.2746
  -1295.00   42258.84  0.0074670    15.0946   306.5377   184.8807    39.1559
  -1285.00   42260.50  0.0074570    15.1044   304.5445   184.6923    39.0411
  -1275.00   42260.92  0.0075139    15.1172   302.9365   184.0889    38.9398
  -1265.00   42259.07  0.0074609    15.1310   299.8913   185.0108    38.8324
  -1255.00   42257.30  0.0074603    15.1403   297.7036   185.2269    38.7029
  -1245.00   42257.27  0.0076103    15.1490   296.0759   185.0139    38.5777
  -1235.00   42257.06  0.0075481    15.1571   294.2000   185.2127    38.4607
  -1225.00   42254.64  0.0075237    15.1693   292.4775   185.4163    38.3235
  -1215.00   42253.72  0.0076761    15.1806   290.2626   186.2126    38.1727
  -1205.00   42255.19  0.0076704    15.1880   288.8468   186.2513    38.0314
  -1195.00   42255.72  0.0076817    15.2028   287.6440   186.0348    37.8947
  -1185.00   42255.07  0.0077272    15.2208   284.6909   187.4968    37.7437
  -1175.00   42255.79  0.0077339    15.2342   282.5720   188.0081    37.5915
  -1165.00   42258.28  0.0078242    15.2507   280.9829   187.7966    37.4600
  -1155.00   42259.43  0.0077559    15.2714   277.9405   188.8765    37.3360
  -1145.00   42258.62  0.0077060    15.2910   275.1876   189.5529    37.2027
  -1135.00   42259.12  0.0078285    15.3079   272.5789   189.9849    37.0807
  -1125.00   42260.73  0.0077401    15.3233   270.0412   190.3163    36.9804
  -1115.00   42260.07  0.0076610    15.3418   267.8949   190.3045    36.8761
  -1105.00   42257.85  0.0077251    15.3568   264.7580   191.4005    36.7612
  -1095.00   42257.15  0.0076745    15.3646   262.6870   191.5834    36.6554
  -1085.00   42257.40  0.0076719    15.3758   261.5801   190.9414    36.5552
  -1075.00   42256.10  0.0076330    15.3879   258.9726   191.9631    36.4388
  -1065.00   42253.85  0.0075912    15.3939   257.0996   192.3869    36.3078
  -1055.00   42253.98  0.0076938    15.4011   255.9790   192.0916    36.1829
  -1045.00   42255.65  0.0076120    15.4108   254.1668   192.4876    36.0576
  -1035.00   42255.26  0.0075431    15.4217   252.4726   192.7190    35.9117
  -1025.00   42255.04  0.0076698    15.4328   250.3126   193.2850    35.7636
  -1015.00   42257.11  0.0076245    15.4426   248.4311   193.4250    35.6282
  -1005.00   42259.36  0.0075735    15.4587   246.9599   192.9897    35.4917
   -995.00   42259.58  0.0076288    15.4764   243.8748   194.0255    35.3462
   -985.00   42258.88  0.0076089    15.4892   241.3253   194.4408    35.2094
   -975.00   42260.08  0.0076563    15.5056   239.7656   193.8063    35.0912
   -965.00   42260.75  0.0076189    15.5255   236.8257   194.5801    34.9711
   -955.00   42258.66  0.0075609    15.5410   234.3642   194.9850    34.8455
   -945.00   42256.67  0.0076899    15.5545   232.4191   194.9906    34.7356
   -935.00   42256.80  0.0076335    15.5687   230.3449   195.2803    34.6369
   -925.00   42256.63  0.0075526    15.5830   228.9717   195.0318    34.5268
   -915.00   42254.77  0.0076625    15.5937   226.7847   195.7117    34.4125
   -905.00   42253.67  0.0076494    15.6000   225.0780   195.9898    34.3082
   -895.00   42255.15  0.0076511    15.6094   224.4101   195.2356    34.2017
   -885.00   42256.25  0.0076853    15.6191   222.0888   196.0868    34.0779
   -875.00   42255.41  0.0076752    15.6231   220.0130   196.6038    33.9486
   -865.00   42255.93  0.0078057    15.6296   218.6337   196.2642    33.8267
   -855.00   42258.52  0.0077873    15.6399   216.1078   196.9169    33.6971
   -845.00   42259.65  0.0077304    15.6490   213.7885   197.2357    33.5513
   -835.00   42258.98  0.0078882    15.6587   211.1239   197.7700    33.4108
   -825.00   42259.19  0.0078808    15.6702   208.3840   198.3301    33.2809
   -815.00   42260.57  0.0078266    15.6855   206.4210   198.1369    33.1438
   -805.00   42260.33  0.0079059    15.7015   203.3593   199.1042    33.0037
   -795.00   42257.59  0.0079002    15.7144   200.5889   199.9115    32.8777
   -785.00   42256.62  0.0079370    15.7307   199.1105   199.5757    32.7640
   -775.00   42256.89  0.0079387    15.7493   196.4711   200.5496    32.6452
   -765.00   42255.68  0.0078574    15.7623   194.2013   201.2942    32.5272
   -755.00   42253.64  0.0079690    15.7742   192.6273   201.4111    32.4267
   -745.00   42254.01  0.0079333    15.7880   190.4305   202.1771    32.3287
   -735.00   42255.93  0.0078046    15.7988   188.8678   202.2901    32.2179
   -725.00   42256.31  0.0078850    15.8062   186.7007   202.8972    32.1091
   -715.00   42255.91  0.0078564    15.8123   184.3582   203.5464    32.0074
   -705.00   42257.81  0.0077959    15.8200   183.0421   203.0260    31.8950
   -695.00   42260.06  0.0078150    15.8273   180.3290   203.7436    31.7682
   -685.00   42259.79  0.0077531    15.8310   177.5335   204.4290    31.6413
   -675.00   42258.77  0.0078213    15.8381   175.8517   203.9289    31.5182
   -665.00   42259.55  0.0078114    15.8492   173.0018   204.5946    31.3831
   -655.00   42260.28  0.0076870    15.8580   170.5775   204.9140    31.2389
   -645.00   42258.50  0.0077953    15.8679   168.4389   205.0434    31.1060
   -635.00   42256.59  0.0077902    15.8821   166.0101   205.6135    30.9796
   -625.00   42256.67  0.0076979    15.8967   164.6714   205.2748    30.8454
   -615.00   42257.05  0.0077545    15.9104   162.5990   205.7896    30.7158
   -605.00   42254.85  0.0077465    15.9235   160.4325   206.4896    30.6028
   -595.00   42253.76  0.0077683    15.9382   159.6678   205.8444    30.4935
   -585.00   42255.04  0.0078046    15.9526   157.6935   206.3811    30.3791
   -575.00   42256.32  0.0077177    15.9622   155.4811   207.0746    30.2706
   -565.00   42255.81  0.0078235    15.9715   154.1094   206.7925    30.1740
   -555.00   42256.49  0.0078551    15.9825   151.7323   207.3604    30.0722
   -545.00   42259.17  0.0077324    15.9894   149.7133   207.4305    29.9594
   -535.00   42260.73  0.0078173    15.9940   147.3041   207.7381    29.8523
   -525.00   42259.70  0.0078410    16.0002   144.4415   208.4090    29.7477
   -515.00   42259.40  0.0078032    16.0066   142.8300   207.8317    29.6287
   -505.00   42260.30  0.0078594    16.0118   140.2159   208.2913    29.5021
   -495.00   42259.55  0.0078245    16.0162   137.2507   209.2003    29.3795
   -485.00   42256.83  0.0079047    16.0236   135.8693   208.6807    29.2552
   -475.00   42255.67  0.0079730    16.0336   133.5632   209.2464    29.1202
   -465.00   42256.35  0.0078685    16.0413   131.3662   209.8648    28.9823
   -455.00   42255.73  0.0079803    16.0508   129.7040   210.0480    28.8562
   -445.00   42254.17  0.0080430    16.0649   127.4955   210.8338    28.7312
   -435.00   42254.51  0.0079672    16.0777   126.1754   210.7565    28.5998
   -425.00   42256.81  0.0080302    16.0891   124.0702   211.3805    28.4794
   -415.00   42256.84  0.0080483    16.1027   121.3356   212.4964    28.3732
   -405.00   42256.34  0.0080592    16.1162   119.9580   212.1267    28.2652
   -395.00   42257.75  0.0081034    16.1276   117.5022   212.6654    28.1565
   -385.00   42259.98  0.0080100    16.1363   114.1699   213.9194    28.0585
   -375.00   42259.95  0.0080658    16.1448   111.9873   213.9244    27.9650
   -365.00   42258.92  0.0081102    16.1536   109.1604   214.5301    27.8629
   -355.00   42259.53  0.0079459    16.1581   106.4836   215.0226    27.7544
   -345.00   42260.38  0.0079708    16.1613   103.9379   215.4640    27.6502
   -335.00   42258.41  0.0079895    16.1673   101.0954   216.3308    27.5413
   -325.00   42256.03  0.0078866    16.1723    99.7908   215.8484    27.4169
   -315.00   42255.83  0.0078939    16.1760    97.9234   216.0815    27.2903
   -305.00   42255.99  0.0078467    16.1820    95.2774   217.2076    27.1684
   -295.00   42254.36  0.0078583    16.1904    94.4735   216.5886    27.0400
   -285.00   42253.42  0.0079114    16.1997    92.9870   216.6690    26.9061
   -275.00   42255.13  0.0077864    16.2079    90.8148   217.3904    26.7780
   -265.00   42256.95  0.0078504    16.2184    89.2779   217.3692    26.6591
   -255.00   42256.84  0.0079295    16.2319    87.0865   217.8477    26.5398
   -245.00   42257.14  0.0078146    16.2427    85.4520   217.6286    26.4187
   -235.00   42259.71  0.0078514    16.2521    83.1321   217.9304    26.3112
   -225.00   42260.62  0.0078912    16.2643    79.9066   218.9937    26.2114
   -215.00   42259.48  0.0078707    16.2750    78.2982   218.4027    26.1050
   -205.00   42258.70  0.0079005    16.2820    76.0670   218.4360    26.0013
   -195.00   42259.43  0.0078395    16.2892    72.6797   219.6729    25.9073
   -185.00   42259.11  0.0078901    16.2962    70.8112   219.5305    25.8088
   -175.00   42256.54  0.0079657    16.3018    68.8622   219.6229    25.7016
   -165.00   42255.30  0.0078242    16.3047    66.7231   220.0657    25.5949
   -155.00   42256.10  0.0078659    16.3076    64.9348   220.3031    25.4890
   -145.00   42255.54  0.0079569    16.3129    62.7624   221.0093    25.3752
   -135.00   42253.90  0.0078630    16.3165    61.8387   220.5221    25.2509
   -125.00   42254.16  0.0078860    16.3191    60.3925   220.5353    25.1289
   -115.00   42256.24  0.0079134    16.3254    57.6183   221.7727    25.0096
   -105.00   42257.07  0.0079423    16.3332    56.4369   221.3019    24.8811
    -95.00   42256.66  0.0080171    16.3404    54.7320   221.1965    24.7521
    -85.00   42258.06  0.0079389    16.3486    51.7393   222.2112    24.6334
    -75.00   42260.49  0.0080212    16.3595    49.4253   222.4243    24.5174
    -65.00   42260.45  0.0081544    16.3714    46.6889   222.9659    24.4007
    -55.00   42258.96  0.0080391    16.3809    44.2442   223.2053    24.2889
    -45.00   42259.11  0.0080697    16.3902    41.5936   223.7041    24.1887
    -35.00   42259.35  0.0081582    16.4017    38.1397   225.0903    24.0916
    -25.00   42257.78  0.0081118    16.4104    36.3656   224.9607    23.9882
    -15.00   42255.24  0.0080988    16.4154    34.4507   225.1341    23.8913
     -5.00   42254.95  0.0080470    16.4218    31.2937   226.6720    23.8009
      5.00   42255.81  0.0080611    16.4274    29.6985   226.7793    23.6996
     15.00   42254.47  0.0080954    16.4299    28.2464   226.7974    23.5919
     25.00   42253.71  0.0079251    16.4320    25.9798   227.6088    23.4889
     35.00   42255.41  0.0079158    16.4349    24.2132   227.8728    23.3804
     45.00   42257.25  0.0080084    16.4391    22.0615   228.3947    23.2615
     55.00   42257.33  0.0078573    16.4420    20.4395   228.2343    23.1401
     65.00   42257.35  0.0078162    16.4454    18.5804   228.1661    23.0217
     75.00   42259.40  0.0078601    16.4530    15.3531   229.3142    22.9031
     85.00   42260.87  0.0078376    16.4609    13.6305   228.8719    22.7773
     95.00   42259.59  0.0078601    16.4675    11.8099   228.4942    22.6565
    105.00   42258.55  0.0077822    16.4768     8.5526   229.5712    22.5477
    115.00   42259.23  0.0078236    16.4877     6.4958   229.5585    22.4357
    125.00   42258.86  0.0079530    16.4971     4.4980   229.6154    22.3238
    135.00   42256.51  0.0078189    16.5049     2.3356   229.9825    22.2235
    145.00   42254.95  0.0078098    16.5132     0.5160   230.1742    22.1275
    155.00   42255.50  0.0079280    16.5218   358.0418   231.1270    22.0291
    165.00   42255.62  0.0078550    16.5269   356.8308   230.8864    21.9287
    175.00   42254.01  0.0078219    16.5299   355.5533   230.7280    21.8342
    185.00   42254.18  0.0078044    16.5346   352.7307   232.0447    21.7412
    195.00   42256.66  0.0078135    16.5381   351.3619   231.8191    21.6355
    205.00   42257.65  0.0078675    16.5384   350.0100   231.4314    21.5278
    215.00   42257.53  0.0077477    16.5402   347.2832   232.2388    21.4268
    225.00   42258.56  0.0077545    16.5434   345.1818   232.3029    21.3161
    235.00   42260.72  0.0079047    16.5462   342.8741   232.4653    21.1958
    245.00   42261.00  0.0078083    16.5488   340.6058   232.5185    21.0809
    255.00   42259.04  0.0077894    16.5530   338.4793   232.4640    20.9669
    265.00   42258.61  0.0078971    16.5603   335.2820   233.5588    20.8480
    275.00   42259.02  0.0078919    16.5669   333.5103   233.3536    20.7269
    285.00   42257.46  0.0079376    16.5729   332.0111   233.0330    20.6131
    295.00   42255.05  0.0079128    16.5822   328.9743   234.3918    20.5079
    305.00   42254.82  0.0079444    16.5922   327.2509   234.5833    20.3970
    315.00   42255.81  0.0080853    16.5993   325.7725   234.6097    20.2892
    325.00   42255.33  0.0079856    16.6065   323.4524   235.4767    20.1967
    335.00   42254.29  0.0079571    16.6146   321.4887   235.9683    20.1033
    345.00   42255.82  0.0080868    16.6208   318.9672   236.9223    20.0047
    355.00   42257.97  0.0079914    16.6240   316.9661   237.2003    19.9123
    365.00   42257.93  0.0079304    16.6264   315.0168   237.2777    19.8228
    375.00   42257.66  0.0079267    16.6301   311.4552   238.8105    19.7283
    385.00   42259.51  0.0078711    16.6316   309.2943   238.8311    19.6239
    395.00   42260.95  0.0078876    16.6309   307.5154   238.4073    19.5192
    405.00   42260.10  0.0077783    16.6329   304.2471   239.4506    19.4184
    415.00   42258.63  0.0077299    16.6364   301.9598   239.6029    19.3044
    425.00   42259.00  0.0078394    16.6384   300.0254   239.5320    19.1829
    435.00   42258.99  0.0077348    16.6416   297.8692   239.8057    19.0725
    445.00   42256.33  0.0076696    16.6478   296.2086   239.7582    18.9606
    455.00   42254.58  0.0077643    16.6550   293.7557   240.6551    18.8408
    465.00   42255.06  0.0077021    16.6609   292.3054   240.6320    18.7281
    475.00   42255.49  0.0076943    16.6672   291.4457   240.0616    18.6240
    485.00   42254.36  0.0076825    16.6761   288.7268   241.3223    18.5227
    495.00   42254.68  0.0076497    16.6837   287.0921   241.4256    18.4175
    505.00   42257.22  0.0077408    16.6881   285.8899   240.9705    18.3179
    515.00   42258.90  0.0076607    16.6938   283.3302   241.6894    18.2313
    525.00   42258.32  0.0076063    16.7001   281.1387   241.8983    18.1377
    535.00   42258.93  0.0077329    16.7030   278.6087   242.3256    18.0378
    545.00   42260.63  0.0076518    16.7043   276.1778   242.5425    17.9492
    555.00   42260.64  0.0075963    16.7067   274.3290   242.1651    17.8589
    565.00   42258.53  0.0076507    16.7093   271.0076   243.3151    17.7576
    575.00   42257.87  0.0075955    16.7093   268.9167   243.3348    17.6548
    585.00   42258.41  0.0076308    16.7087   267.7811   242.5551    17.5526
    595.00   42257.51  0.0075954    16.7114   265.1565   243.4114    17.4496
    605.00   42255.08  0.0075620    16.7141   263.4135   243.5472    17.3356
    615.00   42254.68  0.0076961    16.7148   262.1117   243.3739    17.2176
    625.00   42255.96  0.0076543    16.7180   260.2856   243.7567    17.1120
    635.00   42255.28  0.0076110    16.7244   258.8682   243.7334    17.0015
    645.00   42254.32  0.0077502    16.7299   256.5162   244.6006    16.8822
    655.00   42255.55  0.0077251    16.7345   254.4717   245.0197    16.7771
    665.00   42258.05  0.0077206    16.7412   253.1816   244.5316    16.6794
    675.00   42258.44  0.0077642    16.7497   249.9628   245.8147    16.5776
    685.00   42258.25  0.0077324    16.7554   247.3258   246.3669    16.4786
    695.00   42259.76  0.0078146    16.7591   245.4297   246.0829    16.3880
    705.00   42261.34  0.0077720    16.7650   242.2837   246.9901    16.3044
    715.00   42259.91  0.0076983    16.7700   239.6156   247.4503    16.2128
    725.00   42257.95  0.0078168    16.7708   236.9969   247.9687    16.1167
    735.00   42257.72  0.0077521    16.7715   234.3379   248.6407    16.0325
    745.00   42257.70  0.0076531    16.7740   232.7228   248.4341    15.9415
    755.00   42255.43  0.0077107    16.7749   229.9992   249.5086    15.8355
    765.00   42253.94  0.0076334    16.7737   227.9019   250.0675    15.7352
    775.00   42254.81  0.0076150    16.7739   227.0836   249.4371    15.6350
    785.00   42255.90  0.0075798    16.7772   224.7820   250.3059    15.5263
    795.00   42255.02  0.0074943    16.7793   222.9200   250.6806    15.4143
    805.00   42255.03  0.0075835    16.7800   221.5554   250.4753    15.3023
    815.00   42257.57  0.0075336    16.7847   219.3683   250.9331    15.2001
    825.00   42258.77  0.0074269    16.7913   217.5183   250.8853    15.0935
    835.00   42258.23  0.0075321    16.7955   214.9579   251.4212    14.9800
    845.00   42258.39  0.0075037    16.7997   212.3104   251.9079    14.8848
    855.00   42260.23  0.0074311    16.8068   210.7757   251.2174    14.7938
    865.00   42260.53  0.0074567    16.8137   207.7874   252.0036    14.6920
    875.00   42258.53  0.0074055    16.8169   205.1183   252.5270    14.5993
    885.00   42257.45  0.0074554    16.8198   203.7725   251.8561    14.5154
    895.00   42258.03  0.0074298    16.8250   201.3847   252.3841    14.4277
    905.00   42256.79  0.0073320    16.8276   199.4380   252.6200    14.3344
    915.00   42254.29  0.0074544    16.8265   197.8392   252.6583    14.2406
    925.00   42253.73  0.0074470    16.8270   195.8920   253.1266    14.1550
    935.00   42255.13  0.0073425    16.8290   194.8530   252.7199    14.0602
    945.00   42255.20  0.0074240    16.8283   192.7789   253.3373    13.9517
    955.00   42254.61  0.0074077    16.8263   190.6155   253.9369    13.8543
    965.00   42256.08  0.0074078    16.8274   189.7154   253.1482    13.7569
    975.00   42258.88  0.0074195    16.8304   187.2618   253.7701    13.6446
    985.00   42259.26  0.0073566    16.8313   184.7565   254.2666    13.5369
    995.00   42258.54  0.0074759    16.8322   182.9662   253.9350    13.4337
   1005.00   42259.67  0.0074920    16.8378   180.3230   254.3839    13.3314
   1015.00   42260.58  0.0073907    16.8435   178.0029   254.4790    13.2274
   1025.00   42259.39  0.0075095    16.8465   175.3866   254.9443    13.1202
   1035.00   42257.16  0.0075496    16.8510   172.6725   255.6056    13.0300
   1045.00   42257.05  0.0074868    16.8583   171.1688   255.1947    12.9409
   1055.00   42257.46  0.0075281    16.8637   168.6155   256.0156    12.8388
   1065.00   42255.48  0.0075113    16.8655   166.0509   256.9679    12.7518
   1075.00   42253.88  0.0075589    16.8688   164.9968   256.5105    12.6735
   1085.00   42254.86  0.0075646    16.8733   162.8543   257.2135    12.5824
   1095.00   42255.87  0.0074521    16.8737   160.6302   257.9672    12.4908
   1105.00   42255.22  0.0075510    16.8717   158.9641   258.0911    12.4045
   1115.00   42255.18  0.0075699    16.8724   156.6548   258.7432    12.3179
   1125.00   42257.54  0.0074276    16.8735   154.7939   258.7908    12.2211
   1135.00   42259.40  0.0074697    16.8713   152.1771   259.4500    12.1149
   1145.00   42258.89  0.0074571    16.8697   149.1911   260.3271    12.0206
   1155.00   42258.89  0.0073984    16.8721   147.6139   259.7089    11.9234
   1165.00   42260.59  0.0073819    16.8750   144.8379   260.2862    11.8083
   1175.00   42260.62  0.0072770    16.8757   141.7986   261.1371    11.7043
   1185.00   42258.42  0.0073289    16.8784   140.2298   260.6161    11.6093
   1195.00   42257.04  0.0073368    16.8851   138.0711   260.8483    11.5056
   1205.00   42257.18  0.0071857    16.8899   136.0816   261.0477    11.4044
   1215.00   42256.58  0.0072554    16.8921   134.2902   261.2047    11.3076
   1225.00   42254.14  0.0073013    16.8971   132.4057   261.5705    11.2209
   1235.00   42253.75  0.0072070    16.9029   131.5302   260.9815    11.1328
   1245.00   42255.58  0.0072343    16.9053   129.6373   261.4382    11.0333
   1255.00   42255.83  0.0072307    16.9057   127.2692   262.2898    10.9505
   1265.00   42255.43  0.0072455    16.9084   126.4535   261.4670    10.8729
   1275.00   42256.76  0.0072702    16.9112   124.4618   261.7084    10.7765
   1285.00   42259.30  0.0071654    16.9094   121.7566   262.4847    10.6843
   1295.00   42259.94  0.0072458    16.9077   119.9332   262.2206    10.6024
   1305.00   42258.93  0.0073058    16.9091   117.5279   262.4554    10.5115
   1315.00   42259.59  0.0071786    16.9093   115.3737   262.3890    10.4117
   1325.00   42260.78  0.0072361    16.9065   112.8034   262.7608    10.3110
   1335.00   42259.40  0.0072798    16.9061   109.9043   263.5376    10.2186
   1345.00   42257.18  0.0072370    16.9090   108.6623   262.7888    10.1203
   1355.00   42256.90  0.0072674    16.9106   106.5553   263.0901    10.0060
   1365.00   42257.19  0.0072187    16.9105   103.8143   264.1575     9.9055
   1375.00   42255.71  0.0072788    16.9142   102.8143   263.5999     9.8145
   1385.00   42253.96  0.0073437    16.9205   101.3092   263.6610     9.7080
   1395.00   42254.79  0.0072303    16.9235    99.4242   264.1060     9.6070
   1405.00   42256.35  0.0073227    16.9256    97.7344   264.3017     9.5195
   1415.00   42255.77  0.0074195    16.9313    95.6637   264.7889     9.4332
   1425.00   42255.77  0.0073411    16.9361    94.2592   264.4590     9.3449
   1435.00   42258.16  0.0073944    16.9367    91.8057   265.0330     9.2533
   1445.00   42259.92  0.0074310    16.9373    88.4784   266.3143     9.1757
   1455.00   42259.74  0.0074262    16.9400    86.6744   265.9367     9.0997
   1465.00   42259.20  0.0074558    16.9409    84.1160   266.2863     9.0036
   1475.00   42260.45  0.0073611    16.9378    80.5800   267.6033     8.9145
   1485.00   42260.63  0.0073930    16.9369    78.3328   267.6747     8.8360
   1495.00   42258.11  0.0074437    16.9386    75.9618   268.0203     8.7404
   1505.00   42256.45  0.0072786    16.9375    73.7907   268.3221     8.6368
   1515.00   42256.69  0.0072956    16.9350    71.7298   268.6621     8.5418
   1525.00   42256.18  0.0073384    16.9364    69.2655   269.5482     8.4481
   1535.00   42254.28  0.0072314    16.9397    68.3580   268.9728     8.3462
   1545.00   42253.94  0.0072266    16.9403    66.8773   269.0290     8.2365
   1555.00   42255.80  0.0071852    16.9408    64.2473   270.1976     8.1416
   1565.00   42256.72  0.0071790    16.9458    63.2614   269.6189     8.0534
   1575.00   42256.00  0.0072153    16.9509    61.8621   269.3540     7.9485
   1585.00   42257.10  0.0070817    16.9520    59.5053   269.8815     7.8518
   1595.00   42259.45  0.0071302    16.9544    57.6397   269.7351     7.7735
   1605.00   42259.96  0.0072282    16.9601    55.2446   270.0049     7.6866
   1615.00   42258.87  0.0071092    16.9627    53.4354   269.6028     7.5955
   1625.00   42259.29  0.0071475    16.9618    51.0845   269.7215     7.5120
   1635.00   42260.33  0.0072083    16.9629    47.7806   270.8441     7.4344
   1645.00   42259.51  0.0071836    16.9655    46.1848   270.3517     7.3525
   1655.00   42256.92  0.0072096    16.9644    44.3911   270.2278     7.2566
   1665.00   42256.37  0.0071416    16.9610    41.5224   271.3399     7.1683
   1675.00   42256.72  0.0071642    16.9610    40.0703   271.1575     7.0881
   1685.00   42255.17  0.0072485    16.9624    38.6318   271.0975     6.9880
   1695.00   42253.53  0.0071033    16.9597    37.0131   271.2826     6.8832
   1705.00   42254.32  0.0071301    16.9577    35.6271   271.2080     6.7938
   1715.00   42256.22  0.0072411    16.9602    33.4337   271.8852     6.6988
   1725.00   42256.31  0.0071631    16.9626    32.3292   271.3559     6.5931
   1735.00   42256.40  0.0071896    16.9619    30.7265   271.1737     6.4916
   1745.00   42258.56  0.0072160    16.9633    27.6144   272.3414     6.4011
   1755.00   42260.55  0.0072411    16.9688    25.8604   271.9933     6.3113
   1765.00   42259.78  0.0073225    16.9724    23.9105   271.7595     6.2095
   1775.00   42258.82  0.0072341    16.9728    20.8490   272.5999     6.1183
   1785.00   42259.36  0.0072863    16.9763    18.5874   272.6431     6.0437
   1795.00   42259.54  0.0074416    16.9819    16.0081   273.1148     5.9558
   1805.00   42257.24  0.0073369    16.9829    13.8786   273.2750     5.8637
   1815.00   42255.71  0.0073669    16.9819    11.8023   273.5222     5.7886
   1825.00   42256.07  0.0074568    16.9838     8.7967   274.8676     5.7110
   1835.00   42256.30  0.0074219    16.9857     7.2737   274.8483     5.6226
   1845.00   42254.41  0.0074253    16.9828     5.7254   274.9274     5.5328
   1855.00   42253.91  0.0073520    16.9793     2.8795   276.3296     5.4474
   1865.00   42255.67  0.0073305    16.9802     1.2304   276.4694     5.3629
   1875.00   42256.54  0.0073924    16.9802   359.6918   276.4043     5.2618
   1885.00   42256.03  0.0072235    16.9766   357.3761   276.9848     5.1589
   1895.00   42256.86  0.0071825    16.9759   355.4602   276.9833     5.0727
   1905.00   42259.45  0.0072933    16.9797   352.9268   277.4655     4.9759
   1915.00   42260.38  0.0071881    16.9814   351.0472   277.1889     4.8679
   1925.00   42259.33  0.0071666    16.9810   349.1117   276.8958     4.7757
   1935.00   42259.18  0.0071937    16.9843   345.8152   277.9849     4.6894
   1945.00   42260.06  0.0071830    16.9902   343.9791   277.6867     4.5958
   1955.00   42258.77  0.0072379    16.9923   342.4522   277.2021     4.5004
   1965.00   42256.08  0.0071451    16.9924   339.6892   278.1139     4.4155
   1975.00   42255.11  0.0071361    16.9963   338.0319   278.0603     4.3398
   1985.00   42255.79  0.0072792    17.0004   336.4871   278.0419     4.2495
   1995.00   42254.87  0.0071667    16.9991   334.8513   278.2070     4.1568
   2005.00   42253.73  0.0071482    16.9979   333.5052   278.0862     4.0838
   2015.00   42254.66  0.0072468    17.0001   331.1096   279.0033     4.0024
   2025.00   42257.03  0.0072063    17.0003   329.7955   278.7546     3.9054
   2035.00   42257.14  0.0072141    16.9967   328.4355   278.3922     3.8203
   2045.00   42256.87  0.0071754    16.9943   325.3899   279.5760     3.7372
   2055.00   42258.63  0.0071645    16.9959   323.4065   279.5458     3.6454
   2065.00   42260.32  0.0072607    16.9948   321.7602   279.0457     3.5473
   2075.00   42259.80  0.0071552    16.9910   319.0589   279.5425     3.4494
   2085.00   42258.57  0.0071264    16.9918   316.8439   279.5301     3.3635
   2095.00   42259.16  0.0072862    16.9954   314.5014   279.7147     3.2653
   2105.00   42259.60  0.0072401    16.9957   312.6816   279.5054     3.1563
   2115.00   42257.50  0.0072418    16.9957   311.0960   279.1815     3.0693
   2125.00   42255.45  0.0073276    17.0003   308.2160   280.3223     2.9832
   2135.00   42255.73  0.0073460    17.0054   306.6555   280.2997     2.8829
   2145.00   42255.81  0.0074282    17.0064   305.5881   279.8628     2.7927
   2155.00   42254.29  0.0073929    17.0072   302.9152   281.0800     2.7137
   2165.00   42253.74  0.0073867    17.0118   301.0018   281.5204     2.6344
   2175.00   42255.74  0.0075349    17.0140   299.3824   281.5935     2.5457
   2185.00   42257.35  0.0074516    17.0114   297.1188   282.1894     2.4589
   2195.00   42257.20  0.0074046    17.0106   294.9945   282.4670     2.3887
   2205.00   42257.79  0.0075114    17.0125   291.9681   283.5099     2.3059
   2215.00   42260.32  0.0074539    17.0106   289.6984   283.6798     2.2064
   2225.00   42260.93  0.0074316    17.0067   287.7458   283.4080     2.1256
   2235.00   42259.50  0.0074095    17.0057   284.1633   284.7568     2.0436
   2245.00   42258.88  0.0073672    17.0073   281.6776   285.0731     1.9426
   2255.00   42259.32  0.0074238    17.0056   280.0939   284.5646     1.8466
   2265.00   42258.61  0.0073233    17.0029   277.5129   285.2077     1.7534
   2275.00   42255.91  0.0072547    17.0058   275.4282   285.5114     1.6627
   2285.00   42255.06  0.0073735    17.0089   273.7309   285.5773     1.5639
   2295.00   42256.06  0.0072983    17.0084   272.2520   285.5592     1.4584
   2305.00   42255.41  0.0072374    17.0095   271.0800   285.2655     1.3751
   2315.00   42254.14  0.0073195    17.0146   268.6772   286.2088     1.2891
   2325.00   42255.01  0.0072943    17.0178   267.0942   286.3000     1.1861
   2335.00   42257.17  0.0073144    17.0175   266.1850   285.5712     1.1014
   2345.00   42257.77  0.0072908    17.0191   263.3861   286.5792     1.0266
   2355.00   42257.36  0.0072563    17.0232   261.0379   286.9936     0.9406
   2365.00   42258.92  0.0073657    17.0233   259.3117   286.6351     0.8527
   2375.00   42261.02  0.0072908    17.0203   256.7681   286.9927     0.7705
   2385.00   42260.44  0.0072192    17.0206   254.4901   287.0256     0.6966
   2395.00   42258.90  0.0073405    17.0218   251.7508   287.5550     0.6097
   2405.00   42259.13  0.0072973    17.0185   249.5917   287.6151     0.5096
   2415.00   42259.23  0.0072656    17.0151   248.2955   286.9106     0.4288
   2425.00   42257.29  0.0073018    17.0157   245.5178   287.8517     0.3447
   2435.00   42255.02  0.0072894    17.0162   243.5580   288.1647     0.2371
   2445.00   42255.05  0.0073674    17.0137   242.7300   287.4447     0.1417
   2455.00   42255.88  0.0073274    17.0122   240.7266   287.9815     0.0530
   2465.00   42254.50  0.0072938    17.0158   238.9312   288.3401   359.9554
   2475.00   42254.13  0.0074480    17.0174   237.4171   288.3621   359.8567
   2485.00   42256.29  0.0074221    17.0160   235.6354   288.5689   359.7572
   2495.00   42257.97  0.0073745    17.0185   234.0526   288.4122   359.6738
   2505.00   42257.97  0.0075058    17.0232   231.3156   289.2435   359.5872
   2515.00   42258.16  0.0075185    17.0247   228.8083   289.7273   359.4856
   2525.00   42260.23  0.0075367    17.0243   227.1638   289.2013   359.4055
   2535.00   42261.11  0.0075643    17.0272   223.8695   290.2491   359.3335
   2545.00   42259.32  0.0075445    17.0305   220.8780   291.0257   359.2433
   2555.00   42258.29  0.0076527    17.0291   218.8506   290.8960   359.1579
   2565.00   42258.90  0.0076063    17.0265   216.0758   291.6323   359.0822
   2575.00   42258.12  0.0075125    17.0277   213.7909   292.0327   359.0032
   2585.00   42255.72  0.0076285    17.0273   211.5118   292.5879   358.9133
   2595.00   42254.71  0.0075904    17.0225   209.3802   293.1563   358.8164
   2605.00   42255.68  0.0075060    17.0198   208.2367   292.8090   358.7341
   2615.00   42255.61  0.0075461    17.0209   205.8937   293.6951   358.6450
   2625.00   42254.18  0.0075149    17.0199   203.7721   294.3693   358.5340
   2635.00   42254.89  0.0075433    17.0169   202.7961   293.7886   358.4392
   2645.00   42257.35  0.0075043    17.0175   200.3954   294.4930   358.3529
   2655.00   42257.92  0.0074228    17.0215   198.0405   295.0159   358.2498
   2665.00   42257.58  0.0075339    17.0222   196.1424   294.9091   358.1517
   2675.00   42258.96  0.0074923    17.0214   193.6291   295.2959   358.0619
   2685.00   42260.84  0.0073788    17.0255   191.5403   295.1741   357.9769
   2695.00   42260.60  0.0074657    17.0296   188.8989   295.5752   357.8890
   2705.00   42258.53  0.0074601    17.0294   186.2669   296.0455   357.7927
   2715.00   42258.39  0.0074259    17.0292   184.8967   295.3474   357.7144
   2725.00   42258.53  0.0074526    17.0324   182.3650   295.9412   357.6391
   2735.00   42256.46  0.0074094    17.0341   179.9766   296.5800   357.5436
   2745.00   42254.19  0.0074985    17.0311   178.8973   296.0447   357.4573
   2755.00   42254.44  0.0074906    17.0294   176.8643   296.5614   357.3823
   2765.00   42255.44  0.0073831    17.0309   175.1482   296.8304   357.2940
   2775.00   42254.78  0.0074987    17.0291   173.6017   296.9138   357.1997
   2785.00   42254.38  0.0075075    17.0239   171.6329   297.3601   357.1081
   2795.00   42256.54  0.0074283    17.0225   170.4279   296.9193   357.0224
   2805.00   42258.54  0.0074969    17.0234   168.1582   297.3810   356.9288
   2815.00   42258.12  0.0074992    17.0208   165.5599   298.0375   356.8201
   2825.00   42258.02  0.0075455    17.0178   164.2003   297.3033   356.7272
   2835.00   42259.71  0.0075759    17.0197   161.4443   297.8568   356.6402
   2845.00   42260.51  0.0075049    17.0229   158.5964   298.4940   356.5331
   2855.00   42258.85  0.0076332    17.0226   156.6150   298.2808   356.4344
   2865.00   42257.74  0.0076616    17.0231   153.9940   298.7953   356.3506
   2875.00   42258.25  0.0075685    17.0281   151.9472   298.8890   356.2606
   2885.00   42258.04  0.0076658    17.0315   149.7329   299.2912   356.1688
   2895.00   42255.32  0.0077081    17.0305   147.3428   300.0275   356.0805
   2905.00   42254.28  0.0076937    17.0312   146.2301   299.6088   356.0027
   2915.00   42255.16  0.0077555    17.0341   144.1434   300.2180   355.9240
   2925.00   42255.25  0.0077258    17.0335   141.5889   301.3224   355.8300
   2935.00   42254.12  0.0078044    17.0293   140.3854   301.0167   355.7463
   2945.00   42254.96  0.0078422    17.0279   138.0591   301.7126   355.6718
   2955.00   42257.66  0.0077192    17.0283   135.5007   302.5200   355.5776
   2965.00   42258.78  0.0077967    17.0245   133.2975   302.8042   355.4803
   2975.00   42258.29  0.0078161    17.0197   130.4863   303.5442   355.3938
   2985.00   42259.29  0.0076978    17.0196   128.3671   303.4995   355.3025
   2995.00   42260.90  0.0077234    17.0201   125.6519   303.9906   355.2019
   3005.00   42260.09  0.0076989    17.0171   122.4440   304.9961   355.0979
   3015.00   42257.85  0.0076771    17.0158   120.9445   304.3719   355.0055
   3025.00   42257.30  0.0076973    17.0190   118.5748   304.7342   354.9144
   3035.00   42257.73  0.0075849    17.0215   115.8086   305.6724   354.8064
   3045.00   42256.10  0.0076436    17.0206   114.4630   305.3326   354.7092
   3055.00   42254.28  0.0076767    17.0225   112.5528   305.6708   354.6283
   3065.00   42254.61  0.0075456    17.0272   110.9938   305.7717   354.5340
   3075.00   42256.13  0.0075980    17.0285   109.3772   305.9446   354.4375
   3085.00   42255.27  0.0076381    17.0271   107.2812   306.5420   354.3562
   3095.00   42254.82  0.0075869    17.0282   106.3582   305.8902   354.2759
   3105.00   42256.65  0.0076283    17.0301   104.5022   306.0272   354.1891
   3115.00   42258.68  0.0076068    17.0276   101.5123   307.1397   354.0978
   3125.00   42258.52  0.0076525    17.0234   100.0484   306.5752   354.0145
   3135.00   42258.43  0.0077137    17.0228    97.7209   306.7411   353.9353
   3145.00   42260.12  0.0075995    17.0221    94.7087   307.5473   353.8366
   3155.00   42261.12  0.0076658    17.0172    92.3939   307.6482   353.7375
   3165.00   42259.31  0.0077314    17.0137    89.7356   308.1354   353.6527
   3175.00   42257.62  0.0076220    17.0144    87.9039   307.9398   353.5554
   3185.00   42257.77  0.0076579    17.0137    85.8189   308.1493   353.4478
   3195.00   42257.21  0.0076889    17.0106    83.0561   309.1809   353.3484
   3205.00   42254.84  0.0076772    17.0106    82.1633   308.4911   353.2542
   3215.00   42253.79  0.0077335    17.0137    80.7042   308.4623   353.1561
   3225.00   42255.17  0.0076760    17.0146    78.1744   309.5597   353.0491
   3235.00   42255.91  0.0077518    17.0136    76.9715   309.3009   352.9542
   3245.00   42255.35  0.0078483    17.0162    75.2052   309.5029   352.8723
   3255.00   42256.03  0.0077456    17.0200    73.2305   309.8158   352.7758
   3265.00   42258.86  0.0078195    17.0194    71.0811   310.1439   352.6796
   3275.00   42259.54  0.0079176    17.0184    68.2086   311.0019   352.6043
   3285.00   42258.78  0.0078700    17.0198    66.3833   310.7044   352.5233
   3295.00   42259.22  0.0079056    17.0199    63.8979   310.9886   352.4310
   3305.00   42260.57  0.0079277    17.0160    60.1135   312.5295   352.3461
   3315.00   42260.11  0.0079577    17.0121    57.9971   312.4582   352.2638
   3325.00   42257.89  0.0080035    17.0114    55.7285   312.6407   352.1767
   3335.00   42257.29  0.0078891    17.0086    52.5230   313.9184   352.0762
   3345.00   42257.89  0.0079216    17.0030    50.3612   314.3185   351.9758
   3355.00   42256.37  0.0079888    17.0007    48.2010   314.8414   351.8868
   3365.00   42254.26  0.0078243    17.0013    46.5114   315.0319   351.7825
   3375.00   42254.47  0.0078029    16.9993    44.8345   315.2816   351.6696
   3385.00   42255.78  0.0078442    16.9970    42.3061   316.3522   351.5731
   3395.00   42255.59  0.0077683    16.9987    41.2941   315.8526   351.4768
   3405.00   42255.20  0.0077581    17.0014    39.9357   315.5884   351.3728
   3415.00   42257.18  0.0077028    17.0012    36.9743   316.7734   351.2715
   3425.00   42259.63  0.0077323    17.0009    35.3155   316.4937   351.1806
   3435.00   42259.66  0.0078072    17.0039    33.3773   316.3315   351.0961
   3445.00   42259.09  0.0076708    17.0059    30.7292   316.7999   350.9995
   3455.00   42260.42  0.0077041    17.0038    28.3829   316.9319   350.9052
   3465.00   42260.80  0.0078201    17.0029    25.5432   317.5453   350.8291
   3475.00   42259.02  0.0077314    17.0042    23.7143   317.2594   350.7427
   3485.00   42256.97  0.0077209    17.0023    21.7637   317.2487   350.6436
   3495.00   42256.89  0.0077649    16.9980    18.6534   318.5258   350.5589
   3505.00   42256.97  0.0077793    16.9952    17.2708   318.2439   350.4731
   3515.00   42254.80  0.0078030    16.9941    16.0223   317.9594   350.3752
   3525.00   42253.85  0.0077125    16.9898    13.4225   319.0993   350.2746
   3535.00   42255.36  0.0077459    16.9843    11.9006   319.1921   350.1749
   3545.00   42256.26  0.0078520    16.9828    10.3605   319.2359   350.0799
   3555.00   42255.74  0.0077080    16.9820     8.5052   319.5036   349.9724
   3565.00   42256.23  0.0076919    16.9786     6.7318   319.5669   349.8591
   3575.00   42258.63  0.0078011    16.9768     4.0192   320.3787   349.7632
   3585.00   42259.94  0.0077520    16.9790     2.3764   319.9761   349.6640
   3595.00   42259.01  0.0077538    16.9806     0.5739   319.6313   349.5550
   3605.00   42259.09  0.0077623    16.9798   357.1220   320.8602   349.4581
   3615.00   42260.50  0.0078201    16.9807   355.0947   320.6743   349.3694
   3625.00   42259.96  0.0079366    16.9838   353.1991   320.4189   349.2797
   3635.00   42257.63  0.0078496    16.9842   350.2759   321.3194   349.1855
   3645.00   42256.62  0.0078899    16.9814   348.0794   321.6609   349.0957
