  -7305.00   42253.23  0.0914219     3.2872   254.0684   204.2556    20.0800
  -7295.00   42250.41  0.0913474     3.2864   252.8734   204.0766    20.3478
  -7285.00   42249.74  0.0912696     3.2881   251.8297   203.7765    20.6947
  -7275.00   42250.98  0.0911487     3.2931   250.7061   203.7019    20.9496
  -7265.00   42250.32  0.0912165     3.2904   249.6626   203.6943    21.0624
  -7255.00   42249.37  0.0914239     3.2864   248.5680   203.5738    21.2712
  -7245.00   42251.07  0.0913956     3.2882   247.3575   203.4964    21.4565
  -7235.00   42253.57  0.0914887     3.2926   245.9344   203.6419    21.4773
  -7225.00   42254.13  0.0917950     3.2950   244.2540   203.8165    21.5430
  -7215.00   42253.80  0.0919149     3.2973   242.5425   203.8707    21.6328
  -7205.00   42255.85  0.0919663     3.3088   240.6539   203.9927    21.7108
  -7195.00   42257.23  0.0921216     3.3223   238.5163   204.2838    21.7774
  -7185.00   42255.72  0.0922385     3.3299   236.5168   204.4714    21.8239
  -7175.00   42254.10  0.0922900     3.3415   234.6067   204.4896    22.0162
  -7165.00   42254.49  0.0921799     3.3598   232.6786   204.6208    22.2207
  -7155.00   42254.26  0.0921346     3.3726   230.9886   204.7710    22.3253
  -7145.00   42251.62  0.0921885     3.3805   229.4914   204.7419    22.5734
  -7135.00   42250.19  0.0919673     3.3917   228.1914   204.6021    22.9003
  -7125.00   42251.14  0.0917980     3.4034   227.0229   204.5564    23.1192
  -7115.00   42251.27  0.0918296     3.4085   225.8643   204.5301    23.3541
  -7105.00   42249.46  0.0917427     3.4080   224.8682   204.3161    23.6378
  -7095.00   42249.78  0.0916685     3.4119   223.8219   204.1100    23.9126
  -7085.00   42252.17  0.0916934     3.4164   222.5205   204.1189    24.1007
  -7075.00   42252.89  0.0917906     3.4124   221.2021   204.0850    24.2095
  -7065.00   42252.29  0.0919708     3.4102   219.7156   203.9666    24.4048
  -7055.00   42253.92  0.0920089     3.4158   217.9654   204.0054    24.5531
  -7045.00   42256.41  0.0921740     3.4194   216.1119   204.1953    24.5299
  -7035.00   42256.59  0.0924888     3.4216   214.1277   204.3344    24.5976
  -7025.00   42254.91  0.0925779     3.4283   212.1633   204.4104    24.7197
  -7015.00   42255.39  0.0926770     3.4420   210.2086   204.6423    24.7388
  -7005.00   42255.87  0.0929001     3.4552   208.2481   204.9296    24.7949
  -6995.00   42253.53  0.0929662     3.4642   206.5583   205.0594    24.9034
  -6985.00   42251.04  0.0929638     3.4799   205.0254   205.1343    25.0855
  -6975.00   42250.95  0.0929375     3.4994   203.5053   205.3244    25.2750
  -6965.00   42251.45  0.0928720     3.5107   202.2518   205.4330    25.4083
  -6955.00   42249.58  0.0928264     3.5195   201.1043   205.3508    25.6951
  -6945.00   42249.04  0.0925967     3.5338   199.9144   205.2767    26.0284
  -6935.00   42251.16  0.0924386     3.5437   198.7616   205.2696    26.2144
  -6925.00   42252.78  0.0924300     3.5460   197.5090   205.1770    26.4625
  -6915.00   42252.00  0.0922573     3.5478   196.1831   204.9526    26.7818
  -6905.00   42252.72  0.0921694     3.5528   194.7037   204.8414    26.9883
  -6895.00   42255.27  0.0922590     3.5553   192.9739   204.8672    27.1289
  -6885.00   42256.04  0.0922919     3.5516   191.2383   204.7886    27.2584
  -6875.00   42254.57  0.0923985     3.5531   189.4001   204.7151    27.4143
  -6865.00   42254.82  0.0925197     3.5618   187.3961   204.8573    27.4987
  -6855.00   42256.19  0.0926809     3.5658   185.5375   205.0406    27.4560
  -6845.00   42255.38  0.0929092     3.5702   183.7485   205.1361    27.5297
  -6835.00   42252.71  0.0929669     3.5839   182.0307   205.2630    27.6570
  -6825.00   42252.21  0.0930802     3.5994   180.4970   205.5245    27.6423
  -6815.00   42252.92  0.0932691     3.6118   179.0682   205.7347    27.7078
  -6805.00   42250.92  0.0932301     3.6242   177.8151   205.7762    27.8969
  -6795.00   42248.99  0.0931979     3.6421   176.6302   205.8686    28.0574
  -6785.00   42249.69  0.0932393     3.6594   175.3715   206.0243    28.2235
  -6775.00   42251.51  0.0931300     3.6679   174.2165   206.0191    28.4067
  -6765.00   42250.95  0.0930313     3.6772   172.9740   205.9094    28.6865
  -6755.00   42251.20  0.0929119     3.6914   171.4887   205.8936    28.9649
  -6745.00   42253.90  0.0928257     3.6978   169.9834   205.8824    29.1074
  -6735.00   42256.10  0.0928095     3.6982   168.3364   205.7558    29.3370
  -6725.00   42255.28  0.0926751     3.7036   166.5228   205.6043    29.6279
  -6715.00   42254.97  0.0926808     3.7093   164.6737   205.5919    29.7489
  -6705.00   42256.44  0.0928383     3.7101   162.7718   205.6192    29.8474
  -6695.00   42256.22  0.0928372     3.7093   160.9707   205.5319    30.0068
  -6685.00   42253.55  0.0929503     3.7147   159.2390   205.5415    30.1160
  -6675.00   42252.34  0.0931926     3.7239   157.5306   205.7304    30.1551
  -6665.00   42253.07  0.0933516     3.7275   156.0970   205.8676    30.1411
  -6655.00   42252.30  0.0935277     3.7344   154.7640   205.9600    30.2244
  -6645.00   42250.06  0.0936698     3.7518   153.4173   206.1672    30.3272
  -6635.00   42249.96  0.0938464     3.7668   152.2299   206.4442    30.2941
  -6625.00   42251.99  0.0940043     3.7784   151.0388   206.6191    30.3735
  -6615.00   42251.35  0.0939443     3.7961   149.7532   206.6996    30.5963
  -6605.00   42250.47  0.0939428     3.8163   148.3962   206.8680    30.7243
  -6595.00   42252.04  0.0940069     3.8319   146.8819   207.0171    30.8752
  -6585.00   42254.47  0.0937980     3.8422   145.2973   206.9649    31.1357
  -6575.00   42254.41  0.0936216     3.8545   143.5593   206.9031    31.4119
  -6565.00   42254.08  0.0935528     3.8683   141.6216   206.9295    31.6545
  -6555.00   42255.86  0.0934065     3.8720   139.7779   206.8586    31.8248
  -6545.00   42257.26  0.0932757     3.8725   137.9204   206.7103    32.0624
  -6535.00   42255.52  0.0931615     3.8804   136.0089   206.6378    32.3107
  -6525.00   42253.71  0.0932014     3.8849   134.3105   206.6552    32.3723
  -6515.00   42254.15  0.0933252     3.8841   132.7606   206.6531    32.4402
  -6505.00   42253.52  0.0932838     3.8883   131.3193   206.6111    32.5942
  -6495.00   42250.83  0.0934197     3.8981   130.0178   206.7154    32.6316
  -6485.00   42249.54  0.0937164     3.9082   128.7882   206.9171    32.6170
  -6475.00   42250.82  0.0937905     3.9149   127.7093   207.0055    32.6499
  -6465.00   42251.16  0.0938857     3.9276   126.5762   207.1248    32.7338
  -6455.00   42250.16  0.0940740     3.9481   125.2814   207.3612    32.8124
  -6445.00   42250.95  0.0942031     3.9623   124.0314   207.5521    32.8125
  -6435.00   42253.96  0.0942372     3.9740   122.6203   207.6429    32.9361
  -6425.00   42254.41  0.0941729     3.9947   120.9279   207.7360    33.1650
  -6415.00   42253.77  0.0942026     4.0133   119.1663   207.8865    33.2646
  -6405.00   42255.03  0.0942447     4.0240   117.3143   207.9519    33.4009
  -6395.00   42256.71  0.0940090     4.0357   115.3550   207.8802    33.6844
  -6385.00   42256.09  0.0938778     4.0492   113.3787   207.8804    33.9006
  -6375.00   42254.23  0.0939258     4.0602   111.4424   207.9261    34.0596
  -6365.00   42254.42  0.0937669     4.0630   109.7424   207.8099    34.2451
  -6355.00   42254.94  0.0936280     4.0660   108.1552   207.7089    34.4509
  -6345.00   42252.83  0.0936404     4.0760   106.6237   207.7287    34.6251
  -6335.00   42250.66  0.0937271     4.0794   105.4136   207.7303    34.6630
  -6325.00   42251.14  0.0938165     4.0785   104.3373   207.7035    34.7289
  -6315.00   42251.49  0.0938226     4.0872   103.2014   207.7322    34.8679
  -6305.00   42250.10  0.0940414     4.0988   102.1215   207.8893    34.8584
  -6295.00   42249.70  0.0943750     4.1069   101.0162   208.0650    34.8186
  -6285.00   42251.90  0.0944232     4.1169    99.7947   208.1488    34.8939
  -6275.00   42253.52  0.0945538     4.1341    98.3457   208.3476    34.9548
  -6265.00   42253.25  0.0948446     4.1555    96.6686   208.6303    34.9885
  -6255.00   42253.96  0.0949342     4.1698    94.9688   208.7734    35.0347
  -6245.00   42256.51  0.0949019     4.1849    93.0666   208.8882    35.1837
  -6235.00   42256.87  0.0948888     4.2090    90.9335   209.0640    35.3927
  -6225.00   42255.31  0.0949180     4.2269    88.9249   209.2069    35.4925
  -6215.00   42254.97  0.0948453     4.2360    87.0203   209.2224    35.6575
  -6205.00   42255.37  0.0945686     4.2509    85.1049   209.1943    35.9554
  -6195.00   42254.26  0.0944481     4.2654    83.3748   209.2502    36.1345
  -6185.00   42251.60  0.0944753     4.2724    81.9043   209.2637    36.2524
  -6175.00   42251.11  0.0942231     4.2762    80.6445   209.1233    36.4672
  -6165.00   42251.90  0.0940575     4.2821    79.4725   209.0862    36.6355
  -6155.00   42250.74  0.0941617     4.2924    78.3352   209.1711    36.7175
  -6145.00   42249.58  0.0941911     4.2955    77.3992   209.1308    36.7560
  -6135.00   42250.81  0.0941992     4.2973    76.4050   209.1140    36.8127
  -6125.00   42252.55  0.0942695     4.3116    75.1326   209.2429    36.8975
  -6115.00   42252.58  0.0945100     4.3253    73.8209   209.4094    36.8546
  -6105.00   42252.60  0.0947628     4.3336    72.3937   209.5346    36.8181
  -6095.00   42254.74  0.0947538     4.3494    70.6798   209.6399    36.9223
  -6085.00   42256.49  0.0948999     4.3711    68.7623   209.8783    36.9649
  -6075.00   42255.78  0.0951969     4.3910    66.7690   210.1247    36.9734
  -6065.00   42255.21  0.0951578     4.4058    64.8315   210.1817    37.0862
  -6055.00   42256.16  0.0950679     4.4235    62.8337   210.2966    37.2461
  -6045.00   42255.90  0.0951276     4.4472    60.8249   210.4976    37.4037
  -6035.00   42253.64  0.0951176     4.4614    59.1553   210.5517    37.5101
  -6025.00   42252.08  0.0949633     4.4689    57.6852   210.5173    37.6805
  -6015.00   42252.14  0.0947489     4.4849    56.2211   210.5392    37.9311
  -6005.00   42251.68  0.0947285     4.4984    54.9835   210.6090    38.0457
  -5995.00   42249.73  0.0947517     4.5017    53.9713   210.5789    38.1277
  -5985.00   42249.64  0.0945104     4.5079    52.9485   210.4662    38.3287
  -5975.00   42251.48  0.0944406     4.5173    51.8430   210.5076    38.4436
  -5965.00   42251.95  0.0946573     4.5263    50.6769   210.6182    38.4527
  -5955.00   42251.90  0.0946561     4.5306    49.4987   210.5565    38.5116
  -5945.00   42253.32  0.0946499     4.5361    48.0990   210.5787    38.5703
  -5935.00   42255.60  0.0948547     4.5533    46.3629   210.7924    38.5973
  -5925.00   42256.07  0.0951154     4.5668    44.6189   210.9355    38.5562
  -5915.00   42255.27  0.0953061     4.5756    42.8081   211.0351    38.5424
  -5905.00   42255.85  0.0953402     4.5958    40.7630   211.2140    38.6396
  -5895.00   42256.58  0.0955736     4.6200    38.7262   211.4928    38.6552
  -5885.00   42255.12  0.0958744     4.6381    36.8483   211.7176    38.6524
  -5875.00   42253.15  0.0957665     4.6560    35.1051   211.7888    38.8039
  -5865.00   42252.85  0.0956918     4.6781    33.4203   211.9698    38.9597
  -5855.00   42252.76  0.0958191     4.7015    31.8683   212.2101    39.0699
  -5845.00   42251.17  0.0956957     4.7147    30.6454   212.2202    39.2151
  -5835.00   42249.81  0.0954233     4.7240    29.5148   212.1995    39.4105
  -5825.00   42250.56  0.0952370     4.7415    28.2828   212.2946    39.6168
  -5815.00   42251.57  0.0951891     4.7528    27.1931   212.3349    39.7081
  -5805.00   42251.07  0.0950895     4.7538    26.1488   212.2659    39.7906
  -5795.00   42251.44  0.0948094     4.7623    24.8665   212.2089    39.9638
  -5785.00   42253.77  0.0948079     4.7743    23.4051   212.3025    40.0159
  -5775.00   42255.21  0.0950386     4.7815    21.8708   212.4014    39.9675
  -5765.00   42255.23  0.0949772     4.7890    20.2252   212.3566    40.0234
  -5755.00   42255.55  0.0949754     4.8011    18.3747   212.4517    40.0624
  -5745.00   42256.90  0.0952825     4.8211    16.3789   212.7215    40.0204
  -5735.00   42256.86  0.0954768     4.8364    14.5357   212.8308    39.9977
  -5725.00   42254.85  0.0955452     4.8488    12.7696   212.9161    40.0239
  -5715.00   42253.71  0.0955995     4.8736    10.9287   213.1524    40.1042
  -5705.00   42253.59  0.0958083     4.8976     9.3120   213.3830    40.1178
  -5695.00   42252.45  0.0959926     4.9127     7.9512   213.5157    40.1393
  -5685.00   42250.43  0.0958028     4.9318     6.6454   213.5842    40.3086
  -5675.00   42250.12  0.0957596     4.9548     5.3737   213.7655    40.4361
  -5665.00   42251.16  0.0959227     4.9733     4.2014   213.9545    40.4928
  -5655.00   42251.26  0.0957285     4.9848     3.1305   213.9211    40.6445
  -5645.00   42250.81  0.0954642     4.9961     1.9313   213.9307    40.8205
  -5635.00   42252.21  0.0954210     5.0134     0.5157   214.0829    40.9391
  -5625.00   42254.25  0.0953788     5.0226   359.1326   214.0869    41.0067
  -5615.00   42254.72  0.0952471     5.0244   357.6571   214.0162    41.0891
  -5605.00   42254.57  0.0950447     5.0360   355.8820   214.0498    41.2176
  -5595.00   42255.91  0.0951348     5.0492   354.0465   214.1572    41.2251
  -5585.00   42257.03  0.0953670     5.0547   352.2726   214.2231    41.1656
  -5575.00   42256.27  0.0952967     5.0644   350.4691   214.2124    41.2220
  -5565.00   42254.78  0.0953826     5.0815   348.6302   214.3688    41.2388
  -5555.00   42254.63  0.0957809     5.1006   346.9050   214.6436    41.1513
  -5545.00   42254.32  0.0959516     5.1165   345.4247   214.7403    41.1416
  -5535.00   42252.16  0.0960035     5.1337   344.0338   214.8653    41.1905
  -5525.00   42250.49  0.0961714     5.1614   342.6090   215.1806    41.2271
  -5515.00   42250.62  0.0963686     5.1853   341.3931   215.3985    41.2419
  -5505.00   42251.03  0.0964571     5.2010   340.2949   215.5097    41.3003
  -5495.00   42250.20  0.0962615     5.2235   339.0326   215.6611    41.4693
  -5485.00   42250.53  0.0962325     5.2479   337.6988   215.8700    41.5786
  -5475.00   42252.67  0.0963275     5.2629   336.3608   216.0192    41.6310
  -5465.00   42254.23  0.0960210     5.2743   334.9107   216.0037    41.7989
  -5455.00   42254.18  0.0957449     5.2888   333.2310   216.0714    41.9591
  -5445.00   42254.99  0.0957475     5.3041   331.4043   216.2458    42.0117
  -5435.00   42256.64  0.0956105     5.3114   329.6426   216.2284    42.0692
  -5425.00   42256.92  0.0954109     5.3158   327.8447   216.1829    42.1479
  -5415.00   42255.40  0.0953002     5.3307   325.9070   216.3117    42.2055
  -5405.00   42254.91  0.0953864     5.3446   324.1555   216.4135    42.1710
  -5395.00   42255.20  0.0955442     5.3510   322.6252   216.4549    42.1093
  -5385.00   42254.09  0.0954585     5.3655   321.1270   216.5140    42.1510
  -5375.00   42251.85  0.0955977     5.3880   319.7148   216.7084    42.1350
  -5365.00   42251.15  0.0959694     5.4069   318.4919   216.9491    42.0338
  -5355.00   42251.76  0.0960251     5.4236   317.4108   217.0273    42.0494
  -5345.00   42250.72  0.0960449     5.4465   316.2593   217.1825    42.1152
  -5335.00   42249.72  0.0962516     5.4742   315.0030   217.5003    42.1206
  -5325.00   42250.74  0.0963493     5.4950   313.8073   217.6590    42.1446
  -5315.00   42252.72  0.0963126     5.5109   312.5187   217.7289    42.2380
  -5305.00   42253.09  0.0961630     5.5342   310.9185   217.9187    42.3745
  -5295.00   42253.49  0.0961440     5.5560   309.2233   218.0993    42.4453
  -5285.00   42255.48  0.0961741     5.5670   307.5092   218.1796    42.4911
  -5275.00   42257.29  0.0958663     5.5784   305.6477   218.1895    42.6390
  -5265.00   42256.48  0.0956907     5.5951   303.6742   218.2936    42.7466
  -5255.00   42255.45  0.0957702     5.6078   301.7697   218.4510    42.7434
  -5245.00   42255.74  0.0956161     5.6140   300.0564   218.4336    42.7863
  -5235.00   42255.35  0.0954571     5.6229   298.4281   218.4325    42.8544
  -5225.00   42252.93  0.0954974     5.6398   296.8459   218.6151    42.8501
  -5215.00   42251.34  0.0955890     5.6528   295.5505   218.7117    42.7968
  -5205.00   42251.65  0.0956970     5.6606   294.4616   218.7420    42.7580
  -5195.00   42251.54  0.0956931     5.6792   293.3185   218.8769    42.7772
  -5185.00   42250.06  0.0958933     5.7034   292.2093   219.0873    42.7342
  -5175.00   42249.93  0.0962468     5.7209   291.1591   219.2952    42.6396
  -5165.00   42252.08  0.0962687     5.7394   290.0113   219.4093    42.6704
  -5155.00   42252.53  0.0963558     5.7673   288.6212   219.6211    42.7253
  -5145.00   42252.17  0.0966273     5.7948   287.0462   219.9509    42.7060
  -5135.00   42253.41  0.0966546     5.8138   285.4133   220.1132    42.7438
  -5125.00   42255.74  0.0965637     5.8338   283.5957   220.2266    42.8648
  -5115.00   42256.21  0.0964805     5.8591   281.5441   220.4797    42.9704
  -5105.00   42255.36  0.0964132     5.8785   279.5404   220.6668    43.0230
  -5095.00   42255.88  0.0963047     5.8883   277.6501   220.7292    43.0953
  -5085.00   42256.89  0.0959711     5.9012   275.7603   220.8024    43.2261
  -5075.00   42255.16  0.0958036     5.9186   273.9919   220.9372    43.2832
  -5065.00   42252.71  0.0958306     5.9284   272.4800   221.0611    43.2523
  -5055.00   42252.31  0.0955981     5.9341   271.1884   221.0677    43.2811
  -5045.00   42252.22  0.0954594     5.9482   269.9899   221.1235    43.3120
  -5035.00   42250.33  0.0955812     5.9667   268.8572   221.3263    43.2441
  -5025.00   42249.05  0.0956253     5.9796   267.8840   221.4272    43.1713
  -5015.00   42250.38  0.0956686     5.9927   266.9135   221.4812    43.1504
  -5005.00   42251.82  0.0957393     6.0168   265.7313   221.6820    43.1376
  -4995.00   42251.56  0.0959149     6.0422   264.4607   221.8919    43.0792
  -4985.00   42251.98  0.0961504     6.0596   263.1005   222.0527    43.0226
  -4975.00   42254.86  0.0961142     6.0806   261.4919   222.2003    43.0724
  -4965.00   42255.94  0.0961867     6.1100   259.6626   222.4108    43.1134
  -4955.00   42255.14  0.0964148     6.1340   257.7339   222.6769    43.0875
  -4945.00   42255.27  0.0963301     6.1493   255.7977   222.8107    43.1394
  -4935.00   42256.49  0.0962268     6.1709   253.8083   222.9315    43.2497
  -4925.00   42256.13  0.0962199     6.1949   251.8239   223.1750    43.3008
  -4915.00   42253.67  0.0961277     6.2094   250.0675   223.3304    43.3194
  -4905.00   42252.82  0.0959878     6.2198   248.5106   223.3856    43.3932
  -4895.00   42253.44  0.0957562     6.2349   247.0471   223.5073    43.4781
  -4885.00   42251.93  0.0956540     6.2516   245.7780   223.6522    43.4783
  -4875.00   42249.66  0.0956668     6.2601   244.7145   223.7425    43.4435
  -4865.00   42249.91  0.0954576     6.2672   243.7087   223.7908    43.4663
  -4855.00   42251.19  0.0953957     6.2849   242.6727   223.8897    43.4624
  -4845.00   42250.76  0.0955782     6.3029   241.5852   224.0748    43.3659
  -4835.00   42250.29  0.0956019     6.3141   240.4427   224.1816    43.2950
  -4825.00   42252.44  0.0956682     6.3317   239.1138   224.2743    43.2829
  -4815.00   42254.82  0.0958540     6.3588   237.5175   224.5112    43.2357
  -4805.00   42254.76  0.0960414     6.3830   235.8022   224.7295    43.1594
  -4795.00   42254.56  0.0962350     6.4022   233.9771   224.8911    43.1374
  -4785.00   42256.51  0.0962680     6.4273   231.9713   225.1090    43.1836
  -4775.00   42257.07  0.0963656     6.4582   229.9413   225.3540    43.2023
  -4765.00   42255.05  0.0965444     6.4806   228.0042   225.5982    43.1897
  -4755.00   42253.61  0.0964070     6.4960   226.1696   225.7784    43.2643
  -4745.00   42253.82  0.0962966     6.5199   224.4575   225.9498    43.3635
  -4735.00   42253.23  0.0962879     6.5425   222.9105   226.1986    43.3840
  -4725.00   42250.45  0.0960872     6.5525   221.6030   226.3607    43.3983
  -4715.00   42249.63  0.0958875     6.5646   220.4236   226.4520    43.4721
  -4705.00   42251.07  0.0956969     6.5816   219.2798   226.6218    43.5094
  -4695.00   42250.82  0.0955541     6.5958   218.2299   226.7785    43.4566
  -4685.00   42249.74  0.0954838     6.6048   217.1802   226.8631    43.4224
  -4675.00   42250.96  0.0952977     6.6159   215.9860   226.9681    43.4250
  -4665.00   42253.46  0.0952645     6.6370   214.6582   227.1086    43.3694
  -4655.00   42253.93  0.0954130     6.6557   213.1970   227.2691    43.2595
  -4645.00   42253.40  0.0953852     6.6683   211.5704   227.3975    43.2028
  -4635.00   42255.07  0.0954576     6.6917   209.7759   227.5298    43.1885
  -4625.00   42256.93  0.0956664     6.7210   207.8599   227.7633    43.1216
  -4615.00   42255.85  0.0957601     6.7425   205.9605   227.9662    43.0498
  -4605.00   42254.23  0.0958732     6.7636   204.0839   228.1216    43.0636
  -4595.00   42254.68  0.0959348     6.7908   202.2328   228.3546    43.0999
  -4585.00   42254.67  0.0959823     6.8184   200.5624   228.5857    43.0867
  -4575.00   42252.17  0.0960544     6.8373   199.0749   228.7754    43.0903
  -4565.00   42250.25  0.0959155     6.8524   197.6880   228.9656    43.1638
  -4555.00   42250.79  0.0958269     6.8756   196.4403   229.1438    43.2193
  -4545.00   42251.09  0.0958172     6.8950   195.2984   229.3498    43.2043
  -4535.00   42249.36  0.0955885     6.9019   194.1967   229.5089    43.2111
  -4525.00   42249.40  0.0954408     6.9158   193.0495   229.6199    43.2618
  -4515.00   42252.01  0.0953564     6.9345   191.8001   229.8005    43.2501
  -4505.00   42253.03  0.0952046     6.9455   190.4900   229.9560    43.1679
  -4495.00   42252.70  0.0951409     6.9562   189.0215   230.0510    43.1402
  -4485.00   42253.87  0.0950621     6.9715   187.3547   230.1953    43.1273
  -4475.00   42256.32  0.0950732     6.9929   185.6150   230.3561    43.0318
  -4465.00   42256.44  0.0951936     7.0113   183.8090   230.4997    42.9303
  -4455.00   42254.64  0.0951981     7.0259   181.9277   230.6593    42.8904
  -4445.00   42254.74  0.0953413     7.0527   180.0845   230.8266    42.8572
  -4435.00   42255.43  0.0955858     7.0823   178.3323   231.0514    42.7753
  -4425.00   42253.55  0.0956440     7.1019   176.7032   231.2722    42.7165
  -4415.00   42251.12  0.0957856     7.1261   175.1839   231.4644    42.7439
  -4405.00   42251.18  0.0959328     7.1563   173.7653   231.7294    42.7638
  -4395.00   42251.79  0.0959389     7.1808   172.5115   231.9877    42.7325
  -4385.00   42250.29  0.0959414     7.1993   171.3090   232.2009    42.7613
  -4375.00   42249.18  0.0958322     7.2166   170.0656   232.4441    42.8380
  -4365.00   42250.95  0.0957217     7.2389   168.8501   232.6663    42.8555
  -4355.00   42252.43  0.0956115     7.2552   167.5732   232.8729    42.8341
  -4345.00   42251.76  0.0953167     7.2612   166.1383   233.0739    42.8459
  -4335.00   42252.12  0.0951597     7.2765   164.5883   233.2238    42.8658
  -4325.00   42254.79  0.0950672     7.2957   162.9225   233.4085    42.8078
  -4315.00   42255.92  0.0948225     7.3046   161.1724   233.5830    42.7077
  -4305.00   42254.90  0.0947410     7.3180   159.3272   233.7055    42.6715
  -4295.00   42254.87  0.0947370     7.3395   157.4472   233.8717    42.6277
  -4285.00   42256.18  0.0947163     7.3610   155.6867   234.0422    42.4985
  -4275.00   42255.49  0.0947710     7.3807   153.9954   234.1909    42.4107
  -4265.00   42252.63  0.0948082     7.4004   152.3654   234.3751    42.3897
  -4255.00   42251.80  0.0949601     7.4293   150.9406   234.5515    42.3381
  -4245.00   42252.23  0.0951306     7.4572   149.6599   234.7493    42.2614
  -4235.00   42250.82  0.0951085     7.4749   148.4257   234.9789    42.2329
  -4225.00   42248.90  0.0952352     7.4994   147.2549   235.1721    42.2616
  -4215.00   42249.73  0.0953785     7.5285   146.0995   235.4082    42.2573
  -4205.00   42251.64  0.0952813     7.5468   144.9206   235.6565    42.2127
  -4195.00   42251.61  0.0952428     7.5634   143.6012   235.8675    42.2413
  -4185.00   42251.38  0.0952040     7.5825   142.1152   236.1045    42.2924
  -4175.00   42253.80  0.0950876     7.6016   140.5738   236.3202    42.2567
  -4165.00   42255.70  0.0949432     7.6155   138.8681   236.5172    42.2247
  -4155.00   42255.03  0.0947087     7.6233   136.9750   236.7392    42.2349
  -4145.00   42254.45  0.0946259     7.6402   135.0976   236.8984    42.2150
  -4135.00   42255.74  0.0945534     7.6588   133.2375   237.0670    42.1327
  -4125.00   42256.05  0.0942962     7.6667   131.3978   237.2669    42.0391
  -4115.00   42253.80  0.0942752     7.6819   129.6629   237.4093    41.9989
  -4105.00   42252.55  0.0943581     7.7068   128.0924   237.5692    41.9296
  -4095.00   42253.13  0.0943146     7.7261   126.7377   237.7455    41.7870
  -4085.00   42252.68  0.0943745     7.7456   125.4633   237.9170    41.7103
  -4075.00   42250.16  0.0945220     7.7706   124.2463   238.1173    41.6914
  -4065.00   42249.77  0.0947120     7.7997   123.1950   238.3005    41.6138
  -4055.00   42251.15  0.0948602     7.8261   122.1161   238.5095    41.5431
  -4045.00   42251.16  0.0948786     7.8457   120.8628   238.7883    41.5426
  -4035.00   42250.28  0.0950595     7.8719   119.5580   239.0146    41.5638
  -4025.00   42251.76  0.0951955     7.9001   118.1311   239.2619    41.5467
  -4015.00   42254.43  0.0950216     7.9151   116.4925   239.5685    41.5162
  -4005.00   42254.95  0.0949644     7.9308   114.6623   239.8366    41.5512
  -3995.00   42254.43  0.0949440     7.9519   112.7253   240.0978    41.5784
  -3985.00   42255.91  0.0947192     7.9670   110.8067   240.3462    41.5117
  -3975.00   42257.04  0.0944833     7.9785   108.8203   240.5867    41.4730
  -3965.00   42255.47  0.0942748     7.9900   106.8263   240.8454    41.4719
  -3955.00   42253.53  0.0941660     8.0078   105.1028   241.0122    41.4010
  -3945.00   42253.40  0.0940261     8.0260   103.5347   241.1788    41.2965
  -3935.00   42253.37  0.0937572     8.0360   102.0406   241.4175    41.2099
  -3925.00   42250.99  0.0937825     8.0552   100.7683   241.5689    41.1533
  -3915.00   42249.82  0.0938722     8.0831    99.6704   241.7099    41.0616
  -3905.00   42250.86  0.0937591     8.1016    98.6519   241.9026    40.9274
  -3895.00   42251.62  0.0938184     8.1214    97.5686   242.1008    40.8710
  -3885.00   42250.44  0.0940111     8.1508    96.4308   242.2931    40.8501
  -3875.00   42250.89  0.0941207     8.1776    95.3039   242.4647    40.7614
  -3865.00   42253.26  0.0941713     8.1996    93.9463   242.6858    40.7029
  -3855.00   42254.21  0.0942132     8.2205    92.2835   242.9792    40.7197
  -3845.00   42253.69  0.0943742     8.2453    90.5819   243.1872    40.7155
  -3835.00   42254.62  0.0944266     8.2691    88.7550   243.4086    40.6760
  -3825.00   42256.66  0.0942150     8.2813    86.7068   243.7398    40.6521
  -3815.00   42256.62  0.0941983     8.2962    84.6458   244.0112    40.6700
  -3805.00   42254.90  0.0942066     8.3178    82.6961   244.2392    40.6565
  -3795.00   42254.65  0.0939272     8.3295    80.8928   244.4900    40.5689
  -3785.00   42254.98  0.0937145     8.3391    79.1611   244.7515    40.5228
  -3775.00   42253.08  0.0936269     8.3550    77.5778   245.0018    40.5040
  -3765.00   42250.76  0.0935159     8.3724    76.3521   245.1524    40.3982
  -3755.00   42250.47  0.0933613     8.3884    75.2305   245.3208    40.2851
  -3745.00   42251.27  0.0931876     8.4013    74.0591   245.5869    40.2141
  -3735.00   42250.23  0.0932869     8.4229    73.0612   245.7289    40.1376
  -3725.00   42249.96  0.0933866     8.4504    72.0705   245.8535    40.0319
  -3715.00   42251.83  0.0932695     8.4681    70.9069   246.0817    39.9149
  -3705.00   42253.85  0.0934228     8.4891    69.5456   246.3051    39.8685
  -3695.00   42253.73  0.0936867     8.5213    68.0443   246.4955    39.8350
  -3685.00   42254.05  0.0937517     8.5463    66.4515   246.6892    39.7425
  -3675.00   42256.11  0.0938047     8.5656    64.5724   246.9682    39.7006
  -3665.00   42256.77  0.0939498     8.5902    62.4762   247.2983    39.7247
  -3655.00   42255.52  0.0940957     8.6146    60.5073   247.5293    39.7011
  -3645.00   42254.78  0.0940573     8.6340    58.5459   247.7936    39.6538
  -3635.00   42255.38  0.0938610     8.6464    56.4872   248.1976    39.6481
  -3625.00   42254.82  0.0938622     8.6616    54.6654   248.5024    39.6487
  -3615.00   42252.48  0.0937957     8.6817    53.1154   248.7380    39.5997
  -3605.00   42251.44  0.0934038     8.6910    51.6975   249.0450    39.5067
  -3595.00   42252.03  0.0931863     8.6999    50.3771   249.3473    39.4527
  -3585.00   42251.16  0.0931292     8.7198    49.2097   249.5834    39.4005
  -3575.00   42249.79  0.0929125     8.7372    48.2535   249.7382    39.2653
  -3565.00   42250.24  0.0926956     8.7518    47.2062   249.9317    39.1458
  -3555.00   42252.17  0.0926270     8.7705    45.9417   250.2034    39.0821
  -3545.00   42252.67  0.0927287     8.7950    44.7459   250.3254    38.9863
  -3535.00   42252.85  0.0927665     8.8215    43.4024   250.4429    38.8740
  -3525.00   42254.59  0.0926558     8.8401    41.7157   250.7172    38.7907
  -3515.00   42256.71  0.0928631     8.8625    39.9038   250.9405    38.7528
  -3505.00   42256.53  0.0931033     8.8937    38.0373   251.1146    38.7090
  -3495.00   42255.59  0.0930386     8.9148    36.1304   251.3404    38.6238
  -3485.00   42256.05  0.0930747     8.9303    34.1124   251.6463    38.5944
  -3475.00   42255.90  0.0932514     8.9552    32.1281   251.9562    38.6028
  -3465.00   42254.09  0.0932983     8.9766    30.4527   252.1681    38.5477
  -3455.00   42252.14  0.0931671     8.9901    28.8699   252.4433    38.4856
  -3445.00   42251.99  0.0930478     9.0037    27.2614   252.8424    38.4764
  -3435.00   42252.04  0.0930899     9.0196    25.9634   253.1055    38.4434
  -3425.00   42250.52  0.0929825     9.0370    24.8514   253.3143    38.3607
  -3415.00   42249.91  0.0926102     9.0460    23.6498   253.6520    38.2740
  -3405.00   42251.40  0.0924998     9.0560    22.4507   253.9468    38.2150
  -3395.00   42252.28  0.0925040     9.0772    21.2746   254.1477    38.1374
  -3385.00   42252.15  0.0922357     9.0934    20.0649   254.3257    37.9955
  -3375.00   42252.87  0.0920471     9.1060    18.6182   254.5540    37.8844
  -3365.00   42255.03  0.0921084     9.1284    16.9334   254.8090    37.8193
  -3355.00   42256.15  0.0922076     9.1539    15.3149   254.9182    37.7062
  -3345.00   42255.63  0.0922095     9.1772    13.5612   255.0556    37.5882
  -3335.00   42255.76  0.0922132     9.1984    11.5323   255.3660    37.5285
  -3325.00   42256.72  0.0925129     9.2231     9.6250   255.5771    37.4859
  -3315.00   42255.94  0.0927698     9.2531     7.8396   255.7492    37.4278
  -3305.00   42253.80  0.0926923     9.2728     6.0595   256.0552    37.3615
  -3295.00   42252.82  0.0928092     9.2879     4.3546   256.4036    37.3458
  -3285.00   42252.61  0.0930357     9.3128     2.8101   256.7240    37.3423
  -3275.00   42251.57  0.0929720     9.3315     1.5270   256.9927    37.2738
  -3265.00   42249.83  0.0927819     9.3404     0.2385   257.3508    37.2147
  -3255.00   42250.03  0.0927026     9.3551   358.8679   257.7793    37.1988
  -3245.00   42251.51  0.0926721     9.3713   357.7091   258.0427    37.1336
  -3235.00   42251.55  0.0924300     9.3847   356.5247   258.2881    37.0228
  -3225.00   42251.62  0.0920679     9.3953   355.0360   258.6788    36.9397
  -3215.00   42253.46  0.0919921     9.4084   353.5173   258.9574    36.8647
  -3205.00   42255.33  0.0919604     9.4308   351.9688   259.1270    36.7561
  -3195.00   42255.62  0.0916358     9.4477   350.2445   259.3563    36.6176
  -3185.00   42255.29  0.0915004     9.4615   348.3634   259.6099    36.5197
  -3175.00   42256.24  0.0916325     9.4875   346.4362   259.8291    36.4501
  -3165.00   42256.89  0.0916534     9.5132   344.6922   259.9428    36.3316
  -3155.00   42255.23  0.0915947     9.5325   342.9424   260.1256    36.2242
  -3145.00   42253.63  0.0916781     9.5554   341.1147   260.4435    36.1829
  -3135.00   42253.52  0.0919414     9.5800   339.6135   260.6226    36.1321
  -3125.00   42253.00  0.0920809     9.6045   338.3000   260.7854    36.0544
  -3115.00   42251.09  0.0919929     9.6218   336.8936   261.1436    36.0033
  -3105.00   42249.93  0.0921308     9.6360   335.6083   261.4698    35.9825
  -3095.00   42250.70  0.0923329     9.6583   334.4297   261.7346    35.9481
  -3085.00   42251.36  0.0921627     9.6736   333.2406   262.0364    35.8657
  -3075.00   42250.69  0.0920018     9.6799   331.8925   262.4080    35.8045
  -3065.00   42251.35  0.0920042     9.6953   330.3669   262.7978    35.7712
  -3055.00   42253.84  0.0919135     9.7115   328.9160   263.0323    35.6776
  -3045.00   42254.95  0.0916491     9.7213   327.2935   263.2973    35.5557
  -3035.00   42254.82  0.0914070     9.7336   325.3387   263.6951    35.4772
  -3025.00   42255.57  0.0913900     9.7495   323.4753   263.9293    35.3897
  -3015.00   42256.98  0.0913369     9.7701   321.6835   264.0761    35.2598
  -3005.00   42256.69  0.0910649     9.7869   319.7608   264.3529    35.1337
  -2995.00   42254.64  0.0910433     9.8024   317.9252   264.6009    35.0452
  -2985.00   42253.86  0.0912370     9.8292   316.2758   264.7785    34.9634
  -2975.00   42254.03  0.0912132     9.8542   314.8523   264.9251    34.8424
  -2965.00   42252.35  0.0912120     9.8713   313.4824   265.1503    34.7491
  -2955.00   42250.31  0.0914206     9.8957   312.1003   265.4634    34.7131
  -2945.00   42250.33  0.0916633     9.9210   311.0007   265.6388    34.6528
  -2935.00   42251.24  0.0917500     9.9405   309.9233   265.8507    34.5699
  -2925.00   42250.78  0.0917641     9.9576   308.5592   266.2702    34.5352
  -2915.00   42250.27  0.0919468     9.9726   307.2191   266.6069    34.5126
  -2905.00   42252.10  0.0920816     9.9916   305.8512   266.8810    34.4529
  -2895.00   42254.01  0.0918663    10.0044   304.1971   267.2900    34.3745
  -2885.00   42253.99  0.0917376    10.0100   302.3683   267.7078    34.3149
  -2875.00   42254.07  0.0917543    10.0255   300.4238   268.0873    34.2590
  -2865.00   42256.03  0.0915105    10.0412   298.5257   268.3744    34.1427
  -2855.00   42257.01  0.0912039    10.0491   296.5613   268.6877    34.0150
  -2845.00   42255.72  0.0910375    10.0637   294.4728   269.0826    33.9313
  -2835.00   42254.67  0.0909637    10.0836   292.6984   269.2832    33.8245
  -2825.00   42255.07  0.0908229    10.1027   291.1331   269.4349    33.6803
  -2815.00   42254.45  0.0906165    10.1208   289.5173   269.7407    33.5690
  -2805.00   42251.70  0.0906611    10.1398   288.1417   269.9550    33.4896
  -2795.00   42250.38  0.0908257    10.1660   286.9971   270.0933    33.3983
  -2785.00   42251.06  0.0907410    10.1885   285.8934   270.3022    33.2885
  -2775.00   42250.69  0.0907765    10.2036   284.7726   270.5474    33.2147
  -2765.00   42249.43  0.0910220    10.2264   283.5618   270.8299    33.1774
  -2755.00   42250.33  0.0911249    10.2492   282.4230   271.0201    33.1033
  -2745.00   42252.77  0.0911282    10.2626   281.1142   271.2698    33.0173
  -2735.00   42253.71  0.0911916    10.2775   279.4251   271.6805    32.9802
  -2725.00   42253.37  0.0913351    10.2931   277.7249   271.9694    32.9377
  -2715.00   42255.06  0.0913611    10.3076   275.9546   272.2277    32.8483
  -2705.00   42256.85  0.0911876    10.3187   273.8684   272.6579    32.7679
  -2695.00   42256.28  0.0911375    10.3259   271.7854   273.0297    32.7043
  -2685.00   42254.66  0.0911764    10.3412   269.7933   273.3396    32.6229
  -2675.00   42254.95  0.0909045    10.3558   267.8864   273.6677    32.4995
  -2665.00   42255.29  0.0906708    10.3629   266.1201   273.9837    32.3785
  -2655.00   42253.18  0.0906302    10.3784   264.4344   274.3289    32.2916
  -2645.00   42251.27  0.0905089    10.3996   263.1042   274.5244    32.1711
  -2635.00   42251.56  0.0903527    10.4157   261.9661   274.7029    32.0248
  -2625.00   42251.96  0.0902639    10.4334   260.7384   275.0107    31.9237
  -2615.00   42250.02  0.0903572    10.4555   259.6942   275.1825    31.8428
  -2605.00   42249.40  0.0904960    10.4799   258.7204   275.3075    31.7388
  -2595.00   42251.25  0.0904679    10.5005   257.5162   275.5737    31.6406
  -2585.00   42252.43  0.0906111    10.5166   256.1882   275.8138    31.5827
  -2575.00   42251.92  0.0909249    10.5389   254.6844   276.0634    31.5407
  -2565.00   42252.99  0.0909855    10.5594   253.0393   276.3289    31.4639
  -2555.00   42255.73  0.0910280    10.5695   251.1955   276.6443    31.3900
  -2545.00   42256.84  0.0911822    10.5829   249.0763   277.0663    31.3555
  -2535.00   42255.45  0.0912578    10.5987   247.0417   277.3854    31.2963
  -2525.00   42255.63  0.0911958    10.6087   245.0489   277.7202    31.1927
  -2515.00   42256.44  0.0910592    10.6180   242.9299   278.2047    31.1100
  -2505.00   42254.98  0.0909949    10.6279   241.0599   278.5664    31.0351
  -2495.00   42252.15  0.0909328    10.6425   239.4470   278.8690    30.9236
  -2485.00   42251.46  0.0906331    10.6566   237.8998   279.2660    30.7945
  -2475.00   42252.11  0.0904257    10.6657   236.5811   279.5786    30.6786
  -2465.00   42250.49  0.0904125    10.6834   235.3826   279.8555    30.5818
  -2455.00   42249.23  0.0902085    10.7055   234.3154   280.0851    30.4547
  -2445.00   42250.44  0.0900485    10.7203   233.2882   280.2920    30.3195
  -2435.00   42252.44  0.0900536    10.7378   232.0593   280.5713    30.2336
  -2425.00   42251.77  0.0900924    10.7615   230.8462   280.7223    30.1513
  -2415.00   42251.76  0.0901521    10.7821   229.5283   280.8689    30.0444
  -2405.00   42254.17  0.0901643    10.7987   227.8507   281.1744    29.9599
  -2395.00   42255.79  0.0903037    10.8150   226.0899   281.3849    29.9079
  -2385.00   42254.89  0.0905413    10.8343   224.2295   281.5945    29.8486
  -2375.00   42254.77  0.0905391    10.8504   222.2113   281.9192    29.7642
  -2365.00   42256.38  0.0905909    10.8583   220.2044   282.2302    29.6931
  -2355.00   42256.62  0.0907645    10.8703   218.1909   282.5806    29.6456
  -2345.00   42253.98  0.0907429    10.8853   216.3623   282.9023    29.5627
  -2335.00   42252.71  0.0906706    10.8922   214.7007   283.2496    29.4510
  -2325.00   42253.30  0.0906251    10.8998   213.0560   283.6959    29.3655
  -2315.00   42251.94  0.0905481    10.9124   211.6993   284.0049    29.2772
  -2305.00   42249.42  0.0904493    10.9252   210.5222   284.2957    29.1491
  -2295.00   42249.21  0.0902349    10.9373   209.2607   284.7100    29.0213
  -2285.00   42251.14  0.0900978    10.9484   208.1285   284.9819    28.9134
  -2275.00   42250.97  0.0900867    10.9664   206.9907   285.2005    28.8053
  -2265.00   42250.68  0.0898934    10.9871   205.6969   285.4719    28.6768
  -2255.00   42252.60  0.0898075    11.0009   204.3229   285.6867    28.5553
  -2245.00   42255.45  0.0899059    11.0187   202.7324   285.9069    28.4756
  -2235.00   42255.20  0.0899138    11.0429   201.0507   286.0688    28.3885
  -2225.00   42254.46  0.0899916    11.0607   199.2698   286.2501    28.2844
  -2215.00   42256.02  0.0901379    11.0750   197.2543   286.5592    28.2141
  -2205.00   42256.74  0.0902946    11.0928   195.3257   286.7569    28.1644
  -2195.00   42254.76  0.0905000    11.1098   193.4626   286.9847    28.0940
  -2185.00   42253.05  0.0905647    11.1218   191.5417   287.3888    28.0125
  -2175.00   42253.61  0.0906732    11.1293   189.8328   287.7184    27.9495
  -2165.00   42253.61  0.0908308    11.1404   188.2690   288.0587    27.8884
  -2155.00   42251.01  0.0907436    11.1529   186.8070   288.4718    27.7896
  -2145.00   42249.82  0.0906774    11.1579   185.4922   288.8766    27.6767
  -2135.00   42251.44  0.0906639    11.1650   184.1805   289.3066    27.5863
  -2125.00   42251.26  0.0904755    11.1795   182.9710   289.6420    27.4791
  -2115.00   42249.89  0.0903023    11.1914   181.7555   289.9719    27.3395
  -2105.00   42250.59  0.0901464    11.2024   180.3148   290.3917    27.2148
  -2095.00   42253.39  0.0899770    11.2175   178.8929   290.6269    27.1106
  -2085.00   42254.12  0.0898840    11.2363   177.3696   290.8234    26.9947
  -2075.00   42253.67  0.0897105    11.2550   175.5770   291.1335    26.8717
  -2065.00   42255.07  0.0896691    11.2691   173.7790   291.3247    26.7712
  -2055.00   42257.29  0.0897572    11.2868   171.9223   291.4870    26.6959
  -2045.00   42256.34  0.0896969    11.3085   170.0209   291.6913    26.6065
  -2035.00   42254.13  0.0897739    11.3222   168.2017   291.9012    26.5099
  -2025.00   42254.31  0.0899728    11.3333   166.4045   292.1712    26.4462
  -2015.00   42254.29  0.0900310    11.3499   164.8130   292.3689    26.3851
  -2005.00   42251.98  0.0901428    11.3630   163.3673   292.6182    26.2976
  -1995.00   42249.82  0.0902559    11.3706   161.9010   293.0274    26.2120
  -1985.00   42250.55  0.0903390    11.3786   160.6584   293.3074    26.1436
  -1975.00   42251.52  0.0904177    11.3890   159.4763   293.6045    26.0612
  -1965.00   42250.13  0.0903270    11.3987   158.1679   294.0439    25.9505
  -1955.00   42249.93  0.0903173    11.4032   156.8855   294.4092    25.8422
  -1945.00   42252.66  0.0903366    11.4108   155.5008   294.7559    25.7474
  -1935.00   42253.81  0.0901100    11.4250   153.9732   295.1048    25.6300
  -1925.00   42253.10  0.0899724    11.4352   152.3289   295.4445    25.4918
  -1915.00   42253.70  0.0899347    11.4447   150.4850   295.8119    25.3757
  -1905.00   42255.99  0.0897443    11.4616   148.6566   296.0262    25.2704
  -1895.00   42256.39  0.0896182    11.4794   146.7953   296.2350    25.1482
  -1885.00   42254.53  0.0895468    11.4952   144.8021   296.5602    25.0300
  -1875.00   42254.36  0.0895550    11.5107   143.0280   296.7046    24.9423
  -1865.00   42255.43  0.0896318    11.5287   141.3870   296.8302    24.8636
  -1855.00   42253.98  0.0895994    11.5478   139.7589   297.0843    24.7724
  -1845.00   42251.25  0.0897710    11.5597   138.3419   297.2908    24.6899
  -1835.00   42251.07  0.0900521    11.5700   137.0435   297.5107    24.6328
  -1825.00   42251.75  0.0900914    11.5850   135.8212   297.7565    24.5660
  -1815.00   42250.50  0.0902290    11.5945   134.6186   298.0743    24.4759
  -1805.00   42249.16  0.0904556    11.5985   133.3071   298.4979    24.3951
  -1795.00   42250.75  0.0905032    11.6065   132.0455   298.8022    24.3213
  -1785.00   42252.94  0.0905015    11.6155   130.6490   299.1635    24.2214
  -1775.00   42252.55  0.0904346    11.6221   128.9549   299.6850    24.1029
  -1765.00   42252.70  0.0904098    11.6276   127.2574   300.0456    23.9964
  -1755.00   42255.32  0.0903441    11.6371   125.4517   300.3717    23.8910
  -1745.00   42256.58  0.0900427    11.6511   123.4395   300.7868    23.7635
  -1735.00   42255.38  0.0899104    11.6614   121.4431   301.1328    23.6321
  -1725.00   42254.61  0.0898958    11.6720   119.4878   301.4211    23.5251
  -1715.00   42255.50  0.0896283    11.6901   117.6452   301.6395    23.4201
  -1705.00   42255.18  0.0894733    11.7066   115.9197   301.8773    23.3004
  -1695.00   42252.29  0.0895018    11.7190   114.2653   302.1767    23.1957
  -1685.00   42251.20  0.0894726    11.7346   112.9354   302.2850    23.1171
  -1675.00   42252.10  0.0894751    11.7506   111.7488   302.4161    23.0335
  -1665.00   42251.28  0.0894684    11.7643   110.4863   302.7300    22.9390
  -1655.00   42249.53  0.0896375    11.7738   109.4098   302.9057    22.8642
  -1645.00   42250.00  0.0898591    11.7826   108.3536   303.0729    22.8004
  -1635.00   42252.06  0.0898155    11.7944   107.1113   303.3690    22.7181
  -1625.00   42252.32  0.0899517    11.8007   105.7435   303.6944    22.6243
  -1615.00   42251.73  0.0902107    11.8032   104.2086   304.0434    22.5421
  -1605.00   42253.54  0.0901728    11.8111   102.5732   304.3258    22.4573
  -1595.00   42255.95  0.0901346    11.8186   100.7173   304.7039    22.3460
  -1585.00   42255.55  0.0901621    11.8227    98.6154   305.2095    22.2276
  -1575.00   42254.69  0.0901298    11.8292    96.6419   305.5047    22.1237
  -1565.00   42255.76  0.0900179    11.8394    94.6826   305.8006    22.0108
  -1555.00   42256.26  0.0897599    11.8511    92.6219   306.2570    21.8791
  -1545.00   42254.35  0.0896931    11.8609    90.8151   306.5636    21.7572
  -1535.00   42252.27  0.0896897    11.8722    89.2561   306.7693    21.6539
  -1525.00   42252.41  0.0894009    11.8895    87.8186   307.0051    21.5452
  -1515.00   42252.40  0.0893081    11.9040    86.5218   307.2579    21.4297
  -1505.00   42250.10  0.0894499    11.9150    85.3461   307.4883    21.3366
  -1495.00   42249.35  0.0894081    11.9304    84.3598   307.5710    21.2616
  -1485.00   42251.08  0.0894166    11.9449    83.3265   307.7288    21.1759
  -1475.00   42251.78  0.0895593    11.9543    82.0476   308.0700    21.0879
  -1465.00   42251.40  0.0897673    11.9629    80.8231   308.2238    21.0228
  -1455.00   42252.28  0.0899700    11.9709    79.4646   308.3902    20.9564
  -1445.00   42254.94  0.0899682    11.9788    77.7165   308.7927    20.8668
  -1435.00   42255.84  0.0901665    11.9827    75.8493   309.1514    20.7782
  -1425.00   42254.84  0.0904374    11.9847    73.8992   309.4833    20.6953
  -1415.00   42255.43  0.0903081    11.9918    71.8582   309.8420    20.5976
  -1405.00   42256.65  0.0902634    11.9978    69.7276   310.2969    20.4794
  -1395.00   42255.61  0.0903487    12.0011    67.6023   310.8054    20.3616
  -1385.00   42253.43  0.0902095    12.0093    65.7998   311.0902    20.2543
  -1375.00   42253.08  0.0899973    12.0205    64.1247   311.4166    20.1336
  -1365.00   42253.33  0.0897866    12.0309    62.4451   311.9104    20.0027
  -1355.00   42251.87  0.0897068    12.0412    61.1350   312.1608    19.8923
  -1345.00   42249.93  0.0896192    12.0539    60.0496   312.3088    19.7935
  -1335.00   42250.49  0.0893004    12.0691    58.9027   312.5860    19.6854
  -1325.00   42251.67  0.0892646    12.0808    57.7922   312.8260    19.5823
  -1315.00   42250.91  0.0894311    12.0901    56.7025   312.9822    19.5008
  -1305.00   42250.84  0.0893051    12.1030    55.5603   313.0755    19.4247
  -1295.00   42253.09  0.0893001    12.1137    54.1782   313.2834    19.3360
  -1285.00   42254.86  0.0895300    12.1189    52.5050   313.6156    19.2515
  -1275.00   42254.98  0.0896677    12.1255    50.8506   313.7506    19.1835
  -1265.00   42255.08  0.0897531    12.1323    49.0550   313.9310    19.1047
  -1255.00   42256.77  0.0897844    12.1365    46.9277   314.3830    19.0057
  -1245.00   42257.22  0.0899716    12.1391    44.8991   314.7030    18.9164
  -1235.00   42255.18  0.0901732    12.1419    43.0018   314.9610    18.8280
  -1225.00   42253.96  0.0899823    12.1478    41.0991   315.3510    18.7186
  -1215.00   42253.95  0.0899788    12.1523    39.2998   315.7803    18.6012
  -1205.00   42253.07  0.0901397    12.1553    37.6750   316.1994    18.4883
  -1195.00   42250.80  0.0899303    12.1636    36.3595   316.4546    18.3778
  -1185.00   42250.25  0.0897231    12.1737    35.0934   316.7909    18.2549
  -1175.00   42251.33  0.0896484    12.1817    33.7647   317.2627    18.1294
  -1165.00   42251.51  0.0895732    12.1918    32.7004   317.4524    18.0260
  -1155.00   42250.68  0.0894322    12.2047    31.6500   317.5838    17.9269
  -1145.00   42251.80  0.0891764    12.2173    30.3158   317.9044    17.8191
  -1135.00   42254.01  0.0892216    12.2271    28.9393   318.1020    17.7278
  -1125.00   42254.43  0.0894075    12.2365    27.5039   318.1890    17.6547
  -1115.00   42254.18  0.0892630    12.2477    25.8723   318.3197    17.5781
  -1105.00   42255.49  0.0893521    12.2553    24.0165   318.5547    17.4954
  -1095.00   42256.96  0.0897253    12.2584    22.0219   318.8496    17.4214
  -1085.00   42256.52  0.0898593    12.2635    20.1475   318.9975    17.3537
  -1075.00   42255.01  0.0899367    12.2683    18.2357   319.2590    17.2686
  -1065.00   42254.96  0.0900973    12.2690    16.1952   319.7732    17.1689
  -1055.00   42254.94  0.0902953    12.2704    14.4549   320.1100    17.0787
  -1045.00   42252.77  0.0903966    12.2738    12.9411   320.3964    16.9814
  -1035.00   42250.89  0.0901807    12.2782    11.3880   320.8979    16.8612
  -1025.00   42250.78  0.0901643    12.2819     9.9962   321.3412    16.7442
  -1015.00   42251.23  0.0902839    12.2865     8.7628   321.6983    16.6342
  -1005.00   42250.22  0.0899410    12.2956     7.6078   321.9941    16.5191
   -995.00   42250.28  0.0897095    12.3050     6.3447   322.3476    16.3999
   -985.00   42252.27  0.0897145    12.3121     4.9251   322.7588    16.2876
   -975.00   42253.99  0.0895675    12.3222     3.6142   322.8993    16.1931
   -965.00   42253.93  0.0893665    12.3339     2.1341   323.0503    16.0976
   -955.00   42254.56  0.0892013    12.3428     0.3090   323.4051    15.9970
   -945.00   42256.41  0.0892654    12.3501   358.5330   323.5607    15.9166
   -935.00   42256.90  0.0893834    12.3582   356.7691   323.6227    15.8448
   -925.00   42255.56  0.0892039    12.3658   354.8523   323.8391    15.7607
   -915.00   42254.95  0.0893116    12.3697   352.9513   324.0834    15.6788
   -905.00   42255.35  0.0896804    12.3714   351.1697   324.3132    15.6049
   -895.00   42254.59  0.0896957    12.3753   349.6032   324.4727    15.5259
   -885.00   42252.29  0.0897333    12.3777   348.0705   324.7683    15.4324
   -875.00   42251.31  0.0899580    12.3767   346.5255   325.2417    15.3327
   -865.00   42251.87  0.0901029    12.3776   345.2872   325.5135    15.2397
   -855.00   42251.01  0.0901118    12.3809   344.1213   325.7910    15.1356
   -845.00   42249.78  0.0899600    12.3832   342.7458   326.3166    15.0133
   -835.00   42250.35  0.0899730    12.3857   341.4383   326.7086    14.9010
   -825.00   42252.39  0.0900507    12.3909   340.1470   326.9822    14.7941
   -815.00   42252.90  0.0896932    12.3989   338.6662   327.3202    14.6755
   -805.00   42253.12  0.0895085    12.4063   337.0042   327.6666    14.5617
   -795.00   42254.84  0.0895920    12.4130   335.2099   327.9898    14.4608
   -785.00   42256.88  0.0893968    12.4231   333.4868   328.1094    14.3680
   -775.00   42256.49  0.0892170    12.4333   331.6281   328.2778    14.2755
   -765.00   42255.35  0.0892020    12.4398   329.5924   328.6178    14.1852
   -755.00   42255.64  0.0892980    12.4462   327.8298   328.7170    14.1138
   -745.00   42255.57  0.0894013    12.4534   326.2073   328.7723    14.0441
   -735.00   42253.55  0.0893304    12.4579   324.5155   329.0591    13.9607
   -725.00   42251.62  0.0895324    12.4589   323.0155   329.3024    13.8858
   -715.00   42251.65  0.0899160    12.4598   321.7146   329.4965    13.8151
   -705.00   42251.83  0.0899064    12.4617   320.4971   329.7428    13.7276
   -695.00   42250.28  0.0899953    12.4612   319.2268   330.1112    13.6317
   -685.00   42249.63  0.0902943    12.4589   317.8812   330.5803    13.5349
   -675.00   42251.44  0.0903487    12.4601   316.6679   330.8743    13.4357
   -665.00   42252.28  0.0902858    12.4628   315.2890   331.2306    13.3253
   -655.00   42251.97  0.0901999    12.4642   313.5744   331.8040    13.2047
   -645.00   42252.71  0.0901799    12.4671   311.8945   332.1724    13.0975
   -635.00   42255.14  0.0901221    12.4738   310.1619   332.4306    12.9931
   -625.00   42256.21  0.0897595    12.4812   308.1855   332.8263    12.8764
   -615.00   42255.39  0.0895976    12.4870   306.1741   333.1608    12.7731
   -605.00   42255.51  0.0896570    12.4939   304.2406   333.3933    12.6858
   -595.00   42256.67  0.0893878    12.5030   302.4588   333.5345    12.5946
   -585.00   42255.58  0.0892184    12.5100   300.7134   333.7262    12.5060
   -575.00   42253.01  0.0893073    12.5137   299.0041   334.0247    12.4268
   -565.00   42252.14  0.0893359    12.5184   297.6757   334.1042    12.3556
   -555.00   42252.26  0.0893602    12.5230   296.4791   334.1926    12.2800
   -545.00   42250.98  0.0893623    12.5237   295.1698   334.5277    12.1943
   -535.00   42249.22  0.0895481    12.5226   294.0427   334.7469    12.1185
   -525.00   42249.91  0.0898118    12.5228   292.9855   334.9092    12.0421
   -515.00   42251.80  0.0897490    12.5229   291.7627   335.2152    11.9445
   -505.00   42251.67  0.0898429    12.5204   290.3781   335.5730    11.8473
   -495.00   42251.55  0.0901368    12.5181   288.8353   335.9528    11.7544
   -485.00   42253.91  0.0900891    12.5194   287.2475   336.2390    11.6496
   -475.00   42255.64  0.0900192    12.5207   285.4218   336.5952    11.5383
   -465.00   42255.30  0.0900499    12.5207   283.3127   337.1161    11.4260
   -455.00   42254.79  0.0900095    12.5240   281.3420   337.4223    11.3225
   -445.00   42255.99  0.0899031    12.5302   279.3967   337.6727    11.2189
   -435.00   42256.53  0.0896365    12.5357   277.3505   338.0886    11.1053
   -425.00   42254.26  0.0895415    12.5404   275.5172   338.3760    11.0104
   -415.00   42252.76  0.0895678    12.5474   273.9269   338.5483    10.9297
   -405.00   42253.29  0.0892970    12.5554   272.5125   338.7284    10.8377
   -395.00   42252.56  0.0891970    12.5598   271.2159   338.9189    10.7547
   -385.00   42250.21  0.0893804    12.5623   269.9979   339.1362    10.6889
   -375.00   42249.55  0.0893868    12.5663   269.0135   339.2158    10.6191
   -365.00   42250.95  0.0894328    12.5680   267.9882   339.3414    10.5434
   -355.00   42251.27  0.0896070    12.5654   266.7007   339.6832    10.4667
   -345.00   42250.32  0.0898341    12.5630   265.4544   339.8931    10.3944
   -335.00   42251.63  0.0900601    12.5619   264.0766   340.0967    10.3141
   -325.00   42254.53  0.0900700    12.5593   262.3523   340.5099    10.2131
   -315.00   42255.02  0.0902143    12.5552   260.4870   340.8986    10.1168
   -305.00   42254.43  0.0904625    12.5537   258.5114   341.2673    10.0243
   -295.00   42255.82  0.0903315    12.5554   256.4764   341.6485     9.9124
   -285.00   42257.12  0.0902387    12.5560   254.3839   342.0524     9.8002
   -275.00   42255.91  0.0902987    12.5566   252.2620   342.5227     9.6983
   -265.00   42253.68  0.0901484    12.5617   250.4318   342.8212     9.5975
   -255.00   42253.52  0.0899684    12.5675   248.7560   343.0932     9.4965
   -245.00   42253.79  0.0897805    12.5711   247.1058   343.5040     9.3945
   -235.00   42251.23  0.0896778    12.5752   245.7792   343.7316     9.3110
   -225.00   42249.54  0.0896331    12.5809   244.6330   343.8852     9.2355
   -215.00   42250.64  0.0893815    12.5857   243.5017   344.1283     9.1449
   -205.00   42251.32  0.0893240    12.5865   242.4229   344.3145     9.0675
   -195.00   42250.36  0.0894821    12.5872   241.2986   344.4792     9.0067
   -185.00   42250.46  0.0894080    12.5894   240.1455   344.6143     8.9299
   -175.00   42253.12  0.0894230    12.5879   238.8086   344.7878     8.8477
   -165.00   42254.58  0.0896395    12.5833   237.1669   345.0867     8.7759
   -155.00   42253.75  0.0897705    12.5811   235.5021   345.2747     8.6996
   -145.00   42254.42  0.0898997    12.5790   233.6818   345.4936     8.6111
   -135.00   42256.71  0.0899658    12.5744   231.5846   345.9160     8.5117
   -125.00   42256.56  0.0900951    12.5702   229.5627   346.2390     8.4186
   -115.00   42254.54  0.0902685    12.5692   227.5905   346.5507     8.3259
   -105.00   42254.20  0.0901430    12.5698   225.6462   346.9701     8.2113
    -95.00   42254.85  0.0900899    12.5688   223.8724   347.3474     8.1017
    -85.00   42253.36  0.0901688    12.5695   222.2344   347.7236     8.0086
    -75.00   42250.55  0.0899735    12.5748   220.8479   348.0291     7.9067
    -65.00   42250.40  0.0898051    12.5790   219.5985   348.3115     7.8048
    -55.00   42251.56  0.0897264    12.5808   218.3313   348.6714     7.7155
    -45.00   42250.18  0.0895995    12.5854   217.2643   348.8484     7.6390
    -35.00   42249.29  0.0895368    12.5902   216.1760   348.9923     7.5658
    -25.00   42251.39  0.0893943    12.5920   214.8869   349.2612     7.4829
    -15.00   42253.43  0.0894014    12.5912   213.5757   349.3978     7.4170
     -5.00   42253.49  0.0895630    12.5908   212.0938   349.5192     7.3633
      5.00   42253.48  0.0895330    12.5908   210.4222   349.7189     7.2860
     15.00   42256.02  0.0896430    12.5860   208.6155   349.9225     7.2064
     25.00   42257.24  0.0899315    12.5801   206.6326   350.1856     7.1426
     35.00   42255.36  0.0900360    12.5777   204.6880   350.4231     7.0625
     45.00   42254.47  0.0901737    12.5740   202.7389   350.7231     6.9650
     55.00   42255.31  0.0903464    12.5679   200.7257   351.1742     6.8707
     65.00   42254.55  0.0904289    12.5648   198.9810   351.5040     6.7787
     75.00   42251.73  0.0905132    12.5648   197.3770   351.8514     6.6804
     85.00   42250.83  0.0904230    12.5645   195.8001   352.3470     6.5673
     95.00   42251.93  0.0903599    12.5635   194.4670   352.7150     6.4650
    105.00   42251.41  0.0903554    12.5655   193.2193   353.0433     6.3807
    115.00   42249.43  0.0901038    12.5706   191.9942   353.4001     6.2814
    125.00   42250.32  0.0899382    12.5727   190.7910   353.6946     6.1840
    135.00   42252.62  0.0898890    12.5731   189.4600   353.9854     6.1119
    145.00   42252.51  0.0896795    12.5772   188.1187   354.1610     6.0412
    155.00   42252.01  0.0895808    12.5797   186.6272   354.3295     5.9651
    165.00   42254.18  0.0895304    12.5776   184.8730   354.6036     5.8917
    175.00   42256.38  0.0894918    12.5757   183.1479   354.7133     5.8307
    185.00   42256.07  0.0895663    12.5744   181.3087   354.8342     5.7724
    195.00   42254.81  0.0895524    12.5715   179.3372   355.1019     5.6903
    205.00   42255.92  0.0896638    12.5649   177.4911   355.2910     5.6105
    215.00   42256.32  0.0898811    12.5590   175.6854   355.5002     5.5468
    225.00   42253.43  0.0899001    12.5566   173.9884   355.7761     5.4596
    235.00   42251.49  0.0900345    12.5514   172.4445   356.0807     5.3559
    245.00   42251.80  0.0902419    12.5445   170.9481   356.4589     5.2687
    255.00   42251.66  0.0902367    12.5426   169.6701   356.7559     5.1784
    265.00   42249.49  0.0902789    12.5424   168.4339   357.0990     5.0742
    275.00   42249.35  0.0902877    12.5399   167.0874   357.5747     4.9684
    285.00   42251.67  0.0902241    12.5387   165.8702   357.8818     4.8750
    295.00   42252.68  0.0901659    12.5413   164.5495   358.1712     4.7932
    305.00   42251.74  0.0899628    12.5448   163.0118   358.5641     4.6965
    315.00   42253.08  0.0898581    12.5450   161.4517   358.8281     4.6062
    325.00   42255.65  0.0898167    12.5453   159.7367   359.0441     4.5467
    335.00   42255.69  0.0895743    12.5494   157.9188   359.2448     4.4802
    345.00   42254.31  0.0895196    12.5499   156.0545   359.4214     4.4038
    355.00   42255.06  0.0895834    12.5455   154.1022   359.6379     4.3459
    365.00   42256.33  0.0895260    12.5435   152.3240   359.7259     4.2933
    375.00   42254.98  0.0896013    12.5414   150.5882   359.8655     4.2307
    385.00   42252.70  0.0897343    12.5348   148.8531     0.1619     4.1538
    395.00   42252.84  0.0899097    12.5268   147.4160     0.3334     4.0795
    405.00   42253.43  0.0901108    12.5211   146.0602     0.5469     4.0137
    415.00   42250.93  0.0901806    12.5172   144.6906     0.9279     3.9206
    425.00   42249.43  0.0903809    12.5105   143.4687     1.2711     3.8141
    435.00   42250.48  0.0905962    12.5040   142.2125     1.6311     3.7318
    445.00   42251.65  0.0905059    12.5039   140.9129     2.0083     3.6412
    455.00   42250.67  0.0905198    12.5039   139.5142     2.4145     3.5314
    465.00   42251.22  0.0905716    12.5006   137.9077     2.8719     3.4380
    475.00   42254.15  0.0904087    12.5009   136.3107     3.1642     3.3580
    485.00   42255.73  0.0902484    12.5047   134.5287     3.4723     3.2780
    495.00   42254.82  0.0900938    12.5056   132.5150     3.8857     3.1911
    505.00   42255.18  0.0899842    12.5041   130.6266     4.0997     3.1146
    515.00   42256.76  0.0898714    12.5043   128.7164     4.2705     3.0630
    525.00   42256.01  0.0896173    12.5064   126.7601     4.5381     2.9963
    535.00   42253.38  0.0895955    12.5036   125.0114     4.7207     2.9176
    545.00   42252.61  0.0896730    12.4974   123.3876     4.8812     2.8662
    555.00   42253.29  0.0895229    12.4954   121.9670     5.0080     2.8115
    565.00   42251.86  0.0895596    12.4922   120.6541     5.1967     2.7345
    575.00   42249.88  0.0897397    12.4832   119.3730     5.4714     2.6609
    585.00   42250.30  0.0898335    12.4755   118.3348     5.6025     2.5902
    595.00   42252.07  0.0899236    12.4713   117.2246     5.8161     2.5166
    605.00   42251.09  0.0900303    12.4654   115.8988     6.2180     2.4232
    615.00   42250.54  0.0902332    12.4575   114.6350     6.4987     2.3218
    625.00   42252.44  0.0903860    12.4521   113.2023     6.7779     2.2445
    635.00   42254.46  0.0902794    12.4519   111.4730     7.2003     2.1543
    645.00   42254.04  0.0903366    12.4504   109.6440     7.5979     2.0428
    655.00   42253.98  0.0904370    12.4462   107.6701     7.9715     1.9603
    665.00   42256.02  0.0902075    12.4479   105.6926     8.2605     1.8893
    675.00   42256.92  0.0900386    12.4520   103.6486     8.5972     1.8045
    685.00   42255.08  0.0899801    12.4508   101.5781     8.9811     1.7276
    695.00   42253.79  0.0898492    12.4491    99.8507     9.1259     1.6664
    705.00   42254.29  0.0896820    12.4506    98.2400     9.2713     1.6177
    715.00   42253.36  0.0895172    12.4503    96.6356     9.5689     1.5554
    725.00   42250.68  0.0895700    12.4447    95.3818     9.6974     1.4855
    735.00   42249.75  0.0896695    12.4379    94.2698     9.7778     1.4432
    745.00   42251.04  0.0895492    12.4350    93.1463     9.9615     1.3895
    755.00   42250.88  0.0896929    12.4292    92.0394    10.1862     1.3053
    765.00   42250.03  0.0899861    12.4179    90.8529    10.4293     1.2381
    775.00   42251.18  0.0900549    12.4107    89.6795    10.5867     1.1722
    785.00   42253.89  0.0901519    12.4074    88.2349    10.8935     1.0857
    795.00   42254.11  0.0903630    12.3999    86.4746    11.3445     0.9950
    805.00   42253.65  0.0905480    12.3923    84.7600    11.6214     0.9023
    815.00   42255.14  0.0905878    12.3901    82.8651    11.9242     0.8255
    825.00   42256.58  0.0905102    12.3900    80.6594    12.4398     0.7382
    835.00   42255.71  0.0905775    12.3877    78.5732    12.8440     0.6331
    845.00   42254.12  0.0906121    12.3844    76.5883    13.1446     0.5642
    855.00   42254.53  0.0902998    12.3873    74.6435    13.4913     0.5022
    865.00   42254.74  0.0901376    12.3903    72.8410    13.8633     0.4151
    875.00   42252.54  0.0901297    12.3865    71.2134    14.1874     0.3490
    885.00   42250.71  0.0898970    12.3845    69.9478    14.3041     0.3018
    895.00   42251.21  0.0896669    12.3860    68.7568    14.4828     0.2464
    905.00   42251.29  0.0895918    12.3824    67.4993    14.7996     0.1836
    915.00   42249.90  0.0896229    12.3745    66.5230    14.8824     0.1209
    925.00   42249.71  0.0896178    12.3682    65.5286    14.9314     0.0768
    935.00   42251.89  0.0895061    12.3643    64.2351    15.1940     0.0169
    945.00   42253.24  0.0896767    12.3564    62.8843    15.4192   359.9282
    955.00   42253.06  0.0899391    12.3448    61.3977    15.5910   359.8641
    965.00   42254.04  0.0898927    12.3391    59.7446    15.7787   359.8012
    975.00   42256.43  0.0899858    12.3359    57.8371    16.1198   359.7044
    985.00   42256.67  0.0902473    12.3273    55.7423    16.5271   359.6175
    995.00   42255.28  0.0903436    12.3204    53.8234    16.7426   359.5382
   1005.00   42255.04  0.0903024    12.3205    51.8488    17.0519   359.4569
   1015.00   42255.33  0.0903081    12.3192    49.7379    17.5679   359.3721
   1025.00   42254.15  0.0904073    12.3155    47.9726    17.9056   359.2769
   1035.00   42251.67  0.0903611    12.3140    46.4470    18.1310   359.2155
   1045.00   42251.24  0.0900752    12.3168    44.8993    18.5171   359.1573
   1055.00   42251.89  0.0899927    12.3180    43.5512    18.8753   359.0707
   1065.00   42250.75  0.0900238    12.3130    42.3848    19.0977   359.0158
   1075.00   42249.76  0.0897242    12.3116    41.3346    19.2173   358.9823
   1085.00   42250.93  0.0895237    12.3126    40.2045    19.4203   358.9228
   1095.00   42252.52  0.0895884    12.3060    38.8948    19.6946   358.8650
   1105.00   42252.63  0.0896085    12.2967    37.7062    19.7182   358.8197
   1115.00   42252.74  0.0895710    12.2914    36.3363    19.7722   358.7749
   1125.00   42254.75  0.0896077    12.2853    34.5465    20.0874   358.7119
   1135.00   42256.43  0.0898890    12.2748    32.7607    20.2954   358.6276
   1145.00   42255.83  0.0901572    12.2639    30.9242    20.4361   358.5667
   1155.00   42255.34  0.0901322    12.2594    28.8927    20.7399   358.5015
   1165.00   42256.19  0.0903178    12.2558    26.8337    21.1522   358.3962
   1175.00   42255.88  0.0906470    12.2472    24.8437    21.5502   358.3114
   1185.00   42253.82  0.0906276    12.2431    23.1185    21.8122   358.2449
   1195.00   42252.27  0.0905332    12.2456    21.4480    22.2071   358.1579
   1205.00   42252.17  0.0905875    12.2438    19.7702    22.7367   358.0763
   1215.00   42251.81  0.0906134    12.2398    18.4825    23.0181   358.0013
   1225.00   42249.98  0.0904200    12.2407    17.3281    23.2396   357.9469
   1235.00   42249.80  0.0901570    12.2422    15.9861    23.6596   357.8926
   1245.00   42251.53  0.0901168    12.2401    14.7629    23.9742   357.8132
   1255.00   42252.09  0.0900900    12.2343    13.5967    24.1099   357.7684
   1265.00   42252.14  0.0897509    12.2325    12.2322    24.2905   357.7384
   1275.00   42253.41  0.0895922    12.2315    10.6997    24.5374   357.6698
   1285.00   42255.59  0.0897249    12.2224     9.0077    24.7628   357.6107
   1295.00   42256.31  0.0896425    12.2135     7.3512    24.7963   357.5746
   1305.00   42255.54  0.0895277    12.2097     5.5475    24.9130   357.5195
   1315.00   42255.93  0.0896284    12.2025     3.4879    25.2495   357.4487
   1325.00   42256.74  0.0898618    12.1911     1.6600    25.3986   357.3735
   1335.00   42255.46  0.0899998    12.1827   359.9543    25.5024   357.3138
   1345.00   42253.48  0.0899780    12.1790   358.1290    25.8554   357.2447
   1355.00   42252.96  0.0901984    12.1736   356.4920    26.2273   357.1390
   1365.00   42252.90  0.0905106    12.1650   355.0613    26.5168   357.0590
   1375.00   42251.58  0.0904179    12.1628   353.7418    26.8019   357.0001
   1385.00   42250.05  0.0903515    12.1653   352.4261    27.2180   356.9071
   1395.00   42250.59  0.0904905    12.1621   351.0602    27.6913   356.8247
   1405.00   42251.85  0.0904348    12.1586   349.9004    27.9125   356.7695
   1415.00   42251.48  0.0901876    12.1615   348.6437    28.1534   356.7162
   1425.00   42251.68  0.0900007    12.1621   347.0532    28.5796   356.6625
   1435.00   42253.87  0.0899856    12.1575   345.5332    28.8061   356.5998
   1445.00   42255.49  0.0898920    12.1529   343.9874    28.8744   356.5668
   1455.00   42255.64  0.0896049    12.1508   342.1337    29.0856   356.5420
   1465.00   42255.59  0.0895588    12.1468   340.2269    29.3149   356.4748
   1475.00   42256.82  0.0897609    12.1357   338.3712    29.4405   356.4223
   1485.00   42257.07  0.0896876    12.1273   336.5750    29.5005   356.3950
   1495.00   42255.00  0.0896569    12.1234   334.7933    29.6820   356.3308
   1505.00   42253.58  0.0899244    12.1141   332.9935    30.0199   356.2514
   1515.00   42253.56  0.0901484    12.1026   331.5395    30.1588   356.1873
   1525.00   42252.66  0.0902490    12.0973   330.2224    30.3229   356.1237
   1535.00   42250.63  0.0903298    12.0943   328.7509    30.7707   356.0456
   1545.00   42250.05  0.0905803    12.0880   327.4835    31.1387   355.9465
   1555.00   42251.20  0.0907997    12.0816   326.3376    31.3959   355.8753
   1565.00   42251.56  0.0906731    12.0819   325.0090    31.7765   355.8215
   1575.00   42250.86  0.0906333    12.0838   323.5741    32.2315   355.7300
   1585.00   42252.03  0.0907798    12.0794   322.0436    32.6366   355.6547
   1595.00   42254.30  0.0905920    12.0772   320.4878    32.8693   355.6198
   1605.00   42254.89  0.0903154    12.0807   318.7468    33.1554   355.5670
   1615.00   42254.52  0.0902145    12.0793   316.7192    33.5821   355.5084
   1625.00   42255.75  0.0901320    12.0726   314.8586    33.7424   355.4646
   1635.00   42257.10  0.0899522    12.0691   313.0461    33.8134   355.4337
   1645.00   42256.44  0.0897179    12.0669   311.0447    34.0802   355.3999
   1655.00   42254.59  0.0897179    12.0597   309.2382    34.2852   355.3333
   1665.00   42254.36  0.0898446    12.0486   307.6926    34.3554   355.2826
   1675.00   42254.32  0.0897244    12.0419   306.2185    34.4723   355.2530
   1685.00   42252.08  0.0897179    12.0376   304.8460    34.6958   355.1785
   1695.00   42250.14  0.0900064    12.0270   303.5599    34.9775   355.0938
   1705.00   42250.43  0.0901056    12.0168   302.4873    35.1035   355.0407
   1715.00   42251.13  0.0901344    12.0139   301.4060    35.2945   354.9727
   1725.00   42250.24  0.0902860    12.0106   300.0510    35.7393   354.8851
   1735.00   42250.39  0.0904900    12.0029   298.7770    36.0288   354.8004
   1745.00   42252.71  0.0905998    11.9988   297.4431    36.2413   354.7367
   1755.00   42254.46  0.0905110    12.0006   295.7297    36.6499   354.6805
   1765.00   42254.09  0.0905376    12.0004   293.8896    37.0644   354.5939
   1775.00   42254.62  0.0906593    11.9956   292.0062    37.3713   354.5289
   1785.00   42256.39  0.0904351    11.9953   290.0272    37.6239   354.5050
   1795.00   42256.70  0.0902102    11.9988   287.9984    37.9206   354.4524
   1805.00   42254.80  0.0902143    11.9953   285.9334    38.2801   354.3935
   1815.00   42254.29  0.0900664    11.9883   284.1687    38.3923   354.3711
   1825.00   42254.86  0.0898672    11.9860   282.5909    38.4656   354.3441
   1835.00   42253.79  0.0897650    11.9830   280.9652    38.7389   354.3006
   1845.00   42251.34  0.0898204    11.9725   279.6585    38.8679   354.2474
   1855.00   42250.76  0.0899263    11.9615   278.5908    38.9023   354.2025
   1865.00   42251.67  0.0898873    11.9561   277.4483    39.0767   354.1654
   1875.00   42250.55  0.0900218    11.9495   276.3177    39.3177   354.0860
   1885.00   42249.31  0.0903737    11.9377   275.1785    39.5621   354.0008
   1895.00   42250.52  0.0904617    11.9300   273.9675    39.7566   353.9524
   1905.00   42252.74  0.0905310    11.9292   272.5681    40.0401   353.8780
   1915.00   42252.85  0.0907873    11.9257   270.8463    40.5053   353.7827
   1925.00   42253.11  0.0909187    11.9190   269.1145    40.7983   353.7163
   1935.00   42255.33  0.0909261    11.9185   267.2747    41.0599   353.6618
   1945.00   42257.16  0.0908764    11.9220   265.1217    41.5217   353.6013
   1955.00   42256.01  0.0908936    11.9197   263.0319    41.8927   353.5297
   1965.00   42254.86  0.0909073    11.9153   261.0765    42.1479   353.4808
   1975.00   42255.28  0.0906605    11.9165   259.1206    42.4452   353.4602
   1985.00   42254.94  0.0904782    11.9178   257.3266    42.7435   353.4060
   1995.00   42252.13  0.0905041    11.9115   255.7151    43.0253   353.3476
   2005.00   42250.68  0.0902904    11.9047   254.3637    43.1600   353.3328
   2015.00   42251.43  0.0900766    11.9031   253.1871    43.2858   353.2986
   2025.00   42251.19  0.0900635    11.8985   251.9657    43.5636   353.2368
   2035.00   42249.68  0.0900511    11.8869   250.9434    43.6658   353.1927
   2045.00   42249.83  0.0900545    11.8779   249.9696    43.7194   353.1497
   2055.00   42252.26  0.0900326    11.8745   248.7327    43.9507   353.0967
   2065.00   42252.56  0.0901608    11.8660   247.4140    44.1533   353.0207
   2075.00   42251.94  0.0904232    11.8544   245.9848    44.3331   352.9429
   2085.00   42253.34  0.0904575    11.8496   244.3148    44.5573   352.8954
   2095.00   42255.76  0.0905430    11.8487   242.4647    44.8413   352.8180
   2105.00   42255.72  0.0908240    11.8438   240.4355    45.2233   352.7208
   2115.00   42254.67  0.0908844    11.8383   238.4366    45.4889   352.6682
   2125.00   42255.42  0.0908673    11.8402   236.4546    45.7658   352.6165
   2135.00   42256.38  0.0909028    11.8437   234.3936    46.2094   352.5452
   2145.00   42254.33  0.0908972    11.8401   232.5890    46.5084   352.4888
   2155.00   42251.93  0.0908440    11.8374   231.0155    46.7297   352.4546
   2165.00   42251.90  0.0906457    11.8403   229.4841    47.0479   352.4304
   2175.00   42251.93  0.0905135    11.8390   228.1757    47.2968   352.3818
   2185.00   42249.77  0.0905212    11.8308   227.0351    47.4832   352.3360
   2195.00   42248.76  0.0903151    11.8248   225.9405    47.6249   352.3290
   2205.00   42250.60  0.0901739    11.8223   224.8694    47.7592   352.2916
   2215.00   42251.83  0.0902714    11.8144   223.6672    47.9733   352.2227
   2225.00   42251.43  0.0902674    11.8019   222.4337    48.0579   352.1880
   2235.00   42252.09  0.0903072    11.7946   221.0683    48.1484   352.1456
   2245.00   42255.14  0.0904394    11.7915   219.3763    48.4244   352.0720
   2255.00   42255.87  0.0906134    11.7819   217.6094    48.6151   352.0012
   2265.00   42254.69  0.0908540    11.7723   215.7574    48.8058   351.9327
   2275.00   42255.03  0.0909473    11.7717   213.7150    49.1256   351.8771
   2285.00   42256.31  0.0910840    11.7708   211.7001    49.4413   351.8003
   2295.00   42255.45  0.0913378    11.7658   209.7504    49.7910   351.7117
   2305.00   42252.91  0.0913363    11.7633   207.9185    50.1051   351.6718
   2315.00   42252.49  0.0913159    11.7668   206.2398    50.4318   351.6232
   2325.00   42253.26  0.0913838    11.7688   204.6487    50.8531   351.5475
   2335.00   42251.44  0.0912914    11.7641   203.3053    51.1252   351.5074
   2345.00   42249.34  0.0911736    11.7626   202.0957    51.3612   351.4837
   2355.00   42250.16  0.0910358    11.7655   200.8324    51.7068   351.4459
   2365.00   42251.46  0.0908921    11.7610   199.6791    51.9221   351.4001
   2375.00   42250.71  0.0908233    11.7519   198.5160    52.0768   351.3635
   2385.00   42250.47  0.0906275    11.7477   197.1692    52.2732   351.3491
   2395.00   42253.04  0.0905145    11.7440   195.7394    52.4280   351.3021
   2405.00   42255.11  0.0905819    11.7342   194.1590    52.5979   351.2303
   2415.00   42254.68  0.0905037    11.7230   192.4503    52.7080   351.1986
   2425.00   42254.60  0.0905195    11.7181   190.6424    52.8373   351.1525
   2435.00   42256.68  0.0906850    11.7144   188.6938    53.0965   351.0641
   2445.00   42256.73  0.0907711    11.7047   186.8236    53.2542   350.9985
   2455.00   42254.30  0.0909213    11.6976   185.0182    53.4316   350.9410
   2465.00   42253.16  0.0910639    11.6992   183.1954    53.7668   350.8720
   2475.00   42253.54  0.0911908    11.6972   181.5829    54.0343   350.7965
   2485.00   42252.65  0.0913715    11.6919   180.1272    54.3139   350.7206
   2495.00   42249.95  0.0913694    11.6923   178.7261    54.6450   350.6832
   2505.00   42249.72  0.0913905    11.6958   177.4516    54.9552   350.6337
   2515.00   42251.48  0.0914746    11.6956   176.2123    55.3052   350.5599
   2525.00   42250.98  0.0913253    11.6913   175.0049    55.5578   350.5339
   2535.00   42250.05  0.0912152    11.6912   173.7398    55.7926   350.5183
   2545.00   42251.79  0.0911655    11.6929   172.3100    56.1079   350.4722
   2555.00   42254.13  0.0909964    11.6858   170.8605    56.2691   350.4355
   2565.00   42254.14  0.0908908    11.6768   169.2790    56.3937   350.4152
   2575.00   42253.62  0.0907948    11.6736   167.4747    56.6042   350.3927
   2585.00   42255.48  0.0907534    11.6674   165.6731    56.7249   350.3407
   2595.00   42256.99  0.0908276    11.6556   163.8392    56.8434   350.2751
   2605.00   42255.40  0.0908005    11.6462   161.9530    56.9924   350.2426
   2615.00   42253.92  0.0909257    11.6425   160.1584    57.1506   350.1860
   2625.00   42254.68  0.0911885    11.6377   158.4486    57.3941   350.0875
   2635.00   42254.36  0.0912656    11.6290   156.8974    57.5848   350.0246
   2645.00   42251.69  0.0914397    11.6258   155.4552    57.8218   349.9728
   2655.00   42250.28  0.0916890    11.6292   154.0528    58.1979   349.8917
   2665.00   42251.19  0.0917934    11.6270   152.8271    58.4752   349.8191
   2675.00   42251.31  0.0918913    11.6231   151.6207    58.7692   349.7650
   2685.00   42249.60  0.0919132    11.6264   150.2965    59.1604   349.7283
   2695.00   42250.20  0.0919309    11.6287   148.9893    59.4680   349.6792
   2705.00   42253.01  0.0919470    11.6259   147.5837    59.7750   349.6174
   2715.00   42253.58  0.0917341    11.6221   146.0004    60.0632   349.6006
   2725.00   42253.18  0.0916306    11.6221   144.2949    60.3128   349.5823
   2735.00   42254.68  0.0916149    11.6212   142.4601    60.5948   349.5254
   2745.00   42256.81  0.0913683    11.6124   140.6046    60.7580   349.4901
   2755.00   42256.41  0.0912224    11.6050   138.6854    60.9135   349.4732
   2765.00   42254.50  0.0911987    11.6030   136.7312    61.1489   349.4318
   2775.00   42254.75  0.0911234    11.5955   134.9887    61.2562   349.3709
   2785.00   42255.27  0.0911027    11.5840   133.3607    61.3692   349.3141
   2795.00   42252.94  0.0910747    11.5781   131.7821    61.5694   349.2753
   2805.00   42250.82  0.0911940    11.5747   130.4410    61.7145   349.2087
   2815.00   42251.32  0.0914016    11.5683   129.2403    61.8992   349.1113
   2825.00   42251.80  0.0913980    11.5609   128.0765    62.1034   349.0534
   2835.00   42250.35  0.0915665    11.5600   126.9258    62.3362   349.0009
   2845.00   42249.75  0.0918602    11.5626   125.7264    62.6586   348.9108
   2855.00   42251.89  0.0918980    11.5593   124.5111    62.9001   348.8402
   2865.00   42253.28  0.0919590    11.5573   123.0988    63.1872   348.8017
   2875.00   42252.47  0.0920605    11.5624   121.4451    63.5796   348.7596
   2885.00   42253.15  0.0920765    11.5636   119.7635    63.8410   348.7085
   2895.00   42255.75  0.0920304    11.5594   117.9275    64.1044   348.6664
   2905.00   42256.25  0.0918303    11.5575   115.8968    64.4219   348.6574
   2915.00   42255.03  0.0917596    11.5572   113.9090    64.6447   348.6373
   2925.00   42255.02  0.0917454    11.5529   111.9936    64.8485   348.5837
   2935.00   42256.06  0.0914577    11.5430   110.1663    65.0067   348.5562
   2945.00   42255.09  0.0913546    11.5365   108.4469    65.1594   348.5400
   2955.00   42252.26  0.0914534    11.5333   106.8926    65.3502   348.4833
   2965.00   42251.78  0.0913905    11.5234   105.6259    65.4220   348.4147
   2975.00   42252.35  0.0914008    11.5129   104.4304    65.5441   348.3645
   2985.00   42250.77  0.0915304    11.5098   103.2209    65.7898   348.3122
   2995.00   42249.32  0.0917285    11.5066   102.1890    65.9333   348.2317
   3005.00   42250.53  0.0919381    11.4998   101.1259    66.1170   348.1423
   3015.00   42252.31  0.0919788    11.4959    99.8466    66.4128   348.0896
   3025.00   42252.31  0.0922001    11.4976    98.4628    66.6900   348.0343
   3035.00   42252.28  0.0925050    11.4993    96.9458    66.9977   347.9462
   3045.00   42254.76  0.0924538    11.4959    95.2612    67.2829   347.8872
   3055.00   42256.41  0.0924931    11.4961    93.3390    67.6147   347.8611
   3065.00   42255.42  0.0926451    11.5012    91.2682    68.0134   347.8149
   3075.00   42254.92  0.0925785    11.4999    89.3067    68.2535   347.7604
   3085.00   42255.99  0.0924560    11.4951    87.2897    68.5233   347.7346
   3095.00   42255.82  0.0923026    11.4944    85.2386    68.8899   347.7211
   3105.00   42253.52  0.0922368    11.4933    83.4815    69.0980   347.6847
   3115.00   42252.32  0.0921530    11.4863    81.9370    69.2675   347.6332
   3125.00   42252.82  0.0918341    11.4772    80.4913    69.4805   347.6050
   3135.00   42252.33  0.0917518    11.4725    79.2097    69.6601   347.5767
   3145.00   42250.04  0.0918539    11.4681    78.1091    69.8134   347.5073
   3155.00   42249.99  0.0916863    11.4573    77.1455    69.8921   347.4357
   3165.00   42251.56  0.0916546    11.4490    76.0745    70.0397   347.3893
   3175.00   42251.62  0.0918460    11.4477    74.8577    70.2879   347.3252
   3185.00   42251.12  0.0919756    11.4435    73.6948    70.3937   347.2347
   3195.00   42252.72  0.0920894    11.4366    72.3153    70.5560   347.1582
   3205.00   42255.17  0.0921675    11.4355    70.5823    70.8878   347.1068
   3215.00   42255.66  0.0924012    11.4381    68.7796    71.1414   347.0427
   3225.00   42255.01  0.0926488    11.4380    66.9017    71.3830   346.9606
   3235.00   42256.17  0.0925488    11.4353    64.8705    71.6910   346.9127
   3245.00   42256.95  0.0926087    11.4374    62.7797    72.0232   346.8889
   3255.00   42255.24  0.0928116    11.4417    60.7745    72.3678   346.8398
   3265.00   42253.27  0.0926492    11.4383    59.0314    72.5775   346.7895
   3275.00   42253.00  0.0925033    11.4338    57.3435    72.8358   346.7778
   3285.00   42252.92  0.0924522    11.4338    55.7268    73.1944   346.7619
   3295.00   42250.87  0.0923730    11.4303    54.4975    73.3393   346.7135
   3305.00   42249.86  0.0922391    11.4208    53.3865    73.4650   346.6739
   3315.00   42250.92  0.0919869    11.4121    52.2232    73.6990   346.6472
   3325.00   42251.85  0.0920072    11.4078    51.1417    73.8551   346.6014
   3335.00   42251.01  0.0921341    11.4006    50.0893    73.9483   346.5269
   3345.00   42251.52  0.0919720    11.3895    48.9225    74.0533   346.4557
   3355.00   42253.75  0.0920411    11.3840    47.4974    74.2402   346.4037
   3365.00   42254.82  0.0923841    11.3836    45.8765    74.4823   346.3275
   3375.00   42254.38  0.0925019    11.3792    44.2519    74.6041   346.2315
   3385.00   42255.03  0.0926127    11.3745    42.3816    74.8218   346.1681
   3395.00   42256.69  0.0928240    11.3768    40.2543    75.2236   346.1180
   3405.00   42256.63  0.0930795    11.3802    38.2754    75.4929   346.0463
   3415.00   42254.79  0.0932298    11.3788    36.3780    75.7423   345.9800
   3425.00   42254.15  0.0931125    11.3774    34.4433    76.1262   345.9454
   3435.00   42254.21  0.0931844    11.3805    32.6673    76.4836   345.9171
   3445.00   42252.63  0.0933484    11.3820    31.1349    76.7800   345.8662
   3455.00   42250.43  0.0930668    11.3763    29.8160    77.0166   345.8205
   3465.00   42250.05  0.0928886    11.3721    28.5225    77.2958   345.8074
   3475.00   42251.06  0.0929262    11.3717    27.2479    77.6353   345.7777
   3485.00   42250.54  0.0927644    11.3658    26.2210    77.7629   345.7141
   3495.00   42250.39  0.0925644    11.3558    25.0876    77.9047   345.6767
   3505.00   42252.08  0.0923834    11.3493    23.7068    78.1905   345.6448
   3515.00   42254.25  0.0924169    11.3455    22.3481    78.3357   345.5775
   3525.00   42254.41  0.0924525    11.3371    20.8889    78.4171   345.5048
   3535.00   42254.48  0.0922317    11.3272    19.2047    78.5819   345.4399
   3545.00   42255.98  0.0923153    11.3242    17.3495    78.7893   345.3788
   3555.00   42256.83  0.0926450    11.3231    15.4582    78.9779   345.2972
   3565.00   42255.67  0.0926456    11.3178    13.6557    79.0996   345.2033
   3575.00   42254.47  0.0927097    11.3149    11.7662    79.3306   345.1454
   3585.00   42254.70  0.0930118    11.3187     9.8450    79.7042   345.0910
   3595.00   42254.39  0.0932255    11.3210     8.2555    79.9229   345.0095
   3605.00   42252.22  0.0932921    11.3191     6.7809    80.1557   344.9551
   3615.00   42250.85  0.0932309    11.3194     5.2566    80.5671   344.9297
   3625.00   42251.27  0.0933412    11.3228     3.9375    80.8931   344.8919
   3635.00   42251.12  0.0934351    11.3216     2.7728    81.1255   344.8469
   3645.00   42250.02  0.0930983    11.3147     1.5800    81.3888   344.8154
