  -7305.00   42253.66  0.0976619     9.6933   255.0502    86.0554   186.4351
  -7295.00   42253.63  0.0974805     9.7049   253.4178    86.5538   186.0935
  -7285.00   42254.18  0.0973038     9.7139   251.8252    87.1526   185.7039
  -7275.00   42252.69  0.0972825     9.7172   250.3680    87.7108   185.3498
  -7265.00   42250.03  0.0971347     9.7295   249.1884    88.0574   185.0917
  -7255.00   42249.51  0.0969617     9.7461   248.1649    88.4446   184.7864
  -7245.00   42250.01  0.0967953     9.7539   247.2237    88.8946   184.4693
  -7235.00   42248.31  0.0967671     9.7537   246.4206    89.1969   184.2384
  -7225.00   42247.21  0.0967977     9.7585   245.6948    89.4570   183.9948
  -7215.00   42248.72  0.0966618     9.7641   244.9333    89.7622   183.7329
  -7205.00   42250.25  0.0967007     9.7547   244.0265    90.1379   183.4566
  -7195.00   42250.14  0.0969251     9.7430   243.0162    90.4722   183.1841
  -7185.00   42250.50  0.0969609     9.7398   241.8932    90.7531   182.9427
  -7175.00   42253.09  0.0970142     9.7335   240.5315    91.2052   182.6145
  -7165.00   42254.48  0.0972219     9.7187   238.9710    91.7364   182.2553
  -7155.00   42253.47  0.0973586     9.7090   237.3609    92.1477   181.9698
  -7145.00   42253.38  0.0974318     9.7107   235.6932    92.6334   181.6274
  -7135.00   42254.62  0.0974123     9.7110   233.9718    93.2590   181.2232
  -7125.00   42254.02  0.0974545     9.7065   232.3366    93.8156   180.8726
  -7115.00   42251.57  0.0975136     9.7131   230.8726    94.3013   180.5387
  -7105.00   42250.66  0.0973163     9.7303   229.5703    94.8057   180.1954
  -7095.00   42251.11  0.0971824     9.7401   228.3939    95.3538   179.8374
  -7085.00   42249.81  0.0971937     9.7470   227.3939    95.8102   179.5180
  -7075.00   42247.57  0.0970214     9.7638   226.5731    96.1232   179.2761
  -7065.00   42247.84  0.0968689     9.7809   225.7872    96.5075   178.9840
  -7055.00   42249.31  0.0968215     9.7860   224.9699    96.9253   178.6780
  -7045.00   42248.77  0.0968024     9.7870   224.1609    97.1691   178.4703
  -7035.00   42248.42  0.0968314     9.7939   223.2487    97.4346   178.2299
  -7025.00   42250.68  0.0967769     9.7972   222.1546    97.8001   177.9413
  -7015.00   42252.80  0.0968836     9.7854   220.8886    98.1494   177.6748
  -7005.00   42252.85  0.0971034     9.7766   219.4863    98.4807   177.3964
  -6995.00   42252.74  0.0971420     9.7766   217.9606    98.8392   177.1167
  -6985.00   42254.62  0.0972557     9.7693   216.2937    99.3460   176.7692
  -6975.00   42255.17  0.0975033     9.7579   214.6032    99.8745   176.3966
  -6965.00   42253.05  0.0975930     9.7559   212.9897   100.3192   176.0927
  -6955.00   42251.77  0.0976397     9.7639   211.4418   100.8821   175.7265
  -6945.00   42252.01  0.0976817     9.7680   209.9888   101.5471   175.3039
  -6935.00   42251.13  0.0976762     9.7705   208.7349   102.0791   174.9688
  -6925.00   42248.49  0.0976406     9.7870   207.6518   102.5763   174.6450
  -6915.00   42247.88  0.0974266     9.8090   206.6736   103.1370   174.2885
  -6905.00   42249.14  0.0972780     9.8199   205.7863   103.6484   173.9625
  -6895.00   42248.79  0.0972092     9.8315   204.9740   104.0389   173.6800
  -6885.00   42247.63  0.0969587     9.8519   204.1568   104.3619   173.4426
  -6875.00   42248.99  0.0967917     9.8659   203.2341   104.7468   173.1651
  -6865.00   42251.18  0.0967731     9.8673   202.1955   105.1043   172.8792
  -6855.00   42251.34  0.0966882     9.8681   201.0512   105.3215   172.6803
  -6845.00   42251.00  0.0966792     9.8744   199.7307   105.6126   172.4337
  -6835.00   42252.98  0.0966941     9.8727   198.2364   106.0228   172.1132
  -6825.00   42254.70  0.0967793     9.8595   196.6742   106.3551   171.8424
  -6815.00   42253.75  0.0969282     9.8552   195.0687   106.7014   171.5562
  -6805.00   42252.69  0.0969420     9.8593   193.4570   107.1511   171.2236
  -6795.00   42253.42  0.0970539     9.8537   191.9007   107.6677   170.8658
  -6785.00   42253.21  0.0972295     9.8495   190.4881   108.1552   170.5033
  -6775.00   42250.48  0.0972179     9.8588   189.2239   108.6109   170.1895
  -6765.00   42248.85  0.0972333     9.8726   188.0760   109.1741   169.8291
  -6755.00   42249.11  0.0972947     9.8812   187.0615   109.7626   169.4333
  -6745.00   42248.84  0.0972175     9.8908   186.1788   110.2084   169.1376
  -6735.00   42246.93  0.0971409     9.9134   185.3328   110.6614   168.8463
  -6725.00   42247.29  0.0970011     9.9355   184.4525   111.1949   168.5010
  -6715.00   42249.67  0.0968825     9.9448   183.5480   111.6166   168.2160
  -6705.00   42250.33  0.0967962     9.9586   182.5590   111.9441   167.9712
  -6695.00   42250.02  0.0965795     9.9802   181.4154   112.2907   167.7233
  -6685.00   42251.75  0.0964897     9.9899   180.1177   112.6632   167.4544
  -6675.00   42253.91  0.0965051     9.9904   178.7146   112.9680   167.1868
  -6665.00   42253.77  0.0964012     9.9948   177.2088   113.1996   166.9803
  -6655.00   42252.53  0.0964257    10.0016   175.6147   113.5279   166.7221
  -6645.00   42253.20  0.0965409     9.9984   174.0130   113.9372   166.3892
  -6635.00   42253.98  0.0966166     9.9877   172.5001   114.2560   166.1179
  -6625.00   42251.90  0.0967546     9.9888   171.0649   114.6279   165.8298
  -6615.00   42250.20  0.0968427     9.9953   169.7324   115.1498   165.4560
  -6605.00   42250.48  0.0969973     9.9912   168.5618   115.6698   165.0926
  -6595.00   42250.47  0.0971369     9.9935   167.5372   116.1564   164.7440
  -6585.00   42248.26  0.0971032    10.0122   166.5849   116.6914   164.3999
  -6575.00   42247.33  0.0971385    10.0298   165.6732   117.2957   164.0349
  -6565.00   42248.54  0.0971788    10.0429   164.8048   117.8536   163.6640
  -6555.00   42249.24  0.0969975    10.0622   163.8882   118.3088   163.3849
  -6545.00   42248.28  0.0968571    10.0902   162.8567   118.7847   163.1118
  -6535.00   42249.27  0.0967331    10.1124   161.7018   119.2961   162.7855
  -6525.00   42252.16  0.0965292    10.1220   160.4479   119.6595   162.5378
  -6515.00   42252.96  0.0963496    10.1374   159.0498   119.9589   162.3291
  -6505.00   42252.51  0.0961381    10.1567   157.5108   120.3305   162.0693
  -6495.00   42253.55  0.0960583    10.1596   155.9324   120.6720   161.8055
  -6485.00   42254.91  0.0960234    10.1571   154.3720   120.9357   161.5546
  -6475.00   42253.79  0.0958840    10.1635   152.8174   121.2197   161.3174
  -6465.00   42251.54  0.0959324    10.1683   151.3425   121.5951   161.0290
  -6455.00   42251.11  0.0960706    10.1645   150.0336   121.9906   160.6835
  -6445.00   42251.37  0.0960635    10.1603   148.8739   122.3285   160.4000
  -6435.00   42249.07  0.0961472    10.1694   147.8174   122.7433   160.1026
  -6425.00   42247.60  0.0962585    10.1806   146.8713   123.2812   159.7130
  -6415.00   42248.41  0.0963467    10.1818   146.0422   123.7531   159.3678
  -6405.00   42249.24  0.0963836    10.1929   145.2210   124.1951   159.0641
  -6395.00   42248.26  0.0963238    10.2189   144.3273   124.7334   158.7206
  -6385.00   42248.31  0.0963649    10.2375   143.3653   125.2742   158.3830
  -6375.00   42250.60  0.0963558    10.2516   142.3233   125.7225   158.0717
  -6365.00   42251.85  0.0961363    10.2768   141.0828   126.1516   157.8124
  -6355.00   42251.29  0.0960316    10.3046   139.6716   126.6048   157.5567
  -6345.00   42252.00  0.0959777    10.3231   138.1732   127.0373   157.2574
  -6335.00   42254.30  0.0957460    10.3337   136.5928   127.3551   157.0333
  -6325.00   42254.39  0.0955713    10.3508   134.9456   127.6533   156.8414
  -6315.00   42252.91  0.0954553    10.3684   133.3168   128.0311   156.5701
  -6305.00   42252.69  0.0954043    10.3684   131.8303   128.3336   156.3101
  -6295.00   42253.22  0.0953500    10.3670   130.4807   128.5746   156.0807
  -6285.00   42251.54  0.0952517    10.3771   129.2289   128.9079   155.8167
  -6275.00   42249.01  0.0953762    10.3806   128.1522   129.2964   155.5078
  -6265.00   42248.61  0.0955412    10.3768   127.2678   129.6563   155.1711
  -6255.00   42249.29  0.0955206    10.3802   126.4275   130.0338   154.8755
  -6245.00   42247.90  0.0956483    10.3945   125.5874   130.5088   154.5599
  -6235.00   42247.25  0.0958372    10.4085   124.7623   131.0535   154.1646
  -6225.00   42249.01  0.0958804    10.4159   123.8896   131.5278   153.8295
  -6215.00   42250.77  0.0958726    10.4362   122.8421   132.0101   153.5468
  -6205.00   42250.72  0.0958314    10.4682   121.6137   132.5960   153.2007
  -6195.00   42251.10  0.0958444    10.4887   120.2728   133.1204   152.8810
  -6185.00   42253.57  0.0957245    10.5062   118.8026   133.5354   152.6250
  -6175.00   42254.43  0.0954434    10.5372   117.1417   133.9988   152.3742
  -6165.00   42253.30  0.0953256    10.5637   115.4247   134.4553   152.1281
  -6155.00   42252.98  0.0952226    10.5766   113.7990   134.8128   151.8647
  -6145.00   42253.95  0.0948991    10.5888   112.1921   135.1289   151.6525
  -6135.00   42253.24  0.0947014    10.6048   110.6698   135.4543   151.4583
  -6125.00   42250.89  0.0946405    10.6167   109.3513   135.8160   151.1734
  -6115.00   42250.08  0.0945297    10.6142   108.2543   136.0968   150.9067
  -6105.00   42250.62  0.0944240    10.6146   107.2886   136.3571   150.6792
  -6095.00   42249.33  0.0943649    10.6276   106.3987   136.7470   150.3799
  -6085.00   42247.52  0.0944941    10.6313   105.6433   137.1375   150.0473
  -6075.00   42248.05  0.0945875    10.6304   104.9521   137.4683   149.7298
  -6065.00   42249.54  0.0945187    10.6446   104.1156   137.8901   149.4277
  -6055.00   42249.35  0.0946485    10.6650   103.1562   138.3865   149.1074
  -6045.00   42249.37  0.0948209    10.6812   102.1304   138.8628   148.7424
  -6035.00   42251.58  0.0947487    10.6966   100.9094   139.3001   148.4449
  -6025.00   42253.65  0.0946979    10.7234    99.4466   139.7735   148.1950
  -6015.00   42253.56  0.0946914    10.7563    97.8477   140.3108   147.8768
  -6005.00   42253.32  0.0946480    10.7754    96.2216   140.7450   147.5921
  -5995.00   42254.83  0.0944712    10.7939    94.5362   141.1034   147.3863
  -5985.00   42254.84  0.0942226    10.8255    92.8025   141.5540   147.1471
  -5975.00   42252.79  0.0941660    10.8479    91.2091   141.9677   146.9007
  -5965.00   42251.45  0.0940501    10.8560    89.8557   142.2450   146.6696
  -5955.00   42251.51  0.0937389    10.8711    88.5781   142.5651   146.4582
  -5945.00   42250.78  0.0936217    10.8875    87.4420   142.9162   146.2493
  -5935.00   42248.55  0.0936407    10.8952    86.5659   143.2313   145.9631
  -5925.00   42248.10  0.0935038    10.8952    85.8042   143.5042   145.6984
  -5915.00   42249.44  0.0934184    10.9000    85.0405   143.7985   145.4716
  -5905.00   42249.31  0.0934645    10.9149    84.2479   144.2122   145.1556
  -5895.00   42248.66  0.0936010    10.9194    83.4622   144.5887   144.8140
  -5885.00   42250.04  0.0936634    10.9224    82.5620   144.9175   144.5183
  -5875.00   42252.17  0.0936369    10.9446    81.3730   145.3972   144.2092
  -5865.00   42252.59  0.0938311    10.9688    80.0164   145.9259   143.8743
  -5855.00   42252.44  0.0939884    10.9864    78.5914   146.3712   143.5363
  -5845.00   42253.94  0.0938601    11.0110    76.9390   146.8485   143.2596
  -5835.00   42255.31  0.0938203    11.0446    75.1330   147.3832   143.0182
  -5825.00   42254.33  0.0938413    11.0779    73.3830   147.9085   142.7213
  -5815.00   42252.97  0.0936699    11.0986    71.7416   148.3261   142.4693
  -5805.00   42253.26  0.0934035    11.1199    70.1656   148.7043   142.2970
  -5795.00   42252.78  0.0931549    11.1508    68.6962   149.1719   142.0696
  -5785.00   42250.57  0.0930446    11.1673    67.5066   149.5487   141.8220
  -5775.00   42249.08  0.0928201    11.1706    66.5595   149.7875   141.6164
  -5765.00   42249.35  0.0924787    11.1856    65.6334   150.1293   141.3983
  -5755.00   42249.42  0.0924139    11.1997    64.7946   150.5026   141.1544
  -5745.00   42248.15  0.0924215    11.2016    64.1315   150.7723   140.8611
  -5735.00   42248.49  0.0922326    11.2058    63.3698   151.0679   140.5876
  -5725.00   42250.66  0.0921695    11.2171    62.4376   151.4255   140.3422
  -5715.00   42251.51  0.0922863    11.2343    61.4037   151.8435   140.0122
  -5705.00   42251.57  0.0923378    11.2437    60.2605   152.2103   139.6795
  -5695.00   42252.90  0.0923136    11.2548    58.9198   152.5503   139.4155
  -5685.00   42254.80  0.0922986    11.2847    57.3126   153.0502   139.1231
  -5675.00   42254.98  0.0924627    11.3110    55.6613   153.5377   138.8029
  -5665.00   42253.85  0.0925109    11.3284    54.0578   153.9021   138.5197
  -5655.00   42253.95  0.0923238    11.3582    52.3350   154.3593   138.2799
  -5645.00   42254.28  0.0923212    11.3929    50.6470   154.8710   138.0499
  -5635.00   42252.60  0.0923604    11.4199    49.2159   155.2949   137.7814
  -5625.00   42250.62  0.0921201    11.4405    47.9300   155.6669   137.5590
  -5615.00   42250.35  0.0918751    11.4630    46.7405   156.0434   137.3990
  -5605.00   42250.31  0.0917429    11.4909    45.6933   156.4801   137.1739
  -5595.00   42249.00  0.0916103    11.5035    44.8667   156.8086   136.9276
  -5585.00   42248.16  0.0913597    11.5068    44.1279   157.0337   136.7391
  -5575.00   42249.32  0.0910788    11.5237    43.2625   157.3953   136.5224
  -5565.00   42250.54  0.0910937    11.5368    42.3895   157.7576   136.2532
  -5555.00   42250.35  0.0910903    11.5363    41.5454   157.9863   135.9706
  -5545.00   42251.07  0.0908997    11.5449    40.4411   158.2989   135.7027
  -5535.00   42253.30  0.0909350    11.5620    39.0979   158.7040   135.4379
  -5525.00   42254.38  0.0911383    11.5786    37.6974   159.0972   135.1037
  -5515.00   42254.12  0.0911644    11.5927    36.1737   159.4745   134.7821
  -5505.00   42254.24  0.0911486    11.6124    34.5086   159.8712   134.5306
  -5495.00   42255.09  0.0912377    11.6476    32.7514   160.4064   134.2429
  -5485.00   42254.58  0.0913823    11.6765    31.1239   160.8949   133.9321
  -5475.00   42252.47  0.0913448    11.6974    29.6550   161.2685   133.6883
  -5465.00   42251.48  0.0911371    11.7328    28.1649   161.7746   133.4761
  -5455.00   42251.39  0.0911492    11.7685    26.8395   162.3012   133.2474
  -5445.00   42250.08  0.0911098    11.7900    25.8158   162.6796   133.0077
  -5435.00   42248.48  0.0907608    11.8108    24.8332   163.0687   132.8118
  -5425.00   42248.58  0.0905058    11.8338    23.8642   163.4878   132.6497
  -5415.00   42249.62  0.0904099    11.8547    22.9983   163.8900   132.4172
  -5405.00   42249.66  0.0901708    11.8633    22.1625   164.2107   132.1705
  -5395.00   42249.60  0.0898611    11.8671    21.2359   164.4700   131.9798
  -5385.00   42251.34  0.0896523    11.8848    20.0855   164.8647   131.7470
  -5375.00   42253.15  0.0896533    11.8966    18.8890   165.2153   131.4484
  -5365.00   42253.36  0.0895874    11.8971    17.6439   165.4395   131.1700
  -5355.00   42253.47  0.0893744    11.9125    16.1142   165.7950   130.9120
  -5345.00   42254.74  0.0894730    11.9365    14.4710   166.2244   130.6274
  -5335.00   42255.32  0.0896598    11.9540    12.9272   166.5730   130.3077
  -5325.00   42254.11  0.0895955    11.9736    11.3502   166.9410   130.0225
  -5315.00   42252.87  0.0895688    12.0019     9.7625   167.3702   129.7932
  -5305.00   42252.75  0.0896988    12.0379     8.3029   167.8585   129.5272
  -5295.00   42252.03  0.0897509    12.0654     7.0567   168.2866   129.2499
  -5285.00   42249.87  0.0896206    12.0876     5.9631   168.6366   129.0479
  -5275.00   42248.73  0.0894402    12.1232     4.8480   169.1262   128.8616
  -5265.00   42249.15  0.0894602    12.1548     3.8924   169.5887   128.6334
  -5255.00   42249.14  0.0893657    12.1703     3.1074   169.8941   128.4170
  -5245.00   42248.45  0.0890042    12.1900     2.1685   170.2727   128.2412
  -5235.00   42249.25  0.0888448    12.2138     1.1216   170.6940   128.0634
  -5225.00   42251.34  0.0888069    12.2289     0.1022   171.0295   127.8257
  -5215.00   42252.33  0.0885543    12.2365   358.9347   171.3377   127.5878
  -5205.00   42252.43  0.0882875    12.2448   357.5750   171.6397   127.3959
  -5195.00   42253.69  0.0882115    12.2633   356.0568   172.0278   127.1523
  -5185.00   42255.07  0.0882090    12.2748   354.5397   172.3631   126.8485
  -5175.00   42254.83  0.0881254    12.2785   353.0372   172.5966   126.5827
  -5165.00   42253.49  0.0879850    12.2997   351.3709   172.9956   126.3348
  -5155.00   42253.35  0.0881526    12.3274   349.8154   173.4233   126.0336
  -5145.00   42253.37  0.0883386    12.3456   348.4997   173.7441   125.7263
  -5135.00   42251.57  0.0882522    12.3700   347.1909   174.1405   125.4705
  -5125.00   42249.84  0.0883113    12.4067   345.9341   174.6288   125.2409
  -5115.00   42249.64  0.0884905    12.4431   344.8772   175.1011   124.9845
  -5105.00   42249.66  0.0884744    12.4705   343.9328   175.5341   124.7373
  -5095.00   42248.45  0.0883017    12.4977   342.9772   175.9567   124.5616
  -5085.00   42247.90  0.0881655    12.5338   341.9290   176.4799   124.3890
  -5075.00   42249.24  0.0881161    12.5606   340.9343   176.9367   124.1655
  -5065.00   42250.56  0.0878962    12.5722   339.9337   177.2517   123.9690
  -5055.00   42250.52  0.0874952    12.5905   338.6381   177.6780   123.8061
  -5045.00   42251.50  0.0873557    12.6120   337.2326   178.1111   123.6016
  -5035.00   42253.78  0.0872634    12.6205   335.8640   178.4078   123.3505
  -5025.00   42254.74  0.0869507    12.6265   334.3153   178.7276   123.1139
  -5015.00   42254.12  0.0867374    12.6406   332.6407   179.0887   122.9007
  -5005.00   42254.08  0.0867340    12.6597   331.0256   179.4564   122.6335
  -4995.00   42254.42  0.0866911    12.6729   329.5179   179.7883   122.3302
  -4985.00   42253.52  0.0865703    12.6845   328.1183   180.0623   122.0791
  -4975.00   42251.11  0.0865076    12.7132   326.7091   180.4889   121.8430
  -4965.00   42250.13  0.0866391    12.7439   325.5373   180.8969   121.5505
  -4955.00   42250.33  0.0867243    12.7635   324.6204   181.1815   121.2774
  -4945.00   42248.93  0.0865857    12.7914   323.6243   181.5906   121.0687
  -4935.00   42247.75  0.0866648    12.8306   322.6680   182.0586   120.8498
  -4925.00   42248.32  0.0868025    12.8621   321.8423   182.4511   120.6117
  -4915.00   42249.60  0.0866909    12.8849   320.9321   182.8372   120.4020
  -4905.00   42249.61  0.0865440    12.9138   319.8326   183.2715   120.2388
  -4895.00   42249.67  0.0864858    12.9465   318.5912   183.7455   120.0651
  -4885.00   42251.51  0.0864081    12.9668   317.2991   184.1490   119.8457
  -4875.00   42253.37  0.0861623    12.9779   315.8875   184.4641   119.6612
  -4865.00   42253.17  0.0858557    12.9971   314.1949   184.9000   119.5035
  -4855.00   42253.27  0.0857743    13.0171   312.5139   185.3066   119.2809
  -4845.00   42254.62  0.0856607    13.0232   310.9691   185.5677   119.0302
  -4835.00   42254.82  0.0853604    13.0302   309.3357   185.8956   118.8104
  -4825.00   42253.10  0.0852600    13.0496   307.7549   186.2760   118.5828
  -4815.00   42251.76  0.0853111    13.0684   306.4306   186.6044   118.3033
  -4805.00   42251.55  0.0852619    13.0816   305.2684   186.9204   118.0124
  -4795.00   42250.64  0.0851906    13.1011   304.2037   187.2442   117.7704
  -4785.00   42248.31  0.0852556    13.1346   303.1893   187.6738   117.5312
  -4775.00   42247.56  0.0854020    13.1666   302.3397   188.0821   117.2447
  -4765.00   42248.72  0.0854473    13.1899   301.5899   188.3910   116.9965
  -4755.00   42248.50  0.0853769    13.2233   300.5989   188.8568   116.8151
  -4745.00   42248.24  0.0854920    13.2648   299.5537   189.3469   116.6013
  -4735.00   42249.59  0.0855784    13.2937   298.5097   189.7363   116.3782
  -4725.00   42251.83  0.0853958    13.3146   297.1990   190.1681   116.2054
  -4715.00   42252.44  0.0852828    13.3453   295.6523   190.6592   116.0465
  -4705.00   42252.32  0.0852290    13.3736   294.0211   191.1305   115.8637
  -4695.00   42253.74  0.0850525    13.3861   292.3560   191.5376   115.6507
  -4685.00   42254.99  0.0847633    13.3977   290.6131   191.9165   115.4666
  -4675.00   42253.96  0.0845147    13.4170   288.7944   192.3736   115.2926
  -4665.00   42252.68  0.0844093    13.4335   287.1796   192.7724   115.0441
  -4655.00   42252.85  0.0842161    13.4395   285.8072   193.0456   114.7871
  -4645.00   42252.55  0.0839307    13.4508   284.4426   193.4088   114.5729
  -4635.00   42250.38  0.0838938    13.4758   283.2634   193.7936   114.3262
  -4625.00   42248.73  0.0839213    13.4965   282.3722   194.0942   114.0407
  -4615.00   42249.06  0.0838147    13.5117   281.5432   194.4099   113.7790
  -4605.00   42248.92  0.0837858    13.5401   280.6981   194.7711   113.5541
  -4595.00   42247.54  0.0838875    13.5767   279.8558   195.1700   113.3233
  -4585.00   42247.67  0.0839721    13.6060   279.0127   195.5457   113.0642
  -4575.00   42249.84  0.0839416    13.6316   278.0587   195.8721   112.8534
  -4565.00   42250.78  0.0839127    13.6664   276.7907   196.3253   112.6951
  -4555.00   42250.90  0.0840084    13.7038   275.4198   196.7738   112.4907
  -4545.00   42252.29  0.0840054    13.7272   273.9968   197.1199   112.2832
  -4535.00   42254.52  0.0838148    13.7458   272.2837   197.5470   112.1356
  -4525.00   42254.71  0.0837596    13.7755   270.4673   198.0062   111.9734
  -4515.00   42253.46  0.0837222    13.7991   268.7244   198.4173   111.7754
  -4505.00   42253.66  0.0835164    13.8066   267.0336   198.8014   111.5739
  -4495.00   42253.89  0.0832974    13.8210   265.3984   199.1930   111.3904
  -4485.00   42252.13  0.0831543    13.8420   263.8891   199.6189   111.2001
  -4475.00   42249.95  0.0830600    13.8553   262.6655   199.9881   110.9446
  -4465.00   42249.73  0.0828656    13.8639   261.6566   200.2816   110.6959
  -4455.00   42249.92  0.0826742    13.8803   260.6589   200.6568   110.4884
  -4445.00   42248.33  0.0827040    13.9076   259.8251   201.0220   110.2318
  -4435.00   42247.38  0.0827220    13.9290   259.1416   201.3076   109.9478
  -4425.00   42248.89  0.0826347    13.9470   258.3252   201.6453   109.7119
  -4415.00   42249.91  0.0827085    13.9819   257.3740   202.0220   109.4938
  -4405.00   42249.50  0.0828654    14.0208   256.3282   202.4040   109.2594
  -4395.00   42250.20  0.0829377    14.0481   255.1203   202.7886   109.0240
  -4385.00   42252.64  0.0829469    14.0786   253.6778   203.1814   108.8388
  -4375.00   42253.84  0.0829994    14.1165   251.9826   203.6560   108.6880
  -4365.00   42253.25  0.0830893    14.1499   250.2393   204.1213   108.4898
  -4355.00   42253.66  0.0830172    14.1708   248.4853   204.5240   108.3008
  -4345.00   42255.04  0.0828446    14.1893   246.5926   205.0108   108.1683
  -4335.00   42254.30  0.0827927    14.2166   244.8200   205.4898   107.9976
  -4325.00   42251.96  0.0826816    14.2345   243.2808   205.9093   107.7815
  -4315.00   42251.31  0.0824150    14.2383   241.8538   206.3399   107.5844
  -4305.00   42251.34  0.0822223    14.2544   240.5896   206.7584   107.3909
  -4295.00   42249.65  0.0820940    14.2766   239.5249   207.1705   107.1667
  -4285.00   42247.67  0.0819468    14.2874   238.6576   207.5393   106.9022
  -4275.00   42248.09  0.0817562    14.3012   237.8554   207.8697   106.6600
  -4265.00   42249.36  0.0816351    14.3258   236.9835   208.2481   106.4505
  -4255.00   42248.75  0.0816667    14.3555   236.1526   208.5909   106.1922
  -4245.00   42248.72  0.0816340    14.3793   235.2681   208.8819   105.9296
  -4235.00   42251.14  0.0815596    14.4021   234.1032   209.2418   105.7303
  -4225.00   42252.86  0.0816585    14.4402   232.7871   209.5962   105.5312
  -4215.00   42252.64  0.0817642    14.4769   231.3601   209.9415   105.3072
  -4205.00   42252.94  0.0817672    14.4992   229.7418   210.3218   105.1069
  -4195.00   42254.66  0.0817936    14.5297   227.9879   210.7100   104.9454
  -4185.00   42255.10  0.0818557    14.5661   226.1844   211.1348   104.7903
  -4175.00   42253.13  0.0818944    14.5910   224.4716   211.5562   104.5944
  -4165.00   42252.26  0.0818088    14.6095   222.8427   211.9606   104.4176
  -4155.00   42252.81  0.0817033    14.6291   221.2532   212.4231   104.2853
  -4145.00   42251.58  0.0816799    14.6535   219.9130   212.8530   104.1009
  -4135.00   42249.13  0.0815506    14.6684   218.7922   213.2498   103.8796
  -4125.00   42248.67  0.0813337    14.6729   217.7171   213.6884   103.6936
  -4115.00   42249.60  0.0812220    14.6918   216.7806   214.0788   103.4998
  -4105.00   42248.88  0.0811200    14.7143   215.9415   214.4579   103.2567
  -4095.00   42247.79  0.0809736    14.7234   215.0936   214.8291   103.0007
  -4085.00   42249.25  0.0808584    14.7410   214.1564   215.1669   102.7729
  -4075.00   42251.43  0.0808199    14.7716   213.0694   215.5262   102.5548
  -4065.00   42251.38  0.0808626    14.8006   211.9138   215.8499   102.2955
  -4055.00   42251.51  0.0808569    14.8266   210.5864   216.1615   102.0514
  -4045.00   42253.74  0.0808812    14.8561   208.9916   216.5388   101.8705
  -4035.00   42255.13  0.0810393    14.8968   207.3546   216.8792   101.6776
  -4025.00   42254.15  0.0811430    14.9326   205.6789   217.2362   101.4620
  -4015.00   42253.24  0.0811818    14.9548   203.8958   217.6703   101.2908
  -4005.00   42253.96  0.0812807    14.9866   202.1810   218.0828   101.1479
  -3995.00   42253.58  0.0813483    15.0213   200.5909   218.5249   100.9832
  -3985.00   42250.77  0.0813404    15.0389   199.1462   218.9977   100.7932
  -3975.00   42249.49  0.0812698    15.0551   197.8270   219.4656   100.6263
  -3965.00   42250.16  0.0811894    15.0757   196.6113   219.9561   100.4795
  -3955.00   42249.32  0.0811131    15.0949   195.6074   220.4040   100.2716
  -3945.00   42247.76  0.0809307    15.1074   194.6701   220.8447   100.0420
  -3935.00   42248.22  0.0807404    15.1152   193.6563   221.3166    99.8531
  -3925.00   42250.31  0.0806388    15.1375   192.7028   221.6919    99.6449
  -3915.00   42250.67  0.0804943    15.1614   191.6867   222.0662    99.3857
  -3905.00   42250.20  0.0803406    15.1729   190.4883   222.4630    99.1425
  -3895.00   42252.22  0.0802805    15.1965   189.1678   222.7857    98.9362
  -3885.00   42254.32  0.0802533    15.2328   187.7076   223.1217    98.7145
  -3875.00   42253.88  0.0802472    15.2605   186.1719   223.4449    98.4712
  -3865.00   42253.16  0.0802519    15.2867   184.5280   223.7650    98.2628
  -3855.00   42254.28  0.0803134    15.3208   182.7976   224.1252    98.1005
  -3845.00   42254.68  0.0804268    15.3584   181.2101   224.4322    97.9154
  -3835.00   42252.72  0.0804704    15.3884   179.6909   224.7832    97.7151
  -3825.00   42250.92  0.0805275    15.4091   178.1806   225.2153    97.5657
  -3815.00   42251.25  0.0806392    15.4389   176.8942   225.5736    97.4293
  -3805.00   42250.88  0.0806653    15.4688   175.7506   225.9778    97.2501
  -3795.00   42248.37  0.0806402    15.4807   174.6558   226.4505    97.0648
  -3785.00   42247.74  0.0806310    15.4955   173.6386   226.8819    96.9076
  -3775.00   42249.28  0.0805884    15.5182   172.6382   227.3265    96.7426
  -3765.00   42249.48  0.0804919    15.5333   171.6662   227.7579    96.5230
  -3755.00   42248.93  0.0803498    15.5447   170.5815   228.1947    96.3006
  -3745.00   42250.23  0.0802488    15.5582   169.3214   228.6425    96.1150
  -3735.00   42252.88  0.0801680    15.5819   168.0605   228.9815    95.8974
  -3725.00   42253.66  0.0800258    15.6057   166.6469   229.3489    95.6383
  -3715.00   42252.86  0.0799410    15.6202   165.0313   229.7575    95.4117
  -3705.00   42254.23  0.0799604    15.6486   163.4364   230.0371    95.2181
  -3695.00   42255.35  0.0799590    15.6875   161.8109   230.3526    94.9905
  -3685.00   42253.90  0.0799697    15.7144   160.1922   230.7011    94.7588
  -3675.00   42252.02  0.0800745    15.7423   158.6411   231.0145    94.5791
  -3665.00   42252.05  0.0802143    15.7816   157.1710   231.3642    94.4188
  -3655.00   42252.01  0.0803300    15.8170   155.9124   231.6899    94.2350
  -3645.00   42249.86  0.0804118    15.8428   154.7166   232.0862    94.0527
  -3635.00   42248.38  0.0805545    15.8657   153.5353   232.5493    93.9172
  -3625.00   42249.32  0.0806825    15.8940   152.5525   232.9197    93.7784
  -3615.00   42249.83  0.0806741    15.9179   151.5604   233.3755    93.5887
  -3605.00   42248.38  0.0806644    15.9265   150.4367   233.9249    93.4070
  -3595.00   42248.73  0.0806844    15.9406   149.3249   234.3653    93.2511
  -3585.00   42251.00  0.0806035    15.9635   148.1115   234.8290    93.0573
  -3575.00   42251.89  0.0804442    15.9756   146.7597   235.3228    92.8219
  -3565.00   42251.51  0.0803208    15.9871   145.2622   235.7778    92.6041
  -3555.00   42252.73  0.0802370    16.0087   143.6395   236.2049    92.4086
  -3545.00   42254.88  0.0801008    16.0350   142.0552   236.5400    92.1788
  -3535.00   42255.03  0.0799379    16.0596   140.3814   236.9176    91.9289
  -3525.00   42253.30  0.0799133    16.0809   138.6554   237.3126    91.7260
  -3515.00   42253.45  0.0799404    16.1139   137.1643   237.5392    91.5470
  -3505.00   42253.67  0.0799063    16.1522   135.7538   237.8345    91.3298
  -3495.00   42251.59  0.0799253    16.1770   134.3919   238.2133    91.1238
  -3485.00   42249.31  0.0800706    16.2040   133.2440   238.4798    90.9753
  -3475.00   42249.12  0.0801934    16.2423   132.2019   238.7934    90.8166
  -3465.00   42249.60  0.0802416    16.2708   131.2640   239.1397    90.6323
  -3455.00   42248.15  0.0803357    16.2897   130.3054   239.5270    90.4671
  -3445.00   42247.73  0.0804961    16.3135   129.2878   239.9439    90.3312
  -3435.00   42249.66  0.0805722    16.3387   128.3342   240.2754    90.1781
  -3425.00   42251.21  0.0805355    16.3567   127.1827   240.7242    89.9824
  -3415.00   42250.75  0.0805846    16.3661   125.7798   241.2527    89.8065
  -3405.00   42251.46  0.0806358    16.3819   124.3796   241.6172    89.6510
  -3395.00   42253.65  0.0805452    16.4044   122.8178   242.0455    89.4432
  -3385.00   42254.39  0.0804163    16.4157   121.0625   242.5662    89.2091
  -3375.00   42253.20  0.0803787    16.4281   119.3132   242.9735    89.0085
  -3365.00   42253.25  0.0803299    16.4551   117.5912   243.3522    88.8068
  -3355.00   42254.31  0.0801774    16.4816   115.9993   243.6992    88.5699
  -3345.00   42253.48  0.0800705    16.5046   114.4586   244.0797    88.3341
  -3335.00   42251.16  0.0801311    16.5324   113.0444   244.4299    88.1435
  -3325.00   42250.62  0.0801701    16.5688   111.9654   244.6149    87.9645
  -3315.00   42250.93  0.0801504    16.6056   110.9481   244.9074    87.7528
  -3305.00   42249.34  0.0802814    16.6316   109.9098   245.3028    87.5673
  -3295.00   42247.70  0.0805078    16.6608   109.0809   245.5227    87.4371
  -3285.00   42248.18  0.0806618    16.6983   108.2170   245.8255    87.2791
  -3275.00   42249.74  0.0807497    16.7223   107.2055   246.2595    87.0974
  -3265.00   42249.26  0.0809378    16.7371   106.0818   246.6692    86.9515
  -3255.00   42249.60  0.0811321    16.7614   104.8020   247.1003    86.8103
  -3245.00   42251.99  0.0811569    16.7831   103.4451   247.5044    86.6374
  -3235.00   42253.75  0.0811219    16.7944   101.8161   248.0341    86.4369
  -3225.00   42253.40  0.0812010    16.8063   100.0008   248.5869    86.2567
  -3215.00   42253.37  0.0811961    16.8249    98.3034   248.9465    86.0846
  -3205.00   42254.60  0.0810300    16.8466    96.5241   249.4039    85.8582
  -3195.00   42254.53  0.0809271    16.8605    94.6591   249.9673    85.6251
  -3185.00   42252.30  0.0809086    16.8780    93.0571   250.3166    85.4367
  -3175.00   42251.22  0.0808221    16.9104    91.6257   250.6500    85.2308
  -3165.00   42251.65  0.0806445    16.9382    90.3322   251.0336    84.9971
  -3155.00   42250.57  0.0806010    16.9602    89.1790   251.3906    84.7910
  -3145.00   42248.63  0.0806789    16.9932    88.1949   251.6812    84.6174
  -3135.00   42248.39  0.0806583    17.0295    87.4492   251.8542    84.4431
  -3125.00   42249.60  0.0806215    17.0592    86.6124   252.1686    84.2468
  -3115.00   42249.18  0.0808064    17.0846    85.6563   252.5381    84.0830
  -3105.00   42248.51  0.0809954    17.1125    84.8141   252.7033    83.9599
  -3095.00   42249.79  0.0810680    17.1443    83.7790   252.9819    83.7976
  -3085.00   42252.04  0.0811807    17.1632    82.4035   253.4554    83.6180
  -3075.00   42252.12  0.0813937    17.1754    80.9479   253.8061    83.4822
  -3065.00   42252.19  0.0815564    17.1993    79.3500   254.1691    83.3336
  -3055.00   42254.01  0.0815318    17.2184    77.6237   254.6031    83.1432
  -3045.00   42255.11  0.0815491    17.2258    75.7473   255.1171    82.9497
  -3035.00   42254.01  0.0816686    17.2411    73.8779   255.6033    82.7712
  -3025.00   42252.68  0.0816169    17.2626    72.2722   255.9223    82.5867
  -3015.00   42252.83  0.0814455    17.2817    70.6833   256.3788    82.3578
  -3005.00   42252.26  0.0814380    17.2982    69.1375   256.9145    82.1352
  -2995.00   42249.82  0.0814441    17.3202    67.9905   257.1830    81.9546
  -2985.00   42248.50  0.0813339    17.3541    67.0077   257.4676    81.7468
  -2975.00   42249.26  0.0812177    17.3821    66.0239   257.8832    81.5174
  -2965.00   42249.08  0.0812763    17.4048    65.1685   258.1818    81.3343
  -2955.00   42248.13  0.0813886    17.4413    64.3751   258.4096    81.1689
  -2945.00   42248.71  0.0813611    17.4780    63.5934   258.6080    80.9910
  -2935.00   42250.87  0.0814225    17.5027    62.5601   258.9445    80.8116
  -2925.00   42251.49  0.0817041    17.5298    61.3373   259.2833    80.6629
  -2915.00   42251.24  0.0818969    17.5586    60.1349   259.4429    80.5390
  -2905.00   42252.52  0.0819620    17.5842    58.6439   259.7787    80.3730
  -2895.00   42254.36  0.0821937    17.6007    56.8183   260.3065    80.1995
  -2885.00   42254.12  0.0824508    17.6126    55.0568   260.6584    80.0662
  -2875.00   42253.01  0.0825576    17.6351    53.2874   261.0319    79.9042
  -2865.00   42253.50  0.0825359    17.6518    51.4224   261.5877    79.6955
  -2855.00   42253.77  0.0825994    17.6578    49.6494   262.1263    79.5034
  -2845.00   42252.03  0.0826942    17.6768    48.0833   262.5818    79.3197
  -2835.00   42250.09  0.0825302    17.7022    46.8074   262.9488    79.1130
  -2825.00   42249.99  0.0823413    17.7204    45.5818   263.4375    78.8844
  -2815.00   42249.85  0.0823710    17.7416    44.4494   263.9217    78.6754
  -2805.00   42248.24  0.0823115    17.7703    43.6638   264.1284    78.5002
  -2795.00   42247.55  0.0821224    17.8043    42.8825   264.3954    78.2984
  -2785.00   42249.07  0.0820769    17.8319    41.9131   264.8159    78.0888
  -2775.00   42250.13  0.0821753    17.8553    41.0054   265.0395    77.9331
  -2765.00   42250.03  0.0822430    17.8910    40.0251   265.2087    77.7812
  -2755.00   42250.99  0.0821856    17.9233    38.8327   265.4723    77.6037
  -2745.00   42253.35  0.0823042    17.9411    37.3899   265.8037    77.4431
  -2735.00   42254.21  0.0825825    17.9658    35.8117   266.0955    77.3036
  -2725.00   42253.52  0.0826683    17.9932    34.2766   266.2640    77.1663
  -2715.00   42253.74  0.0826948    18.0112    32.5281   266.6352    76.9951
  -2705.00   42254.45  0.0829594    18.0262    30.6559   267.1215    76.8248
  -2695.00   42253.60  0.0831762    18.0401    29.0479   267.4005    76.6875
  -2685.00   42251.42  0.0831818    18.0610    27.5461   267.7415    76.5138
  -2675.00   42250.79  0.0832105    18.0769    25.9999   268.3024    76.3024
  -2665.00   42250.92  0.0833334    18.0840    24.6853   268.7611    76.1204
  -2655.00   42249.52  0.0834035    18.1055    23.6065   269.1198    75.9400
  -2645.00   42248.05  0.0832146    18.1321    22.6330   269.5222    75.7220
  -2635.00   42248.50  0.0830956    18.1484    21.6436   269.9946    75.5040
  -2625.00   42249.54  0.0831845    18.1718    20.6790   270.3955    75.3097
  -2615.00   42249.28  0.0830721    18.2052    19.8751   270.5748    75.1304
  -2605.00   42249.31  0.0828725    18.2372    18.8883   270.8551    74.9314
  -2595.00   42251.22  0.0829339    18.2648    17.6241   271.2442    74.7379
  -2585.00   42252.97  0.0830735    18.2918    16.3991   271.3906    74.5962
  -2575.00   42252.95  0.0831192    18.3274    15.0499   271.5246    74.4495
  -2565.00   42253.17  0.0831508    18.3570    13.4195   271.8477    74.2752
  -2555.00   42254.61  0.0833980    18.3725    11.7069   272.1536    74.1318
  -2545.00   42254.87  0.0837331    18.3960    10.0162   272.4085    74.0015
  -2535.00   42253.34  0.0838062    18.4218     8.4125   272.6672    73.8483
  -2525.00   42252.19  0.0839097    18.4336     6.7478   273.1165    73.6752
  -2515.00   42252.04  0.0842359    18.4468     5.1530   273.6125    73.5057
  -2505.00   42251.22  0.0843908    18.4636     3.9074   273.9137    73.3524
  -2495.00   42248.98  0.0843146    18.4822     2.7312   274.3410    73.1600
  -2485.00   42248.22  0.0843714    18.4985     1.5040   274.9399    72.9441
  -2475.00   42249.07  0.0844748    18.5103     0.5041   275.3556    72.7640
  -2465.00   42248.83  0.0844158    18.5360   359.6206   275.6792    72.5799
  -2455.00   42248.38  0.0842071    18.5647   358.5900   276.1405    72.3583
  -2445.00   42249.46  0.0841253    18.5822   357.4750   276.5801    72.1576
  -2435.00   42251.51  0.0841994    18.6085   356.3295   276.8776    71.9864
  -2425.00   42252.25  0.0840087    18.6445   355.1417   277.0784    71.8079
  -2415.00   42252.22  0.0838184    18.6724   353.7130   277.3852    71.6222
  -2405.00   42253.59  0.0839456    18.6970   352.0880   277.7246    71.4535
  -2395.00   42255.01  0.0840303    18.7251   350.5873   277.8262    71.3202
  -2385.00   42254.34  0.0839916    18.7557   349.0306   277.9787    71.1732
  -2375.00   42253.16  0.0840696    18.7794   347.3091   278.3397    71.0031
  -2365.00   42253.21  0.0843209    18.7927   345.7555   278.5914    70.8678
  -2355.00   42252.99  0.0845698    18.8141   344.3870   278.7824    70.7374
  -2345.00   42251.18  0.0845900    18.8370   343.0779   279.1058    70.5677
  -2335.00   42249.38  0.0847170    18.8452   341.8174   279.5399    70.3951
  -2325.00   42249.37  0.0850385    18.8571   340.6860   279.9480    70.2329
  -2315.00   42249.49  0.0850843    18.8772   339.7806   280.2317    70.0654
  -2305.00   42248.17  0.0849915    18.8934   338.7908   280.6742    69.8675
  -2295.00   42247.99  0.0850952    18.9088   337.6594   281.2263    69.6598
  -2285.00   42249.81  0.0851688    18.9254   336.6570   281.5507    69.4852
  -2275.00   42250.90  0.0850376    18.9520   335.5779   281.8519    69.2989
  -2265.00   42251.13  0.0848853    18.9805   334.1983   282.3218    69.0817
  -2255.00   42252.07  0.0848714    18.9992   332.7417   282.6936    68.8963
  -2245.00   42254.19  0.0849186    19.0278   331.2868   282.8977    68.7384
  -2235.00   42254.97  0.0847349    19.0649   329.7197   283.1315    68.5575
  -2225.00   42253.85  0.0846324    19.0903   328.0365   283.4391    68.3816
  -2215.00   42253.79  0.0848448    19.1137   326.3744   283.6992    68.2336
  -2205.00   42254.24  0.0849065    19.1444   324.9432   283.7883    68.0995
  -2195.00   42252.98  0.0848966    19.1713   323.5507   283.9815    67.9501
  -2185.00   42250.78  0.0851061    19.1903   322.1179   284.3577    67.7883
  -2175.00   42250.14  0.0853966    19.2044   320.9692   284.5775    67.6570
  -2165.00   42250.32  0.0856050    19.2241   319.9838   284.7832    67.5195
  -2155.00   42249.26  0.0856873    19.2433   318.9084   285.2137    67.3376
  -2145.00   42247.86  0.0858848    19.2499   317.8547   285.6740    67.1636
  -2135.00   42248.71  0.0861800    19.2623   316.8615   286.0553    67.0026
  -2125.00   42250.12  0.0861359    19.2851   315.8360   286.4368    66.8149
  -2115.00   42249.89  0.0860447    19.3008   314.6022   286.9458    66.6101
  -2105.00   42250.09  0.0861636    19.3168   313.1869   287.4763    66.4129
  -2095.00   42252.26  0.0861069    19.3410   311.8336   287.7768    66.2377
  -2085.00   42253.91  0.0858892    19.3694   310.3315   288.1036    66.0513
  -2075.00   42253.83  0.0857670    19.3970   308.5712   288.5727    65.8479
  -2065.00   42253.75  0.0857459    19.4189   306.8968   288.8603    65.6836
  -2055.00   42254.96  0.0857004    19.4484   305.3415   289.0109    65.5391
  -2045.00   42255.15  0.0855251    19.4825   303.7381   289.2783    65.3650
  -2035.00   42252.80  0.0854876    19.5033   302.2089   289.5698    65.2036
  -2025.00   42251.47  0.0856885    19.5232   300.8923   289.7567    65.0733
  -2015.00   42251.42  0.0856682    19.5519   299.7942   289.8849    64.9332
  -2005.00   42250.40  0.0856456    19.5725   298.7494   290.1269    64.7776
  -1995.00   42248.26  0.0858909    19.5856   297.6941   290.4812    64.6223
  -1985.00   42248.00  0.0860770    19.6009   296.8613   290.6676    64.4864
  -1975.00   42249.37  0.0861662    19.6189   296.0378   290.8843    64.3373
  -1965.00   42249.64  0.0862640    19.6345   294.9621   291.3315    64.1515
  -1955.00   42249.08  0.0864550    19.6422   293.8393   291.7214    63.9825
  -1945.00   42250.65  0.0866546    19.6563   292.6709   292.0228    63.8253
  -1935.00   42252.92  0.0865820    19.6794   291.2714   292.4310    63.6315
  -1925.00   42253.07  0.0865439    19.6942   289.6588   292.9126    63.4316
  -1915.00   42252.69  0.0866929    19.7100   287.9442   293.3467    63.2515
  -1905.00   42254.00  0.0865620    19.7382   286.2869   293.6385    63.0749
  -1895.00   42255.18  0.0863527    19.7660   284.5789   293.9753    62.8881
  -1885.00   42253.96  0.0863183    19.7909   282.7950   294.4083    62.6981
  -1875.00   42252.56  0.0862746    19.8168   281.2887   294.6227    62.5440
  -1865.00   42252.75  0.0861815    19.8473   279.9970   294.7572    62.4018
  -1855.00   42252.75  0.0860730    19.8784   278.7193   295.0381    62.2320
  -1845.00   42250.13  0.0861258    19.8982   277.6155   295.2736    62.0834
  -1835.00   42248.63  0.0863306    19.9177   276.7311   295.3978    61.9637
  -1825.00   42249.19  0.0863365    19.9444   275.8959   295.5749    61.8198
  -1815.00   42249.22  0.0864171    19.9604   275.0068   295.8538    61.6622
  -1805.00   42247.91  0.0867640    19.9694   274.0295   296.1820    61.5156
  -1795.00   42248.41  0.0869221    19.9858   273.0718   296.4125    61.3717
  -1785.00   42250.92  0.0870035    20.0021   271.9487   296.7200    61.2073
  -1775.00   42252.07  0.0871836    20.0141   270.4901   297.2244    61.0179
  -1765.00   42251.84  0.0873476    20.0252   268.9753   297.6146    60.8478
  -1755.00   42253.18  0.0874356    20.0431   267.3922   297.9470    60.6838
  -1745.00   42255.28  0.0873471    20.0672   265.5802   298.4315    60.4845
  -1735.00   42254.85  0.0873140    20.0841   263.7307   298.8994    60.2920
  -1725.00   42253.16  0.0873943    20.1032   261.9795   299.2626    60.1282
  -1715.00   42253.09  0.0871777    20.1346   260.3430   299.5897    59.9552
  -1705.00   42253.56  0.0869653    20.1614   258.8217   299.9345    59.7757
  -1695.00   42251.50  0.0869787    20.1825   257.4041   300.2990    59.6093
  -1685.00   42249.59  0.0868520    20.2100   256.2963   300.4847    59.4659
  -1675.00   42249.71  0.0867070    20.2378   255.3693   300.6426    59.3255
  -1665.00   42250.33  0.0866534    20.2611   254.4059   300.9421    59.1631
  -1655.00   42248.61  0.0866933    20.2786   253.5751   301.1320    59.0238
  -1645.00   42247.82  0.0868104    20.2961   252.8165   301.2444    58.9045
  -1635.00   42249.61  0.0867880    20.3181   251.8957   301.4824    58.7533
  -1625.00   42250.75  0.0868778    20.3302   250.8277   301.7586    58.5945
  -1615.00   42250.17  0.0871809    20.3374   249.6175   302.0236    58.4536
  -1605.00   42250.88  0.0872406    20.3545   248.2745   302.2761    58.3035
  -1595.00   42253.59  0.0872887    20.3695   246.7386   302.6047    58.1307
  -1585.00   42254.61  0.0874995    20.3786   244.9653   303.0546    57.9489
  -1575.00   42253.61  0.0875871    20.3929   243.2236   303.3898    57.7833
  -1565.00   42253.68  0.0876051    20.4128   241.5048   303.7165    57.6161
  -1555.00   42254.88  0.0875616    20.4347   239.7047   304.1962    57.4200
  -1545.00   42253.59  0.0875413    20.4527   238.0718   304.5913    57.2384
  -1535.00   42250.86  0.0875697    20.4742   236.6641   304.8901    57.0834
  -1525.00   42250.07  0.0873606    20.5058   235.3750   305.2369    56.9126
  -1515.00   42250.62  0.0872005    20.5310   234.2577   305.5590    56.7385
  -1505.00   42248.94  0.0872489    20.5507   233.2746   305.8343    56.5890
  -1495.00   42247.49  0.0870954    20.5792   232.4426   306.0144    56.4508
  -1485.00   42248.49  0.0869799    20.6054   231.6504   306.1903    56.3084
  -1475.00   42250.23  0.0870405    20.6229   230.7173   306.4605    56.1564
  -1465.00   42249.76  0.0870928    20.6403   229.7783   306.6129    56.0239
  -1455.00   42249.59  0.0872114    20.6573   228.7433   306.7414    55.9015
  -1445.00   42252.15  0.0872900    20.6743   227.4146   307.0382    55.7455
  -1435.00   42253.57  0.0874528    20.6845   225.9396   307.3142    55.5878
  -1425.00   42252.83  0.0877574    20.6920   224.3506   307.5738    55.4468
  -1415.00   42252.73  0.0878243    20.7094   222.6139   307.9187    55.2870
  -1405.00   42254.52  0.0879130    20.7240   220.8208   308.3119    55.1053
  -1395.00   42254.71  0.0881441    20.7332   219.0091   308.7518    54.9282
  -1385.00   42252.51  0.0881464    20.7517   217.3427   309.1229    54.7632
  -1375.00   42251.52  0.0881102    20.7750   215.8139   309.5116    54.5896
  -1365.00   42252.27  0.0880915    20.7958   214.3467   310.0005    54.4011
  -1355.00   42250.88  0.0880008    20.8163   213.1289   310.3559    54.2342
  -1345.00   42248.23  0.0879290    20.8408   212.1041   310.6416    54.0880
  -1335.00   42247.93  0.0877268    20.8700   211.0950   311.0150    53.9249
  -1325.00   42249.30  0.0875711    20.8920   210.1925   311.3019    53.7648
  -1315.00   42248.72  0.0875748    20.9095   209.3198   311.5120    53.6317
  -1305.00   42248.00  0.0873871    20.9350   208.3686   311.7221    53.4990
  -1295.00   42249.96  0.0872862    20.9561   207.3246   311.9246    53.3542
  -1285.00   42252.48  0.0873761    20.9673   206.0929   312.1585    53.2109
  -1275.00   42252.55  0.0873530    20.9825   204.7602   312.3149    53.0801
  -1265.00   42252.19  0.0874121    20.9985   203.2986   312.4850    52.9476
  -1255.00   42254.31  0.0875233    21.0104   201.6180   312.7996    52.7884
  -1245.00   42255.13  0.0876241    21.0200   199.9363   313.0439    52.6329
  -1235.00   42253.40  0.0878236    21.0295   198.2812   313.2772    52.4912
  -1225.00   42251.97  0.0878783    21.0463   196.5876   313.6507    52.3269
  -1215.00   42252.56  0.0879603    21.0602   195.0308   314.0089    52.1475
  -1205.00   42252.24  0.0881515    21.0698   193.6136   314.3666    51.9806
  -1195.00   42249.52  0.0881012    21.0901   192.3345   314.7329    51.8197
  -1185.00   42248.49  0.0880801    21.1134   191.1970   315.1151    51.6444
  -1175.00   42249.78  0.0881164    21.1314   190.1180   315.5439    51.4662
  -1165.00   42249.35  0.0879821    21.1526   189.1717   315.8549    51.3105
  -1155.00   42247.72  0.0878871    21.1789   188.2513   316.1383    51.1649
  -1145.00   42248.46  0.0877654    21.2049   187.2048   316.5068    51.0061
  -1135.00   42250.78  0.0876240    21.2250   186.1562   316.7429    50.8573
  -1125.00   42251.11  0.0875968    21.2432   185.0165   316.9097    50.7328
  -1115.00   42250.55  0.0874569    21.2670   183.6652   317.1437    50.6026
  -1105.00   42252.44  0.0874292    21.2845   182.2268   317.3315    50.4593
  -1095.00   42254.72  0.0875689    21.2930   180.6738   317.5104    50.3247
  -1085.00   42254.14  0.0875567    21.3069   179.0424   317.6872    50.1958
  -1075.00   42252.78  0.0876845    21.3217   177.3942   317.9030    50.0527
  -1065.00   42253.73  0.0879179    21.3298   175.7179   318.2242    49.8917
  -1055.00   42253.89  0.0880223    21.3390   174.1790   318.4870    49.7359
  -1045.00   42251.45  0.0882035    21.3518   172.7566   318.7802    49.5858
  -1035.00   42249.46  0.0883368    21.3684   171.3669   319.2277    49.4139
  -1025.00   42249.83  0.0884168    21.3831   170.1787   319.6059    49.2362
  -1015.00   42249.92  0.0885336    21.3964   169.1095   319.9669    49.0761
  -1005.00   42247.71  0.0884444    21.4195   168.0383   320.4006    48.9179
   -995.00   42247.44  0.0884077    21.4430   167.0294   320.7954    48.7474
   -985.00   42249.75  0.0884178    21.4599   165.9882   321.1772    48.5854
   -975.00   42250.38  0.0881875    21.4814   164.8901   321.4893    48.4450
   -965.00   42249.70  0.0880608    21.5067   163.6814   321.7872    48.3035
   -955.00   42250.98  0.0879919    21.5271   162.2949   322.1313    48.1538
   -945.00   42253.55  0.0878009    21.5432   160.8681   322.3352    48.0178
   -935.00   42253.89  0.0877097    21.5601   159.3335   322.5101    47.8964
   -925.00   42252.56  0.0876161    21.5792   157.6405   322.7840    47.7633
   -915.00   42253.31  0.0875859    21.5919   156.0236   322.9591    47.6206
   -905.00   42254.60  0.0876624    21.5988   154.4537   323.1144    47.4887
   -895.00   42252.92  0.0875997    21.6118   152.8991   323.3403    47.3572
   -885.00   42250.67  0.0877173    21.6248   151.4982   323.5667    47.2060
   -875.00   42250.85  0.0879445    21.6309   150.2187   323.8399    47.0473
   -865.00   42251.09  0.0879525    21.6401   149.0849   324.0905    46.8967
   -855.00   42249.04  0.0880856    21.6549   148.0321   324.3921    46.7422
   -845.00   42247.51  0.0882696    21.6696   146.9784   324.8103    46.5711
   -835.00   42248.75  0.0883092    21.6830   146.0317   325.1341    46.4021
   -825.00   42249.87  0.0883617    21.6987   145.0338   325.4685    46.2483
   -815.00   42248.69  0.0883132    21.7215   143.8563   325.9159    46.0919
   -805.00   42249.07  0.0882961    21.7431   142.6540   326.2673    45.9276
   -795.00   42251.94  0.0882874    21.7595   141.3286   326.5862    45.7774
   -785.00   42252.99  0.0880316    21.7814   139.8195   326.9139    45.6448
   -775.00   42252.34  0.0879357    21.8055   138.2210   327.2017    45.5048
   -765.00   42252.91  0.0879321    21.8226   136.5483   327.4848    45.3626
   -755.00   42254.75  0.0877090    21.8369   134.9122   327.6594    45.2372
   -745.00   42254.39  0.0876272    21.8539   133.2776   327.8426    45.1152
   -735.00   42251.90  0.0876586    21.8695   131.6613   328.1097    44.9799
   -725.00   42251.51  0.0876713    21.8787   130.2926   328.2456    44.8405
   -715.00   42252.13  0.0877572    21.8857   129.0458   328.3971    44.7089
   -705.00   42250.23  0.0877892    21.8981   127.8183   328.6880    44.5707
   -695.00   42248.10  0.0879887    21.9092   126.7926   328.9267    44.4133
   -685.00   42248.57  0.0882568    21.9152   125.8501   329.1907    44.2549
   -675.00   42249.70  0.0882524    21.9261   124.8745   329.5161    44.1053
   -665.00   42248.84  0.0884162    21.9430   123.8561   329.8823    43.9445
   -655.00   42248.18  0.0886567    21.9577   122.7403   330.3095    43.7752
   -645.00   42250.42  0.0886193    21.9717   121.5814   330.6487    43.6174
   -635.00   42252.17  0.0886075    21.9912   120.2184   331.0341    43.4693
   -625.00   42251.46  0.0885917    22.0137   118.6219   331.5175    43.3180
   -615.00   42251.65  0.0885274    22.0325   117.0426   331.8375    43.1664
   -605.00   42253.90  0.0884272    22.0490   115.3592   332.1369    43.0305
   -595.00   42254.49  0.0881497    22.0693   113.5324   332.5124    42.9048
   -585.00   42252.94  0.0880569    22.0891   111.8117   332.7858    42.7687
   -575.00   42252.31  0.0880402    22.1016   110.2086   333.0115    42.6339
   -565.00   42253.17  0.0877498    22.1130   108.7255   333.2066    42.5138
   -555.00   42252.38  0.0876649    22.1277   107.3611   333.4205    42.3871
   -545.00   42249.46  0.0877593    22.1390   106.1398   333.6695    42.2473
   -535.00   42248.84  0.0877068    22.1450   105.1883   333.7842    42.1099
   -525.00   42249.72  0.0877260    22.1528   104.2741   333.9599    41.9761
   -515.00   42248.68  0.0878010    22.1644   103.2834   334.2893    41.8321
   -505.00   42247.38  0.0879686    22.1735   102.4364   334.4925    41.6755
   -495.00   42248.67  0.0881525    22.1801   101.5244   334.7148    41.5228
   -485.00   42250.83  0.0881131    22.1922   100.3645   335.0786    41.3765
   -475.00   42251.12  0.0882737    22.2084    99.0911   335.4256    41.2174
   -465.00   42250.85  0.0885167    22.2218    97.6815   335.7768    41.0549
   -455.00   42253.08  0.0884020    22.2355    96.1351   336.1004    40.9082
   -445.00   42254.67  0.0883872    22.2558    94.3893   336.4875    40.7634
   -435.00   42253.52  0.0884577    22.2766    92.5178   336.9421    40.6147
   -425.00   42252.57  0.0883557    22.2929    90.8177   337.2012    40.4729
   -415.00   42253.37  0.0882226    22.3103    89.1105   337.4882    40.3439
   -405.00   42253.30  0.0880170    22.3300    87.3840   337.8923    40.2192
   -395.00   42250.99  0.0879613    22.3463    85.9746   338.1152    40.0863
   -385.00   42249.75  0.0879275    22.3573    84.7720   338.2814    39.9581
   -375.00   42250.42  0.0876474    22.3678    83.6545   338.5020    39.8405
   -365.00   42250.25  0.0876407    22.3803    82.6646   338.7141    39.7107
   -355.00   42248.08  0.0878283    22.3884    81.7927   338.9046    39.5696
   -345.00   42248.10  0.0877704    22.3927    81.0270   339.0130    39.4343
   -335.00   42249.86  0.0878437    22.4012    80.1111   339.2314    39.2963
   -325.00   42250.00  0.0880830    22.4122    78.9841   339.5931    39.1454
   -315.00   42249.43  0.0882797    22.4203    77.9013   339.7935    38.9893
   -305.00   42250.98  0.0884398    22.4295    76.6005   340.0571    38.8396
   -295.00   42253.40  0.0884721    22.4444    74.9421   340.5278    38.6927
   -285.00   42253.81  0.0886597    22.4611    73.2452   340.9077    38.5366
   -275.00   42253.00  0.0888462    22.4752    71.5061   341.2463    38.3842
   -265.00   42254.09  0.0886471    22.4905    69.6652   341.6409    38.2486
   -255.00   42254.89  0.0886062    22.5108    67.8071   342.0646    38.1105
   -245.00   42253.03  0.0886984    22.5290    66.0474   342.4829    37.9691
   -235.00   42251.05  0.0884729    22.5420    64.5898   342.7194    37.8398
   -225.00   42250.82  0.0882831    22.5578    63.2012   343.0149    37.7167
   -215.00   42250.79  0.0881617    22.5740    61.8479   343.4344    37.5911
   -205.00   42248.74  0.0880814    22.5847    60.8787   343.6039    37.4608
   -195.00   42247.84  0.0879825    22.5934    60.0075   343.7565    37.3353
   -185.00   42249.10  0.0877208    22.6025    59.0493   344.0425    37.2145
   -175.00   42250.11  0.0877529    22.6118    58.1512   344.2558    37.0802
   -165.00   42249.23  0.0879036    22.6179    57.2524   344.4061    36.9396
   -155.00   42249.86  0.0877489    22.6220    56.2505   344.5507    36.8066
   -145.00   42252.20  0.0878021    22.6310    54.9929   344.8022    36.6674
   -135.00   42253.05  0.0880903    22.6410    53.5164   345.1306    36.5161
   -125.00   42252.48  0.0881849    22.6479    52.0777   345.2906    36.3668
   -115.00   42253.16  0.0882637    22.6585    50.4214   345.5536    36.2229
   -105.00   42254.82  0.0883714    22.6739    48.4931   346.0408    36.0770
    -95.00   42254.62  0.0885631    22.6885    46.7397   346.3629    35.9260
    -85.00   42252.78  0.0886758    22.7024    45.0801   346.6501    35.7822
    -75.00   42252.41  0.0884746    22.7186    43.3870   347.0814    35.6512
    -65.00   42252.69  0.0884759    22.7374    41.8512   347.4911    35.5160
    -55.00   42250.92  0.0885867    22.7533    40.5391   347.8290    35.3798
    -45.00   42248.86  0.0882816    22.7652    39.4681   348.0620    35.2580
    -35.00   42248.68  0.0880854    22.7800    38.4249   348.3553    35.1379
    -25.00   42249.61  0.0880893    22.7938    37.3609   348.7341    35.0117
    -15.00   42248.79  0.0879741    22.8009    36.5774   348.8394    34.8858
     -5.00   42248.64  0.0878588    22.8085    35.6962   348.9730    34.7630
      5.00   42250.52  0.0877231    22.8170    34.5381   349.2938    34.6386
     15.00   42252.46  0.0878567    22.8234    33.4053   349.4616    34.5017
     25.00   42252.39  0.0880287    22.8287    32.1573   349.5853    34.3620
     35.00   42252.66  0.0879108    22.8342    30.6822   349.8034    34.2281
     45.00   42254.52  0.0880811    22.8438    29.0114   350.1043    34.0853
     55.00   42255.09  0.0884627    22.8542    27.2587   350.4177    33.9340
     65.00   42253.79  0.0885091    22.8624    25.6112   350.6240    33.7897
     75.00   42252.98  0.0885719    22.8755    23.8660   350.9675    33.6500
     85.00   42253.48  0.0887908    22.8921    22.0429   351.4924    33.5061
     95.00   42252.92  0.0889379    22.9056    20.5776   351.8008    33.3632
    105.00   42250.68  0.0889338    22.9196    19.2457   352.1107    33.2303
    115.00   42249.70  0.0887434    22.9359    17.8640   352.6158    33.1046
    125.00   42250.34  0.0887573    22.9512    16.7111   353.0091    32.9743
    135.00   42249.60  0.0887832    22.9635    15.7305   353.2893    32.8464
    145.00   42248.34  0.0883923    22.9734    14.7704   353.5698    32.7297
    155.00   42248.81  0.0881898    22.9849    13.7286   353.8887    32.6102
    165.00   42250.76  0.0882555    22.9946    12.6022   354.2043    32.4831
    175.00   42251.27  0.0880500    22.9988    11.5741   354.3021    32.3591
    185.00   42251.37  0.0878713    23.0050    10.3223   354.4615    32.2363
    195.00   42253.06  0.0878459    23.0127     8.7413   354.8134    32.1071
    205.00   42255.08  0.0879570    23.0170     7.2725   354.9416    31.9700
    215.00   42254.85  0.0880458    23.0222     5.7175   355.0560    31.8335
    225.00   42253.86  0.0879188    23.0293     3.9644   355.3523    31.7000
    235.00   42254.30  0.0881137    23.0384     2.2659   355.6385    31.5576
    245.00   42254.22  0.0884489    23.0482     0.6790   355.8871    31.4114
    255.00   42252.42  0.0883888    23.0569   359.2500   356.1133    31.2735
    265.00   42250.51  0.0884318    23.0701   357.8342   356.4724    31.1371
    275.00   42250.49  0.0887122    23.0854   356.4630   356.9304    30.9960
    285.00   42250.58  0.0887797    23.0970   355.4319   357.1801    30.8598
    295.00   42249.02  0.0887052    23.1105   354.4119   357.4846    30.7332
    305.00   42248.39  0.0886121    23.1262   353.2109   358.0039    30.6086
    315.00   42249.94  0.0886489    23.1386   352.1925   358.3277    30.4816
    325.00   42250.67  0.0886116    23.1490   351.1718   358.5567    30.3600
    335.00   42250.35  0.0882291    23.1586   349.9321   358.8887    30.2459
    345.00   42251.03  0.0880961    23.1680   348.5769   359.1985    30.1263
    355.00   42253.22  0.0881900    23.1752   347.1471   359.4245    30.0012
    365.00   42254.25  0.0879443    23.1784   345.7192   359.5242    29.8797
    375.00   42253.59  0.0877909    23.1840   344.1051   359.7082    29.7562
    385.00   42253.96  0.0879379    23.1910   342.3212     0.0245    29.6232
    395.00   42255.15  0.0880700    23.1945   340.8004     0.1127    29.4858
    405.00   42254.31  0.0881617    23.2003   339.2972     0.2374    29.3505
    415.00   42252.16  0.0881964    23.2099   337.6589     0.6217    29.2142
    425.00   42251.44  0.0884841    23.2192   336.2861     0.9065    29.0714
    435.00   42251.32  0.0888092    23.2295   335.0834     1.1502    28.9303
    445.00   42249.99  0.0887311    23.2406   333.9159     1.4926    28.7979
    455.00   42248.12  0.0888176    23.2543   332.7675     1.9201    28.6652
    465.00   42248.44  0.0890993    23.2682   331.6503     2.3527    28.5310
    475.00   42249.84  0.0890299    23.2786   330.6891     2.6280    28.4048
    485.00   42249.45  0.0888742    23.2907   329.5669     2.9892    28.2853
    495.00   42249.41  0.0888489    23.3038   328.1754     3.5089    28.1636
    505.00   42251.53  0.0888148    23.3121   326.9109     3.7793    28.0413
    515.00   42253.22  0.0886717    23.3195   325.5292     3.9941    27.9245
    525.00   42253.18  0.0883444    23.3277   323.8261     4.3898    27.8094
    535.00   42253.07  0.0882637    23.3341   322.1414     4.6781    27.6873
    545.00   42254.40  0.0883114    23.3389   320.4954     4.8540    27.5629
    555.00   42255.06  0.0880129    23.3424   318.8685     5.0164    27.4414
    565.00   42253.18  0.0878837    23.3478   317.2308     5.2519    27.3156
    575.00   42251.97  0.0880635    23.3541   315.6600     5.5247    27.1819
    585.00   42252.37  0.0880804    23.3575   314.4405     5.6059    27.0475
    595.00   42251.54  0.0880715    23.3637   313.2871     5.7566    26.9156
    605.00   42249.31  0.0881896    23.3737   312.0278     6.1498    26.7798
    615.00   42248.45  0.0884273    23.3817   311.0717     6.3755    26.6403
    625.00   42249.31  0.0886406    23.3908   310.1921     6.5657    26.5057
    635.00   42249.30  0.0885776    23.4027   309.1060     6.9626    26.3769
    645.00   42248.18  0.0887090    23.4148   307.9897     7.3597    26.2462
    655.00   42249.09  0.0889686    23.4267   306.8047     7.7129    26.1174
    665.00   42251.58  0.0888137    23.4367   305.5433     8.0096    25.9973
    675.00   42252.00  0.0886770    23.4480   304.0440     8.3905    25.8803
    685.00   42251.79  0.0887309    23.4592   302.3052     8.8556    25.7610
    695.00   42253.37  0.0886199    23.4656   300.7062     9.0794    25.6432
    705.00   42254.94  0.0884161    23.4720   299.0336     9.2863    25.5298
    715.00   42254.33  0.0882132    23.4796   297.1423     9.6873    25.4137
    725.00   42252.69  0.0881743    23.4839   295.5002     9.9078    25.2907
    735.00   42252.77  0.0881929    23.4875   294.0449    10.0233    25.1674
    745.00   42252.98  0.0879533    23.4918   292.6253    10.2357    25.0446
    755.00   42250.54  0.0879567    23.4971   291.3509    10.4675    24.9147
    765.00   42248.69  0.0882149    23.5030   290.2256    10.6863    24.7802
    775.00   42249.23  0.0882153    23.5076   289.3359    10.8045    24.6476
    785.00   42249.35  0.0882609    23.5154   288.4130    11.0259    24.5163
    795.00   42248.10  0.0885294    23.5261   287.3225    11.4260    24.3817
    805.00   42247.83  0.0887485    23.5341   286.3938    11.6598    24.2472
    815.00   42249.98  0.0888747    23.5435   285.3648    11.8937    24.1204
    825.00   42251.17  0.0889077    23.5560   283.9425    12.3781    23.9964
    835.00   42250.53  0.0890535    23.5665   282.4826    12.7769    23.8705
    845.00   42251.46  0.0892217    23.5757   280.9374    13.0983    23.7497
    855.00   42253.90  0.0890044    23.5852   279.1857    13.4873    23.6357
    865.00   42254.23  0.0888848    23.5942   277.3405    13.8905    23.5200
    875.00   42252.92  0.0889498    23.6021   275.4460    14.2979    23.4025
    885.00   42253.18  0.0887176    23.6067   273.7606    14.5348    23.2875
    895.00   42254.06  0.0884662    23.6118   272.1494    14.7754    23.1733
    905.00   42252.82  0.0883626    23.6180   270.5022    15.1636    23.0540
    915.00   42250.15  0.0882810    23.6208   269.2314    15.3491    22.9298
    925.00   42249.77  0.0882051    23.6236   268.1772    15.4607    22.8070
    935.00   42250.28  0.0880178    23.6288   267.0722    15.7415    22.6830
    945.00   42248.45  0.0880460    23.6336   266.1436    15.9555    22.5517
    955.00   42247.00  0.0882480    23.6385   265.2875    16.1277    22.4200
    965.00   42248.45  0.0881577    23.6440   264.4129    16.3072    22.2919
    975.00   42249.96  0.0882039    23.6518   263.4103    16.5480    22.1621
    985.00   42249.80  0.0884862    23.6612   262.1750    16.8892    22.0310
    995.00   42249.97  0.0885898    23.6685   260.9493    17.0992    21.9028
   1005.00   42252.63  0.0886372    23.6775   259.5290    17.3463    21.7807
   1015.00   42254.22  0.0887498    23.6893   257.7324    17.8068    21.6593
   1025.00   42253.04  0.0888754    23.6980   255.9838    18.1413    21.5367
   1035.00   42252.91  0.0889528    23.7057   254.2371    18.4167    21.4210
   1045.00   42254.17  0.0887849    23.7153   252.3213    18.8496    21.3092
   1055.00   42253.82  0.0887141    23.7230   250.5559    19.2160    21.1930
   1065.00   42251.25  0.0887754    23.7287   248.9386    19.5388    21.0770
   1075.00   42250.53  0.0884895    23.7332   247.5186    19.8087    20.9643
   1085.00   42251.25  0.0882692    23.7378   246.2815    20.0569    20.8481
   1095.00   42250.28  0.0882613    23.7426   245.0927    20.3779    20.7266
   1105.00   42247.88  0.0881425    23.7447   244.1968    20.5265    20.6030
   1115.00   42248.12  0.0880521    23.7476   243.3959    20.6400    20.4800
   1125.00   42249.70  0.0880219    23.7534   242.4022    20.9300    20.3538
   1135.00   42248.94  0.0881218    23.7581   241.4869    21.1037    20.2219
   1145.00   42248.18  0.0883347    23.7629   240.4950    21.2478    20.0929
   1155.00   42250.28  0.0883280    23.7705   239.2307    21.5211    19.9679
   1165.00   42252.56  0.0884758    23.7790   237.8282    21.7925    19.8395
   1175.00   42252.56  0.0888091    23.7878   236.2139    22.1148    19.7131
   1185.00   42252.38  0.0888524    23.7956   234.5319    22.4010    19.5929
   1195.00   42254.39  0.0888988    23.8047   232.7494    22.7276    19.4751
   1205.00   42255.52  0.0890618    23.8149   230.7958    23.1905    19.3574
   1215.00   42253.19  0.0890963    23.8217   229.0395    23.5234    19.2402
   1225.00   42251.81  0.0890619    23.8278   227.4167    23.8300    19.1282
   1235.00   42252.06  0.0889463    23.8358   225.7437    24.3000    19.0166
   1245.00   42251.41  0.0888569    23.8410   224.3741    24.6357    18.8991
   1255.00   42248.54  0.0888368    23.8441   223.2080    24.9080    18.7831
   1265.00   42247.86  0.0885460    23.8483   222.0818    25.2447    18.6696
   1275.00   42249.35  0.0883567    23.8523   221.1204    25.5055    18.5500
   1285.00   42249.35  0.0883672    23.8555   220.1561    25.7710    18.4266
   1295.00   42248.08  0.0881654    23.8578   219.2398    25.9530    18.3050
   1305.00   42249.26  0.0880420    23.8611   218.2718    26.1120    18.1826
   1315.00   42251.91  0.0880721    23.8669   217.0353    26.3931    18.0566
   1325.00   42251.84  0.0880889    23.8710   215.7882    26.5440    17.9284
   1335.00   42251.13  0.0881900    23.8755   214.4140    26.6810    17.8041
   1345.00   42252.78  0.0882178    23.8835   212.7281    26.9923    17.6822
   1355.00   42254.70  0.0883438    23.8913   211.0533    27.2236    17.5560
   1365.00   42253.76  0.0886071    23.8983   209.3259    27.4709    17.4333
   1375.00   42252.43  0.0886053    23.9063   207.5540    27.7938    17.3178
   1385.00   42253.21  0.0886759    23.9151   205.8898    28.1138    17.2005
   1395.00   42253.82  0.0888643    23.9235   204.2613    28.5039    17.0832
   1405.00   42250.92  0.0888200    23.9293   202.8529    28.8246    16.9699
   1415.00   42249.13  0.0887660    23.9350   201.6077    29.1441    16.8588
   1425.00   42249.63  0.0887356    23.9419   200.3396    29.5878    16.7461
   1435.00   42249.60  0.0886105    23.9456   199.3189    29.8758    16.6290
   1445.00   42247.55  0.0885224    23.9475   198.3850    30.1145    16.5140
   1455.00   42247.55  0.0883067    23.9516   197.2919    30.4722    16.3999
   1465.00   42250.13  0.0881648    23.9549   196.2802    30.6930    16.2779
   1475.00   42251.02  0.0881773    23.9569   195.1779    30.8774    16.1539
   1485.00   42250.54  0.0879950    23.9601   193.8961    31.0880    16.0340
   1495.00   42251.89  0.0879605    23.9646   192.5318    31.2561    15.9109
   1505.00   42254.66  0.0881093    23.9704   190.9597    31.4868    15.7842
   1515.00   42254.31  0.0881247    23.9752   189.3558    31.6493    15.6602
   1525.00   42252.72  0.0882519    23.9809   187.7092    31.8284    15.5397
   1535.00   42253.19  0.0884309    23.9897   185.8996    32.1759    15.4198
   1545.00   42254.15  0.0885676    23.9970   184.2758    32.4176    15.2973
   1555.00   42252.24  0.0887771    24.0029   182.7492    32.6783    15.1797
   1565.00   42250.18  0.0888196    24.0109   181.2012    33.0939    15.0681
   1575.00   42250.51  0.0889112    24.0183   179.8938    33.4387    14.9516
   1585.00   42251.29  0.0890564    24.0238   178.6893    33.7975    14.8351
   1595.00   42249.02  0.0889327    24.0284   177.5441    34.1799    14.7249
   1605.00   42247.81  0.0888704    24.0330   176.4967    34.5350    14.6126
   1615.00   42249.52  0.0888752    24.0378   175.3751    34.9418    14.4968
   1625.00   42250.33  0.0886591    24.0400   174.2985    35.2331    14.3806
   1635.00   42249.30  0.0885077    24.0415   173.1607    35.4927    14.2655
   1645.00   42249.78  0.0883721    24.0455   171.7585    35.8646    14.1496
   1655.00   42252.75  0.0882005    24.0484   170.3885    36.0668    14.0271
   1665.00   42253.82  0.0881267    24.0499   168.9167    36.2328    13.9048
   1675.00   42252.97  0.0879495    24.0538   167.2212    36.5008    13.7875
   1685.00   42253.41  0.0879257    24.0589   165.5929    36.6711    13.6649
   1695.00   42255.30  0.0880343    24.0637   163.9543    36.8483    13.5393
   1705.00   42254.14  0.0879585    24.0686   162.3396    37.0423    13.4202
   1715.00   42251.47  0.0880563    24.0747   160.8530    37.2371    13.3021
   1725.00   42251.02  0.0882801    24.0826   159.3975    37.5353    13.1820
   1735.00   42251.54  0.0883270    24.0887   158.1662    37.7507    13.0627
   1745.00   42249.76  0.0884560    24.0938   157.0424    38.0004    12.9478
   1755.00   42247.88  0.0885681    24.1012   155.8471    38.4160    12.8364
   1765.00   42248.82  0.0886519    24.1073   154.8464    38.7121    12.7198
   1775.00   42250.50  0.0887312    24.1108   153.8348    39.0184    12.6044
   1785.00   42249.53  0.0886111    24.1150   152.6455    39.4324    12.4957
   1795.00   42249.15  0.0885894    24.1192   151.4619    39.7695    12.3822
   1805.00   42251.78  0.0886029    24.1222   150.1500    40.0994    12.2643
   1815.00   42253.05  0.0883339    24.1241   148.6939    40.4024    12.1502
   1825.00   42252.24  0.0881884    24.1260   147.1541    40.6672    12.0350
   1835.00   42252.24  0.0881612    24.1300   145.4430    40.9842    11.9166
   1845.00   42254.37  0.0879623    24.1328   143.8067    41.1527    11.7949
   1855.00   42254.79  0.0878675    24.1347   142.1810    41.3055    11.6741
   1865.00   42252.76  0.0878230    24.1399   140.4573    41.5865    11.5572
   1875.00   42252.14  0.0878725    24.1456   138.9968    41.7200    11.4346
   1885.00   42253.21  0.0880019    24.1499   137.6656    41.8614    11.3106
   1895.00   42251.87  0.0879868    24.1554   136.3389    42.1204    11.1953
   1905.00   42249.15  0.0881833    24.1621   135.2083    42.3459    11.0788
   1915.00   42248.89  0.0884853    24.1687   134.1498    42.6202    10.9590
   1925.00   42249.95  0.0884976    24.1735   133.1406    42.8981    10.8440
   1935.00   42249.12  0.0886180    24.1780   132.1170    43.2189    10.7321
   1945.00   42247.99  0.0888149    24.1841   130.9373    43.6571    10.6199
   1955.00   42249.76  0.0888261    24.1881   129.8104    43.9622    10.5042
   1965.00   42252.20  0.0888036    24.1898   128.5321    44.2950    10.3901
   1975.00   42252.00  0.0887020    24.1934   126.9495    44.7649    10.2809
   1985.00   42251.80  0.0886698    24.1969   125.3951    45.0829    10.1653
   1995.00   42254.15  0.0886101    24.1985   123.7541    45.3687    10.0458
   2005.00   42255.13  0.0883011    24.2005   121.9314    45.7221     9.9326
   2015.00   42253.67  0.0881757    24.2033   120.1689    46.0062     9.8170
   2025.00   42252.51  0.0881814    24.2070   118.4705    46.2646     9.6961
   2035.00   42253.26  0.0879107    24.2099   116.9062    46.4554     9.5767
   2045.00   42253.06  0.0877690    24.2123   115.4777    46.6484     9.4585
   2055.00   42250.30  0.0878009    24.2178   114.1024    46.9276     9.3413
   2065.00   42249.30  0.0877773    24.2229   113.0502    47.0360     9.2202
   2075.00   42250.45  0.0878024    24.2261   112.1133    47.1655     9.0989
   2085.00   42249.89  0.0877942    24.2312   111.0661    47.4640     8.9857
   2095.00   42248.19  0.0879798    24.2374   110.1794    47.6507     8.8693
   2105.00   42248.75  0.0882252    24.2419   109.2761    47.8483     8.7494
   2115.00   42250.84  0.0881810    24.2457   108.1687    48.1492     8.6369
   2125.00   42251.13  0.0883175    24.2500   106.9289    48.4725     8.5260
   2135.00   42250.47  0.0885721    24.2548   105.5071    48.8420     8.4116
   2145.00   42252.23  0.0885102    24.2576   104.0096    49.1315     8.2971
   2155.00   42254.56  0.0884488    24.2590   102.3204    49.4824     8.1846
   2165.00   42254.05  0.0884333    24.2625   100.3989    49.9546     8.0739
   2175.00   42253.00  0.0883702    24.2655    98.6525    50.2204     7.9570
   2185.00   42254.05  0.0882365    24.2665    96.9484    50.4699     7.8376
   2195.00   42254.37  0.0879524    24.2689    95.1539    50.8511     7.7243
   2205.00   42252.32  0.0878839    24.2726    93.6296    51.0939     7.6072
   2215.00   42250.37  0.0878988    24.2759    92.3478    51.2553     7.4841
   2225.00   42250.58  0.0876332    24.2789    91.1592    51.4477     7.3662
   2235.00   42250.67  0.0875781    24.2823    90.1039    51.6506     7.2495
   2245.00   42248.39  0.0877655    24.2879    89.1339    51.8695     7.1307
   2255.00   42247.88  0.0877559    24.2923    88.3226    51.9715     7.0118
   2265.00   42249.77  0.0878064    24.2950    87.4546    52.1394     6.8942
   2275.00   42250.31  0.0879612    24.3000    86.3203    52.4944     6.7822
   2285.00   42249.78  0.0881734    24.3051    85.2457    52.6874     6.6668
   2295.00   42250.76  0.0883748    24.3077    84.0392    52.8959     6.5485
   2305.00   42253.26  0.0883435    24.3104    82.4585    53.3024     6.4381
   2315.00   42253.89  0.0885113    24.3142    80.7843    53.6637     6.3267
   2325.00   42252.80  0.0887488    24.3175    79.0429    54.0004     6.2099
   2335.00   42253.51  0.0885843    24.3192    77.2242    54.3409     6.0957
   2345.00   42254.83  0.0885037    24.3208    75.3416    54.7447     5.9833
   2355.00   42253.56  0.0885601    24.3243    73.4590    55.2017     5.8692
   2365.00   42251.51  0.0884028    24.3269    71.8957    55.4482     5.7510
   2375.00   42251.41  0.0881885    24.3278    70.4654    55.7132     5.6323
   2385.00   42251.58  0.0879687    24.3306    69.0045    56.1376     5.5185
   2395.00   42249.89  0.0878961    24.3346    67.9058    56.3462     5.4004
   2405.00   42248.10  0.0878291    24.3371    67.0238    56.4684     5.2776
   2415.00   42248.78  0.0875256    24.3395    66.0624    56.7106     5.1615
   2425.00   42249.87  0.0875030    24.3433    65.1427    56.9251     5.0462
   2435.00   42248.83  0.0876851    24.3478    64.2481    57.0814     4.9264
   2445.00   42248.92  0.0875751    24.3509    63.2929    57.1893     4.8095
   2455.00   42251.32  0.0875839    24.3531    62.1252    57.3893     4.6950
   2465.00   42252.66  0.0878178    24.3576    60.6678    57.7220     4.5820
   2475.00   42252.52  0.0879551    24.3613    59.2325    57.8805     4.4669
   2485.00   42252.83  0.0880554    24.3627    57.6632    58.0744     4.3502
   2495.00   42254.61  0.0880765    24.3651    55.7487    58.5193     4.2398
   2505.00   42254.80  0.0882531    24.3687    53.9297    58.8434     4.1270
   2515.00   42252.73  0.0884360    24.3709    52.2269    59.1123     4.0084
   2525.00   42252.01  0.0882195    24.3720    50.4991    59.4869     3.8939
   2535.00   42252.35  0.0881799    24.3743    48.8713    59.8886     3.7806
   2545.00   42251.06  0.0882947    24.3776    47.4193    60.2712     3.6629
   2555.00   42248.88  0.0880495    24.3796    46.2692    60.4933     3.5436
   2565.00   42248.64  0.0878143    24.3808    45.1981    60.7638     3.4260
   2575.00   42249.57  0.0877260    24.3841    44.0673    61.1629     3.3108
   2585.00   42249.14  0.0876473    24.3878    43.2217    61.3013     3.1916
   2595.00   42248.20  0.0875414    24.3896    42.4192    61.3844     3.0704
   2605.00   42249.58  0.0873293    24.3918    41.3256    61.6609     2.9562
   2615.00   42251.49  0.0874264    24.3958    40.2065    61.8377     2.8414
   2625.00   42251.38  0.0876614    24.3991    39.0334    61.9387     2.7218
   2635.00   42251.33  0.0875614    24.4009    37.6413    62.0963     2.6067
   2645.00   42253.19  0.0876822    24.4031    36.0196    62.3573     2.4945
   2655.00   42254.41  0.0880540    24.4067    34.2437    62.6877     2.3798
   2665.00   42253.72  0.0881615    24.4091    32.5565    62.8832     2.2639
   2675.00   42252.75  0.0882155    24.4099    30.8234    63.1625     2.1486
   2685.00   42253.27  0.0883349    24.4122    28.9330    63.6734     2.0361
   2695.00   42253.06  0.0884805    24.4152    27.3365    64.0031     1.9203
   2705.00   42250.59  0.0885423    24.4165    25.9664    64.2703     1.8004
   2715.00   42249.18  0.0882948    24.4175    24.5528    64.7221     1.6849
   2725.00   42249.41  0.0882651    24.4201    23.3172    65.1164     1.5696
   2735.00   42249.10  0.0883620    24.4230    22.2669    65.4284     1.4494
   2745.00   42247.72  0.0880172    24.4244    21.3145    65.6773     1.3299
   2755.00   42248.01  0.0877864    24.4259    20.2938    65.9798     1.2138
   2765.00   42249.96  0.0877971    24.4292    19.1450    66.3450     1.0976
   2775.00   42250.92  0.0876473    24.4320    18.1192    66.4684     0.9786
   2785.00   42250.62  0.0874557    24.4331    16.9678    66.5858     0.8604
   2795.00   42251.92  0.0873097    24.4352    15.4519    66.9129     0.7473
   2805.00   42253.87  0.0873830    24.4385    13.9719    67.0610     0.6323
   2815.00   42253.89  0.0875218    24.4404    12.4855    67.1267     0.5134
   2825.00   42252.83  0.0873601    24.4413    10.7891    67.3427     0.3991
   2835.00   42253.20  0.0874998    24.4435     9.0620    67.5927     0.2865
   2845.00   42253.77  0.0878842    24.4462     7.4082    67.8464     0.1693
   2855.00   42252.53  0.0878987    24.4474     5.9226    68.0332     0.0517
   2865.00   42250.62  0.0879382    24.4481     4.4606    68.3403   359.9363
   2875.00   42250.40  0.0881545    24.4502     2.9823    68.8199   359.8207
   2885.00   42250.65  0.0882626    24.4525     1.8239    69.1047   359.7016
   2895.00   42248.91  0.0882294    24.4533     0.7924    69.3715   359.5813
   2905.00   42247.81  0.0880336    24.4542   359.5933    69.8624   359.4646
   2915.00   42248.68  0.0880106    24.4569   358.5256    70.2132   359.3472
   2925.00   42249.82  0.0880483    24.4592   357.5342    70.4431   359.2260
   2935.00   42249.49  0.0876568    24.4600   356.3923    70.7187   359.1072
   2945.00   42250.08  0.0874759    24.4619   355.1021    71.0015   358.9921
   2955.00   42252.38  0.0875805    24.4649   353.6894    71.2674   358.8751
   2965.00   42253.91  0.0874081    24.4667   352.3082    71.3542   358.7565
   2975.00   42253.39  0.0872621    24.4674   350.7637    71.4908   358.6410
   2985.00   42253.50  0.0873135    24.4693   348.9728    71.8132   358.5278
   2995.00   42254.55  0.0874523    24.4716   347.3727    71.9309   358.4114
   3005.00   42254.13  0.0875946    24.4723   345.8671    72.0099   358.2930
   3015.00   42251.98  0.0875439    24.4726   344.2202    72.3296   358.1781
   3025.00   42251.03  0.0877621    24.4743   342.7489    72.6032   358.0627
   3035.00   42251.31  0.0881513    24.4759   341.4789    72.8386   357.9426
   3045.00   42250.34  0.0880990    24.4760   340.3054    73.1120   357.8227
   3055.00   42248.60  0.0881603    24.4769   339.1361    73.4862   357.7056
   3065.00   42248.51  0.0884267    24.4788   337.9599    73.9509   357.5866
   3075.00   42249.95  0.0884348    24.4803   336.9790    74.2302   357.4647
   3085.00   42249.53  0.0883230    24.4810   335.9082    74.5518   357.3449
   3095.00   42249.06  0.0881995    24.4822   334.5550    75.0752   357.2276
   3105.00   42250.51  0.0881586    24.4846   333.2726    75.3957   357.1088
   3115.00   42252.57  0.0880931    24.4863   331.9558    75.6033   356.9885
   3125.00   42252.79  0.0877077    24.4868   330.3574    75.9481   356.8713
   3135.00   42252.75  0.0875557    24.4887   328.6849    76.2375   356.7565
   3145.00   42254.25  0.0876478    24.4910   327.0285    76.4413   356.6391
   3155.00   42255.43  0.0873900    24.4916   325.4317    76.5596   356.5209
   3165.00   42254.06  0.0872357    24.4921   323.7979    76.7395   356.4063
   3175.00   42252.52  0.0873575    24.4935   322.1460    77.0366   356.2914
   3185.00   42252.61  0.0874157    24.4945   320.8296    77.1271   356.1727
   3195.00   42252.08  0.0874594    24.4943   319.6506    77.2217   356.0541
   3205.00   42249.79  0.0874734    24.4941   318.3608    77.5758   355.9374
   3215.00   42248.51  0.0876728    24.4950   317.3048    77.8155   355.8185
   3225.00   42249.38  0.0879677    24.4954   316.3992    77.9940   355.6962
   3235.00   42249.67  0.0878832    24.4947   315.3755    78.3180   355.5748
   3245.00   42248.83  0.0879636    24.4953   314.2700    78.6868   355.4553
   3255.00   42249.27  0.0882471    24.4967   313.0789    79.0794   355.3337
   3265.00   42251.79  0.0881539    24.4974   311.8887    79.3524   355.2102
   3275.00   42252.40  0.0880310    24.4981   310.4665    79.6941   355.0906
   3285.00   42251.97  0.0880038    24.4996   308.7538    80.1907   354.9727
   3295.00   42253.05  0.0879257    24.5015   307.1525    80.4488   354.8527
   3305.00   42254.80  0.0877875    24.5027   305.5143    80.6384   354.7339
   3315.00   42254.68  0.0874895    24.5030   303.6724    80.9980   354.6179
   3325.00   42253.17  0.0874088    24.5045   301.9689    81.2362   354.5024
   3335.00   42253.29  0.0874922    24.5055   300.4602    81.3583   354.3846
   3345.00   42253.93  0.0872615    24.5049   299.0566    81.4998   354.2665
   3355.00   42252.05  0.0872204    24.5046   297.7354    81.6907   354.1506
   3365.00   42249.79  0.0874825    24.5049   296.5180    81.9359   354.0327
   3375.00   42249.83  0.0875453    24.5043   295.5832    82.0380   353.9110
   3385.00   42250.05  0.0876189    24.5031   294.6658    82.2020   353.7905
   3395.00   42248.63  0.0877982    24.5025   293.5574    82.6062   353.6705
   3405.00   42247.83  0.0880176    24.5025   292.5895    82.8650   353.5476
   3415.00   42249.64  0.0882250    24.5022   291.5968    83.0830   353.4235
   3425.00   42251.29  0.0881730    24.5015   290.2867    83.5094   353.3009
   3435.00   42251.09  0.0882630    24.5021   288.8566    83.9073   353.1795
   3445.00   42251.63  0.0884894    24.5033   287.3304    84.2626   353.0567
   3455.00   42254.29  0.0883018    24.5037   285.6980    84.5923   352.9337
   3465.00   42255.05  0.0881694    24.5045   283.8999    84.9606   352.8145
   3475.00   42253.78  0.0882119    24.5060   281.9694    85.4163   352.6962
   3485.00   42253.55  0.0880528    24.5071   280.2668    85.6598   352.5758
   3495.00   42254.28  0.0878639    24.5077   278.6288    85.8789   352.4578
   3505.00   42253.57  0.0876605    24.5078   276.9375    86.2666   352.3417
   3515.00   42250.90  0.0875793    24.5084   275.5641    86.4817   352.2241
   3525.00   42250.19  0.0875686    24.5081   274.4296    86.6016   352.1055
   3535.00   42251.04  0.0873203    24.5065   273.3509    86.8121   351.9868
   3545.00   42249.73  0.0872905    24.5054   272.3772    87.0123   351.8684
   3555.00   42248.00  0.0875158    24.5043   271.4758    87.2022   351.7478
   3565.00   42248.83  0.0874719    24.5022   270.6602    87.3275   351.6244
   3575.00   42250.40  0.0875090    24.5002   269.7133    87.5163   351.5019
   3585.00   42250.14  0.0877586    24.4989   268.4933    87.8801   351.3788
   3595.00   42249.79  0.0879156    24.4979   267.2946    88.1036   351.2531
   3605.00   42251.94  0.0880394    24.4969   265.9344    88.3305   351.1277
   3615.00   42254.07  0.0880617    24.4963   264.2049    88.7825   351.0036
   3625.00   42253.51  0.0881647    24.4968   262.4444    89.1472   350.8800
   3635.00   42253.09  0.0883148    24.4975   260.6701    89.4578   350.7563
   3645.00   42254.76  0.0881036    24.4978   258.8268    89.8329   350.6337
