  -7305.00   42252.38  0.0334621     7.0408   173.4188   195.1913   132.0377
  -7295.00   42250.67  0.0335056     7.0667   171.9410   195.7158   131.8183
  -7285.00   42250.87  0.0335109     7.0983   170.7457   196.1637   131.5517
  -7275.00   42250.32  0.0335639     7.1217   169.6034   196.7169   131.2720
  -7265.00   42247.88  0.0335652     7.1367   168.4522   197.3016   131.0868
  -7255.00   42247.34  0.0335799     7.1588   167.5691   197.6823   130.8983
  -7245.00   42249.03  0.0335504     7.1785   166.5523   198.2574   130.6661
  -7235.00   42249.16  0.0334645     7.1850   165.4504   198.8802   130.4129
  -7225.00   42248.73  0.0334568     7.1937   164.4246   199.2939   130.1772
  -7215.00   42250.23  0.0333919     7.2054   163.1488   199.8206   129.9546
  -7205.00   42252.85  0.0332623     7.2149   161.8041   200.3562   129.6270
  -7195.00   42253.48  0.0332312     7.2212   160.3670   200.8278   129.2820
  -7185.00   42252.83  0.0331809     7.2282   158.6922   201.3473   129.0106
  -7175.00   42254.15  0.0331139     7.2464   157.1617   201.7028   128.6808
  -7165.00   42255.24  0.0330911     7.2639   155.5173   202.2058   128.2880
  -7155.00   42253.72  0.0330474     7.2757   153.8032   202.7607   127.9577
  -7145.00   42251.78  0.0330883     7.2991   152.4268   203.0363   127.6700
  -7135.00   42251.83  0.0330985     7.3290   151.0380   203.5011   127.3572
  -7125.00   42251.64  0.0330483     7.3517   149.7607   204.0242   127.0336
  -7115.00   42249.43  0.0331202     7.3750   148.7403   204.3678   126.7795
  -7105.00   42247.88  0.0331650     7.4035   147.7139   204.7985   126.5922
  -7095.00   42248.77  0.0331329     7.4321   146.8734   205.1874   126.3505
  -7085.00   42249.21  0.0331650     7.4524   146.0022   205.6269   126.1061
  -7075.00   42247.90  0.0331824     7.4675   144.9498   206.1329   125.9540
  -7065.00   42248.25  0.0331931     7.4893   144.0642   206.4152   125.7768
  -7055.00   42250.72  0.0331753     7.5067   142.9067   206.9079   125.5305
  -7045.00   42251.73  0.0331033     7.5112   141.4715   207.5006   125.2990
  -7035.00   42251.47  0.0331239     7.5217   140.1120   207.8330   125.0802
  -7025.00   42252.72  0.0330934     7.5366   138.5151   208.3037   124.8311
  -7015.00   42254.87  0.0329735     7.5445   136.8243   208.8415   124.5027
  -7005.00   42254.94  0.0329621     7.5535   135.1704   209.2718   124.1771
  -6995.00   42253.13  0.0329663     7.5673   133.4496   209.7432   123.9092
  -6985.00   42253.15  0.0329156     7.5885   132.0110   210.0898   123.5734
  -6975.00   42253.27  0.0329181     7.6091   130.6197   210.5405   123.1975
  -6965.00   42251.29  0.0329302     7.6264   129.1993   211.0960   122.9070
  -6955.00   42248.89  0.0330068     7.6561   128.2423   211.3290   122.6484
  -6945.00   42248.79  0.0330610     7.6897   127.2675   211.7709   122.3459
  -6935.00   42249.29  0.0330423     7.7129   126.2315   212.3534   122.0714
  -6925.00   42247.90  0.0331538     7.7394   125.4063   212.6935   121.8762
  -6915.00   42247.35  0.0332335     7.7713   124.4586   213.1454   121.7017
  -6905.00   42249.27  0.0331958     7.7964   123.4653   213.6334   121.4799
  -6895.00   42250.77  0.0332282     7.8140   122.3155   214.1277   121.2745
  -6885.00   42250.34  0.0332666     7.8300   120.8827   214.6942   121.1370
  -6875.00   42251.01  0.0332440     7.8497   119.5537   215.0527   120.9493
  -6865.00   42253.31  0.0332018     7.8633   117.9378   215.6041   120.6871
  -6855.00   42254.25  0.0331247     7.8670   116.0062   216.3093   120.4584
  -6845.00   42253.10  0.0331245     7.8796   114.3496   216.6585   120.2365
  -6835.00   42253.26  0.0330672     7.8973   112.6007   217.1678   119.9438
  -6825.00   42254.32  0.0329145     7.9060   110.8233   217.7982   119.6135
  -6815.00   42253.53  0.0328909     7.9192   109.2969   218.2364   119.3169
  -6805.00   42250.99  0.0328828     7.9421   107.9077   218.6710   119.0494
  -6795.00   42250.28  0.0327867     7.9663   106.8307   219.0280   118.7277
  -6785.00   42250.41  0.0327537     7.9892   105.8406   219.4378   118.4038
  -6775.00   42248.86  0.0327768     8.0125   104.7996   219.9373   118.1717
  -6765.00   42247.04  0.0328095     8.0449   104.1886   220.0932   117.9512
  -6755.00   42247.61  0.0328285     8.0771   103.4534   220.4369   117.6837
  -6745.00   42249.28  0.0328037     8.0983   102.3982   221.0121   117.4654
  -6735.00   42248.98  0.0329007     8.1242   101.5239   221.2421   117.3163
  -6725.00   42249.29  0.0329606     8.1554   100.4219   221.5968   117.1407
  -6715.00   42251.73  0.0328927     8.1752    99.0695   222.0810   116.9294
  -6705.00   42253.68  0.0329259     8.1900    97.5544   222.5083   116.7532
  -6695.00   42253.26  0.0329811     8.2085    95.8217   222.9795   116.6117
  -6685.00   42253.16  0.0329337     8.2267    94.2222   223.2949   116.4079
  -6675.00   42254.35  0.0328911     8.2384    92.4532   223.7743   116.1514
  -6665.00   42254.47  0.0328662     8.2451    90.4708   224.4448   115.9374
  -6655.00   42252.21  0.0328749     8.2607    89.0009   224.7046   115.7174
  -6645.00   42251.15  0.0328340     8.2800    87.5774   225.1384   115.4113
  -6635.00   42251.55  0.0327182     8.2899    86.1081   225.7900   115.0969
  -6625.00   42250.67  0.0327475     8.3067    85.0308   226.1543   114.8333
  -6615.00   42248.47  0.0327677     8.3361    84.1151   226.5247   114.5565
  -6605.00   42248.06  0.0326836     8.3618    83.3552   226.8982   114.2417
  -6595.00   42249.21  0.0326936     8.3863    82.5658   227.2990   113.9611
  -6585.00   42248.77  0.0327828     8.4174    81.6465   227.7433   113.7569
  -6575.00   42247.97  0.0328268     8.4526    80.9676   227.9013   113.5507
  -6565.00   42249.25  0.0328600     8.4840    80.0059   228.2400   113.3145
  -6555.00   42251.65  0.0329114     8.5070    78.5155   228.8803   113.1439
  -6545.00   42251.90  0.0330350     8.5339    77.2072   229.1257   113.0254
  -6535.00   42252.06  0.0331002     8.5632    75.6609   229.5101   112.8493
  -6525.00   42253.91  0.0330405     8.5784    73.7476   230.1640   112.6503
  -6515.00   42255.30  0.0330964     8.5905    71.8516   230.6737   112.4964
  -6505.00   42254.10  0.0331466     8.6103    69.9508   231.1976   112.3302
  -6495.00   42252.72  0.0330451     8.6256    68.2634   231.6552   112.0931
  -6485.00   42252.78  0.0329731     8.6351    66.5886   232.2227   111.8329
  -6475.00   42252.28  0.0329660     8.6471    64.8912   232.9209   111.6127
  -6465.00   42249.72  0.0329216     8.6671    63.8130   233.2048   111.3717
  -6455.00   42248.33  0.0328333     8.6887    62.8207   233.6242   111.0602
  -6445.00   42248.99  0.0327318     8.7033    61.6455   234.3242   110.7757
  -6435.00   42248.90  0.0327565     8.7261    60.8970   234.6139   110.5522
  -6425.00   42247.78  0.0327448     8.7603    60.1864   234.9248   110.2900
  -6415.00   42248.19  0.0326218     8.7862    59.3530   235.3447   110.0113
  -6405.00   42250.50  0.0326380     8.8100    58.3985   235.7085   109.7988
  -6395.00   42251.07  0.0327107     8.8447    57.2708   236.0637   109.6237
  -6385.00   42250.84  0.0326887     8.8777    56.2270   236.2097   109.4312
  -6375.00   42252.19  0.0326735     8.9032    54.8466   236.5254   109.2287
  -6365.00   42254.29  0.0327490     8.9268    52.9995   237.0945   109.0880
  -6355.00   42254.26  0.0328396     8.9529    51.4513   237.2587   108.9720
  -6345.00   42253.27  0.0328566     8.9784    49.8079   237.5470   108.7879
  -6335.00   42253.72  0.0328150     8.9916    47.8167   238.2124   108.6009
  -6325.00   42254.22  0.0328954     9.0037    46.1229   238.6209   108.4629
  -6315.00   42252.32  0.0329452     9.0252    44.6103   239.0293   108.2797
  -6305.00   42250.15  0.0328249     9.0394    43.2668   239.5090   108.0300
  -6295.00   42249.95  0.0327804     9.0476    42.0240   240.0315   107.7909
  -6285.00   42249.78  0.0328192     9.0652    40.8338   240.6150   107.5736
  -6275.00   42248.04  0.0327598     9.0880    40.1351   240.8647   107.3170
  -6265.00   42247.25  0.0326655     9.1092    39.4003   241.2352   107.0141
  -6255.00   42248.77  0.0326402     9.1287    38.3129   241.8921   106.7573
  -6245.00   42249.94  0.0326966     9.1572    37.5720   242.0909   106.5480
  -6235.00   42249.81  0.0327007     9.1941    36.7183   242.3225   106.2927
  -6225.00   42250.64  0.0326228     9.2216    35.4573   242.8066   106.0423
  -6215.00   42253.29  0.0327165     9.2479    34.1075   243.1227   105.8785
  -6205.00   42254.08  0.0328363     9.2864    32.5906   243.4406   105.7191
  -6195.00   42253.40  0.0328200     9.3186    31.0739   243.6828   105.5346
  -6185.00   42253.78  0.0328466     9.3395    29.3031   244.0866   105.3707
  -6175.00   42254.70  0.0329830     9.3651    27.3011   244.6681   105.2480
  -6165.00   42253.97  0.0330730     9.3903    25.7265   244.9094   105.1211
  -6155.00   42251.78  0.0330545     9.4097    24.1823   245.3013   104.9266
  -6145.00   42251.16  0.0330596     9.4224    22.3773   246.0848   104.7447
  -6135.00   42251.41  0.0331474     9.4354    21.0508   246.5295   104.5979
  -6125.00   42249.72  0.0331550     9.4571    19.9652   246.9538   104.3813
  -6115.00   42247.90  0.0330106     9.4714    18.8155   247.6128   104.1155
  -6105.00   42248.32  0.0329723     9.4814    17.7939   248.1740   103.8901
  -6095.00   42249.20  0.0330012     9.5058    16.8108   248.6990   103.6687
  -6085.00   42248.74  0.0328780     9.5326    16.0398   249.0230   103.4012
  -6075.00   42248.70  0.0327453     9.5538    15.0817   249.4333   103.1277
  -6065.00   42250.85  0.0327478     9.5798    13.7322   250.0262   102.9134
  -6055.00   42252.80  0.0327674     9.6128    12.6553   250.1718   102.7249
  -6045.00   42252.83  0.0327108     9.6481    11.4153   250.3567   102.4941
  -6035.00   42253.17  0.0326477     9.6751     9.6635   250.8879   102.2912
  -6025.00   42255.04  0.0327388     9.7015     8.0521   251.1197   102.1668
  -6015.00   42255.28  0.0328309     9.7383     6.4432   251.3374   102.0191
  -6005.00   42253.58  0.0327655     9.7660     4.8096   251.6579   101.8381
  -5995.00   42252.56  0.0327894     9.7823     3.1735   252.0316   101.7016
  -5985.00   42252.52  0.0329211     9.8079     1.5523   252.5015   101.5819
  -5975.00   42251.57  0.0329558     9.8322     0.4066   252.7041   101.4310
  -5965.00   42249.10  0.0328993     9.8464   359.2831   253.0839   101.2352
  -5955.00   42248.40  0.0329356     9.8609   357.9442   253.7781   101.0624
  -5945.00   42249.34  0.0330209     9.8771   357.0702   254.0967   100.9081
  -5935.00   42248.78  0.0329928     9.8979   356.2991   254.4234   100.6761
  -5925.00   42247.99  0.0328887     9.9134   355.1672   255.1028   100.4204
  -5915.00   42249.25  0.0328942     9.9263   354.1296   255.5666   100.2161
  -5905.00   42251.23  0.0329409     9.9546   353.0650   255.9457    99.9940
  -5895.00   42251.70  0.0328190     9.9834   351.9044   256.3183    99.7216
  -5885.00   42251.71  0.0327262    10.0046   350.5253   256.7190    99.4774
  -5875.00   42253.48  0.0327905    10.0360   348.8585   257.2007    99.2875
  -5865.00   42255.13  0.0328185    10.0738   347.4692   257.3089    99.0981
  -5855.00   42254.37  0.0327704    10.1073   345.9684   257.4959    98.8830
  -5845.00   42253.40  0.0327989    10.1365   344.0724   258.0299    98.7182
  -5835.00   42253.93  0.0329413    10.1662   342.5547   258.2115    98.6146
  -5825.00   42253.59  0.0330526    10.2015   341.1998   258.3869    98.4705
  -5815.00   42251.34  0.0330392    10.2262   339.7079   258.8722    98.3018
  -5805.00   42249.67  0.0331220    10.2403   338.3873   259.3007    98.1876
  -5795.00   42249.72  0.0332873    10.2649   337.1719   259.7721    98.0647
  -5785.00   42249.44  0.0332918    10.2871   336.2365   260.1406    97.8823
  -5775.00   42247.69  0.0332389    10.2963   335.2138   260.6722    97.6823
  -5765.00   42247.65  0.0332947    10.3125   333.9498   261.4148    97.5043
  -5755.00   42249.62  0.0333384    10.3331   333.0419   261.7687    97.3195
  -5745.00   42250.26  0.0332474    10.3531   332.0369   262.1772    97.0658
  -5735.00   42250.27  0.0331643    10.3724   330.5244   262.9244    96.8216
  -5725.00   42251.76  0.0331687    10.3922   329.1317   263.3512    96.6332
  -5715.00   42254.04  0.0331677    10.4247   327.7442   263.6493    96.4136
  -5705.00   42254.53  0.0330371    10.4555   326.0818   264.1194    96.1616
  -5695.00   42253.63  0.0329572    10.4776   324.3639   264.5190    95.9653
  -5685.00   42254.17  0.0330220    10.5119   322.6120   264.8963    95.8096
  -5675.00   42254.82  0.0329919    10.5499   321.1793   265.0349    95.6277
  -5665.00   42253.13  0.0329080    10.5773   319.7669   265.2595    95.4395
  -5655.00   42251.06  0.0329505    10.6052   318.1665   265.7514    95.3068
  -5645.00   42250.80  0.0330449    10.6353   317.0920   265.8653    95.2042
  -5635.00   42250.66  0.0330759    10.6649   316.2148   265.9851    95.0497
  -5625.00   42248.93  0.0330717    10.6863   315.0601   266.4984    94.8902
  -5615.00   42247.65  0.0331495    10.7006   314.1162   266.8426    94.7840
  -5605.00   42248.69  0.0332819    10.7246   313.2580   267.1537    94.6508
  -5595.00   42249.62  0.0332544    10.7454   312.3230   267.5668    94.4518
  -5585.00   42248.97  0.0332168    10.7531   311.2153   268.0541    94.2637
  -5575.00   42249.52  0.0332992    10.7710   309.8189   268.6739    94.0956
  -5565.00   42252.01  0.0333051    10.7953   308.6359   268.9714    93.8906
  -5555.00   42253.22  0.0332080    10.8133   307.2507   269.3557    93.6373
  -5545.00   42252.98  0.0331746    10.8347   305.3834   270.0390    93.4121
  -5535.00   42253.62  0.0331995    10.8611   303.7674   270.3499    93.2295
  -5525.00   42255.14  0.0331804    10.8947   302.2620   270.5562    93.0044
  -5515.00   42254.88  0.0331070    10.9270   300.5057   271.0277    92.7695
  -5505.00   42252.71  0.0330925    10.9529   298.9144   271.3570    92.6047
  -5495.00   42252.02  0.0331929    10.9904   297.5204   271.6031    92.4636
  -5485.00   42252.05  0.0331847    11.0291   296.3682   271.7970    92.2848
  -5475.00   42250.31  0.0331576    11.0538   295.3002   272.0451    92.1241
  -5465.00   42248.15  0.0332802    11.0817   294.1060   272.5011    92.0183
  -5455.00   42248.21  0.0333865    11.1132   293.3448   272.6435    91.9084
  -5445.00   42249.10  0.0334168    11.1368   292.6211   272.8460    91.7468
  -5435.00   42248.52  0.0334842    11.1552   291.4604   273.4450    91.5969
  -5425.00   42248.13  0.0335976    11.1709   290.4251   273.8286    91.4855
  -5415.00   42250.17  0.0336995    11.1933   289.3812   274.1617    91.3239
  -5405.00   42251.96  0.0336914    11.2125   287.9621   274.7560    91.1080
  -5395.00   42251.84  0.0336777    11.2216   286.3911   275.3154    90.9215
  -5385.00   42252.17  0.0337667    11.2432   284.6337   275.9019    90.7494
  -5375.00   42254.10  0.0337193    11.2717   282.9781   276.3264    90.5208
  -5365.00   42254.95  0.0336050    11.2905   281.2526   276.7699    90.2764
  -5355.00   42253.53  0.0335932    11.3150   279.2425   277.4360    90.0811
  -5345.00   42252.93  0.0335774    11.3489   277.6801   277.7130    89.9043
  -5335.00   42253.47  0.0335007    11.3821   276.3390   277.9265    89.6897
  -5325.00   42252.63  0.0334366    11.4129   274.8418   278.4082    89.4897
  -5315.00   42249.99  0.0334284    11.4418   273.6576   278.6806    89.3590
  -5305.00   42249.01  0.0334788    11.4780   272.7411   278.8522    89.2277
  -5295.00   42249.41  0.0334453    11.5123   271.8738   279.1202    89.0568
  -5285.00   42248.57  0.0334093    11.5331   271.0617   279.3672    88.9200
  -5275.00   42247.15  0.0335244    11.5588   270.1059   279.7338    88.8265
  -5265.00   42248.10  0.0335641    11.5890   269.3500   279.8988    88.6970
  -5255.00   42250.23  0.0335436    11.6072   268.4877   280.1063    88.5294
  -5245.00   42250.62  0.0336150    11.6229   267.1171   280.6401    88.3886
  -5235.00   42250.76  0.0336999    11.6424   265.8290   280.9265    88.2669
  -5225.00   42252.89  0.0337400    11.6633   264.4721   281.1915    88.0857
  -5215.00   42254.65  0.0337476    11.6811   262.6980   281.7468    87.8725
  -5205.00   42254.05  0.0337559    11.6938   260.9028   282.1980    87.6995
  -5195.00   42253.17  0.0338363    11.7182   259.1153   282.6293    87.5244
  -5185.00   42253.71  0.0337954    11.7480   257.3996   283.0735    87.2896
  -5175.00   42253.80  0.0337041    11.7673   255.8301   283.4566    87.0617
  -5165.00   42251.34  0.0337437    11.7943   254.1879   283.9929    86.8895
  -5155.00   42249.99  0.0337205    11.8334   253.0210   284.2359    86.7062
  -5145.00   42250.33  0.0336495    11.8659   252.0995   284.4269    86.4967
  -5135.00   42249.87  0.0336421    11.8956   251.0169   284.8567    86.3249
  -5125.00   42247.92  0.0336785    11.9302   250.2305   285.0381    86.2085
  -5115.00   42247.62  0.0337380    11.9662   249.5712   285.1658    86.0768
  -5105.00   42249.13  0.0337633    11.9966   248.7232   285.4709    85.9165
  -5095.00   42249.42  0.0337980    12.0177   247.8084   285.7126    85.8029
  -5085.00   42248.82  0.0339611    12.0427   246.6805   286.0315    85.7136
  -5075.00   42250.26  0.0340309    12.0703   245.4812   286.3244    85.5663
  -5065.00   42252.88  0.0340400    12.0843   244.1204   286.6310    85.3964
  -5055.00   42253.32  0.0341633    12.0980   242.3116   287.1951    85.2592
  -5045.00   42253.00  0.0342439    12.1210   240.6153   287.5602    85.1108
  -5035.00   42254.20  0.0342575    12.1407   238.9213   287.9360    84.9026
  -5025.00   42255.19  0.0342806    12.1576   236.9718   288.5588    84.6881
  -5015.00   42253.61  0.0342920    12.1777   235.2178   289.0176    84.5173
  -5005.00   42251.58  0.0343280    12.2065   233.6543   289.4449    84.3301
  -4995.00   42251.15  0.0342889    12.2377   232.1745   289.9714    84.0996
  -4985.00   42251.01  0.0341913    12.2604   230.9607   290.3589    83.9019
  -4975.00   42248.55  0.0342248    12.2908   229.7950   290.8039    83.7565
  -4965.00   42247.40  0.0341707    12.3313   228.9107   291.1143    83.5810
  -4955.00   42248.49  0.0340694    12.3607   228.2006   291.3329    83.3922
  -4945.00   42249.04  0.0340683    12.3865   227.2528   291.7264    83.2570
  -4935.00   42248.34  0.0340636    12.4223   226.4680   291.8854    83.1457
  -4925.00   42248.90  0.0340673    12.4539   225.6411   292.0263    83.0071
  -4915.00   42251.40  0.0340753    12.4770   224.4847   292.3452    82.8551
  -4905.00   42252.32  0.0340894    12.4987   223.2379   292.5378    82.7491
  -4895.00   42251.81  0.0341989    12.5229   221.7982   292.7793    82.6477
  -4885.00   42252.74  0.0342444    12.5469   220.2058   293.0997    82.4841
  -4875.00   42254.70  0.0342284    12.5599   218.5743   293.3666    82.3197
  -4865.00   42254.33  0.0343370    12.5742   216.7207   293.8007    82.1900
  -4855.00   42252.76  0.0343846    12.5997   215.0515   294.1381    82.0246
  -4845.00   42252.65  0.0343761    12.6185   213.5403   294.4735    81.8099
  -4835.00   42252.98  0.0344089    12.6339   211.9479   295.0007    81.6113
  -4825.00   42250.98  0.0344169    12.6599   210.6627   295.3571    81.4424
  -4815.00   42248.68  0.0344377    12.6906   209.5817   295.7178    81.2445
  -4805.00   42248.52  0.0344299    12.7199   208.5284   296.1949    81.0204
  -4795.00   42249.05  0.0343595    12.7468   207.6781   296.5008    80.8450
  -4785.00   42247.61  0.0344010    12.7810   206.8192   296.8258    80.7064
  -4775.00   42247.22  0.0343871    12.8219   205.9743   297.1410    80.5323
  -4765.00   42249.33  0.0343163    12.8506   205.1721   297.3229    80.3627
  -4755.00   42250.87  0.0343657    12.8766   204.0594   297.6173    80.2548
  -4745.00   42250.92  0.0343865    12.9138   202.9294   297.7747    80.1445
  -4735.00   42251.59  0.0344225    12.9425   201.6873   297.9279    80.0015
  -4725.00   42254.10  0.0344924    12.9597   200.1095   298.2479    79.8654
  -4715.00   42254.68  0.0345465    12.9829   198.5169   298.4391    79.7597
  -4705.00   42253.33  0.0346735    13.0066   196.8281   298.7161    79.6371
  -4695.00   42253.10  0.0347705    13.0253   195.0677   299.1325    79.4564
  -4685.00   42253.85  0.0347895    13.0395   193.4395   299.4649    79.2914
  -4675.00   42252.73  0.0349037    13.0568   191.8039   299.9167    79.1517
  -4665.00   42250.32  0.0349623    13.0841   190.3676   300.3830    78.9607
  -4655.00   42249.70  0.0349511    13.1042   189.1726   300.7975    78.7418
  -4645.00   42250.29  0.0349854    13.1217   187.9587   301.3329    78.5602
  -4635.00   42248.83  0.0349658    13.1543   186.9798   301.7317    78.3913
  -4625.00   42247.25  0.0349567    13.1874   186.1062   302.1282    78.1917
  -4615.00   42248.19  0.0349449    13.2139   185.1390   302.6056    77.9916
  -4605.00   42249.66  0.0348570    13.2448   184.2358   302.8956    77.8446
  -4595.00   42249.36  0.0348558    13.2805   183.2059   303.2011    77.7144
  -4585.00   42249.52  0.0348434    13.3163   182.0195   303.5480    77.5477
  -4575.00   42251.99  0.0347488    13.3424   180.8036   303.7304    77.4027
  -4565.00   42253.81  0.0347616    13.3669   179.3228   303.9740    77.3094
  -4555.00   42253.48  0.0347501    13.4012   177.7755   304.1843    77.1917
  -4545.00   42253.29  0.0347454    13.4254   176.2451   304.3424    77.0415
  -4535.00   42254.78  0.0347917    13.4382   174.5562   304.6142    76.9161
  -4525.00   42254.50  0.0347898    13.4622   173.0018   304.7835    76.8033
  -4515.00   42252.11  0.0348675    13.4858   171.5214   305.0362    76.6579
  -4505.00   42250.88  0.0349557    13.5000   170.1039   305.4055    76.4742
  -4495.00   42251.02  0.0349513    13.5166   168.9225   305.6616    76.3153
  -4485.00   42250.04  0.0350270    13.5376   167.7843   306.0305    76.1688
  -4475.00   42247.80  0.0350932    13.5638   166.7606   306.4703    75.9662
  -4465.00   42247.72  0.0350798    13.5849   165.9159   306.8076    75.7579
  -4455.00   42249.32  0.0351116    13.6049   164.9667   307.2315    75.5927
  -4445.00   42249.04  0.0350902    13.6404   164.0390   307.6054    75.4211
  -4435.00   42248.48  0.0350869    13.6741   163.0935   307.9411    75.2205
  -4425.00   42250.30  0.0351013    13.6988   161.9400   308.3238    75.0424
  -4415.00   42252.38  0.0350206    13.7335   160.7304   308.5502    74.9096
  -4405.00   42252.49  0.0350277    13.7715   159.3395   308.8124    74.7758
  -4395.00   42252.26  0.0350679    13.8029   157.7982   309.1101    74.6157
  -4385.00   42253.93  0.0350091    13.8296   156.2822   309.2370    74.4920
  -4375.00   42255.08  0.0350415    13.8557   154.6290   309.4356    74.4045
  -4365.00   42253.60  0.0350920    13.8871   152.9895   309.6863    74.2769
  -4355.00   42252.26  0.0351286    13.9078   151.5488   309.8407    74.1278
  -4345.00   42252.75  0.0352222    13.9190   150.1104   310.0954    74.0094
  -4335.00   42252.12  0.0352493    13.9431   148.8301   310.3518    73.8837
  -4325.00   42249.59  0.0353580    13.9659   147.7025   310.6707    73.7108
  -4315.00   42248.38  0.0354939    13.9771   146.6384   311.0804    73.5234
  -4305.00   42249.08  0.0354964    13.9968   145.7299   311.3966    73.3622
  -4295.00   42248.96  0.0355690    14.0235   144.7478   311.8506    73.1958
  -4285.00   42247.61  0.0356592    14.0491   143.7393   312.3679    72.9839
  -4275.00   42248.39  0.0356361    14.0732   142.7848   312.7305    72.7912
  -4265.00   42250.91  0.0356385    14.0990   141.6007   313.1695    72.6418
  -4255.00   42251.45  0.0356050    14.1364   140.2707   313.6256    72.4733
  -4245.00   42251.30  0.0355746    14.1692   138.9107   313.9631    72.2884
  -4235.00   42253.02  0.0355664    14.1924   137.3617   314.3038    72.1423
  -4225.00   42254.84  0.0354425    14.2271   135.7439   314.5643    72.0248
  -4215.00   42254.41  0.0354170    14.2631   134.0658   314.8498    71.8874
  -4205.00   42253.00  0.0354497    14.2868   132.4143   315.1218    71.7372
  -4195.00   42253.31  0.0353528    14.3112   130.9354   315.2342    71.6249
  -4185.00   42253.57  0.0353377    14.3376   129.4589   315.4541    71.5274
  -4175.00   42251.25  0.0353841    14.3634   128.1207   315.7328    71.3824
  -4165.00   42249.39  0.0353806    14.3818   127.0929   315.8532    71.2347
  -4155.00   42249.73  0.0354266    14.3941   126.1103   316.0544    71.1183
  -4145.00   42249.68  0.0354266    14.4184   125.1744   316.3473    70.9791
  -4135.00   42248.10  0.0354981    14.4403   124.3766   316.6105    70.7958
  -4125.00   42247.68  0.0356159    14.4503   123.5497   316.9134    70.6187
  -4115.00   42249.54  0.0355771    14.4720   122.6769   317.1864    70.4641
  -4105.00   42250.52  0.0356365    14.5017   121.5957   317.5976    70.2847
  -4095.00   42249.95  0.0357445    14.5249   120.3822   318.0363    70.0755
  -4085.00   42251.05  0.0357075    14.5499   119.1412   318.3003    69.8990
  -4075.00   42253.60  0.0357013    14.5811   117.5945   318.6914    69.7533
  -4065.00   42254.04  0.0356994    14.6182   115.8900   319.1409    69.5805
  -4055.00   42253.23  0.0356759    14.6503   114.2858   319.3946    69.4082
  -4045.00   42253.77  0.0356714    14.6757   112.6268   319.6381    69.2827
  -4035.00   42254.68  0.0355633    14.7116   110.9681   319.9068    69.1705
  -4025.00   42253.50  0.0355646    14.7462   109.4555   320.1493    69.0298
  -4015.00   42251.10  0.0356414    14.7659   108.1443   320.3255    68.8938
  -4005.00   42250.71  0.0355640    14.7892   107.0527   320.4001    68.7919
  -3995.00   42250.87  0.0355945    14.8162   105.9694   320.6385    68.6799
  -3985.00   42248.86  0.0357231    14.8362   105.0178   320.9221    68.5223
  -3975.00   42247.47  0.0357592    14.8523   104.3040   321.0337    68.3749
  -3965.00   42248.52  0.0358339    14.8675   103.4784   321.2803    68.2501
  -3955.00   42249.53  0.0359037    14.8915   102.4945   321.7019    68.0866
  -3945.00   42249.20  0.0359960    14.9132   101.5510   322.0188    67.8937
  -3935.00   42249.51  0.0361213    14.9259   100.4639   322.3427    67.7227
  -3925.00   42252.05  0.0360775    14.9520    99.1281   322.7484    67.5676
  -3915.00   42253.48  0.0361341    14.9849    97.5873   323.2275    67.3789
  -3905.00   42252.83  0.0362480    15.0078    95.9472   323.6764    67.1827
  -3895.00   42253.28  0.0361588    15.0343    94.3233   323.9570    67.0310
  -3885.00   42254.77  0.0361296    15.0701    92.4800   324.4015    66.8898
  -3875.00   42254.46  0.0361395    15.1041    90.6312   324.8968    66.7223
  -3865.00   42252.49  0.0360784    15.1323    89.1043   325.1165    66.5703
  -3855.00   42251.84  0.0360264    15.1585    87.6471   325.3550    66.4609
  -3845.00   42252.13  0.0359111    15.1916    86.2439   325.7047    66.3455
  -3835.00   42250.86  0.0358883    15.2207    85.1286   325.9425    66.2008
  -3825.00   42248.50  0.0359273    15.2366    84.2585   326.0632    66.0738
  -3815.00   42248.43  0.0357939    15.2580    83.4834   326.1729    65.9723
  -3805.00   42249.36  0.0358009    15.2841    82.6441   326.4322    65.8403
  -3795.00   42248.51  0.0359232    15.2997    81.8496   326.6761    65.6760
  -3785.00   42247.99  0.0358975    15.3138    81.1540   326.7319    65.5335
  -3775.00   42249.83  0.0359276    15.3332    80.1586   326.9778    65.4008
  -3765.00   42251.78  0.0360100    15.3559    78.8858   327.4041    65.2239
  -3755.00   42252.08  0.0360721    15.3762    77.6297   327.6490    65.0349
  -3745.00   42252.30  0.0361489    15.3923    76.2079   327.8881    64.8758
  -3735.00   42254.35  0.0361024    15.4206    74.4851   328.3153    64.7181
  -3725.00   42255.34  0.0361498    15.4536    72.7147   328.7370    64.5275
  -3715.00   42253.81  0.0362654    15.4761    71.0196   329.0689    64.3452
  -3705.00   42252.90  0.0361407    15.5042    69.4270   329.3096    64.2087
  -3695.00   42253.10  0.0361225    15.5428    67.7892   329.7079    64.0633
  -3685.00   42252.35  0.0361855    15.5745    66.2859   330.1397    63.8981
  -3675.00   42249.85  0.0361107    15.6000    65.2233   330.2495    63.7638
  -3665.00   42248.95  0.0360660    15.6297    64.1973   330.4494    63.6597
  -3655.00   42249.63  0.0360179    15.6609    63.1668   330.8047    63.5378
  -3645.00   42249.21  0.0360352    15.6850    62.4104   330.9668    63.3945
  -3635.00   42247.86  0.0360887    15.7006    61.7570   331.0221    63.2769
  -3625.00   42248.62  0.0359947    15.7214    60.9583   331.1850    63.1706
  -3615.00   42250.55  0.0360639    15.7452    59.9925   331.4595    63.0201
  -3605.00   42250.74  0.0362525    15.7579    58.9633   331.6780    62.8519
  -3595.00   42250.60  0.0362317    15.7716    57.8735   331.7742    62.7106
  -3585.00   42252.39  0.0363024    15.7954    56.3919   332.1201    62.5595
  -3575.00   42254.35  0.0364661    15.8180    54.6526   332.6314    62.3683
  -3565.00   42254.17  0.0365363    15.8379    53.0340   332.9086    62.1835
  -3555.00   42253.46  0.0365860    15.8609    51.3089   333.2344    62.0312
  -3545.00   42254.24  0.0365654    15.8924    49.4009   333.7950    61.8699
  -3535.00   42254.45  0.0366069    15.9246    47.6793   334.2615    61.6855
  -3525.00   42252.18  0.0366792    15.9484    46.2263   334.5669    61.5267
  -3515.00   42250.37  0.0365048    15.9777    44.8849   334.8928    61.4059
  -3505.00   42250.12  0.0364569    16.0146    43.6240   335.3103    61.2628
  -3495.00   42249.80  0.0365323    16.0412    42.5455   335.6947    61.1068
  -3485.00   42247.82  0.0363844    16.0621    41.8086   335.7919    60.9899
  -3475.00   42247.49  0.0363054    16.0912    40.9749   336.0214    60.8822
  -3465.00   42249.18  0.0362881    16.1179    39.9990   336.4159    60.7476
  -3455.00   42249.95  0.0362727    16.1353    39.2179   336.5354    60.6043
  -3445.00   42249.70  0.0362644    16.1517    38.3415   336.6038    60.4874
  -3435.00   42250.92  0.0361525    16.1725    37.1498   336.8566    60.3687
  -3425.00   42253.28  0.0362016    16.1932    35.8162   337.1227    60.2060
  -3415.00   42253.77  0.0363486    16.2057    34.4491   337.2674    60.0426
  -3405.00   42253.05  0.0362548    16.2207    32.9811   337.3833    59.9066
  -3395.00   42253.70  0.0362962    16.2462    31.2641   337.7156    59.7459
  -3385.00   42254.82  0.0364825    16.2678    29.4808   338.1493    59.5531
  -3375.00   42253.70  0.0365019    16.2860    27.9848   338.3314    59.3812
  -3365.00   42251.89  0.0365176    16.3134    26.4684   338.6341    59.2315
  -3355.00   42251.63  0.0365328    16.3458    24.8895   339.1823    59.0641
  -3345.00   42251.70  0.0365835    16.3748    23.6442   339.5524    58.8849
  -3335.00   42249.70  0.0366177    16.4011    22.6579   339.7719    58.7410
  -3325.00   42248.07  0.0364460    16.4324    21.6511   340.1192    58.6232
  -3315.00   42248.44  0.0364088    16.4674    20.7021   340.4907    58.4788
  -3305.00   42249.27  0.0365098    16.4919    19.8841   340.7325    58.3338
  -3295.00   42248.42  0.0363395    16.5117    19.1526   340.8003    58.2306
  -3285.00   42248.73  0.0362757    16.5405    18.1945   340.9984    58.1193
  -3275.00   42251.17  0.0363554    16.5637    16.9928   341.3376    57.9766
  -3265.00   42252.63  0.0363618    16.5758    15.9157   341.3755    57.8393
  -3255.00   42252.63  0.0363840    16.5936    14.6179   341.4586    57.7185
  -3245.00   42253.25  0.0363644    16.6147    12.9685   341.8011    57.5815
  -3235.00   42255.01  0.0364864    16.6317    11.3382   342.0703    57.4068
  -3225.00   42254.91  0.0366581    16.6463     9.7721   342.2306    57.2441
  -3215.00   42253.05  0.0365868    16.6652     8.1372   342.4967    57.1029
  -3205.00   42252.32  0.0366603    16.6927     6.4690   342.9274    56.9296
  -3195.00   42252.64  0.0368869    16.7153     4.9480   343.3606    56.7400
  -3185.00   42251.18  0.0368612    16.7349     3.7436   343.6021    56.5840
  -3175.00   42249.10  0.0368525    16.7665     2.5316   343.9990    56.4381
  -3165.00   42248.80  0.0369029    16.7988     1.2756   344.6010    56.2723
  -3155.00   42249.62  0.0369241    16.8230     0.3617   344.9315    56.1099
  -3145.00   42248.73  0.0368950    16.8503   359.5107   345.1876    55.9821
  -3135.00   42247.92  0.0367193    16.8809   358.4480   345.6369    55.8654
  -3125.00   42249.32  0.0366802    16.9092   357.3878   346.0216    55.7202
  -3115.00   42251.11  0.0367329    16.9302   356.3797   346.2010    55.5859
  -3105.00   42251.14  0.0365150    16.9485   355.2233   346.3520    55.4856
  -3095.00   42251.42  0.0364164    16.9743   353.8184   346.6127    55.3639
  -3085.00   42253.62  0.0365156    16.9936   352.2687   346.9035    55.2136
  -3075.00   42254.92  0.0364574    17.0027   350.8592   346.9320    55.0808
  -3065.00   42254.11  0.0364248    17.0216   349.3060   347.0469    54.9552
  -3055.00   42253.34  0.0364280    17.0432   347.5362   347.4381    54.8029
  -3045.00   42253.96  0.0365163    17.0565   346.0533   347.6366    54.6285
  -3035.00   42253.24  0.0366242    17.0729   344.7467   347.7522    54.4717
  -3025.00   42250.73  0.0365312    17.0952   343.3873   348.0800    54.3266
  -3015.00   42249.38  0.0365910    17.1209   342.1524   348.4776    54.1484
  -3005.00   42249.75  0.0367894    17.1434   341.1446   348.7798    53.9674
  -2995.00   42249.13  0.0367097    17.1645   340.2876   349.0039    53.8228
  -2985.00   42247.68  0.0366786    17.1971   339.3314   349.3838    53.6766
  -2975.00   42248.11  0.0367714    17.2284   338.2582   349.8994    53.5106
  -2965.00   42250.10  0.0367571    17.2498   337.3958   350.1179    53.3632
  -2955.00   42250.43  0.0367079    17.2783   336.3835   350.3369    53.2435
  -2945.00   42250.21  0.0365861    17.3094   335.0006   350.7987    53.1222
  -2935.00   42251.93  0.0365786    17.3321   333.6529   351.0840    52.9799
  -2925.00   42253.82  0.0366198    17.3522   332.3113   351.1753    52.8555
  -2915.00   42253.79  0.0364339    17.3713   330.7504   351.3580    52.7546
  -2905.00   42253.03  0.0363896    17.3937   329.0708   351.6261    52.6221
  -2895.00   42253.95  0.0365448    17.4104   327.4757   351.8108    52.4698
  -2885.00   42254.53  0.0365054    17.4190   326.0740   351.8417    52.3387
  -2875.00   42252.70  0.0365045    17.4388   324.6429   352.0131    52.2033
  -2865.00   42250.90  0.0366247    17.4606   323.1420   352.4387    52.0342
  -2855.00   42250.97  0.0367380    17.4724   322.0373   352.6356    51.8599
  -2845.00   42250.49  0.0368462    17.4916   321.0744   352.8071    51.7056
  -2835.00   42248.42  0.0368178    17.5187   319.9226   353.3005    51.5510
  -2825.00   42247.47  0.0369064    17.5433   318.9137   353.7550    51.3723
  -2815.00   42248.67  0.0370749    17.5664   318.0439   354.0595    51.2056
  -2805.00   42249.36  0.0369622    17.5909   317.0544   354.4152    51.0730
  -2795.00   42248.76  0.0369166    17.6227   315.8675   354.8883    50.9305
  -2785.00   42249.79  0.0370164    17.6507   314.5446   355.3724    50.7739
  -2775.00   42252.45  0.0369314    17.6689   313.2913   355.6045    50.6445
  -2765.00   42253.31  0.0368369    17.6953   311.8252   355.8690    50.5316
  -2755.00   42252.84  0.0367589    17.7233   310.0042   356.3812    50.4026
  -2745.00   42253.76  0.0367216    17.7392   308.3716   356.6311    50.2630
  -2735.00   42254.91  0.0367106    17.7565   306.8248   356.7283    50.1416
  -2725.00   42254.15  0.0365269    17.7763   305.1175   357.0209    50.0298
  -2715.00   42252.04  0.0364835    17.7945   303.5360   357.3180    49.8849
  -2705.00   42251.63  0.0365884    17.8093   302.2300   357.4637    49.7325
  -2695.00   42251.86  0.0364826    17.8197   301.1275   357.5487    49.6025
  -2685.00   42249.87  0.0364406    17.8396   300.0545   357.7740    49.4590
  -2675.00   42248.10  0.0365642    17.8605   298.9958   358.1416    49.2856
  -2665.00   42248.60  0.0366016    17.8714   298.2534   358.2865    49.1201
  -2655.00   42249.30  0.0366382    17.8914   297.5221   358.4304    48.9722
  -2645.00   42248.45  0.0366446    17.9200   296.4293   358.9320    48.8107
  -2635.00   42248.28  0.0367148    17.9416   295.4184   359.3013    48.6359
  -2625.00   42250.38  0.0368318    17.9638   294.4093   359.5118    48.4813
  -2615.00   42252.01  0.0367168    17.9915   293.0486   359.9029    48.3509
  -2605.00   42251.66  0.0366870    18.0214   291.5021     0.3435    48.2068
  -2595.00   42252.26  0.0367901    18.0469   289.8825     0.7086    48.0582
  -2585.00   42254.44  0.0366689    18.0658   288.2874     0.9162    47.9408
  -2575.00   42254.82  0.0365720    18.0915   286.5997     1.1545    47.8300
  -2565.00   42253.31  0.0365686    18.1170   284.7459     1.5905    47.6962
  -2555.00   42252.80  0.0365250    18.1292   283.2410     1.7555    47.5631
  -2545.00   42253.19  0.0365142    18.1446   281.9504     1.7963    47.4456
  -2535.00   42252.01  0.0364186    18.1650   280.5406     2.1183    47.3204
  -2525.00   42249.34  0.0364376    18.1790   279.3988     2.3694    47.1659
  -2515.00   42248.65  0.0365721    18.1921   278.5240     2.4790    47.0124
  -2505.00   42249.44  0.0365045    18.2059   277.6798     2.6567    46.8764
  -2495.00   42248.25  0.0365304    18.2261   276.7986     2.9557    46.7196
  -2485.00   42247.29  0.0367148    18.2469   275.8566     3.3225    46.5438
  -2475.00   42248.68  0.0367439    18.2601   275.0009     3.5424    46.3859
  -2465.00   42250.59  0.0367731    18.2828   273.9894     3.7940    46.2422
  -2455.00   42250.84  0.0368517    18.3124   272.5362     4.3561    46.0796
  -2445.00   42250.88  0.0369074    18.3322   271.1059     4.7547    45.9165
  -2435.00   42253.14  0.0369702    18.3533   269.6445     4.9972    45.7802
  -2425.00   42254.69  0.0368789    18.3823   267.7818     5.5084    45.6520
  -2415.00   42253.67  0.0368491    18.4078   265.9182     5.9738    45.5100
  -2405.00   42252.99  0.0369203    18.4280   264.1582     6.3088    45.3720
  -2395.00   42253.94  0.0367572    18.4465   262.4502     6.6181    45.2601
  -2385.00   42253.58  0.0366412    18.4690   260.8660     6.9151    45.1433
  -2375.00   42251.25  0.0366563    18.4896   259.3241     7.3248    45.0034
  -2365.00   42249.89  0.0365530    18.4992   258.1468     7.5282    44.8726
  -2355.00   42250.35  0.0364815    18.5131   257.2219     7.6124    44.7540
  -2345.00   42249.73  0.0364163    18.5329   256.1437     7.9865    44.6147
  -2335.00   42247.57  0.0363949    18.5440   255.3055     8.2276    44.4568
  -2325.00   42247.61  0.0364649    18.5549   254.6219     8.3162    44.3084
  -2315.00   42249.47  0.0363731    18.5719   253.7162     8.5837    44.1681
  -2305.00   42249.52  0.0363763    18.5908   252.7375     8.8645    44.0058
  -2295.00   42249.20  0.0365285    18.6093   251.6115     9.1562    43.8347
  -2285.00   42251.06  0.0364927    18.6245   250.3753     9.3925    43.6859
  -2275.00   42253.42  0.0364893    18.6479   248.9764     9.6335    43.5427
  -2265.00   42253.83  0.0365841    18.6760   247.2164    10.1044    43.3809
  -2255.00   42253.00  0.0365970    18.6945   245.5077    10.4404    43.2275
  -2245.00   42254.26  0.0366147    18.7154   243.8750    10.6377    43.1019
  -2235.00   42254.97  0.0365693    18.7448   241.9747    11.1231    42.9711
  -2225.00   42252.90  0.0365382    18.7672   240.2856    11.5060    42.8300
  -2215.00   42251.01  0.0365926    18.7839   238.8536    11.7428    42.7024
  -2205.00   42251.10  0.0364512    18.8038   237.4517    12.0839    42.5911
  -2195.00   42250.78  0.0363580    18.8240   236.3123    12.3377    42.4676
  -2185.00   42248.59  0.0364130    18.8399   235.2644    12.6390    42.3265
  -2175.00   42247.61  0.0363140    18.8491   234.3997    12.8448    42.1985
  -2165.00   42248.99  0.0362627    18.8625   233.6986    12.9287    42.0749
  -2155.00   42249.59  0.0362920    18.8806   232.7425    13.2651    41.9239
  -2145.00   42248.41  0.0362991    18.8902   231.8435    13.4914    41.7638
  -2135.00   42249.28  0.0363887    18.9009   230.9486    13.5808    41.6187
  -2125.00   42251.76  0.0363888    18.9212   229.6275    13.9451    41.4695
  -2115.00   42252.43  0.0364327    18.9400   228.2337    14.2516    41.3029
  -2105.00   42251.85  0.0366118    18.9570   226.6964    14.5458    41.1396
  -2095.00   42253.16  0.0365933    18.9766   224.9483    14.9258    40.9983
  -2085.00   42254.97  0.0366038    19.0008   223.2164    15.2445    40.8569
  -2075.00   42254.60  0.0367190    19.0262   221.3304    15.7199    40.7015
  -2065.00   42252.59  0.0366969    19.0438   219.5674    16.1333    40.5626
  -2055.00   42252.65  0.0366857    19.0636   218.0469    16.4082    40.4458
  -2045.00   42252.87  0.0366696    19.0897   216.4329    16.9220    40.3145
  -2035.00   42250.42  0.0366024    19.1070   215.0950    17.3319    40.1757
  -2025.00   42248.31  0.0366132    19.1192   214.0424    17.5847    40.0556
  -2015.00   42248.56  0.0364942    19.1380   212.9021    18.0231    39.9384
  -2005.00   42249.18  0.0363757    19.1544   211.9976    18.3113    39.8046
  -1995.00   42247.89  0.0364046    19.1652   211.1061    18.5897    39.6624
  -1985.00   42247.88  0.0362759    19.1752   210.1204    18.8968    39.5337
  -1975.00   42250.29  0.0361881    19.1885   209.2141    19.0345    39.4030
  -1965.00   42251.99  0.0362074    19.2041   208.0057    19.3429    39.2468
  -1955.00   42251.37  0.0361503    19.2133   206.6986    19.5970    39.0914
  -1945.00   42252.18  0.0361774    19.2245   205.3944    19.6915    38.9521
  -1935.00   42254.32  0.0361882    19.2451   203.7054    20.0482    38.8001
  -1925.00   42254.56  0.0361711    19.2623   202.0498    20.3152    38.6348
  -1915.00   42252.83  0.0362971    19.2769   200.4199    20.5280    38.4821
  -1905.00   42252.73  0.0362832    19.2986   198.6288    20.9319    38.3434
  -1895.00   42253.60  0.0362677    19.3221   197.0963    21.1956    38.1996
  -1885.00   42252.45  0.0363686    19.3435   195.5911    21.5639    38.0486
  -1875.00   42250.00  0.0363282    19.3618   194.1802    21.9762    37.9181
  -1865.00   42249.71  0.0363148    19.3817   193.0962    22.2142    37.8027
  -1855.00   42250.54  0.0363260    19.4047   191.9507    22.6362    37.6700
  -1845.00   42248.77  0.0362416    19.4193   190.9277    23.0139    37.5363
  -1835.00   42247.41  0.0362478    19.4298   190.1000    23.2135    37.4225
  -1825.00   42248.54  0.0361968    19.4472   189.0352    23.6119    37.3014
  -1815.00   42250.26  0.0360791    19.4605   188.0527    23.8615    37.1612
  -1805.00   42249.85  0.0361210    19.4675   186.9915    24.0589    37.0216
  -1795.00   42250.26  0.0360574    19.4783   185.6290    24.3919    36.8901
  -1785.00   42252.90  0.0360044    19.4920   184.3440    24.5150    36.7492
  -1775.00   42254.66  0.0360716    19.5051   182.8027    24.7660    36.5886
  -1765.00   42253.69  0.0360506    19.5159   181.1017    25.0742    36.4361
  -1755.00   42253.42  0.0361177    19.5298   179.5505    25.2004    36.2972
  -1745.00   42254.55  0.0362074    19.5509   177.7953    25.5593    36.1429
  -1735.00   42253.95  0.0361961    19.5679   176.1471    25.8993    35.9829
  -1725.00   42251.25  0.0363283    19.5823   174.7055    26.1500    35.8430
  -1715.00   42250.16  0.0363853    19.6047   173.1661    26.6388    35.7089
  -1705.00   42250.82  0.0363568    19.6263   171.9601    26.9674    35.5669
  -1695.00   42249.75  0.0364439    19.6422   170.8228    27.3528    35.4262
  -1685.00   42247.95  0.0364129    19.6595   169.6193    27.8768    35.3029
  -1675.00   42248.25  0.0363870    19.6772   168.7129    28.1619    35.1857
  -1665.00   42250.24  0.0363878    19.6940   167.6604    28.5829    35.0507
  -1655.00   42249.69  0.0362732    19.7056   166.4782    29.0481    34.9203
  -1645.00   42249.15  0.0362563    19.7146   165.4090    29.2880    34.8060
  -1635.00   42250.99  0.0362242    19.7292   164.0413    29.6835    34.6778
  -1625.00   42253.11  0.0360541    19.7399   162.5960    30.0075    34.5337
  -1615.00   42252.84  0.0360475    19.7449   161.1131    30.2250    34.3973
  -1605.00   42252.55  0.0360025    19.7563   159.3509    30.6032    34.2643
  -1595.00   42254.28  0.0358909    19.7697   157.7872    30.7489    34.1173
  -1585.00   42255.21  0.0359002    19.7799   156.1526    30.9750    33.9595
  -1575.00   42253.30  0.0358523    19.7914   154.4311    31.3334    33.8126
  -1565.00   42251.73  0.0358781    19.8065   153.1014    31.4269    33.6733
  -1555.00   42252.14  0.0359419    19.8253   151.7508    31.6967    33.5190
  -1545.00   42251.34  0.0358834    19.8410   150.4598    32.0520    33.3652
  -1535.00   42248.71  0.0359835    19.8553   149.4677    32.2457    33.2323
  -1525.00   42247.74  0.0360733    19.8767   148.3767    32.6433    33.0995
  -1515.00   42249.13  0.0360021    19.8960   147.4521    32.9469    32.9578
  -1505.00   42249.14  0.0360661    19.9089   146.5072    33.2665    32.8257
  -1495.00   42248.34  0.0360757    19.9253   145.3064    33.7676    32.7065
  -1485.00   42249.45  0.0360349    19.9419   144.3056    33.9858    32.5861
  -1475.00   42252.25  0.0360273    19.9539   143.0472    34.3282    32.4528
  -1465.00   42252.52  0.0359277    19.9640   141.4756    34.8022    32.3265
  -1455.00   42251.95  0.0359247    19.9729   140.0654    34.9760    32.2104
  -1445.00   42253.49  0.0359230    19.9847   138.4376    35.2593    32.0764
  -1435.00   42254.91  0.0357627    19.9936   136.6667    35.6022    31.9313
  -1425.00   42253.99  0.0357804    19.9985   135.0432    35.7861    31.7959
  -1415.00   42252.34  0.0358284    20.0104   133.3430    36.0912    31.6589
  -1405.00   42252.83  0.0357301    20.0238   131.9068    36.2474    31.5057
  -1395.00   42253.13  0.0357708    20.0330   130.5488    36.4695    31.3511
  -1385.00   42250.80  0.0358161    20.0459   129.1418    36.8742    31.2086
  -1375.00   42248.98  0.0358693    20.0629   128.2054    36.9723    31.0676
  -1365.00   42249.66  0.0359606    20.0795   127.2335    37.2410    30.9169
  -1355.00   42249.61  0.0359435    20.0941   126.1070    37.7195    30.7733
  -1345.00   42247.96  0.0360637    20.1087   125.2453    37.9552    30.6478
  -1335.00   42247.78  0.0361895    20.1273   124.2113    38.3354    30.5183
  -1325.00   42250.05  0.0360960    20.1426   123.0383    38.7669    30.3814
  -1315.00   42251.14  0.0361475    20.1521   121.7753    39.1529    30.2576
  -1305.00   42250.79  0.0362017    20.1656   120.1986    39.6853    30.1406
  -1295.00   42252.00  0.0361053    20.1791   118.7459    39.9574    30.0145
  -1285.00   42254.63  0.0360616    20.1864   117.0518    40.3438    29.8821
  -1275.00   42254.76  0.0359731    20.1944   115.0538    40.9139    29.7563
  -1265.00   42253.27  0.0359344    20.2033   113.4253    41.0922    29.6338
  -1255.00   42253.54  0.0358931    20.2123   111.7584    41.3549    29.4950
  -1245.00   42253.94  0.0357077    20.2199   109.9758    41.7972    29.3510
  -1235.00   42252.38  0.0356986    20.2256   108.5632    42.0021    29.2172
  -1225.00   42249.85  0.0357390    20.2369   107.2850    42.2337    29.0783
  -1215.00   42249.72  0.0355775    20.2490   106.1885    42.4411    28.9254
  -1205.00   42250.33  0.0355751    20.2569   105.2092    42.6718    28.7773
  -1195.00   42248.61  0.0356412    20.2693   104.1695    43.0392    28.6395
  -1185.00   42247.55  0.0356197    20.2856   103.4976    43.0928    28.4968
  -1175.00   42249.13  0.0356581    20.2991   102.6685    43.3041    28.3502
  -1165.00   42250.37  0.0356525    20.3121   101.4580    43.7977    28.2140
  -1155.00   42249.85  0.0357434    20.3269   100.4737    43.9465    28.0899
  -1145.00   42250.17  0.0358453    20.3428    99.2564    44.1953    27.9610
  -1135.00   42252.62  0.0357395    20.3554    97.6597    44.6541    27.8292
  -1125.00   42253.97  0.0357947    20.3641    96.0283    44.9966    27.7109
  -1115.00   42253.04  0.0358896    20.3760    94.2157    45.4068    27.5951
  -1105.00   42253.20  0.0357508    20.3869    92.5075    45.6674    27.4668
  -1095.00   42254.74  0.0357053    20.3917    90.7161    46.0236    27.3376
  -1085.00   42254.17  0.0356854    20.3981    88.7804    46.5664    27.2131
  -1075.00   42251.81  0.0356246    20.4069    87.4225    46.6604    27.0835
  -1065.00   42251.04  0.0355807    20.4135    86.1478    46.8431    26.9415
  -1055.00   42251.24  0.0354522    20.4200    84.7260    47.3073    26.7979
  -1045.00   42249.97  0.0354902    20.4275    83.7840    47.4377    26.6620
  -1035.00   42247.74  0.0355709    20.4386    82.9841    47.5533    26.5197
  -1025.00   42247.96  0.0354472    20.4499    82.1000    47.8072    26.3689
  -1015.00   42249.56  0.0355134    20.4584    81.2272    48.0575    26.2273
  -1005.00   42248.94  0.0356782    20.4711    80.2159    48.3836    26.0945
   -995.00   42248.74  0.0356543    20.4862    79.3113    48.5030    25.9548
   -985.00   42250.91  0.0357099    20.4972    78.1179    48.7871    25.8166
   -975.00   42252.87  0.0357894    20.5081    76.4338    49.3789    25.6902
   -965.00   42252.80  0.0358622    20.5215    74.9953    49.5715    25.5679
   -955.00   42252.59  0.0359312    20.5332    73.3761    49.8431    25.4407
   -945.00   42254.21  0.0358368    20.5419    71.3309    50.4489    25.3139
   -935.00   42254.93  0.0358916    20.5493    69.4835    50.8338    25.1965
   -925.00   42252.93  0.0359797    20.5584    67.7107    51.1970    25.0769
   -915.00   42251.68  0.0357889    20.5662    66.0341    51.5668    24.9460
   -905.00   42252.20  0.0357321    20.5695    64.4614    51.9788    24.8172
   -895.00   42251.40  0.0357611    20.5748    62.9111    52.5103    24.6918
   -885.00   42249.09  0.0356219    20.5826    61.9196    52.6404    24.5571
   -875.00   42248.23  0.0355242    20.5875    60.9959    52.8500    24.4153
   -865.00   42249.23  0.0354228    20.5926    59.8029    53.3881    24.2758
   -855.00   42249.14  0.0354107    20.6006    59.0760    53.4815    24.1394
   -845.00   42247.87  0.0354234    20.6100    58.3708    53.5414    23.9975
   -835.00   42248.79  0.0352589    20.6191    57.3059    53.8626    23.8517
   -825.00   42251.25  0.0353112    20.6275    56.2165    54.0760    23.7157
   -815.00   42251.53  0.0354638    20.6391    54.9775    54.2855    23.5849
   -805.00   42251.37  0.0353695    20.6521    53.6626    54.4109    23.4480
   -795.00   42253.05  0.0354001    20.6613    52.0824    54.6786    23.3158
   -785.00   42254.72  0.0355328    20.6711    50.1312    55.2058    23.1949
   -775.00   42254.23  0.0355526    20.6832    48.5198    55.3490    23.0725
   -765.00   42252.67  0.0355734    20.6924    46.8807    55.5666    22.9471
   -755.00   42253.01  0.0355167    20.6988    44.9019    56.1933    22.8252
   -745.00   42253.08  0.0355655    20.7056    43.3714    56.4898    22.7076
   -735.00   42250.65  0.0356320    20.7127    42.0711    56.7230    22.5852
   -725.00   42248.83  0.0354260    20.7177    40.7636    57.1168    22.4545
   -715.00   42249.27  0.0353952    20.7204    39.6419    57.4623    22.3263
   -705.00   42249.29  0.0354857    20.7250    38.5830    57.8372    22.1986
   -695.00   42247.97  0.0353211    20.7314    37.8340    57.9455    22.0606
   -685.00   42247.78  0.0352416    20.7356    37.0217    58.1234    21.9196
   -675.00   42249.85  0.0352627    20.7404    35.8123    58.6156    21.7833
   -665.00   42250.95  0.0352613    20.7490    34.9366    58.6487    21.6462
   -655.00   42250.35  0.0352908    20.7577    33.9408    58.6767    21.5062
   -645.00   42251.38  0.0352071    20.7655    32.3844    59.0992    21.3678
   -635.00   42253.65  0.0353193    20.7745    30.9064    59.2884    21.2376
   -625.00   42253.96  0.0355175    20.7850    29.3379    59.4680    21.1103
   -615.00   42252.82  0.0354253    20.7952    27.6263    59.7281    20.9793
   -605.00   42253.21  0.0354984    20.8027    25.8332    60.0783    20.8543
   -595.00   42254.02  0.0357026    20.8106    23.9199    60.6090    20.7367
   -585.00   42252.94  0.0356865    20.8195    22.4149    60.8368    20.6145
   -575.00   42250.47  0.0356721    20.8254    20.9892    61.1492    20.4901
   -565.00   42250.11  0.0356670    20.8293    19.3195    61.8565    20.3698
   -555.00   42250.36  0.0356801    20.8345    18.1834    62.1613    20.2489
   -545.00   42248.57  0.0356894    20.8391    17.2497    62.3881    20.1227
   -535.00   42247.17  0.0354701    20.8418    16.0815    62.9099    19.9923
   -525.00   42248.26  0.0354302    20.8442    15.0922    63.2544    19.8640
   -515.00   42249.64  0.0355123    20.8480    14.1054    63.5487    19.7347
   -505.00   42249.47  0.0352887    20.8527    13.1101    63.7448    19.5978
   -495.00   42249.84  0.0351825    20.8561    11.9521    63.9770    19.4608
   -485.00   42252.31  0.0352431    20.8604    10.4219    64.4230    19.3285
   -475.00   42253.97  0.0351726    20.8678     9.1272    64.4708    19.1934
   -465.00   42253.15  0.0351318    20.8748     7.7347    64.5113    19.0568
   -455.00   42253.14  0.0350726    20.8811     5.8319    64.9847    18.9247
   -445.00   42254.23  0.0351320    20.8895     4.2512    65.1050    18.7970
   -435.00   42253.99  0.0352829    20.8985     2.7712    65.1817    18.6706
   -425.00   42251.70  0.0351570    20.9063     1.1398    65.5047    18.5436
   -415.00   42250.89  0.0352225    20.9130   359.6836    65.7850    18.4221
   -405.00   42251.31  0.0354418    20.9197   358.2834    66.1704    18.3049
   -395.00   42250.49  0.0353750    20.9261   357.1988    66.3784    18.1835
   -385.00   42248.31  0.0353457    20.9302   356.1466    66.6822    18.0616
   -375.00   42248.25  0.0353986    20.9327   354.8454    67.3179    17.9428
   -365.00   42249.59  0.0353801    20.9362   353.9650    67.5441    17.8208
   -355.00   42249.03  0.0353475    20.9388   353.1219    67.7074    17.6938
   -345.00   42248.39  0.0351729    20.9400   351.8135    68.2540    17.5651
   -335.00   42250.01  0.0351415    20.9420   350.6733    68.4977    17.4366
   -325.00   42252.24  0.0352333    20.9452   349.4991    68.6302    17.3057
   -315.00   42252.48  0.0350284    20.9489   348.0832    68.8476    17.1706
   -305.00   42252.47  0.0349805    20.9524   346.5599    69.0436    17.0370
   -295.00   42254.20  0.0351395    20.9573   344.8293    69.3616    16.9070
   -285.00   42255.43  0.0351011    20.9639   343.3197    69.4112    16.7751
   -275.00   42253.74  0.0351011    20.9701   341.8055    69.4998    16.6439
   -265.00   42252.30  0.0351694    20.9757   339.9527    70.0160    16.5180
   -255.00   42252.27  0.0352481    20.9828   338.5722    70.1723    16.3941
   -245.00   42251.79  0.0353970    20.9894   337.4136    70.2670    16.2705
   -235.00   42249.25  0.0353226    20.9944   336.0020    70.7677    16.1483
   -225.00   42248.17  0.0353891    20.9991   334.8878    71.0922    16.0291
   -215.00   42249.11  0.0356097    21.0033   333.8570    71.4387    15.9108
   -205.00   42249.31  0.0355014    21.0066   332.8730    71.7717    15.7898
   -195.00   42248.24  0.0354687    21.0085   331.8243    72.1490    15.6687
   -185.00   42248.86  0.0355614    21.0098   330.4761    72.7691    15.5486
   -175.00   42251.34  0.0354949    21.0113   329.3677    73.0232    15.4253
   -165.00   42251.79  0.0354185    21.0124   328.1390    73.2489    15.2990
   -155.00   42251.38  0.0352916    21.0129   326.3647    73.8768    15.1723
   -145.00   42252.64  0.0352278    21.0143   324.8148    74.1324    15.0448
   -135.00   42254.65  0.0352622    21.0166   323.3224    74.2274    14.9152
   -125.00   42254.41  0.0350450    21.0190   321.5395    74.5611    14.7840
   -115.00   42253.13  0.0349733    21.0220   319.8818    74.7738    14.6541
   -105.00   42253.41  0.0351116    21.0261   318.2882    74.9990    14.5257
    -95.00   42253.99  0.0350108    21.0310   316.9514    75.0751    14.3968
    -85.00   42251.82  0.0349712    21.0358   315.7234    75.1850    14.2694
    -75.00   42249.63  0.0350685    21.0406   314.3116    75.6443    14.1457
    -65.00   42249.52  0.0350950    21.0458   313.3658    75.7669    14.0234
    -55.00   42249.73  0.0351731    21.0504   312.6035    75.8113    13.9020
    -45.00   42248.08  0.0351358    21.0540   311.4212    76.3386    13.7829
    -35.00   42247.55  0.0351684    21.0571   310.4769    76.6181    13.6653
    -25.00   42249.48  0.0353477    21.0595   309.5572    76.8285    13.5474
    -15.00   42250.89  0.0352223    21.0608   308.3671    77.2023    13.4289
     -5.00   42250.72  0.0351829    21.0614   307.0730    77.5293    13.3099
      5.00   42251.42  0.0353041    21.0616   305.4849    78.0143    13.1895
     15.00   42254.09  0.0352011    21.0616   304.0243    78.2203    13.0669
     25.00   42254.59  0.0351235    21.0617   302.4567    78.4016    12.9424
     35.00   42253.42  0.0350827    21.0621   300.4587    78.9598    12.8165
     45.00   42253.43  0.0350321    21.0631   298.8329    79.1327    12.6894
     55.00   42254.38  0.0350613    21.0647   297.4151    79.1404    12.5615
     65.00   42253.47  0.0349311    21.0670   295.7606    79.4943    12.4336
     75.00   42251.11  0.0349159    21.0699   294.4136    79.6756    12.3066
     85.00   42250.54  0.0350967    21.0732   293.2826    79.8024    12.1805
     95.00   42251.21  0.0350321    21.0767   292.2819    79.9449    12.0559
    105.00   42249.55  0.0350461    21.0802   291.3635    80.1126    11.9335
    115.00   42247.76  0.0352340    21.0836   290.2550    80.5579    11.8125
    125.00   42248.50  0.0352715    21.0864   289.4202    80.7465    11.6928
    135.00   42249.81  0.0353342    21.0885   288.5867    80.8841    11.5751
    145.00   42249.40  0.0353755    21.0903   287.1968    81.4982    11.4580
    155.00   42249.35  0.0354071    21.0912   285.9285    81.8557    11.3406
    165.00   42251.79  0.0355351    21.0913   284.6519    82.0703    11.2233
    175.00   42253.80  0.0354262    21.0911   282.9400    82.5707    11.1061
    185.00   42253.51  0.0353722    21.0906   281.2019    82.9552    10.9872
    195.00   42253.35  0.0354921    21.0897   279.3464    83.3842    10.8663
    205.00   42255.09  0.0353500    21.0888   277.5980    83.6786    10.7450
    215.00   42254.97  0.0352475    21.0882   275.9291    83.9046    10.6227
    225.00   42252.71  0.0352519    21.0882   274.0449    84.4496    10.4978
    235.00   42251.42  0.0351588    21.0883   272.6338    84.6575    10.3722
    245.00   42251.68  0.0351243    21.0887   271.5268    84.6982    10.2475
    255.00   42250.88  0.0350178    21.0903   270.2097    85.1113    10.1225
    265.00   42248.46  0.0349689    21.0920   269.2393    85.3073     9.9971
    275.00   42248.15  0.0350811    21.0936   268.4813    85.3794     9.8733
    285.00   42249.79  0.0349812    21.0956   267.6303    85.5870     9.7522
    295.00   42249.42  0.0349603    21.0979   266.7912    85.7492     9.6322
    305.00   42248.55  0.0351419    21.0997   265.7148    86.0827     9.5124
    315.00   42250.10  0.0351281    21.1006   264.6744    86.2660     9.3954
    325.00   42252.24  0.0351454    21.1014   263.5277    86.3883     9.2810
    335.00   42252.44  0.0352301    21.1022   261.8133    86.9319     9.1654
    345.00   42251.99  0.0352425    21.1016   260.1915    87.2460     9.0490
    355.00   42253.72  0.0353136    21.1002   258.6173    87.3998     8.9346
    365.00   42255.26  0.0352382    21.0995   256.6614    87.8930     8.8194
    375.00   42253.94  0.0351804    21.0983   254.8643    88.2314     8.7007
    385.00   42252.48  0.0352859    21.0961   253.1965    88.5163     8.5807
    395.00   42253.08  0.0351478    21.0947   251.6473    88.8125     8.4613
    405.00   42252.69  0.0350473    21.0939   250.3543    88.9821     8.3402
    415.00   42250.14  0.0351209    21.0932   248.9961    89.3825     8.2157
    425.00   42248.60  0.0350446    21.0924   248.0196    89.5550     8.0919
    435.00   42249.23  0.0350262    21.0923   247.2934    89.5623     7.9707
    445.00   42249.36  0.0350305    21.0934   246.2503    89.9492     7.8483
    455.00   42247.73  0.0350350    21.0940   245.4172    90.1317     7.7249
    465.00   42248.16  0.0351687    21.0940   244.6400    90.1903     7.6057
    475.00   42250.80  0.0351438    21.0949   243.5145    90.4981     7.4892
    485.00   42251.47  0.0351666    21.0959   242.3270    90.7182     7.3715
    495.00   42251.09  0.0353808    21.0955   240.8939    91.0288     7.2544
    505.00   42252.57  0.0353789    21.0947   239.3318    91.3325     7.1408
    515.00   42254.64  0.0353927    21.0943   237.7260    91.5436     7.0286
    525.00   42254.50  0.0355253    21.0936   235.7299    92.0816     6.9129
    535.00   42252.85  0.0355261    21.0914   233.8963    92.4599     6.7969
    545.00   42253.14  0.0355603    21.0889   232.2595    92.6778     6.6842
    555.00   42253.85  0.0355256    21.0879   230.4017    93.2304     6.5690
    565.00   42251.70  0.0354594    21.0858   228.8547    93.6142     6.4492
    575.00   42249.57  0.0355255    21.0826   227.5621    93.8932     6.3312
    585.00   42249.86  0.0353928    21.0807   226.3061    94.2984     6.2140
    595.00   42250.11  0.0352633    21.0796   225.3267    94.5329     6.0937
    605.00   42248.44  0.0353269    21.0775   224.3053    94.8808     5.9712
    615.00   42247.55  0.0352140    21.0754   223.4149    95.1346     5.8505
    625.00   42249.29  0.0351360    21.0744   222.6663    95.1888     5.7326
    635.00   42250.58  0.0351549    21.0743   221.5137    95.5544     5.6121
    645.00   42249.77  0.0351092    21.0732   220.4174    95.7454     5.4903
    655.00   42250.44  0.0351773    21.0717   219.3030    95.7858     5.3750
    665.00   42253.23  0.0351599    21.0720   217.7483    96.1179     5.2613
    675.00   42253.98  0.0351438    21.0720   216.2062    96.3076     5.1439
    685.00   42253.00  0.0353126    21.0700   214.5451    96.5208     5.0296
    695.00   42253.29  0.0353002    21.0685   212.7533    96.8487     4.9195
    705.00   42254.51  0.0352824    21.0679   211.1268    97.0332     4.8083
    715.00   42253.65  0.0354149    21.0659   209.3576    97.4461     4.6935
    725.00   42250.93  0.0353950    21.0625   207.7868    97.8076     4.5797
    735.00   42250.35  0.0354006    21.0596   206.5380    97.9872     4.4692
    745.00   42250.93  0.0354075    21.0579   205.1465    98.4667     4.3541
    755.00   42249.03  0.0353320    21.0547   204.0433    98.7958     4.2343
    765.00   42247.30  0.0353810    21.0504   203.1535    98.9871     4.1190
    775.00   42248.25  0.0353019    21.0482   202.1206    99.3727     4.0040
    785.00   42249.64  0.0351896    21.0466   201.2588    99.5635     3.8834
    795.00   42249.26  0.0352751    21.0431   200.2783    99.7836     3.7641
    805.00   42249.04  0.0352150    21.0403   199.1570   100.0448     3.6476
    815.00   42251.57  0.0351663    21.0393   198.0882   100.0954     3.5324
    825.00   42253.30  0.0352659    21.0378   196.6150   100.3840     3.4145
    835.00   42252.49  0.0352589    21.0353   195.0852   100.6079     3.2962
    845.00   42252.48  0.0353499    21.0331   193.6023   100.6707     3.1853
    855.00   42254.28  0.0354264    21.0326   191.7535   101.0487     3.0737
    865.00   42254.37  0.0354260    21.0313   190.0579   101.2966     2.9564
    875.00   42252.28  0.0355955    21.0277   188.4368   101.5282     2.8449
    885.00   42251.39  0.0356342    21.0257   186.7372   101.9678     2.7372
    895.00   42252.03  0.0356152    21.0247   185.3675   102.2286     2.6242
    905.00   42251.10  0.0357434    21.0211   183.9986   102.6319     2.5098
    915.00   42248.34  0.0357278    21.0166   182.7234   103.0943     2.3984
    925.00   42248.02  0.0357153    21.0138   181.7665   103.3379     2.2885
    935.00   42249.31  0.0357467    21.0110   180.6222   103.8192     2.1733
    945.00   42248.56  0.0356443    21.0064   179.5639   104.2225     2.0549
    955.00   42247.64  0.0356586    21.0014   178.6122   104.4473     1.9429
    965.00   42249.41  0.0356073    20.9988   177.3464   104.8867     1.8301
    975.00   42251.74  0.0354537    20.9962   176.1366   105.1352     1.7097
    985.00   42252.09  0.0354839    20.9912   174.7843   105.3505     1.5938
    995.00   42251.75  0.0354186    20.9877   173.1840   105.6825     1.4819
   1005.00   42253.83  0.0353199    20.9867   171.7179   105.7669     1.3669
   1015.00   42255.09  0.0353768    20.9837   170.0220   105.9947     1.2508
   1025.00   42253.38  0.0353268    20.9798   168.2964   106.2606     1.1361
   1035.00   42252.04  0.0353642    20.9778   166.8443   106.3031     1.0272
   1045.00   42252.49  0.0354499    20.9764   165.2197   106.6135     0.9159
   1055.00   42252.14  0.0353973    20.9738   163.8184   106.8578     0.7990
   1065.00   42249.52  0.0355223    20.9695   162.6356   107.0254     0.6903
   1075.00   42248.46  0.0355913    20.9672   161.3566   107.4366     0.5845
   1085.00   42249.47  0.0355421    20.9656   160.3920   107.6651     0.4702
   1095.00   42249.46  0.0356386    20.9604   159.3919   107.9829     0.3577
   1105.00   42247.65  0.0356414    20.9552   158.2737   108.4399     0.2508
   1115.00   42248.21  0.0356139    20.9525   157.3875   108.6320     0.1413
   1125.00   42250.45  0.0356518    20.9483   156.2213   109.0008     0.0269
   1135.00   42250.66  0.0355499    20.9421   154.8975   109.4014   359.9125
   1145.00   42250.10  0.0355618    20.9370   153.6640   109.5531   359.8038
   1155.00   42251.84  0.0355710    20.9339   152.0847   109.8995   359.6921
   1165.00   42254.11  0.0354223    20.9301   150.5056   110.1300   359.5726
   1175.00   42254.07  0.0354650    20.9242   148.8984   110.2848   359.4601
   1185.00   42252.84  0.0354861    20.9207   147.1185   110.5929   359.3519
   1195.00   42253.69  0.0354209    20.9197   145.6232   110.6672   359.2357
   1205.00   42254.26  0.0355054    20.9155   144.0839   110.8544   359.1210
   1215.00   42251.77  0.0355277    20.9107   142.5334   111.1918   359.0112
   1225.00   42249.70  0.0355993    20.9093   141.4132   111.2622   358.9026
   1235.00   42249.66  0.0357413    20.9068   140.2084   111.5541   358.7910
   1245.00   42249.70  0.0357079    20.9023   139.0677   111.9231   358.6764
   1255.00   42247.62  0.0358388    20.8979   138.1586   112.1403   358.5703
   1265.00   42247.23  0.0359655    20.8949   137.0514   112.5831   358.4648
   1275.00   42249.21  0.0358967    20.8919   136.0661   112.9024   358.3493
   1285.00   42250.37  0.0359705    20.8856   134.9401   113.2671   358.2391
   1295.00   42249.65  0.0360077    20.8801   133.5249   113.7941   358.1358
   1305.00   42250.68  0.0359537    20.8774   132.2714   114.0312   358.0253
   1315.00   42253.28  0.0359617    20.8719   130.7125   114.4057   357.9117
   1325.00   42253.63  0.0358608    20.8647   128.8716   114.9202   357.8026
   1335.00   42252.49  0.0358397    20.8601   127.2664   115.1050   357.6958
   1345.00   42253.05  0.0358427    20.8563   125.4711   115.4295   357.5843
   1355.00   42254.39  0.0356452    20.8508   123.6885   115.7673   357.4668
   1365.00   42253.40  0.0356370    20.8446   122.1170   115.9544   357.3571
   1375.00   42251.22  0.0356608    20.8409   120.5567   116.2496   357.2502
   1385.00   42251.07  0.0355286    20.8390   119.3735   116.3411   357.1321
   1395.00   42251.64  0.0355446    20.8335   118.2441   116.5143   357.0176
   1405.00   42249.41  0.0355756    20.8284   117.0767   116.8564   356.9119
   1415.00   42247.68  0.0355985    20.8273   116.3570   116.8740   356.8017
   1425.00   42248.28  0.0356990    20.8238   115.5037   117.0626   356.6892
   1435.00   42249.40  0.0356630    20.8178   114.4197   117.4774   356.5794
   1445.00   42248.45  0.0357693    20.8139   113.5310   117.6382   356.4760
   1455.00   42248.71  0.0359092    20.8103   112.3513   117.9695   356.3712
   1465.00   42251.34  0.0358038    20.8055   111.0374   118.3128   356.2579
   1475.00   42253.03  0.0358575    20.7985   109.5649   118.6461   356.1521
   1485.00   42252.59  0.0359299    20.7927   107.8010   119.1104   356.0522
   1495.00   42252.97  0.0358372    20.7893   106.2314   119.2945   355.9410
   1505.00   42254.91  0.0358159    20.7824   104.4603   119.6061   355.8284
   1515.00   42254.59  0.0357649    20.7745   102.4789   120.1070   355.7242
   1525.00   42252.44  0.0357430    20.7706   100.9770   120.2023   355.6173
   1535.00   42251.70  0.0357595    20.7661    99.4838   120.3946   355.5037
   1545.00   42252.27  0.0356084    20.7591    97.9568   120.7656   355.3893
   1555.00   42250.99  0.0356463    20.7533    96.8125   120.9059   355.2818
   1565.00   42248.79  0.0357468    20.7498    95.7445   121.1098   355.1741
   1575.00   42248.70  0.0356368    20.7464    94.8938   121.2368   355.0553
   1585.00   42250.07  0.0356931    20.7401    94.0154   121.4480   354.9429
   1595.00   42248.97  0.0358205    20.7352    92.9877   121.8038   354.8406
   1605.00   42248.11  0.0358522    20.7339    92.2538   121.8506   354.7291
   1615.00   42249.70  0.0359423    20.7291    91.2447   122.0701   354.6158
   1625.00   42251.58  0.0359803    20.7222    89.7673   122.6067   354.5123
   1635.00   42251.42  0.0360929    20.7189    88.4809   122.8112   354.4102
   1645.00   42251.53  0.0362287    20.7150    86.9375   123.1134   354.3040
   1655.00   42253.76  0.0361201    20.7083    85.0754   123.6149   354.1944
   1665.00   42255.10  0.0361745    20.7014    83.2241   124.0193   354.0920
   1675.00   42253.91  0.0362737    20.6959    81.2755   124.4785   353.9928
   1685.00   42252.92  0.0361211    20.6913    79.5844   124.7450   353.8807
   1695.00   42253.72  0.0360633    20.6835    77.8674   125.1277   353.7692
   1705.00   42252.87  0.0360472    20.6755    76.0907   125.6779   353.6684
   1715.00   42250.24  0.0359679    20.6718    74.9334   125.7866   353.5597
   1725.00   42249.01  0.0359124    20.6662    73.8601   125.9675   353.4433
   1735.00   42249.70  0.0357671    20.6578    72.6153   126.4351   353.3330
   1745.00   42249.29  0.0357715    20.6526    71.7977   126.5667   353.2266
   1755.00   42247.88  0.0358303    20.6489    71.0210   126.6851   353.1162
   1765.00   42248.54  0.0356595    20.6435    70.1538   126.8843   352.9987
   1775.00   42250.92  0.0356905    20.6370    69.1893   127.0959   352.8894
   1785.00   42251.08  0.0358268    20.6324    68.0094   127.3756   352.7884
   1795.00   42250.73  0.0357818    20.6303    66.9634   127.3989   352.6762
   1805.00   42252.49  0.0358143    20.6245    65.5770   127.6068   352.5643
   1815.00   42254.27  0.0358980    20.6174    63.7134   128.1222   352.4668
   1825.00   42253.97  0.0359791    20.6146    62.1459   128.2616   352.3660
   1835.00   42252.93  0.0360526    20.6101    60.4753   128.4608   352.2582
   1845.00   42253.83  0.0359659    20.6016    58.4548   129.0164   352.1549
   1855.00   42254.41  0.0360271    20.5949    56.7217   129.3681   352.0558
   1865.00   42252.41  0.0361303    20.5896    55.1422   129.6762   351.9551
   1875.00   42250.60  0.0359338    20.5826    53.7454   129.9698   351.8436
   1885.00   42250.93  0.0358822    20.5737    52.4610   130.3146   351.7337
   1895.00   42250.53  0.0359382    20.5659    51.1952   130.7505   351.6336
   1905.00   42248.54  0.0358273    20.5616    50.4525   130.7874   351.5218
   1915.00   42247.79  0.0357611    20.5547    49.6846   130.9136   351.4029
   1925.00   42249.28  0.0357221    20.5459    48.5612   131.3648   351.2962
   1935.00   42250.11  0.0357715    20.5418    47.7813   131.4197   351.1900
   1945.00   42249.52  0.0358501    20.5383    46.9128   131.4555   351.0761
   1955.00   42250.62  0.0357419    20.5313    45.6266   131.7659   350.9630
   1965.00   42253.35  0.0358466    20.5255    44.2576   132.0039   350.8583
   1975.00   42253.97  0.0360523    20.5218    42.7075   132.2556   350.7577
   1985.00   42253.24  0.0359889    20.5183    41.1697   132.4008   350.6464
   1995.00   42253.98  0.0360344    20.5117    39.4024   132.7185   350.5377
   2005.00   42254.91  0.0361900    20.5049    37.3590   133.2733   350.4435
   2015.00   42253.95  0.0362421    20.5021    35.7669   133.4535   350.3417
   2025.00   42251.66  0.0362545    20.4965    34.2187   133.7106   350.2312
   2035.00   42251.32  0.0362123    20.4872    32.3967   134.3607   350.1320
   2045.00   42251.65  0.0362770    20.4810    31.0360   134.7201   350.0339
   2055.00   42249.73  0.0363374    20.4760    29.9210   134.9773   349.9283
   2065.00   42248.15  0.0361183    20.4669    28.7358   135.4210   349.8190
   2075.00   42248.91  0.0360639    20.4576    27.6809   135.8193   349.7117
   2085.00   42249.77  0.0361383    20.4506    26.6322   136.2004   349.6105
   2095.00   42249.08  0.0359384    20.4446    25.8071   136.3268   349.4972
   2105.00   42249.04  0.0358091    20.4364    24.8338   136.5256   349.3784
   2115.00   42251.20  0.0357995    20.4277    23.4361   136.9845   349.2746
   2125.00   42252.85  0.0357788    20.4239    22.3301   137.0047   349.1674
   2135.00   42252.39  0.0357645    20.4198    21.0978   137.0106   349.0500
   2145.00   42252.83  0.0356567    20.4119    19.3528   137.3875   348.9413
   2155.00   42254.80  0.0357494    20.4071    17.7325   137.5614   348.8401
   2165.00   42254.94  0.0359291    20.4045    16.1259   137.6856   348.7374
   2175.00   42253.24  0.0358163    20.3992    14.4701   137.9024   348.6287
   2185.00   42252.52  0.0358556    20.3922    12.8220   138.2166   348.5252
   2195.00   42252.76  0.0360479    20.3861    11.1381   138.6713   348.4332
   2205.00   42251.67  0.0360294    20.3822     9.9246   138.8243   348.3309
   2215.00   42249.10  0.0359859    20.3747     8.7709   139.0884   348.2209
   2225.00   42248.55  0.0359817    20.3642     7.3626   139.7055   348.1252
   2235.00   42249.57  0.0360218    20.3579     6.4316   139.9461   348.0270
   2245.00   42248.67  0.0360170    20.3517     5.6358   140.0935   347.9156
   2255.00   42247.95  0.0358240    20.3406     4.4819   140.5584   347.8083
   2265.00   42249.42  0.0358046    20.3312     3.4269   140.8643   347.7032
   2275.00   42251.40  0.0359096    20.3255     2.3570   141.0498   347.5971
   2285.00   42251.70  0.0357150    20.3180     1.1580   141.2122   347.4831
   2295.00   42251.64  0.0356318    20.3092   359.7891   141.4129   347.3666
   2305.00   42253.57  0.0357442    20.3023   358.0889   141.7814   347.2643
   2315.00   42254.97  0.0357293    20.2988   356.6490   141.7917   347.1560
   2325.00   42253.82  0.0357276    20.2941   355.1484   141.8373   347.0380
   2335.00   42252.83  0.0357274    20.2864   353.2261   142.3004   346.9343
   2345.00   42253.50  0.0358560    20.2826   351.6853   142.4616   346.8357
   2355.00   42253.11  0.0360335    20.2804   350.3309   142.5619   346.7294
   2365.00   42250.85  0.0359487    20.2735   348.8309   142.9504   346.6238
   2375.00   42249.41  0.0360199    20.2662   347.5116   143.3264   346.5247
   2385.00   42249.84  0.0362462    20.2612   346.2894   143.7274   346.4308
   2395.00   42249.53  0.0361748    20.2554   345.3029   143.9971   346.3269
   2405.00   42247.69  0.0361164    20.2463   344.2850   144.3693   346.2183
   2415.00   42247.76  0.0361635    20.2360   342.9616   145.0160   346.1235
   2425.00   42249.80  0.0361470    20.2296   341.9871   145.2596   346.0233
   2435.00   42250.21  0.0360794    20.2221   340.9579   145.4650   345.9082
   2445.00   42250.04  0.0359065    20.2100   339.3932   146.0392   345.8026
   2455.00   42251.64  0.0358742    20.2012   337.9604   146.3403   345.6998
   2465.00   42253.90  0.0359201    20.1962   336.5563   146.4691   345.5882
   2475.00   42254.28  0.0356971    20.1872   334.8678   146.7527   345.4747
   2485.00   42253.17  0.0355971    20.1782   333.1677   147.0050   345.3622
   2495.00   42253.87  0.0357123    20.1731   331.4313   147.2769   345.2584
   2505.00   42254.38  0.0356153    20.1690   329.9617   147.3312   345.1484
   2515.00   42252.50  0.0355585    20.1633   328.5986   147.4086   345.0313
   2525.00   42250.36  0.0355975    20.1563   326.9860   147.8593   344.9307
   2535.00   42250.31  0.0356585    20.1530   325.8879   147.9497   344.8326
   2545.00   42250.30  0.0357611    20.1501   325.0068   147.9831   344.7237
   2555.00   42248.53  0.0356888    20.1418   323.8096   148.4308   344.6219
   2565.00   42247.52  0.0357530    20.1342   322.8240   148.7423   344.5281
   2575.00   42248.89  0.0359474    20.1294   321.9159   148.9905   344.4316
   2585.00   42249.88  0.0358332    20.1210   320.8841   149.3105   344.3280
   2595.00   42249.03  0.0357718    20.1097   319.7264   149.6764   344.2235
   2605.00   42249.61  0.0358646    20.0997   318.2633   150.2007   344.1285
   2615.00   42252.04  0.0357798    20.0919   316.9783   150.3938   344.0244
   2625.00   42253.03  0.0356879    20.0825   315.5881   150.5607   343.9069
   2635.00   42252.41  0.0355901    20.0702   313.6733   151.1037   343.8011
   2645.00   42253.16  0.0355647    20.0626   312.0562   151.2742   343.6971
   2655.00   42254.70  0.0356040    20.0580   310.5860   151.2906   343.5792
   2665.00   42254.45  0.0354513    20.0490   308.8452   151.5933   343.4649
   2675.00   42252.14  0.0354324    20.0411   307.2972   151.8076   343.3574
   2685.00   42251.65  0.0356050    20.0384   305.9442   151.9654   343.2507
   2695.00   42251.77  0.0355406    20.0338   304.7588   152.0962   343.1399
   2705.00   42249.89  0.0355310    20.0272   303.7167   152.2494   343.0280
   2715.00   42247.71  0.0356751    20.0214   302.4939   152.6999   342.9301
   2725.00   42247.91  0.0357171    20.0178   301.6459   152.8547   342.8312
   2735.00   42249.02  0.0357929    20.0132   300.9042   152.9537   342.7213
   2745.00   42248.37  0.0357889    20.0038   299.6569   153.5138   342.6220
   2755.00   42248.24  0.0358510    19.9963   298.5595   153.8434   342.5301
   2765.00   42250.45  0.0360051    19.9912   297.4587   154.0687   342.4282
   2775.00   42252.48  0.0358959    19.9811   295.9686   154.5187   342.3234
   2785.00   42252.04  0.0358516    19.9692   294.3562   154.9407   342.2230
   2795.00   42252.24  0.0359646    19.9607   292.5612   155.4104   342.1249
   2805.00   42254.00  0.0358303    19.9520   290.8291   155.7137   342.0170
   2815.00   42254.58  0.0357129    19.9411   289.1270   155.9583   341.9006
   2825.00   42252.81  0.0356682    19.9299   287.1048   156.5262   341.7952
   2835.00   42252.14  0.0355724    19.9228   285.5289   156.7244   341.6882
   2845.00   42252.79  0.0355353    19.9174   284.2573   156.7656   341.5659
   2855.00   42252.20  0.0353853    19.9080   282.7774   157.1435   341.4510
   2865.00   42249.57  0.0353368    19.9011   281.6375   157.3347   341.3457
   2875.00   42248.84  0.0354457    19.8992   280.7611   157.4189   341.2343
   2885.00   42249.72  0.0353421    19.8939   279.8698   157.6023   341.1216
   2895.00   42248.76  0.0353114    19.8866   279.0522   157.7609   341.0160
   2905.00   42247.40  0.0354678    19.8820   278.0449   158.1042   340.9193
   2915.00   42248.32  0.0354512    19.8776   277.1321   158.2808   340.8197
   2925.00   42250.57  0.0354708    19.8704   276.2024   158.3763   340.7133
   2935.00   42250.78  0.0355133    19.8602   274.6817   158.9052   340.6185
   2945.00   42250.89  0.0355275    19.8520   273.2483   159.1844   340.5274
   2955.00   42252.98  0.0356145    19.8450   271.8207   159.3360   340.4220
   2965.00   42254.99  0.0355169    19.8326   269.9579   159.7956   340.3164
   2975.00   42254.02  0.0354711    19.8202   268.1462   160.1348   340.2180
   2985.00   42252.96  0.0355738    19.8122   266.3778   160.4457   340.1132
   2995.00   42253.53  0.0354331    19.8025   264.6719   160.7478   339.9986
   3005.00   42253.39  0.0353301    19.7908   263.1946   160.9352   339.8829
   3015.00   42250.83  0.0353701    19.7818   261.6216   161.3596   339.7750
   3025.00   42249.36  0.0352747    19.7756   260.4510   161.5349   339.6625
   3035.00   42249.93  0.0352504    19.7697   259.6143   161.5456   339.5386
   3045.00   42249.78  0.0352085    19.7612   258.5128   161.9179   339.4258
   3055.00   42247.98  0.0351965    19.7557   257.6848   162.0730   339.3221
   3065.00   42247.85  0.0353255    19.7539   256.9914   162.1335   339.2086
   3075.00   42250.04  0.0352805    19.7476   256.0305   162.4031   339.0966
   3085.00   42250.18  0.0352992    19.7400   255.0280   162.5995   338.9980
   3095.00   42249.57  0.0354971    19.7361   253.7907   162.9100   338.9010
   3105.00   42250.88  0.0354928    19.7306   252.4181   163.1964   338.7981
   3115.00   42253.39  0.0355107    19.7212   250.9966   163.3775   338.6957
   3125.00   42253.64  0.0356146    19.7114   249.0984   163.9041   338.6022
   3135.00   42252.91  0.0356096    19.7033   247.2873   164.2555   338.5072
   3145.00   42253.86  0.0356593    19.6945   245.6205   164.4617   338.3983
   3155.00   42255.06  0.0356016    19.6815   243.6592   164.9924   338.2919
   3165.00   42253.25  0.0355410    19.6699   241.9397   165.3604   338.1928
   3175.00   42251.00  0.0356123    19.6623   240.4431   165.6668   338.0814
   3185.00   42250.93  0.0354703    19.6516   238.9966   166.0793   337.9616
   3195.00   42250.79  0.0353448    19.6397   237.8605   166.3224   337.8482
   3205.00   42248.58  0.0353818    19.6323   236.7223   166.7024   337.7371
   3215.00   42247.36  0.0352455    19.6261   235.7781   166.9737   337.6185
   3225.00   42248.77  0.0351637    19.6185   235.0856   167.0367   337.4955
   3235.00   42249.77  0.0351381    19.6110   234.0601   167.3938   337.3848
   3245.00   42249.11  0.0350651    19.6062   233.1261   167.5629   337.2796
   3255.00   42249.61  0.0351292    19.6033   232.2219   167.6045   337.1647
   3265.00   42252.55  0.0350850    19.5960   230.9046   167.8984   337.0556
   3275.00   42253.24  0.0350652    19.5885   229.5380   168.0547   336.9620
   3285.00   42252.44  0.0352267    19.5844   227.9947   168.2706   336.8647
   3295.00   42253.10  0.0352071    19.5770   226.2627   168.5799   336.7600
   3305.00   42254.70  0.0351939    19.5655   224.6156   168.7406   336.6636
   3315.00   42254.25  0.0353013    19.5554   222.7426   169.1519   336.5708
   3325.00   42252.15  0.0352683    19.5464   221.0105   169.5012   336.4693
   3335.00   42251.95  0.0352775    19.5343   219.5923   169.6729   336.3583
   3345.00   42252.63  0.0352517    19.5205   218.0370   170.1342   336.2504
   3355.00   42250.69  0.0351687    19.5095   216.7741   170.4445   336.1451
   3365.00   42248.41  0.0352210    19.5010   215.7778   170.6529   336.0251
   3375.00   42248.77  0.0351248    19.4898   214.7161   171.0357   335.9002
   3385.00   42249.47  0.0350153    19.4791   213.8847   171.2157   335.7869
   3395.00   42248.34  0.0350880    19.4736   212.9887   171.4654   335.6715
   3405.00   42247.84  0.0350085    19.4680   212.0069   171.7441   335.5481
   3415.00   42250.11  0.0349624    19.4601   211.1368   171.7939   335.4305
   3425.00   42252.03  0.0350197    19.4542   209.8773   172.0819   335.3239
   3435.00   42251.80  0.0349845    19.4504   208.5245   172.2941   335.2180
   3445.00   42252.22  0.0350729    19.4455   207.1923   172.3569   335.1055
   3455.00   42254.75  0.0351092    19.4375   205.4719   172.6890   335.0014
   3465.00   42255.17  0.0350984    19.4301   203.7842   172.8925   334.9090
   3475.00   42253.39  0.0352654    19.4250   202.0946   173.1166   334.8081
   3485.00   42252.77  0.0352908    19.4157   200.2976   173.5182   334.7004
   3495.00   42253.26  0.0352791    19.4035   198.7619   173.7390   334.6048
   3505.00   42252.29  0.0353959    19.3942   197.2049   174.1380   334.5081
   3515.00   42249.50  0.0353740    19.3846   195.7679   174.5868   334.3974
   3525.00   42248.99  0.0353726    19.3709   194.6847   174.8260   334.2857
   3535.00   42250.10  0.0353748    19.3578   193.4869   175.3035   334.1772
   3545.00   42249.02  0.0352691    19.3478   192.4303   175.6996   334.0651
   3555.00   42247.68  0.0352886    19.3376   191.5491   175.9502   333.9407
   3565.00   42249.00  0.0352127    19.3259   190.4447   176.3922   333.8154
   3575.00   42250.89  0.0350593    19.3162   189.4173   176.6332   333.7012
   3585.00   42250.76  0.0350861    19.3109   188.2628   176.8754   333.5812
   3595.00   42250.56  0.0349996    19.3045   186.8631   177.2207   333.4543
   3605.00   42252.79  0.0349035    19.2963   185.5589   177.2964   333.3405
   3615.00   42254.65  0.0349299    19.2918   183.9635   177.5303   333.2353
   3625.00   42253.72  0.0348587    19.2882   182.2616   177.7842   333.1261
   3635.00   42253.03  0.0348988    19.2812   180.7513   177.8255   333.0173
   3645.00   42254.33  0.0349400    19.2729   179.0435   178.1014   332.9189
