  -7305.00   42252.72  0.0924198     6.7874   153.0624    44.7479   210.1997
  -7295.00   42254.29  0.0922301     6.7842   151.5483    45.3481   209.7633
  -7285.00   42253.90  0.0921107     6.7768   149.8472    46.0140   209.2847
  -7275.00   42254.56  0.0920896     6.7675   148.0009    46.6140   208.8763
  -7265.00   42256.85  0.0919514     6.7716   146.1831    47.0133   208.5390
  -7255.00   42257.49  0.0918727     6.7769   144.2860    47.5151   208.1262
  -7245.00   42255.29  0.0918424     6.7742   142.3857    48.0337   207.7387
  -7235.00   42254.77  0.0918953     6.7714   140.6497    48.3419   207.4838
  -7225.00   42255.03  0.0920170     6.7725   139.0202    48.6988   207.1888
  -7215.00   42253.53  0.0920187     6.7715   137.5293    49.1197   206.8642
  -7205.00   42250.80  0.0921859     6.7584   136.1710    49.5277   206.5850
  -7195.00   42250.43  0.0924644     6.7442   134.9206    49.9367   206.3188
  -7185.00   42251.54  0.0925210     6.7372   133.8115    50.3126   206.0494
  -7175.00   42250.80  0.0926419     6.7222   132.6486    50.8714   205.6896
  -7165.00   42250.03  0.0928634     6.6986   131.4147    51.4760   205.3316
  -7155.00   42251.76  0.0929512     6.6834   130.1986    51.9214   205.0414
  -7145.00   42254.15  0.0929796     6.6736   128.7974    52.5321   204.6353
  -7135.00   42253.77  0.0929721     6.6578   127.1877    53.2692   204.1630
  -7125.00   42253.77  0.0930060     6.6425   125.4902    53.8496   203.7797
  -7115.00   42255.72  0.0930209     6.6378   123.6690    54.4213   203.3738
  -7105.00   42257.01  0.0928173     6.6394   121.7503    55.0581   202.9081
  -7095.00   42255.78  0.0927486     6.6355   119.7818    55.6886   202.4581
  -7085.00   42254.93  0.0928071     6.6327   117.8733    56.2116   202.0711
  -7075.00   42255.73  0.0926533     6.6422   116.1496    56.5909   201.7343
  -7065.00   42255.69  0.0925741     6.6492   114.4859    57.1003   201.3321
  -7055.00   42252.85  0.0926682     6.6461   112.9574    57.6008   200.9618
  -7045.00   42251.58  0.0927534     6.6465   111.7097    57.8478   200.7286
  -7035.00   42252.10  0.0928517     6.6501   110.5448    58.2034   200.4281
  -7025.00   42251.46  0.0929260     6.6458   109.3910    58.7002   200.0756
  -7015.00   42249.78  0.0931712     6.6319   108.3075    59.0824   199.8126
  -7005.00   42250.18  0.0934695     6.6204   107.1893    59.4869   199.5256
  -6995.00   42252.51  0.0935131     6.6134   105.9706    59.9695   199.1942
  -6985.00   42253.10  0.0936783     6.5964   104.5347    60.6007   198.8088
  -6975.00   42253.13  0.0939640     6.5755   102.9370    61.2388   198.4132
  -6965.00   42254.78  0.0940015     6.5656   101.2735    61.7445   198.0684
  -6955.00   42257.20  0.0939673     6.5593    99.3691    62.4680   197.6042
  -6945.00   42256.66  0.0940114     6.5466    97.3163    63.2884   197.0863
  -6935.00   42255.44  0.0940148     6.5389    95.3553    63.8610   196.6906
  -6925.00   42255.87  0.0939157     6.5437    93.4269    64.4554   196.2566
  -6915.00   42256.09  0.0936889     6.5495    91.5238    65.1800   195.7524
  -6905.00   42254.09  0.0936258     6.5496    89.8019    65.7727   195.3324
  -6895.00   42252.22  0.0936397     6.5545    88.3182    66.2153   194.9696
  -6885.00   42252.37  0.0934077     6.5681    87.0358    66.6077   194.6237
  -6875.00   42252.67  0.0933219     6.5741    85.8072    67.1118   194.2477
  -6865.00   42250.83  0.0934760     6.5708    84.6984    67.5419   193.9094
  -6855.00   42250.11  0.0935084     6.5722    83.7534    67.7425   193.6864
  -6845.00   42251.78  0.0935312     6.5747    82.6927    68.1218   193.3776
  -6835.00   42252.52  0.0936847     6.5651    81.4484    68.6714   192.9991
  -6825.00   42252.07  0.0939265     6.5500    80.1673    69.0295   192.7316
  -6815.00   42252.85  0.0941293     6.5418    78.7255    69.4346   192.4163
  -6805.00   42255.40  0.0941378     6.5348    77.0218    70.0509   192.0001
  -6795.00   42256.35  0.0943084     6.5187    75.1342    70.7091   191.5899
  -6785.00   42255.82  0.0945565     6.5052    73.1926    71.3120   191.1741
  -6775.00   42256.06  0.0944775     6.5043    71.2660    71.8566   190.7730
  -6765.00   42257.20  0.0944078     6.5034    69.2441    72.6052   190.2912
  -6755.00   42256.06  0.0945075     6.4976    67.2994    73.3702   189.7831
  -6745.00   42253.66  0.0944677     6.4992    65.6478    73.8466   189.4094
  -6735.00   42252.85  0.0943052     6.5117    64.1252    74.3965   188.9930
  -6725.00   42252.86  0.0941766     6.5198    62.6684    75.1093   188.5008
  -6715.00   42251.48  0.0941891     6.5222    61.4500    75.5951   188.1363
  -6705.00   42249.95  0.0941896     6.5323    60.4116    75.9461   187.8131
  -6695.00   42250.61  0.0939795     6.5469    59.3763    76.3818   187.4504
  -6685.00   42252.16  0.0939904     6.5503    58.2559    76.8733   187.0995
  -6675.00   42252.03  0.0942073     6.5483    57.1250    77.2442   186.7839
  -6665.00   42252.08  0.0942022     6.5525    55.9601    77.4626   186.5398
  -6655.00   42254.17  0.0942302     6.5544    54.5091    77.9024   186.2136
  -6645.00   42255.74  0.0945033     6.5439    52.8209    78.4712   185.8202
  -6635.00   42255.57  0.0947604     6.5313    51.1032    78.8188   185.5413
  -6625.00   42255.32  0.0948991     6.5275    49.2523    79.2611   185.2015
  -6615.00   42256.55  0.0949901     6.5210    47.2034    79.9997   184.7214
  -6605.00   42256.84  0.0952312     6.5064    45.1821    80.6856   184.2941
  -6595.00   42255.13  0.0954444     6.5000    43.3171    81.2823   183.8694
  -6585.00   42253.78  0.0953008     6.5060    41.5638    81.9611   183.3934
  -6575.00   42253.86  0.0952426     6.5087    39.8680    82.7777   182.8906
  -6565.00   42253.06  0.0953508     6.5097    38.3843    83.5157   182.3932
  -6555.00   42250.97  0.0951781     6.5216    37.1905    83.9934   182.0089
  -6545.00   42250.21  0.0949081     6.5404    36.0337    84.5687   181.5984
  -6535.00   42251.13  0.0948175     6.5516    34.8553    85.2515   181.1308
  -6525.00   42251.43  0.0947921     6.5577    33.8072    85.6311   180.8157
  -6515.00   42250.93  0.0946764     6.5721    32.7449    85.9106   180.5358
  -6505.00   42252.12  0.0944804     6.5851    31.4612    86.3793   180.1676
  -6495.00   42254.49  0.0945588     6.5839    30.0070    86.8209   179.8468
  -6485.00   42255.31  0.0947635     6.5810    28.4827    87.1190   179.5609
  -6475.00   42255.16  0.0946889     6.5854    26.8326    87.4130   179.2702
  -6465.00   42256.17  0.0947331     6.5835    24.9375    87.9323   178.9112
  -6455.00   42257.21  0.0950501     6.5727    22.9801    88.5036   178.4984
  -6445.00   42256.47  0.0952148     6.5651    21.1541    88.8707   178.1813
  -6435.00   42254.64  0.0952258     6.5671    19.3373    89.3854   177.8009
  -6425.00   42254.19  0.0953419     6.5649    17.5191    90.1638   177.2833
  -6415.00   42254.09  0.0955584     6.5568    15.9223    90.7880   176.8609
  -6405.00   42252.29  0.0956388     6.5611    14.5625    91.3014   176.4657
  -6395.00   42250.69  0.0954653     6.5745    13.2543    92.0123   175.9673
  -6385.00   42250.90  0.0954517     6.5808    11.9929    92.7587   175.4990
  -6375.00   42251.51  0.0955708     6.5874    10.8777    93.3355   175.0774
  -6365.00   42250.94  0.0953344     6.6066     9.8242    93.7858   174.7041
  -6355.00   42250.89  0.0950899     6.6266     8.6113    94.3462   174.3221
  -6345.00   42252.71  0.0951106     6.6376     7.2611    94.9411   173.9038
  -6335.00   42254.37  0.0950768     6.6469     5.9112    95.2373   173.6227
  -6325.00   42254.44  0.0949227     6.6635     4.4074    95.5078   173.3641
  -6315.00   42254.93  0.0948236     6.6754     2.6445    96.0060   172.9905
  -6305.00   42256.67  0.0949833     6.6727     0.8158    96.3962   172.6865
  -6295.00   42257.20  0.0951768     6.6721   359.0282    96.6395   172.4276
  -6285.00   42255.96  0.0951169     6.6786   357.1976    97.0256   172.0911
  -6275.00   42255.02  0.0952562     6.6752   355.3276    97.5926   171.7091
  -6265.00   42255.01  0.0956365     6.6656   353.6231    98.1289   171.3050
  -6255.00   42254.08  0.0957547     6.6645   352.1454    98.5476   170.9489
  -6245.00   42251.77  0.0957631     6.6701   350.7080    99.1713   170.5272
  -6235.00   42250.74  0.0959473     6.6715   349.3284    99.9846   169.9922
  -6225.00   42251.31  0.0961298     6.6705   348.1470   100.5927   169.5660
  -6215.00   42250.93  0.0960900     6.6842   347.0431   101.1370   169.1734
  -6205.00   42250.28  0.0959176     6.7040   345.8104   101.9177   168.6577
  -6195.00   42251.17  0.0959064     6.7146   344.5094   102.6352   168.2120
  -6185.00   42253.22  0.0959219     6.7281   343.2260   103.1015   167.8612
  -6175.00   42254.04  0.0955977     6.7539   341.7858   103.5878   167.4888
  -6165.00   42254.08  0.0953515     6.7744   340.1106   104.1498   167.1308
  -6155.00   42255.54  0.0953930     6.7838   338.3526   104.6246   166.7815
  -6145.00   42257.04  0.0952577     6.7962   336.6095   104.8777   166.5196
  -6135.00   42256.69  0.0950583     6.8119   334.7776   105.1729   166.2656
  -6125.00   42255.51  0.0950421     6.8191   332.8690   105.6750   165.8932
  -6115.00   42255.58  0.0951869     6.8148   331.1260   106.0160   165.5908
  -6105.00   42255.53  0.0952967     6.8157   329.5695   106.2527   165.3314
  -6095.00   42253.79  0.0952472     6.8231   328.0518   106.7434   164.9396
  -6085.00   42251.84  0.0954203     6.8194   326.6259   107.3415   164.5243
  -6075.00   42251.68  0.0957417     6.8137   325.4243   107.8197   164.1377
  -6065.00   42251.72  0.0957397     6.8221   324.3319   108.2968   163.7444
  -6055.00   42250.42  0.0957252     6.8331   323.1571   108.9736   163.3010
  -6045.00   42249.94  0.0959131     6.8393   321.9542   109.7145   162.8025
  -6035.00   42251.59  0.0959688     6.8484   320.7913   110.2314   162.4122
  -6025.00   42252.96  0.0958397     6.8697   319.4873   110.7461   162.0524
  -6015.00   42253.24  0.0957104     6.8931   317.9296   111.4687   161.5806
  -6005.00   42254.09  0.0957159     6.9057   316.2653   112.0534   161.1948
  -5995.00   42256.32  0.0956660     6.9230   314.5767   112.3965   160.9191
  -5985.00   42257.39  0.0953802     6.9508   312.7193   112.8649   160.5694
  -5975.00   42256.30  0.0952415     6.9686   310.7479   113.3969   160.2294
  -5965.00   42255.98  0.0953243     6.9761   308.9022   113.7501   159.9432
  -5955.00   42256.23  0.0951692     6.9916   307.1904   114.0059   159.6823
  -5945.00   42255.27  0.0950236     7.0069   305.5380   114.3519   159.4114
  -5935.00   42252.87  0.0951263     7.0112   303.9977   114.8284   159.0504
  -5925.00   42251.94  0.0952457     7.0100   302.7155   115.1413   158.7488
  -5915.00   42252.26  0.0953174     7.0147   301.5966   115.4083   158.4819
  -5905.00   42251.53  0.0953562     7.0234   300.4497   115.9611   158.0639
  -5895.00   42250.07  0.0955869     7.0211   299.3275   116.5552   157.6364
  -5885.00   42250.71  0.0958667     7.0204   298.2790   117.0010   157.2734
  -5875.00   42252.40  0.0958492     7.0361   297.1035   117.5615   156.8534
  -5865.00   42252.46  0.0958973     7.0507   295.6852   118.3077   156.3848
  -5855.00   42252.46  0.0961040     7.0604   294.1507   119.0044   155.9248
  -5845.00   42254.33  0.0960456     7.0798   292.5280   119.5345   155.5494
  -5835.00   42256.32  0.0958650     7.1080   290.7032   120.1093   155.1932
  -5825.00   42256.41  0.0957637     7.1340   288.7101   120.8114   154.7590
  -5815.00   42255.93  0.0956782     7.1512   286.7540   121.3135   154.4259
  -5805.00   42256.86  0.0954959     7.1732   284.8973   121.6191   154.2000
  -5795.00   42257.35  0.0951983     7.2017   283.0494   122.0773   153.8776
  -5785.00   42254.94  0.0950826     7.2156   281.3056   122.5549   153.5582
  -5775.00   42253.15  0.0950983     7.2208   279.8509   122.8079   153.3254
  -5765.00   42252.84  0.0948976     7.2366   278.5625   123.0813   153.0606
  -5755.00   42252.28  0.0947953     7.2484   277.3452   123.4867   152.7506
  -5745.00   42250.21  0.0949510     7.2477   276.2477   123.9230   152.3945
  -5735.00   42249.70  0.0949916     7.2504   275.2629   124.2540   152.0757
  -5725.00   42251.28  0.0950029     7.2597   274.2512   124.6077   151.7705
  -5715.00   42252.18  0.0950913     7.2699   273.0677   125.2043   151.3293
  -5705.00   42251.79  0.0952606     7.2732   271.7778   125.7649   150.9084
  -5695.00   42253.00  0.0954068     7.2813   270.4005   126.1809   150.5766
  -5685.00   42255.59  0.0953438     7.3050   268.7760   126.7606   150.1676
  -5675.00   42256.04  0.0953918     7.3233   266.9253   127.4535   149.7237
  -5665.00   42255.33  0.0955407     7.3362   265.0328   128.0030   149.3486
  -5655.00   42255.98  0.0953952     7.3628   263.1033   128.4754   149.0233
  -5645.00   42257.14  0.0952336     7.3931   261.1227   129.0222   148.6909
  -5635.00   42256.10  0.0952062     7.4155   259.2088   129.6046   148.3181
  -5625.00   42254.10  0.0950778     7.4350   257.4931   130.0052   148.0379
  -5615.00   42253.74  0.0948836     7.4589   255.9735   130.2963   147.8350
  -5605.00   42254.12  0.0946815     7.4849   254.5678   130.7362   147.5281
  -5595.00   42251.83  0.0946118     7.4964   253.3211   131.1466   147.2269
  -5585.00   42250.07  0.0946037     7.5025   252.2903   131.3552   147.0232
  -5575.00   42250.61  0.0944347     7.5202   251.2854   131.6531   146.7596
  -5565.00   42251.47  0.0944181     7.5305   250.2182   132.0870   146.4220
  -5555.00   42250.69  0.0946098     7.5284   249.1370   132.4647   146.0890
  -5545.00   42250.96  0.0946342     7.5359   247.9500   132.8095   145.7735
  -5535.00   42253.52  0.0946823     7.5495   246.5626   133.2480   145.4338
  -5525.00   42255.29  0.0948668     7.5594   244.9568   133.8461   144.9918
  -5515.00   42255.10  0.0950151     7.5685   243.2044   134.3928   144.5847
  -5505.00   42255.48  0.0951150     7.5852   241.3543   134.8537   144.2602
  -5495.00   42257.36  0.0951002     7.6140   239.3595   135.4878   143.8533
  -5485.00   42257.08  0.0951451     7.6364   237.3335   136.1628   143.4289
  -5475.00   42254.90  0.0952105     7.6550   235.4436   136.6604   143.1120
  -5465.00   42253.97  0.0950026     7.6887   233.6514   137.1526   142.8229
  -5455.00   42254.35  0.0948336     7.7209   231.9791   137.7138   142.5019
  -5445.00   42252.94  0.0947743     7.7406   230.5215   138.2050   142.1886
  -5435.00   42250.77  0.0945370     7.7626   229.2537   138.5598   141.9550
  -5425.00   42250.56  0.0942987     7.7873   228.1107   138.8802   141.7558
  -5415.00   42251.88  0.0941375     7.8070   227.0263   139.2996   141.4566
  -5405.00   42251.04  0.0940139     7.8159   225.9692   139.6560   141.1710
  -5395.00   42250.22  0.0939399     7.8225   224.9177   139.8719   140.9680
  -5385.00   42251.95  0.0938018     7.8397   223.7120   140.2228   140.6817
  -5375.00   42253.87  0.0938019     7.8482   222.3325   140.6738   140.3128
  -5365.00   42253.84  0.0939425     7.8473   220.8480   141.0254   139.9876
  -5355.00   42253.88  0.0939152     7.8614   219.1757   141.4017   139.6767
  -5345.00   42256.00  0.0939678     7.8805   217.3353   141.9074   139.3028
  -5335.00   42257.23  0.0941380     7.8921   215.4335   142.4568   138.8848
  -5325.00   42255.98  0.0941829     7.9082   213.5183   142.9452   138.5270
  -5315.00   42254.76  0.0942136     7.9341   211.6499   143.4124   138.2253
  -5305.00   42255.31  0.0942205     7.9647   209.8598   143.9989   137.8544
  -5295.00   42254.49  0.0942054     7.9883   208.2153   144.5628   137.4902
  -5285.00   42251.72  0.0941867     8.0105   206.7785   144.9677   137.2388
  -5275.00   42250.38  0.0939985     8.0456   205.4478   145.4188   136.9914
  -5265.00   42251.19  0.0938674     8.0749   204.2283   145.9207   136.6887
  -5255.00   42250.85  0.0938026     8.0905   203.1381   146.3023   136.4261
  -5245.00   42249.65  0.0935596     8.1129   202.0432   146.6155   136.2279
  -5235.00   42250.48  0.0933919     8.1377   200.8888   146.9618   136.0110
  -5225.00   42252.97  0.0933126     8.1517   199.6664   147.3400   135.7191
  -5215.00   42253.55  0.0931809     8.1605   198.3073   147.6582   135.4529
  -5205.00   42253.16  0.0931168     8.1713   196.8100   147.9077   135.2444
  -5195.00   42254.83  0.0930803     8.1881   195.1415   148.2873   134.9436
  -5185.00   42256.58  0.0931016     8.1970   193.3490   148.7232   134.5751
  -5175.00   42256.02  0.0932145     8.1998   191.5318   149.0590   134.2679
  -5165.00   42254.57  0.0932297     8.2195   189.6459   149.4717   133.9643
  -5155.00   42255.14  0.0933429     8.2419   187.7922   150.0119   133.5705
  -5145.00   42255.43  0.0935205     8.2551   186.0786   150.5286   133.1764
  -5135.00   42253.29  0.0935288     8.2775   184.4587   151.0121   132.8590
  -5125.00   42251.39  0.0935836     8.3116   182.9592   151.5427   132.5515
  -5115.00   42251.74  0.0936306     8.3432   181.6115   152.1231   132.2014
  -5105.00   42251.73  0.0935457     8.3690   180.3641   152.6503   131.8883
  -5095.00   42249.90  0.0934443     8.3976   179.1863   153.0693   131.6743
  -5085.00   42249.41  0.0932667     8.4339   177.9902   153.5348   131.4503
  -5075.00   42251.36  0.0930869     8.4600   176.7695   154.0088   131.1713
  -5065.00   42252.37  0.0929157     8.4737   175.5069   154.3429   130.9509
  -5055.00   42251.95  0.0926225     8.4955   174.0689   154.6604   130.7768
  -5045.00   42253.13  0.0924656     8.5175   172.4988   155.0314   130.5330
  -5035.00   42255.74  0.0923683     8.5251   170.8532   155.3758   130.2387
  -5025.00   42256.34  0.0921719     8.5327   169.0672   155.6850   129.9808
  -5015.00   42255.15  0.0921135     8.5478   167.2107   155.9999   129.7377
  -5005.00   42255.47  0.0921343     8.5638   165.3759   156.4011   129.4061
  -4995.00   42256.16  0.0921151     8.5744   163.5891   156.8276   129.0409
  -4985.00   42254.69  0.0921539     8.5853   161.9194   157.1796   128.7478
  -4975.00   42252.13  0.0921909     8.6118   160.3396   157.6174   128.4507
  -4965.00   42251.73  0.0922777     8.6379   158.9210   158.1329   128.0732
  -4955.00   42252.12  0.0923638     8.6542   157.6789   158.5789   127.7329
  -4945.00   42250.40  0.0923015     8.6820   156.4605   159.0201   127.4798
  -4935.00   42249.21  0.0923523     8.7190   155.2921   159.5202   127.1917
  -4925.00   42250.50  0.0923872     8.7473   154.1722   160.0075   126.8819
  -4915.00   42251.96  0.0922296     8.7707   152.9557   160.4443   126.6337
  -4905.00   42251.55  0.0921242     8.8018   151.6118   160.8452   126.4407
  -4895.00   42251.83  0.0920234     8.8346   150.1452   161.2689   126.2237
  -4885.00   42254.29  0.0918475     8.8552   148.5516   161.6814   125.9654
  -4875.00   42255.71  0.0916529     8.8692   146.8324   161.9902   125.7686
  -4865.00   42254.94  0.0914278     8.8917   144.9572   162.3161   125.6006
  -4855.00   42254.93  0.0913334     8.9116   143.0766   162.6800   125.3394
  -4845.00   42256.33  0.0912394     8.9172   141.2651   162.9888   125.0550
  -4835.00   42256.01  0.0910391     8.9264   139.4492   163.2969   124.8209
  -4825.00   42253.69  0.0910529     8.9457   137.7516   163.6479   124.5547
  -4815.00   42252.74  0.0911409     8.9609   136.2686   164.0309   124.2118
  -4805.00   42253.07  0.0911167     8.9721   134.9054   164.4345   123.8686
  -4795.00   42251.87  0.0911735     8.9908   133.6457   164.8248   123.5834
  -4785.00   42249.69  0.0913057     9.0216   132.4765   165.2851   123.2788
  -4775.00   42249.73  0.0914151     9.0495   131.3757   165.7917   122.9157
  -4765.00   42251.28  0.0914613     9.0709   130.2694   166.2385   122.6138
  -4755.00   42250.94  0.0914204     9.1052   128.9953   166.7181   122.3935
  -4745.00   42250.69  0.0914832     9.1451   127.6371   167.2339   122.1183
  -4735.00   42252.72  0.0914692     9.1723   126.1944   167.6971   121.8410
  -4725.00   42254.92  0.0912226     9.1959   124.5025   168.1361   121.6509
  -4715.00   42255.03  0.0910941     9.2292   122.6498   168.5756   121.4676
  -4705.00   42254.74  0.0909843     9.2580   120.7595   168.9882   121.2491
  -4695.00   42256.28  0.0907154     9.2719   118.8227   169.3733   121.0149
  -4685.00   42256.81  0.0904557     9.2868   116.8669   169.7128   120.8245
  -4675.00   42254.97  0.0902610     9.3085   114.9719   170.0668   120.6345
  -4665.00   42253.44  0.0901500     9.3241   113.2888   170.4219   120.3482
  -4655.00   42253.68  0.0899976     9.3297   111.7971   170.7261   120.0617
  -4645.00   42253.10  0.0897956     9.3427   110.3685   171.0709   119.8301
  -4635.00   42250.87  0.0898452     9.3661   109.1365   171.4466   119.5350
  -4625.00   42250.03  0.0899176     9.3829   108.1055   171.8050   119.1872
  -4615.00   42251.19  0.0898259     9.3969   107.0486   172.1935   118.8842
  -4605.00   42251.32  0.0898836     9.4246   105.9358   172.6100   118.6160
  -4595.00   42250.35  0.0900299     9.4585   104.8038   173.0427   118.3226
  -4585.00   42251.28  0.0900674     9.4850   103.5697   173.4846   118.0056
  -4575.00   42253.63  0.0900366     9.5106   102.1285   173.9047   117.7592
  -4565.00   42254.28  0.0900107     9.5469   100.4377   174.3649   117.5701
  -4555.00   42254.03  0.0900578     9.5835    98.6630   174.8178   117.3188
  -4545.00   42255.44  0.0899768     9.6067    96.8133   175.2105   117.0763
  -4535.00   42257.04  0.0897187     9.6291    94.7592   175.6297   116.9247
  -4525.00   42256.56  0.0896392     9.6611    92.7238   176.0520   116.7421
  -4515.00   42254.79  0.0895569     9.6851    90.8713   176.4108   116.5124
  -4505.00   42254.80  0.0892652     9.6947    89.1040   176.7583   116.3021
  -4495.00   42254.59  0.0890571     9.7119    87.4433   177.1150   116.1130
  -4485.00   42252.46  0.0889617     9.7343    85.9944   177.4662   115.8996
  -4475.00   42250.59  0.0888616     9.7464    84.8042   177.7855   115.6110
  -4465.00   42250.85  0.0887095     9.7549    83.7185   178.0899   115.3386
  -4455.00   42251.37  0.0885917     9.7727    82.5947   178.4628   115.1105
  -4445.00   42250.47  0.0887034     9.7976    81.5729   178.8321   114.8042
  -4435.00   42250.55  0.0887714     9.8156    80.5735   179.1665   114.4645
  -4425.00   42252.72  0.0886892     9.8333    79.3175   179.5714   114.1965
  -4415.00   42254.20  0.0888271     9.8673    77.8687   180.0210   113.9350
  -4405.00   42253.89  0.0890189     9.9035    76.3324   180.4489   113.6399
  -4395.00   42254.64  0.0890144     9.9294    74.6066   180.8834   113.3616
  -4385.00   42256.42  0.0889915     9.9611    72.6405   181.3512   113.1509
  -4375.00   42256.76  0.0890202    10.0008    70.5514   181.8495   112.9710
  -4365.00   42255.41  0.0890292    10.0340    68.5525   182.2978   112.7374
  -4355.00   42255.14  0.0888527    10.0566    66.6073   182.7068   112.5298
  -4345.00   42255.56  0.0885800    10.0796    64.6325   183.1731   112.4003
  -4335.00   42254.67  0.0884948    10.1089    62.8934   183.6101   112.2131
  -4325.00   42252.27  0.0883228    10.1272    61.4717   183.9518   111.9718
  -4315.00   42251.71  0.0879484    10.1336    60.1276   184.3138   111.7743
  -4305.00   42252.08  0.0877573    10.1518    58.8770   184.7014   111.5732
  -4295.00   42251.00  0.0876874    10.1737    57.8121   185.0471   111.3164
  -4285.00   42250.03  0.0875217    10.1830    56.8382   185.3507   111.0212
  -4275.00   42251.04  0.0873564    10.1965    55.7466   185.6815   110.7564
  -4265.00   42252.87  0.0873173    10.2215    54.4704   186.0815   110.5174
  -4255.00   42253.28  0.0874274    10.2481    53.1777   186.4329   110.2094
  -4245.00   42253.74  0.0874224    10.2695    51.7503   186.7532   109.9010
  -4235.00   42255.71  0.0873298    10.2932    49.9766   187.1768   109.6783
  -4225.00   42257.36  0.0874891    10.3306    48.0817   187.6140   109.4416
  -4215.00   42256.60  0.0876227    10.3655    46.2168   187.9891   109.1680
  -4205.00   42255.87  0.0875132    10.3884    44.2535   188.3901   108.9439
  -4195.00   42256.10  0.0874895    10.4209    42.2328   188.8422   108.7681
  -4185.00   42255.71  0.0875539    10.4588    40.3348   189.2964   108.5869
  -4175.00   42253.61  0.0875014    10.4840    38.6891   189.6788   108.3670
  -4165.00   42252.26  0.0872986    10.5048    37.1475   190.0667   108.1824
  -4155.00   42252.33  0.0871045    10.5286    35.6387   190.5253   108.0526
  -4145.00   42252.23  0.0870755    10.5540    34.3920   190.9176   107.8516
  -4135.00   42250.76  0.0868764    10.5695    33.3286   191.2300   107.6110
  -4125.00   42250.68  0.0865256    10.5768    32.1564   191.6038   107.4284
  -4115.00   42252.31  0.0864313    10.5970    30.9486   191.9902   107.2252
  -4105.00   42252.83  0.0863981    10.6185    29.7916   192.3063   106.9479
  -4095.00   42252.79  0.0862030    10.6265    28.5136   192.6037   106.6677
  -4085.00   42253.93  0.0860886    10.6441    26.9815   192.9545   106.4212
  -4075.00   42256.03  0.0861624    10.6742    25.2658   193.3550   106.1680
  -4065.00   42256.67  0.0862894    10.7001    23.5527   193.6847   105.8624
  -4055.00   42256.21  0.0862816    10.7244    21.7189   194.0210   105.5812
  -4045.00   42256.46  0.0862774    10.7554    19.6681   194.4859   105.3785
  -4035.00   42257.08  0.0865150    10.7953    17.7270   194.9254   105.1500
  -4025.00   42255.67  0.0866258    10.8300    15.9742   195.3024   104.8945
  -4015.00   42253.58  0.0864861    10.8544    14.2096   195.7556   104.7114
  -4005.00   42252.77  0.0865001    10.8889    12.5342   196.2460   104.5613
  -3995.00   42252.61  0.0865658    10.9251    11.0887   196.7017   104.3749
  -3985.00   42251.24  0.0864009    10.9439     9.8265   197.1032   104.1727
  -3975.00   42250.24  0.0861493    10.9631     8.5510   197.5388   104.0076
  -3965.00   42250.96  0.0859815    10.9873     7.2337   198.0243   103.8611
  -3955.00   42252.33  0.0858978    11.0064     6.0647   198.3991   103.6369
  -3945.00   42252.41  0.0856174    11.0194     4.8370   198.7359   103.3926
  -3935.00   42252.75  0.0852735    11.0299     3.3326   199.1581   103.2046
  -3925.00   42254.81  0.0852343    11.0520     1.7600   199.5399   102.9796
  -3915.00   42256.13  0.0851667    11.0741     0.1765   199.8417   102.6851
  -3905.00   42256.01  0.0849294    11.0849   358.4105   200.1689   102.4202
  -3895.00   42255.88  0.0848651    11.1086   356.4807   200.5437   102.1959
  -3885.00   42256.83  0.0849778    11.1437   354.5795   200.9199   101.9368
  -3875.00   42256.86  0.0850386    11.1687   352.8236   201.2256   101.6548
  -3865.00   42255.13  0.0849868    11.1947   351.0669   201.5730   101.4215
  -3855.00   42253.73  0.0850234    11.2306   349.2951   202.0358   101.2409
  -3845.00   42253.64  0.0852341    11.2674   347.8108   202.4168   101.0273
  -3835.00   42252.71  0.0852523    11.2974   346.5144   202.7569   100.8007
  -3825.00   42250.78  0.0850936    11.3213   345.1347   203.2202   100.6489
  -3815.00   42250.15  0.0851426    11.3537   343.8358   203.6730   100.5094
  -3805.00   42251.23  0.0851820    11.3847   342.6708   204.0625   100.3132
  -3795.00   42251.61  0.0849618    11.3982   341.4415   204.4544   100.1236
  -3785.00   42251.47  0.0847549    11.4160   340.0257   204.8868    99.9725
  -3775.00   42252.74  0.0846707    11.4413   338.4819   205.3393    99.8032
  -3765.00   42255.06  0.0845673    11.4557   336.9654   205.6747    99.5693
  -3755.00   42255.88  0.0843053    11.4676   335.2659   206.0162    99.3365
  -3745.00   42255.54  0.0840659    11.4836   333.2995   206.4598    99.1486
  -3735.00   42256.39  0.0840917    11.5061   331.4245   206.8041    98.9112
  -3725.00   42257.15  0.0840280    11.5282   329.6305   207.0893    98.6207
  -3715.00   42256.19  0.0838280    11.5425   327.7599   207.4509    98.3758
  -3705.00   42254.25  0.0838750    11.5708   325.9585   207.8271    98.1637
  -3695.00   42253.80  0.0840273    11.6083   324.3823   208.1768    97.8999
  -3685.00   42253.71  0.0840668    11.6330   323.0034   208.4902    97.6366
  -3675.00   42251.91  0.0840734    11.6615   321.6260   208.8741    97.4400
  -3665.00   42250.35  0.0842043    11.7027   320.2673   209.3510    97.2613
  -3655.00   42250.78  0.0844015    11.7374   319.1261   209.7253    97.0553
  -3645.00   42251.46  0.0843798    11.7641   317.9628   210.1043    96.8587
  -3635.00   42250.83  0.0842751    11.7912   316.5284   210.6389    96.7260
  -3625.00   42250.90  0.0843492    11.8218   315.0845   211.1083    96.5871
  -3615.00   42252.98  0.0843079    11.8470   313.6215   211.5098    96.3876
  -3605.00   42254.62  0.0840254    11.8579   311.8997   211.9770    96.2086
  -3595.00   42254.58  0.0838414    11.8748   309.9871   212.4504    96.0604
  -3585.00   42255.15  0.0837465    11.8991   308.0382   212.8980    95.8581
  -3575.00   42256.93  0.0835430    11.9100   306.1551   213.2513    95.6090
  -3565.00   42257.24  0.0832697    11.9216   304.1986   213.6213    95.3820
  -3555.00   42255.54  0.0831119    11.9447   302.1943   214.0753    95.1756
  -3545.00   42254.61  0.0831197    11.9688   300.5058   214.3890    94.9219
  -3535.00   42254.59  0.0830184    11.9915   299.0014   214.6690    94.6434
  -3525.00   42253.40  0.0828657    12.0130   297.4746   215.0668    94.4241
  -3515.00   42250.93  0.0829719    12.0458   296.1466   215.4171    94.2264
  -3505.00   42250.21  0.0830847    12.0832   295.0183   215.7350    93.9796
  -3495.00   42251.15  0.0830456    12.1069   293.9232   216.0699    93.7531
  -3485.00   42250.64  0.0830807    12.1354   292.7210   216.4515    93.5970
  -3475.00   42250.01  0.0832132    12.1756   291.4393   216.8897    93.4240
  -3465.00   42251.43  0.0833065    12.2038   290.1936   217.2323    93.2258
  -3455.00   42253.62  0.0832386    12.2242   288.7259   217.6057    93.0570
  -3445.00   42254.06  0.0831951    12.2521   286.9135   218.1214    92.9248
  -3435.00   42254.02  0.0832745    12.2791   285.0937   218.5329    92.7712
  -3425.00   42255.68  0.0831876    12.2982   283.2230   218.9018    92.5700
  -3415.00   42257.07  0.0829535    12.3098   281.1117   219.3849    92.3992
  -3405.00   42256.07  0.0828702    12.3280   279.0186   219.8222    92.2486
  -3395.00   42254.78  0.0828029    12.3514   277.0792   220.2251    92.0304
  -3385.00   42255.13  0.0825795    12.3613   275.3008   220.5967    91.7853
  -3375.00   42254.88  0.0823826    12.3738   273.6209   220.9644    91.5783
  -3365.00   42252.61  0.0823232    12.4015   272.0624   221.3880    91.3610
  -3355.00   42250.97  0.0823164    12.4255   270.8510   221.6838    91.1000
  -3345.00   42251.36  0.0822227    12.4465   269.7568   221.9663    90.8414
  -3335.00   42251.27  0.0821842    12.4748   268.5499   222.3763    90.6352
  -3325.00   42249.75  0.0823597    12.5107   267.4703   222.6936    90.4363
  -3315.00   42249.76  0.0824833    12.5468   266.3879   223.0000    90.2007
  -3305.00   42252.00  0.0824810    12.5727   265.0700   223.3956    90.0031
  -3295.00   42252.94  0.0826224    12.6040   263.5593   223.7842    89.8696
  -3285.00   42252.85  0.0827978    12.6438   261.8728   224.2223    89.7015
  -3275.00   42254.25  0.0828359    12.6683   260.0904   224.6276    89.5139
  -3265.00   42256.58  0.0827915    12.6855   258.0875   225.0596    89.3742
  -3255.00   42256.90  0.0827949    12.7137   255.8854   225.5993    89.2374
  -3245.00   42255.48  0.0828165    12.7368   253.8280   226.0347    89.0637
  -3235.00   42255.61  0.0826535    12.7491   251.8467   226.4549    88.8627
  -3225.00   42255.96  0.0824478    12.7630   249.8127   226.9888    88.6874
  -3215.00   42254.12  0.0823753    12.7828   248.0460   227.4151    88.5132
  -3205.00   42251.70  0.0822543    12.8043   246.5413   227.8079    88.2731
  -3195.00   42251.53  0.0820041    12.8164   245.1520   228.2367    88.0295
  -3185.00   42251.89  0.0818614    12.8336   243.9079   228.5973    87.8329
  -3175.00   42250.55  0.0818316    12.8657   242.7504   228.9794    87.6068
  -3165.00   42249.53  0.0817658    12.8910   241.7299   229.2899    87.3502
  -3155.00   42251.22  0.0816730    12.9116   240.6371   229.5839    87.1294
  -3145.00   42252.65  0.0816992    12.9454   239.3070   229.9747    86.9427
  -3135.00   42252.21  0.0818395    12.9814   237.9738   230.2591    86.7507
  -3125.00   42252.65  0.0818957    13.0112   236.4841   230.5532    86.5397
  -3115.00   42255.05  0.0819135    13.0376   234.6501   230.9743    86.3733
  -3105.00   42256.30  0.0820632    13.0680   232.7371   231.3138    86.2493
  -3095.00   42255.43  0.0821974    13.1021   230.7430   231.6941    86.0806
  -3085.00   42255.42  0.0821802    13.1218   228.6829   232.1296    85.9011
  -3075.00   42256.60  0.0821747    13.1367   226.6411   232.5330    85.7751
  -3065.00   42256.22  0.0822102    13.1638   224.6430   233.0064    85.6285
  -3055.00   42253.38  0.0821846    13.1836   222.9024   233.4271    85.4348
  -3045.00   42252.44  0.0820424    13.1918   221.3170   233.8428    85.2441
  -3035.00   42252.70  0.0819283    13.2086   219.7657   234.3467    85.0694
  -3025.00   42251.36  0.0818789    13.2303   218.4991   234.7250    84.8768
  -3015.00   42249.39  0.0817537    13.2486   217.3676   235.0947    84.6348
  -3005.00   42249.96  0.0815780    13.2634   216.1493   235.5470    84.4054
  -2995.00   42251.82  0.0815167    13.2848   214.9899   235.8686    84.2155
  -2985.00   42251.98  0.0815159    13.3179   213.7640   236.1992    83.9870
  -2975.00   42251.76  0.0814556    13.3435   212.4125   236.5449    83.7385
  -2965.00   42254.04  0.0814484    13.3656   210.8976   236.8371    83.5469
  -2955.00   42256.19  0.0815595    13.4030   209.1423   237.1902    83.3697
  -2945.00   42255.59  0.0816937    13.4396   207.3553   237.4794    83.1751
  -2935.00   42255.07  0.0817793    13.4652   205.4427   237.7999    82.9890
  -2925.00   42256.16  0.0819063    13.4945   203.3280   238.2435    82.8436
  -2915.00   42256.60  0.0820853    13.5258   201.3584   238.5796    82.7188
  -2905.00   42254.41  0.0821974    13.5540   199.4693   238.9762    82.5496
  -2895.00   42253.10  0.0822161    13.5719   197.5789   239.5011    82.3828
  -2885.00   42253.56  0.0822562    13.5865   195.9079   239.9287    82.2609
  -2875.00   42253.39  0.0822732    13.6112   194.3809   240.3982    82.0987
  -2865.00   42250.74  0.0821773    13.6277   192.9939   240.9034    81.8865
  -2855.00   42250.15  0.0820444    13.6340   191.7091   241.3612    81.6991
  -2845.00   42251.65  0.0819531    13.6536   190.3977   241.8506    81.5158
  -2835.00   42251.54  0.0818288    13.6776   189.1925   242.2417    81.2947
  -2825.00   42250.62  0.0816617    13.6943   187.9213   242.6269    81.0531
  -2815.00   42251.93  0.0815451    13.7142   186.4085   243.0786    80.8392
  -2805.00   42254.66  0.0814880    13.7420   184.8957   243.3603    80.6514
  -2795.00   42255.36  0.0814421    13.7751   183.2488   243.6550    80.4293
  -2785.00   42254.86  0.0813936    13.8012   181.3844   244.0342    80.2076
  -2775.00   42256.21  0.0814349    13.8253   179.4999   244.2980    80.0490
  -2765.00   42257.76  0.0815375    13.8623   177.5600   244.5930    79.8879
  -2755.00   42256.03  0.0815951    13.8948   175.6743   244.9105    79.6979
  -2745.00   42253.95  0.0816810    13.9144   173.8568   245.2315    79.5384
  -2735.00   42253.70  0.0818386    13.9419   172.0615   245.6305    79.4061
  -2725.00   42253.70  0.0819434    13.9710   170.5341   245.9396    79.2656
  -2715.00   42251.32  0.0819955    13.9909   169.1133   246.3227    79.0927
  -2705.00   42250.01  0.0820621    14.0074   167.6588   246.8332    78.9321
  -2695.00   42251.07  0.0821234    14.0233   166.4092   247.1978    78.8033
  -2685.00   42252.11  0.0821070    14.0452   165.1746   247.6094    78.6257
  -2675.00   42250.94  0.0820302    14.0602   163.8110   248.1327    78.4129
  -2665.00   42251.22  0.0819782    14.0677   162.4321   248.5502    78.2371
  -2655.00   42253.92  0.0819323    14.0893   160.9235   248.9639    78.0549
  -2645.00   42254.70  0.0817831    14.1137   159.3109   249.3736    77.8221
  -2635.00   42254.02  0.0816588    14.1286   157.5708   249.7584    77.5946
  -2625.00   42254.73  0.0816402    14.1514   155.6450   250.1633    77.3980
  -2615.00   42256.80  0.0815790    14.1835   153.7988   250.4187    77.2036
  -2605.00   42256.74  0.0815201    14.2145   151.9255   250.7077    76.9852
  -2595.00   42254.93  0.0815636    14.2417   149.9720   251.0924    76.7848
  -2585.00   42254.66  0.0816852    14.2701   148.2451   251.3095    76.6413
  -2575.00   42255.40  0.0818034    14.3070   146.6330   251.5636    76.4850
  -2565.00   42253.39  0.0818961    14.3370   145.0716   251.9397    76.3032
  -2555.00   42250.94  0.0820830    14.3552   143.6701   252.2670    76.1669
  -2545.00   42250.78  0.0823152    14.3819   142.3246   252.6373    76.0460
  -2535.00   42251.62  0.0823874    14.4086   141.0814   253.0159    75.8907
  -2525.00   42250.44  0.0824519    14.4219   139.7939   253.4682    75.7205
  -2515.00   42249.99  0.0825818    14.4367   138.3490   254.0062    75.5644
  -2505.00   42252.05  0.0826038    14.4545   136.9698   254.3918    75.4163
  -2495.00   42254.12  0.0825059    14.4724   135.4259   254.8540    75.2177
  -2485.00   42254.02  0.0824326    14.4875   133.6052   255.4351    75.0017
  -2475.00   42254.20  0.0823904    14.4995   131.7940   255.8322    74.8257
  -2465.00   42256.61  0.0822811    14.5242   129.9030   256.2040    74.6338
  -2455.00   42257.09  0.0820880    14.5503   127.8748   256.6646    74.3976
  -2445.00   42255.49  0.0819928    14.5669   125.8987   257.0391    74.1896
  -2435.00   42254.63  0.0820098    14.5936   123.9908   257.3583    74.0158
  -2425.00   42255.32  0.0818882    14.6284   122.2666   257.6196    73.8220
  -2415.00   42254.58  0.0818097    14.6555   120.6510   257.9241    73.6210
  -2405.00   42252.08  0.0819171    14.6810   119.0998   258.2775    73.4516
  -2395.00   42251.24  0.0820120    14.7108   117.8628   258.4469    73.3173
  -2385.00   42252.26  0.0820525    14.7423   116.6980   258.6882    73.1621
  -2375.00   42251.40  0.0821501    14.7666   115.4338   259.0967    72.9907
  -2365.00   42249.90  0.0823519    14.7829   114.2772   259.3760    72.8656
  -2355.00   42250.71  0.0825370    14.8068   113.0676   259.6648    72.7433
  -2345.00   42252.79  0.0825498    14.8296   111.6689   260.0828    72.5727
  -2335.00   42253.01  0.0826332    14.8389   110.1057   260.5243    72.4062
  -2325.00   42252.88  0.0828086    14.8526   108.3484   260.9768    72.2578
  -2315.00   42254.89  0.0827708    14.8726   106.5582   261.3386    72.0918
  -2305.00   42256.91  0.0826603    14.8873   104.5736   261.8080    71.8881
  -2295.00   42256.46  0.0826599    14.9018   102.4057   262.3649    71.6822
  -2285.00   42255.27  0.0826378    14.9188   100.4420   262.6880    71.5093
  -2275.00   42256.05  0.0824920    14.9438    98.5484   263.0243    71.3121
  -2265.00   42255.85  0.0823405    14.9697    96.6222   263.5065    71.0821
  -2255.00   42253.56  0.0823256    14.9883    94.9641   263.8347    70.8915
  -2245.00   42251.69  0.0823598    15.0174    93.5520   264.0573    70.7287
  -2235.00   42251.96  0.0822379    15.0531    92.2548   264.3402    70.5334
  -2225.00   42251.97  0.0822321    15.0780    91.0419   264.6536    70.3467
  -2215.00   42250.22  0.0824479    15.1032    89.8777   264.9391    70.2020
  -2205.00   42250.07  0.0825402    15.1356    88.8578   265.0936    70.0669
  -2195.00   42252.10  0.0825966    15.1629    87.6948   265.3714    69.9129
  -2185.00   42252.87  0.0828064    15.1830    86.2439   265.8152    69.7570
  -2175.00   42252.42  0.0830573    15.2003    84.8038   266.0806    69.6386
  -2165.00   42253.49  0.0832060    15.2219    83.1956   266.3792    69.5088
  -2155.00   42255.77  0.0832411    15.2405    81.2348   266.9068    69.3300
  -2145.00   42256.26  0.0833772    15.2481    79.1786   267.3924    69.1654
  -2135.00   42255.17  0.0835421    15.2622    77.0987   267.8128    69.0158
  -2125.00   42255.65  0.0834108    15.2837    75.0241   268.2569    68.8259
  -2115.00   42256.61  0.0832841    15.2973    72.9352   268.7901    68.6150
  -2105.00   42255.31  0.0833217    15.3126    70.9186   269.3249    68.4187
  -2095.00   42253.09  0.0832035    15.3366    69.2858   269.6173    68.2388
  -2085.00   42252.74  0.0829774    15.3628    67.7978   269.9599    68.0389
  -2075.00   42252.80  0.0828611    15.3882    66.3035   270.4484    67.8248
  -2065.00   42251.25  0.0828633    15.4108    65.1273   270.6992    67.6566
  -2055.00   42249.79  0.0828275    15.4410    64.1181   270.8528    67.5063
  -2045.00   42250.69  0.0826907    15.4739    62.9826   271.1651    67.3222
  -2035.00   42252.16  0.0827446    15.4949    61.7924   271.4678    67.1578
  -2025.00   42251.76  0.0829691    15.5175    60.5579   271.6725    67.0344
  -2015.00   42252.18  0.0829718    15.5474    59.2316   271.8470    66.8950
  -2005.00   42254.57  0.0830025    15.5681    57.6276   272.1659    66.7396
  -1995.00   42256.08  0.0832613    15.5826    55.7357   272.5879    66.5948
  -1985.00   42255.71  0.0834372    15.6008    53.9029   272.8107    66.4702
  -1975.00   42255.55  0.0834808    15.6198    51.9615   273.1025    66.3263
  -1965.00   42256.64  0.0835358    15.6347    49.7703   273.6466    66.1453
  -1955.00   42256.51  0.0837025    15.6435    47.7315   274.0663    65.9855
  -1945.00   42254.25  0.0838125    15.6589    45.8918   274.3930    65.8349
  -1935.00   42253.06  0.0836526    15.6803    44.1040   274.8527    65.6373
  -1925.00   42253.33  0.0835931    15.6930    42.4343   275.3646    65.4330
  -1915.00   42252.40  0.0836998    15.7086    40.9597   275.7972    65.2534
  -1905.00   42250.61  0.0835228    15.7360    39.7714   276.0721    65.0689
  -1895.00   42250.41  0.0832966    15.7613    38.6077   276.4250    64.8690
  -1885.00   42251.74  0.0832870    15.7843    37.3269   276.8842    64.6722
  -1875.00   42251.93  0.0832911    15.8111    36.2414   277.0631    64.5146
  -1865.00   42251.42  0.0832116    15.8420    35.1162   277.1925    64.3659
  -1855.00   42252.75  0.0831305    15.8722    33.6515   277.5322    64.1909
  -1845.00   42254.99  0.0832935    15.8931    32.0819   277.7867    64.0458
  -1835.00   42255.28  0.0835479    15.9158    30.4453   277.9278    63.9346
  -1825.00   42255.00  0.0835535    15.9438    28.6220   278.1547    63.7944
  -1815.00   42256.15  0.0836833    15.9604    26.5964   278.5269    63.6431
  -1805.00   42257.06  0.0840594    15.9716    24.4944   278.9318    63.5113
  -1795.00   42256.06  0.0842033    15.9902    22.5826   279.1975    63.3772
  -1785.00   42254.21  0.0842109    16.0068    20.6968   279.5855    63.2167
  -1775.00   42253.94  0.0843321    16.0178    18.7411   280.1943    63.0335
  -1765.00   42253.67  0.0844764    16.0295    17.1187   280.6058    62.8701
  -1755.00   42251.62  0.0844661    16.0476    15.7313   280.9457    62.7057
  -1745.00   42250.16  0.0842575    16.0692    14.3001   281.4787    62.5002
  -1735.00   42250.81  0.0842143    16.0840    12.9749   281.9690    62.3038
  -1725.00   42251.45  0.0842792    16.1030    11.7841   282.3063    62.1381
  -1715.00   42251.10  0.0840098    16.1332    10.5989   282.6023    61.9553
  -1705.00   42251.44  0.0837832    16.1580     9.2621   282.9705    61.7660
  -1695.00   42253.67  0.0838551    16.1784     7.7376   283.3546    61.5986
  -1685.00   42255.14  0.0837936    16.2070     6.2686   283.4983    61.4537
  -1675.00   42254.87  0.0836523    16.2356     4.6574   283.6514    61.3091
  -1665.00   42255.33  0.0836283    16.2587     2.7068   284.0264    61.1483
  -1655.00   42256.71  0.0837876    16.2781     0.8232   284.2261    61.0173
  -1645.00   42256.76  0.0839647    16.2988   359.0102   284.3370    60.9058
  -1635.00   42255.11  0.0839127    16.3219   357.0947   284.6283    60.7590
  -1625.00   42254.36  0.0840652    16.3349   355.2202   284.9892    60.6093
  -1615.00   42254.49  0.0844278    16.3443   353.5106   285.3074    60.4821
  -1605.00   42253.61  0.0844704    16.3628   352.0220   285.5710    60.3379
  -1595.00   42251.31  0.0844495    16.3774   350.5687   285.9823    60.1673
  -1585.00   42250.75  0.0846311    16.3858   349.0876   286.5347    59.9923
  -1575.00   42251.47  0.0847202    16.4001   347.8694   286.8716    59.8309
  -1565.00   42251.05  0.0846398    16.4194   346.6926   287.1974    59.6594
  -1555.00   42250.38  0.0844748    16.4387   345.2656   287.7454    59.4580
  -1545.00   42251.67  0.0844701    16.4548   343.8536   288.1578    59.2752
  -1535.00   42253.81  0.0844997    16.4762   342.4432   288.4126    59.1169
  -1525.00   42254.60  0.0842197    16.5063   340.8263   288.7301    58.9369
  -1515.00   42254.59  0.0840672    16.5300   339.0252   289.0900    58.7573
  -1505.00   42256.11  0.0842085    16.5503   337.1474   289.3754    58.6106
  -1495.00   42257.42  0.0841292    16.5802   335.3402   289.5031    58.4721
  -1485.00   42256.41  0.0840188    16.6075   333.4867   289.6871    58.3274
  -1475.00   42254.93  0.0841403    16.6262   331.5033   290.0505    58.1824
  -1465.00   42254.72  0.0843205    16.6461   329.7985   290.2108    58.0611
  -1455.00   42254.56  0.0844901    16.6661   328.2853   290.3309    57.9454
  -1445.00   42252.47  0.0845192    16.6841   326.6894   290.7142    57.7955
  -1435.00   42251.00  0.0847473    16.6954   325.2496   291.0768    57.6499
  -1425.00   42251.32  0.0851045    16.7047   323.9797   291.3771    57.5210
  -1415.00   42251.85  0.0850952    16.7222   322.7375   291.7322    57.3637
  -1405.00   42250.59  0.0851087    16.7355   321.3867   292.2230    57.1840
  -1395.00   42250.54  0.0853232    16.7437   319.9312   292.7628    57.0134
  -1385.00   42252.51  0.0853025    16.7615   318.5518   293.1120    56.8491
  -1375.00   42253.67  0.0851407    16.7831   317.0154   293.4984    56.6684
  -1365.00   42253.50  0.0850185    16.8016   315.1478   294.0700    56.4756
  -1355.00   42254.42  0.0849648    16.8210   313.3259   294.4209    56.3092
  -1345.00   42256.59  0.0848900    16.8457   311.5169   294.6372    56.1587
  -1335.00   42257.32  0.0846032    16.8741   309.5180   294.9887    55.9881
  -1325.00   42255.96  0.0845016    16.8959   307.5335   295.3105    55.8281
  -1315.00   42255.54  0.0846256    16.9153   305.7058   295.5115    55.7007
  -1305.00   42255.98  0.0844897    16.9426   304.0420   295.6547    55.5687
  -1295.00   42254.46  0.0843973    16.9649   302.4539   295.8795    55.4248
  -1285.00   42251.88  0.0845837    16.9782   300.9112   296.2068    55.2918
  -1275.00   42251.03  0.0846829    16.9959   299.6678   296.3576    55.1721
  -1265.00   42251.70  0.0847526    17.0138   298.5519   296.5086    55.0439
  -1255.00   42250.75  0.0848216    17.0262   297.2472   296.9265    54.8906
  -1245.00   42249.95  0.0850037    17.0365   296.0292   297.2418    54.7473
  -1235.00   42251.16  0.0852525    17.0472   294.8312   297.4876    54.6144
  -1225.00   42253.42  0.0851940    17.0630   293.4071   297.8765    54.4500
  -1215.00   42253.44  0.0852361    17.0753   291.7781   298.3292    54.2742
  -1205.00   42253.39  0.0854590    17.0844   290.0008   298.7719    54.1142
  -1195.00   42255.41  0.0853668    17.1035   288.1902   299.1018    53.9522
  -1185.00   42256.84  0.0852206    17.1249   286.2166   299.4929    53.7711
  -1175.00   42256.02  0.0852041    17.1415   284.0542   300.0120    53.5913
  -1165.00   42255.17  0.0851271    17.1625   282.0934   300.3033    53.4370
  -1155.00   42255.99  0.0850057    17.1889   280.2808   300.5112    53.2865
  -1145.00   42256.11  0.0847966    17.2146   278.4320   300.8774    53.1214
  -1135.00   42253.72  0.0847518    17.2357   276.8102   301.1368    52.9761
  -1125.00   42252.02  0.0848609    17.2567   275.4527   301.2755    52.8576
  -1115.00   42252.51  0.0847351    17.2821   274.2129   301.4463    52.7276
  -1105.00   42251.86  0.0847398    17.3011   273.0217   301.6735    52.5892
  -1095.00   42249.89  0.0850255    17.3123   271.8365   301.9427    52.4677
  -1085.00   42249.63  0.0851292    17.3285   270.7436   302.1121    52.3502
  -1075.00   42251.72  0.0852226    17.3440   269.5567   302.3368    52.2126
  -1065.00   42252.43  0.0854291    17.3522   268.0456   302.7888    52.0600
  -1055.00   42252.26  0.0856186    17.3618   266.4899   303.1242    51.9173
  -1045.00   42253.72  0.0857975    17.3746   264.8300   303.4241    51.7733
  -1035.00   42256.50  0.0857638    17.3889   262.8576   303.9170    51.5999
  -1025.00   42256.71  0.0858072    17.4021   260.7867   304.3805    51.4263
  -1015.00   42255.47  0.0859676    17.4152   258.7071   304.7912    51.2709
  -1005.00   42256.10  0.0857834    17.4369   256.6667   305.1785    51.1082
   -995.00   42256.66  0.0856240    17.4589   254.6704   305.5830    50.9330
   -985.00   42254.96  0.0856381    17.4758   252.7383   306.0319    50.7712
   -975.00   42252.56  0.0854796    17.4983   251.1242   306.2928    50.6320
   -965.00   42252.48  0.0853075    17.5241   249.7068   306.5201    50.4867
   -955.00   42252.93  0.0851731    17.5448   248.3013   306.8830    50.3342
   -945.00   42251.00  0.0851190    17.5630   247.1253   307.0907    50.2053
   -935.00   42249.66  0.0851577    17.5827   246.0810   307.2197    50.0900
   -925.00   42251.24  0.0850296    17.6026   244.9459   307.4552    49.9579
   -915.00   42252.27  0.0850500    17.6167   243.7473   307.6767    49.8235
   -905.00   42251.57  0.0852994    17.6262   242.4331   307.8950    49.7053
   -895.00   42251.90  0.0853173    17.6405   240.9994   308.0978    49.5828
   -885.00   42254.56  0.0853790    17.6534   239.3665   308.3552    49.4382
   -875.00   42256.02  0.0856117    17.6595   237.4522   308.7539    49.2892
   -865.00   42255.20  0.0857267    17.6692   235.5180   309.0484    49.1506
   -855.00   42255.39  0.0858273    17.6833   233.5356   309.3530    49.0004
   -845.00   42257.14  0.0858476    17.6958   231.4000   309.8406    48.8285
   -835.00   42256.58  0.0858828    17.7084   229.3990   310.2356    48.6643
   -825.00   42253.92  0.0859877    17.7243   227.5603   310.5840    48.5135
   -815.00   42253.12  0.0858159    17.7456   225.8289   310.9981    48.3510
   -805.00   42253.43  0.0856934    17.7662   224.2826   311.3692    48.1832
   -795.00   42252.08  0.0857343    17.7836   222.8752   311.7272    48.0345
   -785.00   42249.74  0.0855442    17.8067   221.6713   311.9806    47.9014
   -775.00   42250.10  0.0853989    17.8314   220.5408   312.2150    47.7588
   -765.00   42251.96  0.0853686    17.8493   219.3199   312.5334    47.6177
   -755.00   42251.41  0.0853158    17.8664   218.1672   312.6892    47.5014
   -745.00   42250.95  0.0853535    17.8859   216.9276   312.8215    47.3867
   -735.00   42253.28  0.0853380    17.9019   215.4260   313.0937    47.2557
   -725.00   42255.35  0.0854284    17.9126   213.8202   313.2906    47.1290
   -715.00   42255.03  0.0856890    17.9222   212.0644   313.4870    47.0125
   -705.00   42254.59  0.0857487    17.9350   210.1390   313.7703    46.8829
   -695.00   42256.26  0.0858821    17.9454   208.1386   314.0792    46.7342
   -685.00   42257.14  0.0861660    17.9514   206.0686   314.4660    46.5866
   -675.00   42254.89  0.0862375    17.9627   204.1083   314.8092    46.4455
   -665.00   42253.51  0.0863223    17.9784   202.2448   315.1918    46.2866
   -655.00   42254.25  0.0864024    17.9909   200.4173   315.7078    46.1162
   -645.00   42253.58  0.0863765    18.0048   198.8508   316.0904    45.9617
   -635.00   42250.99  0.0863837    18.0248   197.4407   316.4527    45.8132
   -625.00   42250.16  0.0862281    18.0459   196.0609   316.9135    45.6550
   -615.00   42251.56  0.0860899    18.0645   194.8267   317.2563    45.5020
   -605.00   42251.58  0.0860682    18.0829   193.6082   317.5514    45.3693
   -595.00   42250.23  0.0858366    18.1047   192.3440   317.8345    45.2432
   -585.00   42251.38  0.0857029    18.1251   191.0081   318.0740    45.1082
   -575.00   42254.25  0.0857104    18.1390   189.4893   318.3418    44.9804
   -565.00   42254.56  0.0855866    18.1535   187.9116   318.4941    44.8707
   -555.00   42254.00  0.0855894    18.1701   186.1851   318.6594    44.7524
   -545.00   42255.60  0.0856388    18.1814   184.2496   318.9521    44.6204
   -535.00   42257.27  0.0856769    18.1890   182.3632   319.1235    44.4971
   -525.00   42256.23  0.0858370    18.1991   180.4620   319.3149    44.3766
   -515.00   42254.11  0.0858962    18.2104   178.5263   319.6459    44.2392
   -505.00   42254.29  0.0860191    18.2188   176.7581   319.9297    44.0911
   -495.00   42254.58  0.0862450    18.2259   175.0988   320.2457    43.9486
   -485.00   42251.93  0.0862495    18.2383   173.5659   320.5970    43.8066
   -475.00   42250.13  0.0863371    18.2533   172.1646   320.9643    43.6482
   -465.00   42251.16  0.0864719    18.2648   170.7929   321.4120    43.4861
   -455.00   42251.71  0.0863878    18.2791   169.5534   321.7501    43.3414
   -445.00   42250.54  0.0863706    18.2996   168.2833   322.1017    43.1949
   -435.00   42250.51  0.0863103    18.3190   166.8690   322.5544    43.0409
   -425.00   42253.17  0.0861797    18.3355   165.4811   322.8406    42.9005
   -415.00   42254.43  0.0861189    18.3552   163.9475   323.0986    42.7757
   -405.00   42253.47  0.0859275    18.3763   162.2202   323.4116    42.6513
   -395.00   42254.25  0.0858527    18.3934   160.4531   323.6220    42.5235
   -385.00   42256.53  0.0858925    18.4067   158.5736   323.8239    42.4071
   -375.00   42256.45  0.0857533    18.4206   156.6768   323.9913    42.3008
   -365.00   42254.57  0.0858137    18.4348   154.7929   324.1688    42.1813
   -355.00   42254.54  0.0859968    18.4433   152.9102   324.4367    42.0523
   -345.00   42255.39  0.0860436    18.4495   151.2419   324.6017    41.9322
   -335.00   42254.01  0.0862121    18.4598   149.6519   324.8350    41.8055
   -325.00   42251.24  0.0863996    18.4698   148.0870   325.2300    41.6601
   -315.00   42251.22  0.0865690    18.4768   146.7571   325.5247    41.5120
   -305.00   42252.13  0.0867592    18.4865   145.4661   325.8609    41.3697
   -295.00   42250.55  0.0867652    18.5010   144.1160   326.3116    41.2224
   -285.00   42249.49  0.0868650    18.5160   142.8062   326.7120    41.0655
   -275.00   42251.40  0.0869849    18.5290   141.4014   327.1322    40.9146
   -265.00   42253.30  0.0867984    18.5455   139.9060   327.5094    40.7793
   -255.00   42253.27  0.0867302    18.5662   138.2566   327.8855    40.6398
   -245.00   42253.36  0.0867175    18.5835   136.4207   328.3124    40.4976
   -235.00   42255.95  0.0865118    18.5980   134.6074   328.5606    40.3739
   -225.00   42257.22  0.0863772    18.6166   132.6623   328.8176    40.2572
   -215.00   42255.46  0.0862367    18.6343   130.6044   329.1652    40.1347
   -205.00   42254.72  0.0861690    18.6461   128.7425   329.3378    40.0137
   -195.00   42255.42  0.0861632    18.6576   126.9367   329.5099    39.9024
   -185.00   42254.75  0.0859892    18.6699   125.2017   329.7452    39.7912
   -175.00   42251.98  0.0860576    18.6803   123.6725   329.9352    39.6666
   -165.00   42251.14  0.0862458    18.6870   122.2660   330.1586    39.5393
   -155.00   42252.13  0.0861933    18.6931   121.0373   330.3364    39.4187
   -145.00   42251.74  0.0863047    18.7031   119.8188   330.5923    39.2872
   -135.00   42249.84  0.0865415    18.7118   118.5450   330.9640    39.1411
   -125.00   42250.61  0.0866495    18.7178   117.3901   331.1994    38.9994
   -115.00   42252.79  0.0867597    18.7287   116.0655   331.5110    38.8610
   -105.00   42252.68  0.0868049    18.7433   114.4686   331.9863    38.7133
    -95.00   42252.18  0.0869228    18.7561   112.8603   332.3305    38.5628
    -85.00   42254.05  0.0870146    18.7696   111.0794   332.6794    38.4229
    -75.00   42256.22  0.0868036    18.7871   109.0960   333.0907    38.2915
    -65.00   42256.02  0.0867597    18.8064   107.0514   333.4624    38.1559
    -55.00   42254.92  0.0868033    18.8224   104.9894   333.8182    38.0235
    -45.00   42255.94  0.0865431    18.8370   103.0726   334.0440    37.9090
    -35.00   42256.45  0.0863912    18.8551   101.1857   334.3023    37.7960
    -25.00   42253.92  0.0863654    18.8705    99.3646   334.6365    37.6756
    -15.00   42252.03  0.0863056    18.8796    97.9309   334.7403    37.5624
     -5.00   42252.03  0.0862965    18.8906    96.5916   334.8787    37.4548
      5.00   42252.03  0.0862178    18.9017    95.2434   335.1696    37.3393
     15.00   42249.97  0.0863822    18.9085    94.1199   335.3368    37.2130
     25.00   42249.65  0.0866229    18.9144    93.0009   335.5240    37.0881
     35.00   42251.64  0.0865875    18.9214    91.8078   335.7721    36.9640
     45.00   42252.74  0.0867741    18.9308    90.4632   336.0941    36.8259
     55.00   42252.08  0.0871025    18.9393    88.9466   336.4691    36.6806
     65.00   42253.11  0.0871616    18.9468    87.4010   336.7321    36.5431
     75.00   42255.63  0.0872254    18.9602    85.5688   337.1145    36.4059
     85.00   42255.96  0.0873463    18.9757    83.4531   337.6521    36.2602
     95.00   42254.82  0.0874223    18.9881    81.4638   337.9794    36.1197
    105.00   42255.22  0.0874100    19.0032    79.4088   338.3189    35.9922
    115.00   42256.42  0.0871865    19.0215    77.2361   338.8061    35.8664
    125.00   42255.45  0.0871487    19.0379    75.2703   339.1726    35.7377
    135.00   42253.23  0.0871493    19.0517    73.5046   339.4595    35.6183
    145.00   42252.91  0.0868060    19.0652    71.9339   339.7075    35.5102
    155.00   42253.41  0.0866412    19.0800    70.4671   339.9936    35.3973
    165.00   42251.51  0.0866867    19.0913    69.1203   340.2884    35.2792
    175.00   42249.88  0.0865488    19.0977    68.0872   340.3649    35.1691
    185.00   42250.45  0.0864638    19.1069    66.9971   340.5129    35.0596
    195.00   42251.90  0.0864704    19.1161    65.6942   340.8548    34.9381
    205.00   42251.41  0.0866125    19.1202    64.5307   340.9883    34.8113
    215.00   42251.70  0.0867708    19.1259    63.2077   341.1386    34.6888
    225.00   42254.11  0.0867005    19.1340    61.5826   341.4542    34.5625
    235.00   42256.02  0.0869046    19.1421    59.8091   341.7736    34.4233
    245.00   42255.60  0.0872124    19.1503    57.9032   342.0821    34.2849
    255.00   42255.43  0.0871639    19.1592    55.9739   342.3393    34.1537
    265.00   42256.75  0.0872036    19.1727    53.8732   342.7342    34.0181
    275.00   42256.57  0.0874080    19.1873    51.6964   343.2302    33.8774
    285.00   42254.45  0.0874289    19.1989    49.8505   343.4945    33.7457
    295.00   42253.16  0.0873461    19.2145    48.0727   343.8070    33.6241
    305.00   42253.54  0.0872139    19.2325    46.2490   344.3188    33.4997
    315.00   42252.93  0.0872189    19.2461    44.7826   344.6283    33.3758
    325.00   42250.95  0.0871790    19.2592    43.5125   344.8458    33.2649
    335.00   42250.60  0.0868241    19.2729    42.2654   345.1285    33.1594
    345.00   42252.10  0.0867315    19.2851    41.0480   345.4100    33.0460
    355.00   42251.97  0.0868391    19.2940    39.8491   345.6258    32.9337
    365.00   42251.35  0.0866585    19.2998    38.7288   345.6895    32.8276
    375.00   42252.45  0.0865841    19.3078    37.3687   345.8611    32.7160
    385.00   42254.73  0.0867726    19.3153    35.6948   346.1947    32.5924
    395.00   42255.24  0.0869531    19.3181    34.1116   346.3028    32.4670
    405.00   42254.95  0.0870955    19.3244    32.3368   346.4599    32.3448
    415.00   42256.16  0.0871521    19.3341    30.2260   346.8804    32.2137
    425.00   42257.48  0.0874519    19.3418    28.1854   347.2215    32.0731
    435.00   42256.41  0.0877580    19.3513    26.1959   347.5257    31.9399
    445.00   42254.59  0.0876496    19.3635    24.2516   347.8886    31.8123
    455.00   42254.38  0.0877065    19.3777    22.3517   348.3512    31.6778
    465.00   42254.04  0.0879331    19.3919    20.5761   348.8225    31.5461
    475.00   42252.20  0.0878212    19.4039    19.1587   349.0913    31.4259
    485.00   42250.55  0.0876292    19.4192    17.7791   349.4381    31.3107
    495.00   42251.11  0.0875636    19.4348    16.3080   349.9481    31.1916
    505.00   42252.02  0.0875279    19.4447    15.1304   350.1953    31.0757
    515.00   42251.37  0.0873856    19.4554    13.9587   350.3784    30.9714
    525.00   42251.55  0.0870522    19.4674    12.5389   350.7261    30.8650
    535.00   42253.80  0.0870163    19.4754    11.0854   350.9918    30.7496
    545.00   42255.10  0.0871050    19.4817     9.5557   351.1569    30.6397
    555.00   42254.99  0.0868438    19.4875     7.9292   351.2795    30.5330
    565.00   42255.29  0.0867632    19.4944     6.0804   351.5104    30.4158
    575.00   42256.81  0.0869982    19.5005     4.0745   351.8063    30.2926
    585.00   42257.24  0.0870830    19.5035     2.2697   351.8963    30.1704
    595.00   42255.57  0.0871029    19.5106     0.4154   352.0704    30.0489
    605.00   42254.72  0.0872269    19.5206   358.3992   352.5053    29.9177
    615.00   42255.07  0.0875057    19.5271   356.7030   352.7792    29.7811
    625.00   42253.99  0.0877223    19.5364   355.1760   353.0122    29.6544
    635.00   42251.82  0.0876049    19.5499   353.6151   353.4291    29.5290
    645.00   42251.09  0.0877047    19.5626   352.1764   353.8643    29.3957
    655.00   42251.72  0.0879399    19.5752   350.8362   354.2467    29.2709
    665.00   42251.61  0.0877423    19.5880   349.6182   354.5234    29.1576
    675.00   42250.71  0.0875438    19.6025   348.2699   354.8952    29.0433
    685.00   42251.75  0.0875616    19.6161   346.7261   355.3544    28.9287
    695.00   42254.09  0.0874731    19.6247   345.3327   355.5379    28.8207
    705.00   42254.58  0.0872647    19.6348   343.7874   355.7049    28.7205
    715.00   42254.53  0.0870399    19.6457   341.8878   356.0762    28.6145
    725.00   42255.98  0.0870668    19.6511   340.0602   356.2758    28.5013
    735.00   42257.26  0.0871591    19.6560   338.2363   356.3720    28.3949
    745.00   42256.71  0.0869472    19.6626   336.3127   356.5570    28.2868
    755.00   42255.11  0.0869947    19.6684   334.3911   356.8109    28.1644
    765.00   42254.95  0.0873240    19.6738   332.5548   357.0624    28.0413
    775.00   42255.08  0.0873940    19.6785   330.9989   357.1845    27.9205
    785.00   42252.91  0.0874383    19.6871   329.4602   357.4473    27.7951
    795.00   42251.17  0.0876924    19.6977   327.8586   357.9091    27.6642
    805.00   42251.45  0.0879473    19.7048   326.5877   358.1802    27.5330
    815.00   42251.74  0.0880558    19.7155   325.3767   358.4400    27.4122
    825.00   42250.79  0.0880021    19.7303   323.9131   358.9549    27.2905
    835.00   42250.46  0.0881080    19.7416   322.5119   359.3905    27.1630
    845.00   42252.33  0.0882581    19.7524   321.0983   359.7150    27.0488
    855.00   42253.88  0.0879790    19.7656   319.5078     0.0701    26.9430
    865.00   42253.57  0.0877898    19.7778   317.7324     0.4752    26.8304
    875.00   42254.16  0.0878340    19.7878   315.7964     0.8760    26.7211
    885.00   42256.38  0.0876290    19.7950   313.9717     1.0495    26.6196
    895.00   42256.98  0.0873670    19.8037   312.0473     1.2497    26.5179
    905.00   42255.74  0.0872473    19.8123   309.9233     1.6309    26.4095
    915.00   42255.19  0.0872428    19.8156   308.0972     1.7895    26.2971
    925.00   42255.66  0.0872405    19.8199   306.4442     1.8645    26.1904
    935.00   42254.76  0.0870648    19.8273   304.7379     2.1290    26.0787
    945.00   42252.05  0.0871418    19.8319   303.2318     2.3769    25.9534
    955.00   42251.06  0.0874195    19.8363   301.9067     2.5719    25.8324
    965.00   42251.82  0.0873761    19.8428   300.7257     2.7377    25.7147
    975.00   42250.88  0.0874160    19.8515   299.4989     3.0277    25.5875
    985.00   42249.71  0.0876951    19.8608   298.1442     3.4365    25.4599
    995.00   42250.75  0.0878359    19.8679   296.9424     3.6604    25.3366
   1005.00   42252.83  0.0878543    19.8790   295.5920     3.9231    25.2187
   1015.00   42253.38  0.0878886    19.8930   293.8413     4.4273    25.1000
   1025.00   42253.08  0.0879970    19.9026   292.0990     4.7974    24.9783
   1035.00   42254.98  0.0880574    19.9125   290.3019     5.0576    24.8707
   1045.00   42256.76  0.0878161    19.9263   288.2251     5.4596    24.7680
   1055.00   42255.98  0.0876965    19.9370   286.1271     5.8405    24.6561
   1065.00   42254.79  0.0877605    19.9447   284.0764     6.1532    24.5513
   1075.00   42255.51  0.0874876    19.9527   282.1951     6.3455    24.4549
   1085.00   42255.66  0.0872580    19.9609   280.4153     6.5571    24.3506
   1095.00   42253.51  0.0872646    19.9676   278.6495     6.8853    24.2411
   1105.00   42251.73  0.0872354    19.9704   277.2724     6.9960    24.1321
   1115.00   42252.12  0.0872078    19.9748   276.0756     7.0699    24.0239
   1125.00   42252.14  0.0871905    19.9823   274.7529     7.3680    23.9079
   1135.00   42250.01  0.0873638    19.9862   273.5945     7.5882    23.7816
   1145.00   42249.51  0.0876499    19.9905   272.4836     7.7562    23.6622
   1155.00   42251.46  0.0876490    19.9995   271.2047     8.0303    23.5451
   1165.00   42252.26  0.0877859    20.0088   269.7733     8.3709    23.4165
   1175.00   42251.79  0.0881225    20.0176   268.1262     8.7691    23.2931
   1185.00   42253.09  0.0881647    20.0266   266.4437     9.0540    23.1795
   1195.00   42255.79  0.0881468    20.0386   264.5643     9.3962    23.0645
   1205.00   42256.73  0.0882344    20.0516   262.3775     9.9066    22.9505
   1215.00   42255.34  0.0882621    20.0598   260.3141    10.2501    22.8390
   1225.00   42255.79  0.0881888    20.0691   258.3193    10.5214    22.7372
   1235.00   42256.59  0.0879902    20.0816   256.1899    10.9622    22.6359
   1245.00   42254.99  0.0878851    20.0893   254.2926    11.3059    22.5250
   1255.00   42252.31  0.0878868    20.0944   252.6305    11.5524    22.4225
   1265.00   42251.94  0.0875852    20.1022   251.0938    11.8141    22.3254
   1275.00   42252.48  0.0873875    20.1090   249.7467    12.0508    22.2151
   1285.00   42250.86  0.0874415    20.1133   248.4527    12.3280    22.1027
   1295.00   42249.53  0.0873134    20.1164   247.3632    12.4608    21.9962
   1305.00   42250.87  0.0872218    20.1215   246.2967    12.5857    21.8850
   1315.00   42252.61  0.0872666    20.1284   244.9774    12.8895    21.7663
   1325.00   42251.77  0.0873742    20.1317   243.6870    13.0695    21.6445
   1335.00   42251.79  0.0875369    20.1362   242.2932    13.2146    21.5291
   1345.00   42254.19  0.0875491    20.1461   240.5544    13.5364    21.4134
   1355.00   42255.75  0.0876886    20.1543   238.7122    13.8346    21.2868
   1365.00   42254.83  0.0879841    20.1615   236.7364    14.1432    21.1683
   1375.00   42254.90  0.0879585    20.1719   234.6882    14.4594    21.0606
   1385.00   42256.57  0.0879605    20.1838   232.6315    14.8050    20.9453
   1395.00   42256.83  0.0881009    20.1949   230.5185    15.2465    20.8320
   1405.00   42254.09  0.0880521    20.2031   228.6550    15.5546    20.7283
   1415.00   42253.04  0.0879405    20.2128   226.9724    15.8406    20.6275
   1425.00   42253.52  0.0878281    20.2242   225.2788    16.2682    20.5249
   1435.00   42252.20  0.0877176    20.2302   223.8840    16.5468    20.4177
   1445.00   42249.70  0.0876568    20.2344   222.6788    16.7426    20.3178
   1455.00   42249.64  0.0874198    20.2422   221.4104    17.0369    20.2200
   1465.00   42251.57  0.0872936    20.2477   220.2487    17.2446    20.1070
   1475.00   42251.35  0.0873870    20.2499   219.0351    17.4336    19.9943
   1485.00   42250.99  0.0872675    20.2541   217.7264    17.5975    19.8898
   1495.00   42252.99  0.0872557    20.2600   216.3055    17.7582    19.7749
   1505.00   42255.70  0.0874408    20.2662   214.6008    18.0360    19.6529
   1515.00   42255.28  0.0875457    20.2705   212.8454    18.2179    19.5366
   1525.00   42254.58  0.0877041    20.2769   210.9856    18.4129    19.4234
   1535.00   42255.99  0.0878443    20.2880   208.8681    18.7999    19.3071
   1545.00   42256.90  0.0879979    20.2962   206.8499    19.1024    19.1855
   1555.00   42254.83  0.0882261    20.3032   204.8975    19.4022    19.0738
   1565.00   42253.33  0.0882040    20.3149   202.9360    19.8155    18.9706
   1575.00   42253.94  0.0882226    20.3259   201.1822    20.1915    18.8567
   1585.00   42254.01  0.0883400    20.3340   199.5467    20.5853    18.7459
   1595.00   42251.37  0.0881891    20.3420   198.0820    20.9305    18.6490
   1605.00   42250.25  0.0880578    20.3508   196.7614    21.2569    18.5471
   1615.00   42251.79  0.0880003    20.3593   195.3977    21.6609    18.4401
   1625.00   42251.72  0.0878126    20.3636   194.1641    21.9163    18.3368
   1635.00   42250.36  0.0876776    20.3672   192.9267    22.1241    18.2365
   1645.00   42251.07  0.0875120    20.3745   191.4414    22.4542    18.1340
   1655.00   42254.00  0.0873796    20.3786   189.9649    22.6459    18.0200
   1665.00   42254.72  0.0873909    20.3798   188.3721    22.7986    17.9086
   1675.00   42254.25  0.0872495    20.3852   186.5510    23.0240    17.8050
   1685.00   42255.48  0.0872471    20.3916   184.7032    23.2044    17.6881
   1695.00   42257.62  0.0874129    20.3963   182.7605    23.4254    17.5660
   1705.00   42256.47  0.0874078    20.4015   180.8392    23.6164    17.4559
   1715.00   42254.17  0.0875186    20.4092   178.9917    23.8292    17.3439
   1725.00   42254.13  0.0877168    20.4194   177.1205    24.1827    17.2255
   1735.00   42254.40  0.0877956    20.4267   175.4872    24.4367    17.1096
   1745.00   42252.18  0.0879321    20.4338   173.9928    24.7064    17.0018
   1755.00   42250.26  0.0879723    20.4455   172.4635    25.1334    16.8981
   1765.00   42251.14  0.0880117    20.4552   171.1432    25.4646    16.7848
   1775.00   42252.33  0.0880804    20.4612   169.8649    25.7866    16.6769
   1785.00   42251.05  0.0879137    20.4696   168.4981    26.1584    16.5830
   1795.00   42250.73  0.0878291    20.4781   167.1402    26.4805    16.4797
   1805.00   42253.42  0.0878160    20.4841   165.6530    26.8118    16.3705
   1815.00   42254.48  0.0875707    20.4881   164.0793    27.0570    16.2724
   1825.00   42253.68  0.0874307    20.4923   162.4063    27.2706    16.1724
   1835.00   42254.05  0.0873906    20.4989   160.5103    27.5706    16.0650
   1845.00   42256.38  0.0872605    20.5023   158.6637    27.7199    15.9533
   1855.00   42256.79  0.0872460    20.5038   156.7998    27.8503    15.8437
   1865.00   42254.94  0.0872222    20.5107   154.8095    28.1118    15.7383
   1875.00   42254.61  0.0873175    20.5175   153.0161    28.2779    15.6195
   1885.00   42255.73  0.0875170    20.5215   151.3306    28.4629    15.4982
   1895.00   42254.25  0.0875355    20.5284   149.6903    28.7215    15.3919
   1905.00   42251.46  0.0877236    20.5378   148.2180    28.9872    15.2797
   1915.00   42251.20  0.0880109    20.5468   146.8062    29.3310    15.1601
   1925.00   42252.09  0.0880343    20.5538   145.5089    29.6270    15.0514
   1935.00   42251.05  0.0881209    20.5615   144.2201    29.9587    14.9482
   1945.00   42249.85  0.0882350    20.5724   142.7789    30.4211    14.8432
   1955.00   42251.59  0.0882214    20.5798   141.4083    30.7441    14.7336
   1965.00   42253.99  0.0881798    20.5840   139.9167    31.0650    14.6300
   1975.00   42253.79  0.0880098    20.5918   138.1470    31.4933    14.5361
   1985.00   42253.64  0.0879368    20.5990   136.3699    31.8041    14.4302
   1995.00   42256.09  0.0878825    20.6023   134.4999    32.0803    14.3195
   2005.00   42257.14  0.0875771    20.6063   132.4898    32.3673    14.2226
   2015.00   42255.73  0.0874423    20.6115   130.5039    32.6146    14.1202
   2025.00   42254.58  0.0874602    20.6169   128.5425    32.8742    14.0066
   2035.00   42255.35  0.0872570    20.6202   126.7470    33.0305    13.8976
   2045.00   42255.18  0.0871645    20.6229   125.0817    33.1943    13.7899
   2055.00   42252.41  0.0872031    20.6304   123.4450    33.4748    13.6808
   2065.00   42251.30  0.0872487    20.6365   122.1169    33.6067    13.5634
   2075.00   42252.43  0.0873455    20.6396   120.9098    33.7570    13.4455
   2085.00   42251.96  0.0873419    20.6471   119.6121    34.0542    13.3409
   2095.00   42250.24  0.0875339    20.6563   118.4267    34.2898    13.2281
   2105.00   42250.71  0.0877998    20.6630   117.2105    34.5484    13.1083
   2115.00   42252.89  0.0877553    20.6695   115.8387    34.8502    13.0041
   2125.00   42253.35  0.0878430    20.6779   114.3077    35.1921    12.9023
   2135.00   42252.67  0.0880370    20.6874   112.5691    35.6024    12.7939
   2145.00   42254.29  0.0879675    20.6934   110.7928    35.8906    12.6881
   2155.00   42256.70  0.0878696    20.6978   108.8457    36.2173    12.5886
   2165.00   42256.28  0.0877724    20.7058   106.6729    36.6641    12.4928
   2175.00   42255.01  0.0877000    20.7120   104.6743    36.9210    12.3863
   2185.00   42255.80  0.0875892    20.7140   102.7554    37.1396    12.2774
   2195.00   42256.17  0.0872905    20.7185   100.7944    37.4533    12.1809
   2205.00   42254.21  0.0872244    20.7244    99.0701    37.6783    12.0754
   2215.00   42252.01  0.0872951    20.7284    97.5783    37.8447    11.9577
   2225.00   42252.12  0.0870977    20.7317    96.2258    37.9942    11.8502
   2235.00   42252.51  0.0870738    20.7361    94.9693    38.1841    11.7429
   2245.00   42250.45  0.0872827    20.7438    93.7367    38.4399    11.6281
   2255.00   42249.86  0.0873539    20.7495    92.6593    38.5624    11.5130
   2265.00   42251.80  0.0874531    20.7530    91.5059    38.7452    11.4000
   2275.00   42252.82  0.0875750    20.7614    90.0491    39.1256    11.2955
   2285.00   42252.44  0.0877991    20.7702    88.6021    39.3755    11.1839
   2295.00   42253.11  0.0880224    20.7751    87.0254    39.6274    11.0679
   2305.00   42255.62  0.0879463    20.7814    85.1216    40.0237    10.9683
   2315.00   42256.47  0.0880504    20.7900    83.0954    40.4139    10.8670
   2325.00   42255.16  0.0882498    20.7974    81.0156    40.7911    10.7562
   2335.00   42255.26  0.0880704    20.8018    78.9596    41.1014    10.6532
   2345.00   42256.42  0.0879300    20.8065    76.8739    41.4748    10.5551
   2355.00   42255.35  0.0879100    20.8141    74.7968    41.9282    10.4533
   2365.00   42253.04  0.0877694    20.8189    73.0854    42.1535    10.3451
   2375.00   42252.48  0.0875718    20.8203    71.5499    42.3683    10.2373
   2385.00   42252.90  0.0873114    20.8252    69.9857    42.7377    10.1381
   2395.00   42251.73  0.0872602    20.8312    68.7182    42.9431    10.0287
   2405.00   42249.89  0.0872682    20.8338    67.6437    43.0582     9.9101
   2415.00   42250.52  0.0870068    20.8369    66.4958    43.2453     9.8041
   2425.00   42252.20  0.0870004    20.8425    65.2900    43.4609     9.6970
   2435.00   42251.76  0.0872301    20.8490    64.0229    43.6651     9.5789
   2445.00   42251.73  0.0872025    20.8536    62.7068    43.7735     9.4665
   2455.00   42253.91  0.0872354    20.8575    61.1545    43.9769     9.3584
   2465.00   42255.70  0.0874367    20.8659    59.2658    44.3578     9.2512
   2475.00   42255.66  0.0876110    20.8735    57.4148    44.5677     9.1405
   2485.00   42255.12  0.0877368    20.8774    55.4985    44.7818     9.0285
   2495.00   42256.35  0.0876842    20.8839    53.3128    45.2201     8.9296
   2505.00   42256.57  0.0878139    20.8925    51.2350    45.5833     8.8267
   2515.00   42254.37  0.0879918    20.8983    49.3337    45.8859     8.7145
   2525.00   42252.84  0.0877412    20.9021    47.5299    46.2098     8.6131
   2535.00   42253.02  0.0876300    20.9077    45.8213    46.5869     8.5148
   2545.00   42252.46  0.0876974    20.9146    44.2522    46.9819     8.4077
   2555.00   42250.57  0.0874876    20.9180    43.0119    47.1642     8.2989
   2565.00   42250.08  0.0872549    20.9198    41.8275    47.3728     8.1937
   2575.00   42251.49  0.0871214    20.9251    40.4971    47.7395     8.0910
   2585.00   42252.06  0.0871035    20.9304    39.3548    47.8813     7.9788
   2595.00   42251.31  0.0870899    20.9321    38.2151    47.9472     7.8620
   2605.00   42252.32  0.0868914    20.9354    36.7628    48.1770     7.7572
   2615.00   42254.57  0.0870157    20.9420    35.1815    48.3840     7.6488
   2625.00   42255.11  0.0873311    20.9476    33.5129    48.5468     7.5295
   2635.00   42254.58  0.0872966    20.9515    31.7141    48.6993     7.4197
   2645.00   42255.50  0.0874032    20.9569    29.7128    48.9789     7.3153
   2655.00   42256.70  0.0877432    20.9652    27.5763    49.3826     7.2053
   2665.00   42256.14  0.0878914    20.9715    25.6362    49.6209     7.0947
   2675.00   42254.12  0.0879335    20.9752    23.7648    49.8991     6.9877
   2685.00   42253.76  0.0879402    20.9819    21.7890    50.4128     6.8871
   2695.00   42253.72  0.0880471    20.9894    20.1080    50.7770     6.7810
   2705.00   42251.90  0.0881206    20.9934    18.6786    51.0514     6.6687
   2715.00   42250.13  0.0878042    20.9965    17.2411    51.4401     6.5671
   2725.00   42250.44  0.0877017    21.0022    15.8792    51.8179     6.4656
   2735.00   42251.47  0.0877904    21.0077    14.5977    52.1463     6.3533
   2745.00   42251.09  0.0874849    21.0098    13.4005    52.3388     6.2435
   2755.00   42251.23  0.0872335    21.0123    12.0529    52.5850     6.1398
   2765.00   42253.30  0.0872019    21.0178    10.4646    52.9457     6.0329
   2775.00   42255.19  0.0871348    21.0221     8.9589    53.0680     5.9189
   2785.00   42254.95  0.0870257    21.0235     7.3496    53.1524     5.8063
   2795.00   42255.03  0.0868562    21.0274     5.4053    53.4461     5.7020
   2805.00   42256.33  0.0869687    21.0338     3.4964    53.6299     5.5916
   2815.00   42256.76  0.0872163    21.0382     1.6622    53.7400     5.4732
   2825.00   42255.13  0.0870992    21.0413   359.7793    53.9332     5.3649
   2835.00   42254.14  0.0872163    21.0475   357.9092    54.2115     5.2602
   2845.00   42254.38  0.0875939    21.0548   356.1400    54.5442     5.1464
   2855.00   42253.96  0.0876639    21.0595   354.6344    54.7531     5.0341
   2865.00   42251.73  0.0876674    21.0636   353.1760    55.0537     4.9295
   2875.00   42250.87  0.0877628    21.0703   351.6358    55.5577     4.8253
   2885.00   42251.66  0.0878486    21.0766   350.3413    55.8752     4.7154
   2895.00   42251.54  0.0878300    21.0796   349.1272    56.1241     4.6053
   2905.00   42250.68  0.0875377    21.0826   347.6780    56.5576     4.5037
   2915.00   42251.47  0.0874512    21.0883   346.2138    56.9019     4.3994
   2925.00   42253.81  0.0875192    21.0924   344.7374    57.1377     4.2859
   2935.00   42254.70  0.0871666    21.0935   343.1360    57.3386     4.1771
   2945.00   42254.68  0.0869669    21.0968   341.3416    57.5785     4.0740
   2955.00   42255.84  0.0870614    21.1022   339.4012    57.8653     3.9635
   2965.00   42257.50  0.0869998    21.1052   337.5988    57.9445     3.8480
   2975.00   42256.80  0.0869287    21.1072   335.7572    58.0477     3.7386
   2985.00   42255.09  0.0869445    21.1119   333.7517    58.3736     3.6325
   2995.00   42254.70  0.0871321    21.1179   332.0092    58.5437     3.5188
   3005.00   42254.79  0.0873775    21.1213   330.4716    58.6552     3.4020
   3015.00   42252.98  0.0873235    21.1245   328.8885    58.9562     3.2946
   3025.00   42251.23  0.0875035    21.1308   327.4223    59.2761     3.1875
   3035.00   42251.36  0.0878884    21.1368   326.0899    59.5910     3.0715
   3045.00   42252.25  0.0878654    21.1397   324.8560    59.8591     2.9588
   3055.00   42251.26  0.0878615    21.1440   323.5085    60.2289     2.8547
   3065.00   42250.82  0.0880115    21.1501   321.9899    60.7347     2.7469
   3075.00   42252.68  0.0880140    21.1544   320.5746    61.0352     2.6331
   3085.00   42254.13  0.0879000    21.1569   319.0259    61.3168     2.5252
   3095.00   42254.02  0.0876706    21.1603   317.1324    61.7960     2.4222
   3105.00   42254.35  0.0875855    21.1654   315.2482    62.1234     2.3135
   3115.00   42256.42  0.0875679    21.1684   313.3870    62.3208     2.2001
   3125.00   42257.43  0.0871996    21.1693   311.3970    62.5818     2.0923
   3135.00   42256.17  0.0870274    21.1733   309.3959    62.8419     1.9875
   3145.00   42255.28  0.0871344    21.1781   307.4949    63.0787     1.8741
   3155.00   42255.89  0.0869775    21.1797   305.8497    63.1729     1.7580
   3165.00   42254.88  0.0868730    21.1820   304.2815    63.3139     1.6499
   3175.00   42252.30  0.0869643    21.1870   302.6962    63.6344     1.5407
   3185.00   42251.17  0.0870837    21.1913   301.4381    63.7758     1.4232
   3195.00   42251.88  0.0872150    21.1938   300.3132    63.8822     1.3082
   3205.00   42251.49  0.0872018    21.1969   299.0062    64.2224     1.2001
   3215.00   42250.35  0.0873772    21.2025   297.7416    64.5166     1.0890
   3225.00   42251.13  0.0876910    21.2069   296.4754    64.7679     0.9719
   3235.00   42253.59  0.0876103    21.2088   295.0454    65.0714     0.8600
   3245.00   42253.96  0.0876254    21.2132   293.3882    65.4410     0.7546
   3255.00   42253.57  0.0878236    21.2188   291.5192    65.8871     0.6439
   3265.00   42255.26  0.0877378    21.2214   289.6829    66.1670     0.5289
   3275.00   42256.86  0.0875962    21.2241   287.6994    66.4594     0.4229
   3285.00   42256.44  0.0874709    21.2280   285.4982    66.9212     0.3186
   3295.00   42255.03  0.0873833    21.2321   283.5040    67.1905     0.2060
   3305.00   42255.51  0.0872994    21.2344   281.6705    67.3552     0.0945
   3315.00   42256.04  0.0870010    21.2355   279.8411    67.6332   359.9873
   3325.00   42253.86  0.0869177    21.2394   278.2040    67.8576   359.8788
   3335.00   42251.83  0.0870568    21.2430   276.7926    68.0187   359.7635
   3345.00   42252.22  0.0869143    21.2434   275.5717    68.1376   359.6475
   3355.00   42252.18  0.0869039    21.2459   274.3815    68.3054   359.5382
   3365.00   42250.44  0.0871557    21.2504   273.1231    68.6001   359.4253
   3375.00   42249.80  0.0872859    21.2529   272.0114    68.7587   359.3051
   3385.00   42251.70  0.0874119    21.2548   270.8045    68.9339   359.1913
   3395.00   42253.06  0.0875325    21.2583   269.2515    69.3417   359.0818
   3405.00   42252.57  0.0877293    21.2629   267.6514    69.6593   358.9668
   3415.00   42253.44  0.0879559    21.2660   265.9446    69.9342   358.8503
   3425.00   42256.24  0.0878656    21.2676   263.9739    70.3333   358.7395
   3435.00   42256.87  0.0878823    21.2720   261.8863    70.7273   358.6316
   3445.00   42255.50  0.0880560    21.2767   259.7508    71.1289   358.5186
   3455.00   42255.56  0.0878745    21.2781   257.7214    71.4489   358.4034
   3465.00   42256.28  0.0877110    21.2808   255.7353    71.7673   358.2965
   3475.00   42255.21  0.0876672    21.2850   253.7587    72.1993   358.1889
   3485.00   42252.40  0.0875245    21.2877   252.1289    72.4494   358.0725
   3495.00   42251.81  0.0873818    21.2893   250.6918    72.6423   357.9611
   3505.00   42252.70  0.0871509    21.2908   249.2650    72.9653   357.8531
   3515.00   42251.15  0.0870734    21.2940   248.0514    73.1734   357.7397
   3525.00   42249.64  0.0871318    21.2961   246.9433    73.3204   357.6238
   3535.00   42250.86  0.0869454    21.2958   245.8009    73.5063   357.5088
   3545.00   42252.58  0.0869286    21.2979   244.5771    73.6885   357.3972
   3555.00   42252.28  0.0871665    21.3012   243.1840    73.9248   357.2816
   3565.00   42252.04  0.0871972    21.3020   241.7381    74.0923   357.1607
   3575.00   42254.34  0.0872740    21.3032   240.0923    74.2891   357.0468
   3585.00   42256.27  0.0874655    21.3067   238.1203    74.6678   356.9349
   3595.00   42255.30  0.0876165    21.3101   236.1643    74.9419   356.8162
   3605.00   42254.78  0.0877688    21.3124   234.1602    75.2116   356.7000
   3615.00   42256.34  0.0877343    21.3144   232.0089    75.6444   356.5893
   3625.00   42256.35  0.0877633    21.3187   229.9956    76.0038   356.4776
   3635.00   42253.89  0.0878849    21.3224   228.1219    76.3452   356.3629
   3645.00   42252.51  0.0876745    21.3233   226.3986    76.7012   356.2488
