  -7305.00   42259.02  0.0852784     4.6115   342.4987   189.9030    26.7259
  -7295.00   42261.13  0.0852658     4.6140   340.2244   189.8019    26.8536
  -7285.00   42261.47  0.0851908     4.6188   337.8907   189.6290    27.0369
  -7275.00   42260.15  0.0850653     4.6260   335.3508   189.7293    27.1532
  -7265.00   42259.55  0.0852166     4.6257   332.9881   189.8284    27.1749
  -7255.00   42259.56  0.0854754     4.6249   330.7851   189.8076    27.2633
  -7245.00   42258.54  0.0854210     4.6292   328.7034   189.8481    27.3335
  -7235.00   42255.98  0.0855129     4.6350   326.6666   190.1239    27.2898
  -7225.00   42255.10  0.0858444     4.6396   324.7067   190.4175    27.2743
  -7215.00   42255.93  0.0859554     4.6442   323.0291   190.5282    27.2758
  -7205.00   42255.36  0.0859333     4.6571   321.2766   190.7569    27.2692
  -7195.00   42254.63  0.0860377     4.6719   319.2866   191.1930    27.2511
  -7185.00   42255.72  0.0861684     4.6810   317.4265   191.4501    27.2189
  -7175.00   42257.92  0.0861677     4.6944   315.4877   191.5428    27.2898
  -7165.00   42258.73  0.0859717     4.7139   313.1942   191.8151    27.3664
  -7155.00   42258.48  0.0859262     4.7276   310.8194   192.0915    27.3770
  -7145.00   42259.82  0.0860027     4.7375   308.4095   192.1635    27.4876
  -7135.00   42261.53  0.0857452     4.7506   305.9750   192.1290    27.6515
  -7125.00   42260.78  0.0855520     4.7635   303.4718   192.2179    27.7469
  -7115.00   42259.13  0.0856271     4.7703   300.9578   192.3467    27.8534
  -7105.00   42259.04  0.0855957     4.7721   298.7975   192.2208    27.9891
  -7095.00   42259.06  0.0855195     4.7779   296.7639   192.1124    28.1243
  -7085.00   42257.23  0.0855461     4.7840   294.6645   192.2761    28.2003
  -7075.00   42255.01  0.0857286     4.7818   292.8735   192.3569    28.2175
  -7065.00   42255.07  0.0859496     4.7817   291.2355   192.3273    28.2951
  -7055.00   42255.88  0.0859504     4.7889   289.4997   192.4772    28.3396
  -7045.00   42254.77  0.0861235     4.7934   287.7159   192.7871    28.2702
  -7035.00   42254.37  0.0864727     4.7972   285.8348   193.0516    28.2605
  -7025.00   42256.59  0.0865221     4.8054   283.9285   193.2010    28.2826
  -7015.00   42258.47  0.0865363     4.8198   281.7597   193.5184    28.2430
  -7005.00   42258.69  0.0867125     4.8339   279.2698   193.9486    28.2292
  -6995.00   42258.85  0.0867830     4.8438   276.8465   194.1694    28.2418
  -6985.00   42260.86  0.0867003     4.8604   274.3502   194.3110    28.3118
  -6975.00   42261.70  0.0865798     4.8806   271.6169   194.6268    28.3881
  -6965.00   42259.74  0.0865310     4.8924   269.0562   194.8607    28.4251
  -6955.00   42258.38  0.0865051     4.9024   266.7041   194.8810    28.5670
  -6945.00   42258.62  0.0862233     4.9175   264.4426   194.9158    28.7385
  -6935.00   42257.88  0.0860524     4.9281   262.3730   195.0183    28.8169
  -6925.00   42255.29  0.0861198     4.9316   260.4552   195.0731    28.9363
  -6915.00   42254.38  0.0859887     4.9345   258.8108   194.9516    29.0950
  -6905.00   42255.60  0.0858835     4.9406   257.2191   194.9185    29.1850
  -6895.00   42255.81  0.0859913     4.9442   255.4608   195.0811    29.2321
  -6885.00   42254.55  0.0861253     4.9415   253.8052   195.1195    29.2624
  -6875.00   42255.46  0.0862534     4.9441   252.0556   195.1244    29.3143
  -6865.00   42257.96  0.0863206     4.9536   249.9462   195.3698    29.3191
  -6855.00   42258.67  0.0865022     4.9583   247.7238   195.6564    29.2404
  -6845.00   42257.99  0.0867823     4.9637   245.3498   195.8641    29.2395
  -6835.00   42259.35  0.0867645     4.9777   242.8338   196.0753    29.2710
  -6825.00   42261.25  0.0867815     4.9936   240.2418   196.4016    29.2156
  -6815.00   42260.82  0.0869517     5.0067   237.5813   196.7368    29.2163
  -6805.00   42258.65  0.0869109     5.0191   235.1475   196.8726    29.2905
  -6795.00   42258.46  0.0867912     5.0370   232.8534   197.0232    29.3532
  -6785.00   42258.70  0.0867489     5.0545   230.5737   197.2878    29.4219
  -6775.00   42256.42  0.0866900     5.0630   228.6162   197.3938    29.4983
  -6765.00   42254.07  0.0866240     5.0723   226.8648   197.3740    29.6410
  -6755.00   42254.32  0.0864528     5.0863   225.0801   197.4628    29.7815
  -6745.00   42255.59  0.0863704     5.0929   223.4221   197.5447    29.8340
  -6735.00   42254.73  0.0864599     5.0938   221.7476   197.5430    29.9436
  -6725.00   42254.70  0.0863520     5.0990   219.9909   197.4964    30.0884
  -6715.00   42257.21  0.0863265     5.1050   218.1056   197.5552    30.1240
  -6705.00   42259.46  0.0865126     5.1067   215.9581   197.7060    30.1452
  -6695.00   42258.88  0.0866088     5.1059   213.7554   197.7293    30.2006
  -6685.00   42258.79  0.0867265     5.1116   211.4109   197.8122    30.2260
  -6675.00   42260.40  0.0869070     5.1212   208.8104   198.1054    30.2051
  -6665.00   42260.93  0.0870883     5.1254   206.3032   198.3404    30.1493
  -6655.00   42258.63  0.0873126     5.1325   203.8467   198.5264    30.1601
  -6645.00   42257.54  0.0873638     5.1495   201.3777   198.8279    30.1835
  -6635.00   42258.22  0.0874407     5.1648   199.1178   199.1720    30.1197
  -6625.00   42257.83  0.0875938     5.1766   196.9909   199.4551    30.1334
  -6615.00   42255.20  0.0875036     5.1933   195.0316   199.6282    30.2408
  -6605.00   42254.47  0.0874072     5.2127   193.1995   199.8544    30.2885
  -6595.00   42256.00  0.0873970     5.2280   191.3479   200.1084    30.3519
  -6585.00   42255.72  0.0872348     5.2372   189.6117   200.1571    30.4873
  -6575.00   42254.54  0.0870843     5.2483   187.8376   200.1678    30.6352
  -6565.00   42255.58  0.0869696     5.2612   185.8251   200.2962    30.7580
  -6555.00   42258.47  0.0868487     5.2646   183.8081   200.3213    30.8316
  -6545.00   42259.06  0.0868304     5.2646   181.6603   200.2717    30.9504
  -6535.00   42258.63  0.0867357     5.2715   179.2895   200.2987    31.0740
  -6525.00   42259.91  0.0867560     5.2762   176.9017   200.3914    31.0715
  -6515.00   42261.71  0.0869236     5.2759   174.4564   200.5008    31.0724
  -6505.00   42260.24  0.0869461     5.2796   172.0539   200.5522    31.1317
  -6495.00   42257.86  0.0870683     5.2891   169.7389   200.7148    31.1147
  -6485.00   42257.56  0.0873097     5.2994   167.4571   201.0128    31.0615
  -6475.00   42257.76  0.0873975     5.3062   165.4273   201.1895    31.0416
  -6465.00   42255.53  0.0875099     5.3181   163.5158   201.3705    31.0613
  -6455.00   42253.91  0.0876132     5.3377   161.5748   201.6915    31.0775
  -6445.00   42254.96  0.0876742     5.3516   159.8213   201.9522    31.0401
  -6435.00   42256.47  0.0877196     5.3625   158.0625   202.1266    31.0895
  -6425.00   42255.62  0.0876163     5.3813   156.1595   202.3004    31.2127
  -6415.00   42255.56  0.0875784     5.3985   154.2182   202.5023    31.2476
  -6405.00   42258.31  0.0875944     5.4084   152.1321   202.6638    31.3050
  -6395.00   42259.60  0.0873921     5.4182   149.9160   202.6804    31.4646
  -6385.00   42258.86  0.0872758     5.4297   147.5812   202.7316    31.5801
  -6375.00   42258.80  0.0872986     5.4395   145.0898   202.8688    31.6515
  -6365.00   42260.62  0.0871816     5.4415   142.6925   202.8511    31.7382
  -6355.00   42260.85  0.0871236     5.4432   140.3190   202.8260    31.8417
  -6345.00   42258.62  0.0871415     5.4518   137.9143   202.9329    31.9223
  -6335.00   42257.46  0.0872364     5.4552   135.7794   203.0142    31.9052
  -6325.00   42258.23  0.0873811     5.4542   133.7960   203.0857    31.9068
  -6315.00   42257.05  0.0874139     5.4618   131.8605   203.1995    31.9631
  -6305.00   42254.54  0.0876142     5.4729   130.0717   203.4080    31.9194
  -6295.00   42254.23  0.0879241     5.4810   128.3258   203.6722    31.8514
  -6285.00   42255.84  0.0879761     5.4903   126.6030   203.8430    31.8657
  -6275.00   42255.95  0.0880849     5.5062   124.7688   204.0895    31.8784
  -6265.00   42255.36  0.0882969     5.5261   122.7301   204.4466    31.8715
  -6255.00   42256.99  0.0883451     5.5395   120.6877   204.6651    31.8702
  -6245.00   42259.82  0.0883036     5.5528   118.4457   204.8493    31.9459
  -6235.00   42260.00  0.0882278     5.5742   115.9229   205.0998    32.0668
  -6225.00   42259.13  0.0882060     5.5903   113.4318   205.2954    32.1082
  -6215.00   42260.32  0.0881386     5.5978   110.9373   205.3960    32.1905
  -6205.00   42261.00  0.0878654     5.6099   108.3781   205.4543    32.3692
  -6195.00   42259.49  0.0877393     5.6221   105.9440   205.5561    32.4661
  -6185.00   42257.23  0.0877771     5.6276   103.6926   205.6491    32.5115
  -6175.00   42257.20  0.0875787     5.6299   101.6676   205.6005    32.6221
  -6165.00   42257.51  0.0874635     5.6341    99.7713   205.6241    32.7048
  -6155.00   42255.46  0.0875696     5.6430    97.9281   205.7801    32.7263
  -6145.00   42254.15  0.0876401     5.6457    96.3429   205.8112    32.7114
  -6135.00   42255.44  0.0877062     5.6469    94.7659   205.8666    32.7110
  -6125.00   42256.46  0.0877679     5.6597    92.9704   206.0660    32.7387
  -6115.00   42255.87  0.0879911     5.6726    91.1677   206.2772    32.6774
  -6105.00   42256.12  0.0882495     5.6805    89.2559   206.4689    32.6167
  -6095.00   42258.56  0.0882269     5.6945    87.0855   206.6469    32.6614
  -6085.00   42260.15  0.0883236     5.7143    84.6977   206.9257    32.6710
  -6075.00   42259.48  0.0885637     5.7326    82.1736   207.2325    32.6531
  -6065.00   42259.52  0.0885111     5.7454    79.6900   207.3556    32.7052
  -6055.00   42260.97  0.0884005     5.7605    77.1216   207.5240    32.7969
  -6045.00   42260.66  0.0883960     5.7812    74.4896   207.7925    32.8895
  -6035.00   42258.38  0.0883729     5.7932    72.1826   207.8989    32.9383
  -6025.00   42257.12  0.0882488     5.7985    70.0794   207.9254    33.0285
  -6015.00   42257.21  0.0880251     5.8113    67.9889   208.0219    33.1810
  -6005.00   42256.48  0.0880001     5.8225    66.1278   208.1387    33.2357
  -5995.00   42254.33  0.0880689     5.8244    64.4958   208.1700    33.2574
  -5985.00   42254.25  0.0878771     5.8283    62.8936   208.1288    33.3651
  -5975.00   42256.05  0.0878299     5.8357    61.2156   208.2198    33.4166
  -5965.00   42256.36  0.0880592     5.8435    59.4447   208.3948    33.3900
  -5955.00   42256.24  0.0881138     5.8467    57.6882   208.3956    33.3946
  -5945.00   42257.69  0.0881510     5.8509    55.7189   208.4691    33.4028
  -5935.00   42260.00  0.0883272     5.8664    53.3796   208.7495    33.3971
  -5925.00   42260.47  0.0885874     5.8790    51.0289   208.9464    33.3404
  -5915.00   42259.56  0.0887997     5.8868    48.6261   209.0991    33.3007
  -5905.00   42260.03  0.0887942     5.9046    46.0096   209.3398    33.3505
  -5895.00   42260.76  0.0889654     5.9266    43.3968   209.6670    33.3470
  -5885.00   42259.33  0.0892330     5.9430    40.9428   209.9520    33.3246
  -5875.00   42257.24  0.0891056     5.9579    38.6806   210.0786    33.4130
  -5865.00   42256.84  0.0889775     5.9767    36.4876   210.3021    33.5109
  -5855.00   42256.95  0.0890403     5.9968    34.3870   210.6076    33.5750
  -5845.00   42255.67  0.0889261     6.0073    32.6313   210.6699    33.6548
  -5835.00   42254.30  0.0886758     6.0134    30.9719   210.6873    33.7699
  -5825.00   42255.09  0.0884593     6.0272    29.1576   210.8404    33.8980
  -5815.00   42256.56  0.0884295     6.0362    27.4351   210.9289    33.9368
  -5805.00   42256.43  0.0884078     6.0357    25.7344   210.9053    33.9607
  -5795.00   42256.65  0.0881659     6.0413    23.7902   210.8964    34.0563
  -5785.00   42258.78  0.0881723     6.0513    21.6315   211.0300    34.0685
  -5775.00   42260.49  0.0884475     6.0578    19.3730   211.1871    34.0017
  -5765.00   42260.49  0.0884500     6.0637    17.0726   211.1922    34.0111
  -5755.00   42259.94  0.0884576     6.0740    14.6259   211.3177    34.0164
  -5745.00   42260.68  0.0887223     6.0923    12.0426   211.6446    33.9678
  -5735.00   42260.60  0.0889321     6.1062     9.6873   211.8062    33.9284
  -5725.00   42258.49  0.0890238     6.1169     7.4874   211.9253    33.9259
  -5715.00   42256.67  0.0890055     6.1384     5.2353   212.2051    33.9737
  -5705.00   42256.48  0.0891591     6.1599     3.1911   212.4802    33.9721
  -5695.00   42256.25  0.0893510     6.1730     1.3788   212.6624    33.9682
  -5685.00   42254.83  0.0891433     6.1883   359.6138   212.7680    34.0767
  -5675.00   42254.45  0.0890334     6.2075   357.8001   212.9799    34.1606
  -5665.00   42256.02  0.0891600     6.2232   355.9662   213.2263    34.1855
  -5655.00   42257.30  0.0890047     6.2313   354.2000   213.2359    34.2726
  -5645.00   42257.14  0.0887542     6.2391   352.2650   213.2651    34.3816
  -5635.00   42257.88  0.0886654     6.2530   350.0320   213.4643    34.4517
  -5625.00   42259.90  0.0886645     6.2599   347.8296   213.5146    34.4743
  -5615.00   42260.87  0.0886330     6.2597   345.5974   213.4747    34.5024
  -5605.00   42260.07  0.0884511     6.2683   343.1434   213.5390    34.5742
  -5595.00   42259.89  0.0885437     6.2796   340.6930   213.6862    34.5585
  -5585.00   42260.50  0.0888445     6.2845   338.3972   213.8062    34.4834
  -5575.00   42260.07  0.0888474     6.2920   336.2158   213.8328    34.4988
  -5565.00   42257.61  0.0889136     6.3070   334.0636   214.0131    34.4964
  -5555.00   42256.38  0.0892663     6.3248   331.9994   214.3467    34.4162
  -5545.00   42256.42  0.0894572     6.3386   330.1967   214.4963    34.3894
  -5535.00   42255.73  0.0895210     6.3533   328.4603   214.6424    34.4115
  -5525.00   42254.27  0.0895899     6.3777   326.5570   214.9978    34.4352
  -5515.00   42254.59  0.0897301     6.3987   324.7316   215.2658    34.4380
  -5505.00   42256.59  0.0898369     6.4115   322.9224   215.4196    34.4649
  -5495.00   42257.55  0.0896090     6.4296   320.8692   215.5933    34.5825
  -5485.00   42257.60  0.0895037     6.4499   318.6312   215.8329    34.6594
  -5475.00   42259.00  0.0895821     6.4620   316.3244   216.0400    34.6815
  -5465.00   42261.12  0.0893272     6.4694   313.9869   216.0544    34.7852
  -5455.00   42261.07  0.0890581     6.4801   311.5121   216.1240    34.8895
  -5445.00   42259.78  0.0890255     6.4925   308.9506   216.3405    34.9130
  -5435.00   42259.67  0.0889493     6.4974   306.6276   216.3642    34.9288
  -5425.00   42260.07  0.0888540     6.4995   304.4669   216.3280    34.9586
  -5415.00   42258.53  0.0887497     6.5119   302.2791   216.4668    34.9847
  -5405.00   42256.44  0.0888477     6.5241   300.3163   216.6068    34.9404
  -5395.00   42255.99  0.0890789     6.5294   298.5944   216.6970    34.8667
  -5385.00   42256.71  0.0890473     6.5414   296.9116   216.7717    34.8797
  -5375.00   42255.28  0.0891480     6.5615   295.1787   216.9838    34.8611
  -5365.00   42254.24  0.0894840     6.5789   293.4313   217.2841    34.7736
  -5355.00   42255.51  0.0895633     6.5929   291.7020   217.4110    34.7710
  -5345.00   42257.27  0.0895712     6.6124   289.7798   217.5678    34.8148
  -5335.00   42257.37  0.0896840     6.6370   287.5568   217.9155    34.8189
  -5325.00   42257.70  0.0897486     6.6546   285.2966   218.1240    34.8292
  -5315.00   42259.87  0.0897432     6.6668   282.9652   218.2230    34.8867
  -5305.00   42261.60  0.0895589     6.6857   280.4025   218.4123    34.9840
  -5295.00   42260.66  0.0894879     6.7040   277.8251   218.6142    35.0324
  -5285.00   42259.46  0.0895392     6.7120   275.3826   218.7502    35.0493
  -5275.00   42259.93  0.0892879     6.7193   273.0647   218.7787    35.1417
  -5265.00   42259.34  0.0891098     6.7324   270.8408   218.8673    35.2107
  -5255.00   42256.73  0.0891773     6.7430   268.7631   219.0602    35.1914
  -5245.00   42255.05  0.0890954     6.7466   266.9804   219.0846    35.1986
  -5235.00   42255.65  0.0890181     6.7526   265.3339   219.0835    35.2280
  -5225.00   42255.77  0.0890486     6.7673   263.6243   219.2664    35.2101
  -5215.00   42254.52  0.0891653     6.7788   262.0057   219.3998    35.1533
  -5205.00   42254.62  0.0893552     6.7849   260.3977   219.4813    35.1025
  -5195.00   42257.21  0.0893793     6.8006   258.5707   219.6264    35.1047
  -5185.00   42258.01  0.0895400     6.8225   256.5400   219.8502    35.0696
  -5175.00   42257.51  0.0898802     6.8386   254.3570   220.1198    34.9884
  -5165.00   42258.49  0.0899312     6.8536   252.0366   220.2855    35.0030
  -5155.00   42260.59  0.0899776     6.8776   249.5237   220.4925    35.0461
  -5145.00   42260.81  0.0901540     6.9024   246.8697   220.8434    35.0314
  -5135.00   42259.15  0.0901636     6.9181   244.3225   221.0554    35.0535
  -5125.00   42259.03  0.0900949     6.9334   241.8703   221.1913    35.1402
  -5115.00   42259.82  0.0899557     6.9542   239.4530   221.4354    35.2158
  -5105.00   42258.18  0.0898440     6.9703   237.2657   221.6314    35.2488
  -5095.00   42255.52  0.0897849     6.9767   235.3274   221.7397    35.2885
  -5085.00   42255.23  0.0895056     6.9851   233.5148   221.8262    35.3720
  -5075.00   42255.89  0.0893284     6.9990   231.8058   221.9363    35.4045
  -5065.00   42254.79  0.0893682     7.0072   230.1636   222.0850    35.3619
  -5055.00   42253.75  0.0892257     7.0104   228.5573   222.1283    35.3623
  -5045.00   42255.51  0.0891541     7.0213   226.8466   222.1784    35.3724
  -5035.00   42257.82  0.0892538     7.0382   224.9234   222.3775    35.3072
  -5025.00   42257.91  0.0893250     7.0498   222.9039   222.5055    35.2378
  -5015.00   42257.89  0.0894517     7.0605   220.7304   222.6010    35.2112
  -5005.00   42260.18  0.0895242     7.0815   218.3181   222.8072    35.1955
  -4995.00   42261.33  0.0896504     7.1046   215.8338   223.0175    35.1504
  -4985.00   42259.88  0.0898835     7.1202   213.3531   223.2258    35.1003
  -4975.00   42258.49  0.0898827     7.1371   210.8840   223.4120    35.1347
  -4965.00   42258.87  0.0899143     7.1623   208.5030   223.6115    35.1699
  -4955.00   42258.63  0.0900574     7.1838   206.2573   223.8884    35.1446
  -4945.00   42255.84  0.0899798     7.1956   204.2229   224.0592    35.1763
  -4935.00   42254.52  0.0899117     7.2122   202.3235   224.1921    35.2598
  -4925.00   42255.61  0.0898576     7.2320   200.4887   224.4262    35.2920
  -4915.00   42255.63  0.0897303     7.2438   198.7922   224.5828    35.2943
  -4905.00   42254.27  0.0896528     7.2506   197.1118   224.6689    35.3400
  -4895.00   42254.74  0.0894793     7.2612   195.3211   224.7997    35.3941
  -4885.00   42257.29  0.0893664     7.2751   193.4626   224.9203    35.3831
  -4875.00   42258.24  0.0893946     7.2820   191.4849   225.0305    35.3379
  -4865.00   42257.57  0.0892751     7.2864   189.3425   225.1094    35.3400
  -4855.00   42258.72  0.0892807     7.3010   187.0609   225.2009    35.3297
  -4845.00   42260.95  0.0894398     7.3177   184.6671   225.3869    35.2411
  -4835.00   42260.60  0.0894766     7.3279   182.2714   225.5169    35.1726
  -4825.00   42258.68  0.0896246     7.3427   179.8739   225.6408    35.1600
  -4815.00   42258.60  0.0898161     7.3667   177.4985   225.8832    35.1210
  -4805.00   42259.04  0.0899461     7.3890   175.2977   226.0996    35.0579
  -4795.00   42257.26  0.0901294     7.4056   173.2313   226.3013    35.0366
  -4785.00   42254.75  0.0901953     7.4262   171.2340   226.5481    35.0751
  -4775.00   42254.77  0.0902655     7.4526   169.3757   226.7823    35.0940
  -4765.00   42255.89  0.0903624     7.4720   167.5909   227.0417    35.0769
  -4755.00   42254.67  0.0902203     7.4835   165.7925   227.2537    35.1297
  -4745.00   42254.13  0.0901499     7.5021   163.9411   227.4301    35.2100
  -4735.00   42256.33  0.0901099     7.5206   161.9917   227.6712    35.2190
  -4725.00   42258.35  0.0898654     7.5282   159.9665   227.8368    35.2146
  -4715.00   42258.33  0.0897152     7.5366   157.7747   227.9481    35.2652
  -4705.00   42258.29  0.0895935     7.5496   155.4277   228.1156    35.2884
  -4695.00   42260.43  0.0894470     7.5617   153.0770   228.2445    35.2328
  -4685.00   42261.27  0.0893832     7.5691   150.6834   228.3444    35.1893
  -4675.00   42259.33  0.0892733     7.5778   148.2633   228.4700    35.1830
  -4665.00   42258.06  0.0893184     7.5962   145.9780   228.5866    35.1358
  -4655.00   42258.63  0.0894560     7.6135   143.8317   228.7441    35.0365
  -4645.00   42257.98  0.0894154     7.6249   141.8071   228.8953    34.9804
  -4635.00   42255.49  0.0895600     7.6450   139.9012   229.0417    34.9720
  -4625.00   42254.54  0.0897951     7.6710   138.1029   229.2674    34.9205
  -4615.00   42255.81  0.0898331     7.6903   136.4168   229.4651    34.8561
  -4605.00   42255.89  0.0899254     7.7079   134.6809   229.6556    34.8655
  -4595.00   42254.53  0.0900248     7.7306   132.8381   229.9045    34.9011
  -4585.00   42255.40  0.0900732     7.7540   130.9756   230.1108    34.8922
  -4575.00   42257.96  0.0900809     7.7695   128.9578   230.3180    34.8863
  -4565.00   42258.54  0.0899220     7.7808   126.7069   230.5446    34.9408
  -4555.00   42258.07  0.0898883     7.7993   124.3591   230.7168    34.9887
  -4545.00   42259.41  0.0898738     7.8153   121.9421   230.9085    34.9690
  -4535.00   42261.23  0.0895890     7.8201   119.4654   231.0808    34.9566
  -4525.00   42260.83  0.0894678     7.8305   116.9715   231.2153    34.9918
  -4515.00   42258.62  0.0894667     7.8461   114.5812   231.3774    34.9798
  -4505.00   42258.56  0.0893230     7.8556   112.4223   231.4950    34.8969
  -4495.00   42258.64  0.0892516     7.8641   110.3673   231.6038    34.8599
  -4485.00   42256.54  0.0892401     7.8773   108.4092   231.7684    34.8454
  -4475.00   42254.45  0.0893470     7.8963   106.7076   231.8837    34.7659
  -4465.00   42254.87  0.0894797     7.9127   105.0924   232.0145    34.6731
  -4455.00   42255.97  0.0894554     7.9257   103.4063   232.2105    34.6314
  -4445.00   42255.35  0.0896650     7.9490   101.6912   232.3901    34.6111
  -4435.00   42255.22  0.0899561     7.9754    99.9124   232.5957    34.5493
  -4425.00   42257.55  0.0899559     7.9924    97.9785   232.8167    34.4939
  -4415.00   42259.48  0.0900538     8.0125    95.7771   233.0592    34.5183
  -4405.00   42258.93  0.0902369     8.0383    93.3844   233.3431    34.5453
  -4395.00   42258.95  0.0902481     8.0590    90.9722   233.5639    34.5206
  -4385.00   42260.48  0.0901798     8.0735    88.4103   233.7987    34.5371
  -4375.00   42260.92  0.0900311     8.0872    85.7284   234.1004    34.5970
  -4365.00   42259.12  0.0899808     8.1055    83.2317   234.3054    34.6146
  -4355.00   42258.08  0.0898741     8.1187    80.9140   234.4803    34.5880
  -4345.00   42258.49  0.0895103     8.1225    78.6902   234.6973    34.5784
  -4335.00   42258.15  0.0893744     8.1348    76.6392   234.8750    34.5897
  -4325.00   42255.58  0.0893789     8.1516    74.8443   235.0115    34.5400
  -4315.00   42254.85  0.0891488     8.1591    73.2410   235.1217    34.4404
  -4305.00   42255.82  0.0890453     8.1699    71.6063   235.2518    34.3996
  -4295.00   42255.83  0.0891256     8.1893    69.9139   235.4359    34.3642
  -4285.00   42255.03  0.0892093     8.2089    68.3104   235.5378    34.2576
  -4275.00   42256.07  0.0892765     8.2259    66.5318   235.6566    34.1796
  -4265.00   42258.61  0.0892791     8.2431    64.4298   235.8984    34.1581
  -4255.00   42259.61  0.0895021     8.2687    62.2239   236.0941    34.1249
  -4245.00   42259.31  0.0897229     8.2935    59.9244   236.2608    34.0678
  -4235.00   42260.23  0.0896235     8.3081    57.4418   236.4932    34.0368
  -4225.00   42261.54  0.0896976     8.3285    54.8307   236.7545    34.0635
  -4215.00   42260.51  0.0898963     8.3539    52.2801   237.0078    34.0692
  -4205.00   42258.44  0.0898005     8.3692    49.9364   237.1974    34.0283
  -4195.00   42257.73  0.0896805     8.3817    47.6344   237.4190    34.0445
  -4185.00   42257.83  0.0896219     8.3974    45.3948   237.7240    34.0833
  -4175.00   42256.34  0.0895878     8.4138    43.5030   237.9035    34.0528
  -4165.00   42254.80  0.0894474     8.4248    41.7688   238.0446    34.0168
  -4155.00   42255.12  0.0891322     8.4300    39.9985   238.2803    34.0077
  -4145.00   42256.50  0.0890917     8.4443    38.2946   238.4706    33.9865
  -4135.00   42256.05  0.0891196     8.4609    36.6638   238.5754    33.9164
  -4125.00   42255.93  0.0888600     8.4670    34.9433   238.6957    33.8227
  -4115.00   42257.60  0.0887964     8.4795    32.9799   238.8567    33.7820
  -4105.00   42259.45  0.0889930     8.5021    30.8472   239.0362    33.7280
  -4095.00   42259.53  0.0890608     8.5200    28.7122   239.1385    33.6084
  -4085.00   42259.41  0.0891079     8.5366    26.3691   239.2746    33.5422
  -4075.00   42260.59  0.0892302     8.5584    23.7839   239.5555    33.5275
  -4065.00   42261.26  0.0895188     8.5850    21.3216   239.7702    33.4709
  -4055.00   42259.74  0.0897154     8.6085    18.9601   239.9447    33.4182
  -4045.00   42257.99  0.0896180     8.6244    16.5721   240.2375    33.4129
  -4035.00   42257.71  0.0897415     8.6465    14.2994   240.5500    33.4333
  -4025.00   42257.20  0.0899436     8.6712    12.2573   240.8082    33.4262
  -4015.00   42255.33  0.0897400     8.6833    10.4022   241.0436    33.3928
  -4005.00   42254.24  0.0895570     8.6948     8.5391   241.3183    33.4146
  -3995.00   42255.24  0.0895326     8.7123     6.6666   241.6373    33.4347
  -3985.00   42256.22  0.0894034     8.7254     4.9739   241.8239    33.3723
  -3975.00   42256.11  0.0891553     8.7343     3.1794   241.9849    33.3306
  -3965.00   42256.67  0.0888555     8.7426     1.1203   242.2570    33.3178
  -3955.00   42259.00  0.0888306     8.7584   359.0416   242.4448    33.2539
  -3945.00   42260.17  0.0888051     8.7750   356.9056   242.5385    33.1661
  -3935.00   42259.84  0.0885120     8.7831   354.5856   242.6978    33.0822
  -3925.00   42259.78  0.0884946     8.7996   352.1302   242.8937    33.0323
  -3915.00   42260.75  0.0887187     8.8251   349.7195   243.0477    32.9624
  -3905.00   42260.61  0.0887205     8.8423   347.4609   243.1630    32.8467
  -3895.00   42258.57  0.0887168     8.8592   345.1890   243.3374    32.7983
  -3885.00   42257.33  0.0888944     8.8849   342.9326   243.6168    32.7860
  -3875.00   42257.45  0.0891201     8.9094   340.9922   243.8100    32.7142
  -3865.00   42256.60  0.0892026     8.9289   339.1805   243.9778    32.6660
  -3855.00   42254.76  0.0891013     8.9455   337.2691   244.2956    32.6770
  -3845.00   42254.40  0.0892183     8.9665   335.4554   244.5891    32.6736
  -3835.00   42255.75  0.0893489     8.9875   333.7209   244.7977    32.6429
  -3825.00   42256.41  0.0890857     8.9967   331.8697   245.0453    32.6120
  -3815.00   42256.17  0.0889246     9.0076   329.8192   245.3300    32.6205
  -3805.00   42257.47  0.0889535     9.0258   327.6427   245.6029    32.6086
  -3795.00   42259.93  0.0887821     9.0360   325.4817   245.7746    32.5244
  -3785.00   42260.62  0.0885423     9.0434   323.1346   245.9477    32.4763
  -3775.00   42259.91  0.0883742     9.0560   320.5721   246.2272    32.4558
  -3765.00   42260.28  0.0883778     9.0717   318.1803   246.3955    32.3619
  -3755.00   42260.84  0.0883530     9.0868   315.8907   246.4877    32.2641
  -3745.00   42259.77  0.0881349     9.0974   313.5724   246.6865    32.1964
  -3735.00   42257.35  0.0882114     9.1163   311.4024   246.8932    32.1316
  -3725.00   42256.55  0.0884451     9.1417   309.4636   247.0337    32.0486
  -3715.00   42256.92  0.0884248     9.1578   307.6998   247.1790    31.9435
  -3705.00   42255.50  0.0884818     9.1758   305.9124   247.3991    31.9035
  -3695.00   42254.17  0.0887383     9.2040   304.1049   247.6786    31.8829
  -3685.00   42254.96  0.0889178     9.2266   302.4404   247.8884    31.8038
  -3675.00   42256.57  0.0889612     9.2432   300.6512   248.1060    31.7651
  -3665.00   42256.73  0.0889555     9.2631   298.5320   248.4743    31.7868
  -3655.00   42256.65  0.0890698     9.2837   296.3726   248.7917    31.7672
  -3645.00   42258.63  0.0891037     9.3006   294.1380   249.0300    31.7257
  -3635.00   42260.64  0.0888166     9.3096   291.6421   249.3519    31.7115
  -3625.00   42260.25  0.0886724     9.3212   289.0400   249.6754    31.7078
  -3615.00   42259.55  0.0886519     9.3384   286.4795   249.9447    31.6669
  -3605.00   42260.48  0.0883594     9.3463   284.0540   250.1570    31.5756
  -3595.00   42260.68  0.0880933     9.3533   281.6809   250.3633    31.5203
  -3585.00   42258.62  0.0879957     9.3703   279.3705   250.6300    31.4762
  -3575.00   42256.62  0.0879281     9.3864   277.4136   250.7935    31.3566
  -3565.00   42256.63  0.0878419     9.4002   275.6422   250.9025    31.2493
  -3555.00   42256.51  0.0877080     9.4161   273.8294   251.1288    31.1924
  -3545.00   42254.45  0.0878141     9.4381   272.1670   251.3227    31.1126
  -3535.00   42253.77  0.0879922     9.4625   270.5734   251.4641    31.0217
  -3525.00   42255.71  0.0879189     9.4786   268.8695   251.6608    30.9441
  -3515.00   42256.78  0.0880035     9.4977   266.9877   251.8934    30.9115
  -3505.00   42256.69  0.0882373     9.5251   264.9260   252.1480    30.8819
  -3495.00   42257.58  0.0882796     9.5435   262.7949   252.3727    30.8050
  -3485.00   42260.23  0.0882627     9.5563   260.4479   252.6109    30.7734
  -3475.00   42261.26  0.0883035     9.5768   257.8306   252.9483    30.7835
  -3465.00   42259.80  0.0883572     9.5951   255.2834   253.2296    30.7359
  -3455.00   42259.65  0.0883127     9.6067   252.7921   253.4645    30.6769
  -3445.00   42260.43  0.0880945     9.6168   250.2237   253.7944    30.6625
  -3435.00   42259.26  0.0880137     9.6299   247.8563   254.0767    30.6310
  -3425.00   42256.59  0.0879926     9.6454   245.7212   254.3127    30.5597
  -3415.00   42255.89  0.0877041     9.6526   243.7504   254.5614    30.4733
  -3405.00   42256.62  0.0875203     9.6607   241.9309   254.7740    30.4135
  -3395.00   42255.79  0.0875071     9.6795   240.1834   255.0027    30.3483
  -3385.00   42253.99  0.0874054     9.6945   238.5953   255.1804    30.2209
  -3375.00   42254.96  0.0873290     9.7058   236.9875   255.3239    30.1174
  -3365.00   42257.00  0.0873208     9.7252   235.1474   255.5547    30.0618
  -3355.00   42256.85  0.0874403     9.7483   233.2803   255.7301    29.9668
  -3345.00   42256.52  0.0876036     9.7697   231.2678   255.8888    29.8676
  -3335.00   42258.64  0.0876024     9.7874   228.9557   256.1456    29.8127
  -3325.00   42260.71  0.0877634     9.8088   226.5301   256.3782    29.7771
  -3315.00   42260.45  0.0880108     9.8355   223.9993   256.6290    29.7348
  -3305.00   42259.28  0.0880185     9.8520   221.4366   256.9270    29.6733
  -3295.00   42260.21  0.0880476     9.8641   218.8977   257.2221    29.6536
  -3285.00   42260.59  0.0881325     9.8850   216.3853   257.5651    29.6534
  -3275.00   42257.77  0.0880918     9.9012   214.1161   257.8840    29.5925
  -3265.00   42255.77  0.0879857     9.9082   212.0257   258.1871    29.5325
  -3255.00   42255.93  0.0878186     9.9195   209.9593   258.5588    29.5141
  -3245.00   42255.96  0.0876825     9.9335   208.1432   258.8388    29.4540
  -3235.00   42254.07  0.0875635     9.9457   206.4395   259.0893    29.3548
  -3225.00   42253.92  0.0872743     9.9539   204.6476   259.3970    29.2735
  -3215.00   42256.29  0.0871182     9.9652   202.8801   259.6115    29.2016
  -3205.00   42257.75  0.0870850     9.9856   201.0122   259.8085    29.1090
  -3195.00   42257.02  0.0869168    10.0007   199.0066   260.0235    28.9850
  -3185.00   42258.02  0.0868629    10.0126   196.8618   260.1973    28.8935
  -3175.00   42260.38  0.0869248    10.0355   194.4943   260.4101    28.8357
  -3165.00   42260.67  0.0869537    10.0589   192.1215   260.5828    28.7355
  -3155.00   42258.92  0.0870474    10.0763   189.7006   260.7671    28.6416
  -3145.00   42258.87  0.0871043    10.0953   187.1577   261.0495    28.6051
  -3135.00   42259.88  0.0872261    10.1168   184.8132   261.2540    28.5612
  -3125.00   42258.77  0.0873704    10.1388   182.5885   261.4856    28.4967
  -3115.00   42256.15  0.0873442    10.1528   180.4065   261.8189    28.4479
  -3105.00   42255.76  0.0874052    10.1640   178.4296   262.0946    28.4231
  -3095.00   42256.76  0.0874827    10.1833   176.5481   262.3827    28.3928
  -3085.00   42255.21  0.0873559    10.1963   174.7325   262.7113    28.3178
  -3075.00   42253.77  0.0872797    10.2008   172.9465   263.0173    28.2544
  -3065.00   42254.89  0.0872222    10.2131   171.0322   263.3532    28.2213
  -3055.00   42257.17  0.0870488    10.2274   169.1381   263.6123    28.1362
  -3045.00   42257.04  0.0869068    10.2363   167.1186   263.8715    28.0239
  -3035.00   42257.19  0.0867300    10.2459   164.8293   264.1960    27.9496
  -3025.00   42259.50  0.0866362    10.2598   162.5564   264.3832    27.8682
  -3015.00   42261.41  0.0865817    10.2788   160.2010   264.5647    27.7542
  -3005.00   42260.14  0.0864305    10.2935   157.7093   264.8246    27.6420
  -2995.00   42258.83  0.0864728    10.3068   155.3149   264.9983    27.5598
  -2985.00   42259.33  0.0866080    10.3307   152.9800   265.1751    27.4900
  -2975.00   42259.11  0.0865874    10.3533   150.7767   265.3807    27.3868
  -2965.00   42256.36  0.0867129    10.3684   148.7060   265.5997    27.3025
  -2955.00   42254.90  0.0869059    10.3887   146.6691   265.8836    27.2718
  -2945.00   42255.84  0.0870242    10.4109   144.8726   266.0921    27.2191
  -2935.00   42256.07  0.0871241    10.4284   143.0967   266.3718    27.1448
  -2925.00   42254.62  0.0871688    10.4418   141.1759   266.7676    27.1118
  -2915.00   42254.75  0.0872789    10.4538   139.3405   267.0536    27.0863
  -2905.00   42257.33  0.0873037    10.4702   137.4047   267.3593    27.0304
  -2895.00   42257.90  0.0871178    10.4807   135.2095   267.7805    26.9588
  -2885.00   42257.21  0.0870524    10.4843   132.9372   268.1285    26.8972
  -2875.00   42258.09  0.0870139    10.4972   130.5300   268.4455    26.8441
  -2865.00   42260.47  0.0867158    10.5112   128.0500   268.7593    26.7397
  -2855.00   42260.50  0.0865072    10.5181   125.5272   269.0695    26.6206
  -2845.00   42258.96  0.0864005    10.5301   122.9461   269.3916    26.5442
  -2835.00   42258.96  0.0862607    10.5478   120.6316   269.5520    26.4478
  -2825.00   42259.78  0.0861240    10.5655   118.4346   269.7443    26.3184
  -2815.00   42258.03  0.0860056    10.5812   116.2409   270.0412    26.2199
  -2805.00   42255.42  0.0860917    10.5975   114.3653   270.1782    26.1469
  -2795.00   42255.15  0.0862040    10.6209   112.6428   270.3081    26.0662
  -2785.00   42255.92  0.0861267    10.6411   110.8844   270.5695    25.9709
  -2775.00   42254.85  0.0862610    10.6538   109.1752   270.8051    25.9014
  -2765.00   42254.03  0.0864985    10.6728   107.4011   271.0418    25.8682
  -2755.00   42255.91  0.0865075    10.6927   105.6016   271.2571    25.8022
  -2745.00   42258.20  0.0865353    10.7042   103.5819   271.5715    25.7210
  -2735.00   42258.25  0.0866263    10.7159   101.2647   271.9651    25.6859
  -2725.00   42258.21  0.0867051    10.7286    98.9834   272.1949    25.6437
  -2715.00   42260.32  0.0866501    10.7412    96.5496   272.4853    25.5591
  -2705.00   42261.22  0.0864899    10.7503    93.8384   272.9357    25.4851
  -2695.00   42259.85  0.0864895    10.7554    91.2589   273.2488    25.4211
  -2685.00   42258.43  0.0864677    10.7685    88.8168   273.4911    25.3442
  -2675.00   42258.90  0.0861615    10.7815    86.3975   273.8373    25.2333
  -2665.00   42258.70  0.0860108    10.7873    84.1547   274.1687    25.1185
  -2655.00   42256.27  0.0860241    10.8003    82.0943   274.4387    25.0388
  -2645.00   42255.02  0.0858500    10.8191    80.3387   274.5859    24.9310
  -2635.00   42255.98  0.0857059    10.8338    78.6555   274.8011    24.7970
  -2625.00   42256.06  0.0857026    10.8491    76.8660   275.1151    24.7065
  -2615.00   42254.86  0.0858234    10.8681    75.2887   275.2083    24.6332
  -2605.00   42255.20  0.0859123    10.8897    73.6546   275.3149    24.5398
  -2595.00   42257.49  0.0858932    10.9079    71.6597   275.6340    24.4533
  -2585.00   42258.64  0.0861264    10.9211    69.5643   275.8794    24.3982
  -2575.00   42258.23  0.0864236    10.9399    67.3386   276.0791    24.3600
  -2565.00   42259.19  0.0863993    10.9576    64.9150   276.3628    24.2917
  -2555.00   42261.23  0.0864655    10.9656    62.2945   276.7549    24.2198
  -2545.00   42261.08  0.0866531    10.9761    59.5538   277.1806    24.1861
  -2535.00   42259.36  0.0866512    10.9892    57.0474   277.4411    24.1300
  -2525.00   42258.88  0.0865052    10.9976    54.5858   277.8009    24.0312
  -2515.00   42258.93  0.0863685    11.0051    52.0580   278.3207    23.9533
  -2505.00   42257.65  0.0863492    11.0126    49.9147   278.6278    23.8804
  -2495.00   42255.25  0.0862074    11.0253    48.0456   278.8525    23.7762
  -2485.00   42254.93  0.0858617    11.0377    46.1232   279.2429    23.6595
  -2475.00   42256.02  0.0857461    11.0450    44.3403   279.5725    23.5497
  -2465.00   42255.42  0.0857808    11.0602    42.6792   279.7660    23.4607
  -2455.00   42255.04  0.0855261    11.0797    41.0046   279.9352    23.3481
  -2445.00   42256.58  0.0853750    11.0927    39.1790   280.1733    23.2233
  -2435.00   42258.67  0.0854857    11.1077    37.0888   280.4683    23.1451
  -2425.00   42259.18  0.0855444    11.1281    35.0533   280.5479    23.0715
  -2415.00   42258.96  0.0855389    11.1462    32.8628   280.6717    22.9739
  -2405.00   42260.29  0.0855543    11.1606    30.2839   281.0367    22.8972
  -2395.00   42261.48  0.0857965    11.1737    27.7804   281.2569    22.8473
  -2385.00   42260.29  0.0860176    11.1902    25.3665   281.4147    22.7914
  -2375.00   42258.74  0.0859203    11.2040    22.8670   281.7479    22.7147
  -2365.00   42258.63  0.0860023    11.2097    20.4507   282.1332    22.6441
  -2355.00   42258.35  0.0862432    11.2191    18.1913   282.4878    22.5966
  -2345.00   42256.63  0.0861421    11.2316    16.2092   282.7496    22.5192
  -2335.00   42254.92  0.0859663    11.2372    14.2965   283.1142    22.4119
  -2325.00   42255.25  0.0859276    11.2430    12.2970   283.6078    22.3299
  -2315.00   42256.09  0.0859004    11.2529    10.5791   283.8531    22.2463
  -2305.00   42255.34  0.0857093    11.2640     8.8990   284.0650    22.1266
  -2295.00   42255.45  0.0854110    11.2745     6.9023   284.4739    22.0100
  -2285.00   42257.59  0.0853810    11.2832     4.8940   284.7553    21.9087
  -2275.00   42259.20  0.0854313    11.2988     2.8746   284.8890    21.8089
  -2265.00   42259.48  0.0851828    11.3171     0.6249   285.0967    21.6948
  -2255.00   42259.57  0.0850992    11.3289   358.2266   285.3492    21.5820
  -2245.00   42260.96  0.0853348    11.3440   355.7341   285.5873    21.5083
  -2235.00   42261.39  0.0853812    11.3649   353.3753   285.6864    21.4304
  -2225.00   42259.53  0.0853830    11.3806   351.0453   285.8543    21.3338
  -2215.00   42258.07  0.0855261    11.3926   348.5721   286.2454    21.2676
  -2205.00   42257.98  0.0857905    11.4069   346.4229   286.4494    21.2203
  -2195.00   42257.31  0.0859817    11.4213   344.4858   286.6276    21.1527
  -2185.00   42255.33  0.0859129    11.4313   342.4308   287.0555    21.0764
  -2175.00   42254.49  0.0860379    11.4363   340.4940   287.4602    21.0136
  -2165.00   42255.54  0.0862669    11.4447   338.6706   287.7910    20.9533
  -2155.00   42256.21  0.0860785    11.4549   336.8171   288.1453    20.8612
  -2145.00   42255.52  0.0858798    11.4584   334.8299   288.5763    20.7531
  -2135.00   42256.24  0.0858837    11.4637   332.6365   289.0573    20.6667
  -2125.00   42258.53  0.0857291    11.4754   330.5267   289.3089    20.5677
  -2115.00   42259.60  0.0854601    11.4858   328.3029   289.5558    20.4378
  -2105.00   42259.18  0.0852058    11.4954   325.7273   289.9944    20.3227
  -2095.00   42259.83  0.0851618    11.5076   323.2825   290.2141    20.2265
  -2085.00   42261.19  0.0851516    11.5239   320.9632   290.3117    20.1193
  -2075.00   42261.03  0.0849150    11.5406   318.5260   290.5605    20.0072
  -2065.00   42258.73  0.0848951    11.5524   316.1992   290.8034    19.9128
  -2055.00   42257.77  0.0851390    11.5671   314.0750   290.9774    19.8416
  -2045.00   42257.76  0.0851175    11.5856   312.1407   291.1175    19.7591
  -2035.00   42256.38  0.0851046    11.5974   310.2985   291.3297    19.6668
  -2025.00   42254.22  0.0853064    11.6063   308.3747   291.7025    19.6045
  -2015.00   42254.23  0.0854557    11.6194   306.6803   291.8946    19.5466
  -2005.00   42255.82  0.0855346    11.6301   305.0165   292.0828    19.4626
  -1995.00   42256.02  0.0854944    11.6361   303.0002   292.5360    19.3801
  -1985.00   42255.85  0.0856021    11.6414   300.9607   292.8821    19.3139
  -1975.00   42257.61  0.0857533    11.6492   298.8732   293.1477    19.2352
  -1965.00   42260.03  0.0855502    11.6569   296.5184   293.5270    19.1310
  -1955.00   42260.03  0.0854228    11.6601   294.0022   293.9304    19.0274
  -1945.00   42259.24  0.0854950    11.6657   291.3924   294.3249    18.9376
  -1935.00   42260.04  0.0852951    11.6773   288.8947   294.5846    18.8287
  -1925.00   42260.93  0.0850593    11.6861   286.4599   294.8415    18.6986
  -1915.00   42259.28  0.0849491    11.6943   283.9380   295.2519    18.5884
  -1905.00   42257.44  0.0848871    11.7080   281.7767   295.4334    18.4912
  -1895.00   42257.35  0.0848421    11.7234   279.8895   295.5325    18.3770
  -1885.00   42257.71  0.0846862    11.7371   277.9530   295.8116    18.2654
  -1875.00   42255.51  0.0847474    11.7498   276.1910   296.0116    18.1825
  -1865.00   42254.07  0.0849942    11.7646   274.5756   296.1442    18.1085
  -1855.00   42255.11  0.0849843    11.7804   272.9028   296.3389    18.0228
  -1845.00   42256.23  0.0850603    11.7901   271.1241   296.5773    17.9431
  -1835.00   42255.58  0.0853692    11.7979   269.1190   296.9155    17.8872
  -1825.00   42256.03  0.0854835    11.8094   267.0605   297.1610    17.8249
  -1815.00   42258.77  0.0855409    11.8167   264.8491   297.4294    17.7388
  -1805.00   42260.52  0.0856026    11.8193   262.2469   297.9232    17.6596
  -1795.00   42259.88  0.0856719    11.8247   259.6597   298.2821    17.5898
  -1785.00   42259.70  0.0857188    11.8314   257.1116   298.5909    17.4960
  -1775.00   42261.09  0.0855059    11.8362   254.4306   299.0549    17.3828
  -1765.00   42260.51  0.0853825    11.8402   251.8872   299.4465    17.2805
  -1755.00   42257.76  0.0854054    11.8476   249.5345   299.7880    17.1808
  -1745.00   42256.43  0.0851290    11.8590   247.3799   300.1023    17.0613
  -1735.00   42257.03  0.0848955    11.8676   245.4326   300.3756    16.9358
  -1725.00   42256.18  0.0848603    11.8764   243.5272   300.7137    16.8325
  -1715.00   42254.31  0.0847263    11.8911   241.8592   300.8905    16.7349
  -1705.00   42254.40  0.0846353    11.9049   240.2904   301.0240    16.6224
  -1695.00   42256.74  0.0845623    11.9151   238.4986   301.3192    16.5212
  -1685.00   42256.70  0.0846025    11.9276   236.7092   301.4800    16.4468
  -1675.00   42256.01  0.0847703    11.9406   234.8386   301.6062    16.3690
  -1665.00   42257.66  0.0847410    11.9513   232.6743   301.8708    16.2794
  -1655.00   42260.00  0.0848206    11.9586   230.3666   302.0980    16.2068
  -1645.00   42260.04  0.0850900    11.9652   227.8973   302.3657    16.1452
  -1635.00   42258.98  0.0851140    11.9740   225.3624   302.6424    16.0681
  -1625.00   42259.90  0.0851480    11.9785   222.8296   302.9323    15.9781
  -1615.00   42261.05  0.0852633    11.9796   220.2183   303.3569    15.8964
  -1605.00   42259.12  0.0852634    11.9852   217.8262   303.6715    15.8155
  -1595.00   42256.62  0.0852627    11.9907   215.6315   303.9789    15.7101
  -1585.00   42256.75  0.0851405    11.9931   213.4487   304.4418    15.5948
  -1575.00   42256.80  0.0850377    11.9977   211.5176   304.7656    15.4935
  -1565.00   42254.80  0.0850309    12.0056   209.7422   305.0476    15.3863
  -1555.00   42253.56  0.0847934    12.0146   207.9537   305.3991    15.2615
  -1545.00   42255.30  0.0846355    12.0222   206.2244   305.6586    15.1442
  -1535.00   42256.99  0.0846480    12.0312   204.4010   305.9136    15.0445
  -1525.00   42256.49  0.0844952    12.0451   202.5043   306.1054    14.9434
  -1515.00   42256.84  0.0844468    12.0569   200.4972   306.2702    14.8354
  -1505.00   42259.82  0.0845045    12.0654   198.2164   306.5343    14.7453
  -1495.00   42260.81  0.0845346    12.0777   195.8957   306.6712    14.6746
  -1485.00   42259.49  0.0846863    12.0894   193.5111   306.8142    14.5955
  -1475.00   42259.14  0.0847759    12.0964   190.9431   307.1311    14.5114
  -1465.00   42260.17  0.0849085    12.1026   188.4859   307.3511    14.4476
  -1455.00   42259.76  0.0851551    12.1086   186.1180   307.6009    14.3831
  -1445.00   42256.85  0.0851875    12.1140   183.7967   307.9686    14.2976
  -1435.00   42255.93  0.0852765    12.1159   181.6592   308.3103    14.2114
  -1425.00   42257.00  0.0854242    12.1164   179.6080   308.7183    14.1279
  -1415.00   42255.99  0.0853319    12.1210   177.7034   309.0856    14.0336
  -1405.00   42254.04  0.0852898    12.1248   175.8704   309.4589    13.9211
  -1395.00   42254.64  0.0852338    12.1261   173.9395   309.9355    13.8061
  -1385.00   42256.75  0.0850559    12.1318   172.0800   310.2459    13.7018
  -1375.00   42256.94  0.0849412    12.1404   170.1361   310.5330    13.5878
  -1365.00   42256.28  0.0847347    12.1479   167.9501   310.9260    13.4640
  -1355.00   42258.20  0.0845930    12.1557   165.7482   311.1543    13.3584
  -1345.00   42260.73  0.0845539    12.1659   163.4325   311.3503    13.2637
  -1335.00   42260.23  0.0843529    12.1781   160.9821   311.5848    13.1628
  -1325.00   42258.97  0.0843361    12.1872   158.5581   311.7614    13.0661
  -1315.00   42259.87  0.0844469    12.1943   156.1288   311.9716    12.9863
  -1305.00   42260.27  0.0843862    12.2046   153.8350   312.1179    12.9132
  -1295.00   42258.08  0.0844730    12.2129   151.6617   312.2988    12.8295
  -1285.00   42255.73  0.0846348    12.2161   149.5234   312.6148    12.7468
  -1275.00   42255.90  0.0847190    12.2205   147.6353   312.8043    12.6788
  -1265.00   42256.41  0.0848525    12.2252   145.8368   313.0387    12.6011
  -1255.00   42254.34  0.0848862    12.2271   143.9560   313.4420    12.5052
  -1245.00   42253.75  0.0849894    12.2275   142.1722   313.7408    12.4178
  -1235.00   42256.00  0.0851168    12.2283   140.3210   314.0661    12.3292
  -1225.00   42257.36  0.0849646    12.2317   138.3026   314.4528    12.2236
  -1215.00   42257.03  0.0849479    12.2338   136.1636   314.8135    12.1122
  -1205.00   42257.54  0.0849923    12.2346   133.8406   315.2149    12.0026
  -1195.00   42260.14  0.0847771    12.2403   131.4754   315.4978    11.8960
  -1185.00   42261.01  0.0846401    12.2477   128.9875   315.7973    11.7801
  -1175.00   42259.26  0.0845480    12.2533   126.3715   316.1889    11.6617
  -1165.00   42258.83  0.0844405    12.2608   123.9691   316.3643    11.5625
  -1155.00   42259.86  0.0843719    12.2712   121.6530   316.5325    11.4672
  -1145.00   42258.85  0.0842063    12.2812   119.3526   316.8183    11.3650
  -1135.00   42256.26  0.0842651    12.2887   117.3299   316.9685    11.2780
  -1125.00   42255.55  0.0844342    12.2958   115.4766   317.1060    11.2052
  -1115.00   42256.48  0.0843616    12.3044   113.7036   317.2849    11.1296
  -1105.00   42255.83  0.0845031    12.3095   111.9718   317.5033    11.0500
  -1095.00   42254.07  0.0848002    12.3104   110.1991   317.7940    10.9765
  -1085.00   42254.94  0.0848895    12.3130   108.4696   317.9879    10.9083
  -1075.00   42257.24  0.0850029    12.3152   106.5462   318.2894    10.8249
  -1065.00   42257.24  0.0851252    12.3137   104.3164   318.7722    10.7289
  -1055.00   42256.98  0.0852380    12.3126   102.0807   319.0860    10.6414
  -1045.00   42258.90  0.0852960    12.3136    99.6865   319.4249    10.5462
  -1035.00   42260.89  0.0851011    12.3155    97.0267   319.9232    10.4310
  -1025.00   42260.61  0.0850648    12.3168    94.3888   320.3181    10.3205
  -1015.00   42259.05  0.0850929    12.3192    91.8163   320.6642    10.2145
  -1005.00   42259.62  0.0847694    12.3258    89.3522   320.9728    10.1030
   -995.00   42259.75  0.0845926    12.3325    86.9804   321.2984     9.9896
   -985.00   42257.33  0.0845730    12.3375    84.7362   321.6551     9.8824
   -975.00   42255.26  0.0844119    12.3452    82.8769   321.7753     9.7898
   -965.00   42255.54  0.0842895    12.3543    81.1097   321.9394     9.6962
   -955.00   42255.96  0.0841895    12.3607    79.2752   322.2714     9.5987
   -945.00   42254.75  0.0842589    12.3657    77.6721   322.3885     9.5201
   -935.00   42254.47  0.0843737    12.3713    76.0723   322.4810     9.4480
   -925.00   42256.67  0.0842555    12.3763    74.2435   322.7271     9.3645
   -915.00   42258.34  0.0843976    12.3777    72.2755   322.9647     9.2850
   -905.00   42257.81  0.0846991    12.3772    70.1596   323.1971     9.2127
   -895.00   42258.31  0.0846778    12.3785    67.9380   323.3851     9.1342
   -885.00   42260.32  0.0847476    12.3783    65.4555   323.7060     9.0437
   -875.00   42260.96  0.0849414    12.3752    62.7537   324.1748     8.9485
   -865.00   42259.55  0.0850157    12.3739    60.2421   324.4287     8.8585
   -855.00   42258.96  0.0850079    12.3748    57.7412   324.7382     8.7573
   -845.00   42259.58  0.0848703    12.3749    55.1509   325.2654     8.6394
   -835.00   42259.08  0.0848792    12.3752    52.8523   325.6254     8.5318
   -825.00   42256.42  0.0848926    12.3782    50.8172   325.8888     8.4278
   -815.00   42255.53  0.0845454    12.3837    48.8828   326.2172     8.3113
   -805.00   42256.09  0.0844088    12.3884    47.0445   326.5364     8.2008
   -795.00   42255.71  0.0844846    12.3928    45.2872   326.8221     8.1029
   -785.00   42254.55  0.0842770    12.4003    43.7177   326.9122     8.0107
   -775.00   42255.37  0.0841582    12.4075    41.9960   327.0742     7.9191
   -765.00   42257.74  0.0842038    12.4115    39.9862   327.4041     7.8313
   -755.00   42258.66  0.0843174    12.4153    38.0589   327.4785     7.7612
   -745.00   42258.54  0.0844227    12.4197    35.9668   327.5574     7.6923
   -735.00   42259.81  0.0843848    12.4214    33.5190   327.8724     7.6106
   -725.00   42261.50  0.0846228    12.4200    31.0174   328.1273     7.5386
   -715.00   42260.91  0.0849670    12.4185    28.5211   328.3425     7.4706
   -705.00   42259.22  0.0849075    12.4180    26.0267   328.6154     7.3848
   -695.00   42258.83  0.0850011    12.4149    23.5079   329.0058     7.2921
   -685.00   42259.01  0.0852816    12.4107    21.0445   329.4859     7.1993
   -675.00   42257.47  0.0852753    12.4097    18.9444   329.7662     7.1025
   -665.00   42255.62  0.0851822    12.4098    16.9156   330.1326     6.9942
   -655.00   42255.53  0.0850820    12.4088    14.8222   330.7020     6.8767
   -645.00   42256.50  0.0850675    12.4096    13.0166   331.0327     6.7720
   -635.00   42255.62  0.0849685    12.4136    11.3006   331.2739     6.6692
   -625.00   42255.11  0.0845809    12.4181     9.4176   331.6513     6.5537
   -615.00   42256.54  0.0844545    12.4212     7.4725   331.9579     6.4524
   -605.00   42258.47  0.0845339    12.4255     5.4693   332.1580     6.3672
   -595.00   42258.75  0.0842547    12.4319     3.4082   332.2709     6.2769
   -585.00   42258.92  0.0841163    12.4358     1.1147   332.4583     6.1898
   -575.00   42260.52  0.0842590    12.4369   358.6011   332.7546     6.1133
   -565.00   42261.76  0.0843306    12.4394   356.2750   332.8117     6.0442
   -555.00   42260.55  0.0843632    12.4413   353.9145   332.9172     5.9703
   -545.00   42258.94  0.0843654    12.4394   351.3946   333.2838     5.8870
   -535.00   42258.75  0.0845903    12.4363   349.1346   333.5118     5.8139
   -525.00   42258.25  0.0848536    12.4343   347.0793   333.6849     5.7398
   -515.00   42256.18  0.0847380    12.4320   345.0545   334.0121     5.6438
   -505.00   42254.66  0.0848144    12.4270   343.1004   334.3909     5.5486
   -495.00   42255.28  0.0851024    12.4227   341.2201   334.7745     5.4582
   -485.00   42256.11  0.0850159    12.4218   339.4969   335.0387     5.3548
   -475.00   42255.52  0.0849017    12.4202   337.6281   335.4003     5.2445
   -465.00   42255.68  0.0848956    12.4176   335.5046   335.9279     5.1344
   -455.00   42258.00  0.0848655    12.4186   333.5012   336.1907     5.0327
   -445.00   42259.25  0.0847400    12.4218   331.3595   336.4163     4.9305
   -435.00   42259.03  0.0844306    12.4242   328.9018   336.8277     4.8189
   -425.00   42259.17  0.0843640    12.4262   326.4517   337.0969     4.7263
   -415.00   42260.67  0.0844338    12.4305   324.0501   337.2309     4.6481
   -405.00   42261.09  0.0841724    12.4358   321.6604   337.3789     4.5581
   -395.00   42259.26  0.0840965    12.4372   319.2712   337.5789     4.4771
   -385.00   42258.10  0.0843313    12.4372   316.9637   337.8033     4.4141
   -375.00   42258.44  0.0843941    12.4391   314.9991   337.8554     4.3461
   -365.00   42257.45  0.0844534    12.4382   313.0947   337.9952     4.2720
   -355.00   42255.13  0.0846120    12.4330   311.0790   338.3877     4.1977
   -345.00   42254.32  0.0848649    12.4286   309.3317   338.6135     4.1271
   -335.00   42255.39  0.0850878    12.4251   307.6352   338.8190     4.0482
   -325.00   42255.72  0.0850304    12.4198   305.6998   339.2593     3.9486
   -315.00   42255.02  0.0851363    12.4131   303.6884   339.6849     3.8539
   -305.00   42256.16  0.0853648    12.4090   301.5944   340.0552     3.7634
   -295.00   42258.93  0.0851845    12.4082   299.3919   340.4039     3.6525
   -285.00   42259.71  0.0850379    12.4058   296.9584   340.8134     3.5419
   -275.00   42259.14  0.0850640    12.4035   294.3144   341.2997     3.4426
   -265.00   42260.07  0.0849210    12.4062   291.8461   341.5477     3.3433
   -255.00   42261.15  0.0847321    12.4090   289.3623   341.7780     3.2441
   -245.00   42260.35  0.0845143    12.4097   286.7581   342.1893     3.1446
   -235.00   42257.94  0.0844518    12.4114   284.4548   342.4051     3.0632
   -225.00   42257.35  0.0844520    12.4146   282.3821   342.5178     2.9898
   -215.00   42257.82  0.0842050    12.4169   280.4010   342.7253     2.9006
   -205.00   42255.98  0.0841759    12.4151   278.5504   342.9300     2.8249
   -195.00   42254.16  0.0843832    12.4133   276.8112   343.1073     2.7663
   -185.00   42254.79  0.0843456    12.4136   275.2335   343.2107     2.6901
   -175.00   42256.13  0.0843629    12.4095   273.5552   343.3921     2.6091
   -165.00   42255.80  0.0845732    12.4022   271.6172   343.7428     2.5394
   -155.00   42255.46  0.0847310    12.3978   269.7311   343.9436     2.4642
   -145.00   42257.61  0.0848476    12.3933   267.6798   344.1547     2.3768
   -135.00   42259.84  0.0848492    12.3857   265.2386   344.6022     2.2791
   -125.00   42259.41  0.0849614    12.3789   262.7455   344.9641     2.1879
   -115.00   42259.02  0.0851219    12.3752   260.2031   345.2771     2.0970
   -105.00   42260.61  0.0849346    12.3732   257.5870   345.6647     1.9834
    -95.00   42261.08  0.0848338    12.3693   255.0005   346.0456     1.8757
    -85.00   42259.03  0.0849002    12.3671   252.4824   346.4351     1.7852
    -75.00   42257.24  0.0847062    12.3701   250.2690   346.6917     1.6842
    -65.00   42257.44  0.0845207    12.3716   248.2205   346.9295     1.5834
    -55.00   42257.18  0.0844258    12.3705   246.1856   347.2875     1.4963
    -45.00   42254.59  0.0843562    12.3728   244.4693   347.4484     1.4214
    -35.00   42253.71  0.0843387    12.3749   242.8579   347.5557     1.3494
    -25.00   42255.57  0.0841921    12.3741   241.1303   347.8001     1.2674
    -15.00   42256.10  0.0842448    12.3708   239.4157   347.9561     1.2034
     -5.00   42255.59  0.0844667    12.3676   237.5811   348.0939     1.1518
      5.00   42256.59  0.0844527    12.3653   235.5982   348.2769     1.0751
     15.00   42259.46  0.0845521    12.3579   233.4075   348.5013     0.9970
     25.00   42260.46  0.0848401    12.3488   230.9476   348.8154     0.9360
     35.00   42259.19  0.0849608    12.3441   228.4827   349.0676     0.8574
     45.00   42259.74  0.0850583    12.3378   225.9335   349.3704     0.7610
     55.00   42261.06  0.0851556    12.3285   223.2112   349.8516     0.6687
     65.00   42259.84  0.0852230    12.3228   220.7080   350.2066     0.5790
     75.00   42257.25  0.0852865    12.3202   218.3521   350.5485     0.4821
     85.00   42256.88  0.0851170    12.3170   216.0426   351.0233     0.3692
     95.00   42257.49  0.0850113    12.3133   213.9874   351.3892     0.2685
    105.00   42256.07  0.0850093    12.3124   212.0727   351.7121     0.1862
    115.00   42254.00  0.0847519    12.3152   210.2851   352.0222     0.0869
    125.00   42254.94  0.0845681    12.3147   208.5635   352.2827   359.9899
    135.00   42256.66  0.0845214    12.3121   206.7332   352.5692   359.9199
    145.00   42255.97  0.0843723    12.3141   204.9529   352.7183   359.8507
    155.00   42255.65  0.0843121    12.3141   203.0429   352.8565   359.7754
    165.00   42258.13  0.0842549    12.3091   200.8396   353.1254   359.7032
    175.00   42260.18  0.0842662    12.3047   198.6278   353.2446   359.6450
    185.00   42259.86  0.0843968    12.3007   196.2729   353.3710   359.5891
    195.00   42259.22  0.0843783    12.2953   193.7586   353.6345   359.5075
    205.00   42260.71  0.0844821    12.2862   191.3014   353.8476   359.4296
    215.00   42261.13  0.0847062    12.2772   188.8446   354.0907   359.3692
    225.00   42258.25  0.0847274    12.2725   186.5130   354.3702   359.2830
    235.00   42256.52  0.0848228    12.2647   184.3225   354.6856   359.1796
    245.00   42256.79  0.0849742    12.2546   182.1640   355.0937   359.0943
    255.00   42256.41  0.0849581    12.2502   180.2597   355.3969   359.0059
    265.00   42254.13  0.0849758    12.2474   178.4292   355.7303   358.9021
    275.00   42253.96  0.0849138    12.2418   176.4982   356.2010   358.7960
    285.00   42256.19  0.0848270    12.2380   174.7053   356.5025   358.7040
    295.00   42257.17  0.0847732    12.2378   172.8277   356.7725   358.6242
    305.00   42256.25  0.0845519    12.2387   170.7560   357.1277   358.5270
    315.00   42257.51  0.0844438    12.2363   168.6450   357.3696   358.4372
    325.00   42260.03  0.0844251    12.2336   166.3662   357.5745   358.3805
    335.00   42260.19  0.0842273    12.2354   164.0112   357.7413   358.3159
    345.00   42258.73  0.0842056    12.2334   161.6036   357.8978   358.2404
    355.00   42259.26  0.0842824    12.2258   159.0917   358.1223   358.1847
    365.00   42260.51  0.0842788    12.2214   156.7736   358.2120   358.1356
    375.00   42259.36  0.0843904    12.2167   154.5088   358.3560   358.0757
    385.00   42256.88  0.0845093    12.2071   152.2425   358.6705   357.9995
    395.00   42256.76  0.0846910    12.1964   150.2623   358.8724   357.9274
    405.00   42257.51  0.0848942    12.1878   148.3588   359.1112   357.8649
    415.00   42255.46  0.0849256    12.1811   146.4357   359.5045   357.7721
    425.00   42253.87  0.0850822    12.1716   144.6206   359.8704   357.6654
    435.00   42254.88  0.0852560    12.1618   142.7325     0.2555   357.5849
    445.00   42256.72  0.0851311    12.1590   140.7966     0.6262   357.4957
    455.00   42256.22  0.0850972    12.1565   138.7295     1.0258   357.3856
    465.00   42256.53  0.0850915    12.1499   136.4277     1.4846   357.2924
    475.00   42259.15  0.0849259    12.1477   134.1562     1.7561   357.2142
    485.00   42261.07  0.0847579    12.1491   131.7263     2.0350   357.1362
    495.00   42259.95  0.0845742    12.1471   129.0992     2.4255   357.0493
    505.00   42259.22  0.0844872    12.1431   126.6508     2.6197   356.9739
    515.00   42260.09  0.0844141    12.1406   124.2493     2.7661   356.9258
    525.00   42259.74  0.0841718    12.1403   121.8662     3.0057   356.8610
    535.00   42256.98  0.0841728    12.1351   119.7115     3.1830   356.7831
    545.00   42255.61  0.0842825    12.1257   117.6925     3.3490   356.7345
    555.00   42256.41  0.0841792    12.1212   115.8919     3.4597   356.6831
    565.00   42256.22  0.0842230    12.1157   114.1374     3.6561   356.6077
    575.00   42254.48  0.0843924    12.1033   112.3350     3.9559   356.5354
    585.00   42254.59  0.0845180    12.0928   110.7111     4.0990   356.4672
    595.00   42256.93  0.0846082    12.0859   108.9387     4.3185   356.3962
    605.00   42257.24  0.0846603    12.0769   106.8524     4.7462   356.3033
    615.00   42256.62  0.0848400    12.0662   104.7675     5.0546   356.2020
    625.00   42257.70  0.0849807    12.0576   102.5074     5.3418   356.1270
    635.00   42260.19  0.0848193    12.0548    99.9809     5.7571   356.0378
    645.00   42260.30  0.0848183    12.0509    97.3834     6.1688   355.9257
    655.00   42259.13  0.0848831    12.0435    94.7351     6.5484   355.8440
    665.00   42259.48  0.0846587    12.0426    92.2450     6.7940   355.7750
    675.00   42260.36  0.0844633    12.0446    89.7874     7.1019   355.6911
    685.00   42258.62  0.0843751    12.0404    87.3729     7.4799   355.6148
    695.00   42256.13  0.0842944    12.0359    85.3875     7.5940   355.5559
    705.00   42255.79  0.0841744    12.0348    83.5556     7.6913   355.5109
    715.00   42256.24  0.0840046    12.0319    81.6684     7.9730   355.4504
    725.00   42254.92  0.0840941    12.0236    80.0224     8.1156   355.3822
    735.00   42253.96  0.0842514    12.0134    78.4240     8.1941   355.3442
    745.00   42255.54  0.0841582    12.0077    76.7153     8.3533   355.2941
    755.00   42257.55  0.0842899    11.9994    74.8368     8.6124   355.2112
    765.00   42257.49  0.0845779    11.9845    72.7557     8.9005   355.1466
    775.00   42257.62  0.0846783    11.9742    70.6648     9.0568   355.0841
    785.00   42259.85  0.0847385    11.9684    68.2844     9.3677   354.9993
    795.00   42260.90  0.0848797    11.9576    65.5793     9.8691   354.9093
    805.00   42259.94  0.0850551    11.9472    63.0269    10.1821   354.8172
    815.00   42258.92  0.0850794    11.9421    60.4897    10.4659   354.7430
    825.00   42259.54  0.0849164    11.9392    57.7943    10.9761   354.6555
    835.00   42259.40  0.0849309    11.9347    55.3317    11.4114   354.5490
    845.00   42257.06  0.0849626    11.9284    53.1171    11.7086   354.4820
    855.00   42255.67  0.0846351    11.9285    51.0777    11.9863   354.4220
    865.00   42256.23  0.0844269    11.9295    49.1436    12.3296   354.3350
    875.00   42255.98  0.0844088    11.9227    47.2739    12.6636   354.2705
    885.00   42254.64  0.0842446    11.9178    45.6969    12.7349   354.2273
    895.00   42254.68  0.0840373    11.9168    44.0610    12.8478   354.1761
    905.00   42256.66  0.0839401    11.9103    42.1245    13.1647   354.1154
    915.00   42257.89  0.0840360    11.8996    40.2751    13.2749   354.0557
    925.00   42257.70  0.0841041    11.8902    38.3226    13.3062   354.0179
    935.00   42258.75  0.0839771    11.8834    36.0228    13.5406   353.9613
    945.00   42260.96  0.0841335    11.8731    33.5937    13.8163   353.8732
    955.00   42261.20  0.0844269    11.8582    31.0967    14.0420   353.8126
    965.00   42259.89  0.0844081    11.8495    28.6544    14.2085   353.7533
    975.00   42259.45  0.0844321    11.8440    26.1349    14.5498   353.6566
    985.00   42259.54  0.0846330    11.8323    23.5702    15.0171   353.5693
    995.00   42258.51  0.0847629    11.8225    21.3875    15.2605   353.4907
   1005.00   42256.08  0.0846927    11.8200    19.3431    15.5286   353.4117
   1015.00   42255.41  0.0845867    11.8157    17.1877    16.0397   353.3254
   1025.00   42256.19  0.0846533    11.8096    15.3062    16.4131   353.2285
   1035.00   42255.58  0.0846424    11.8050    13.6003    16.6183   353.1707
   1045.00   42254.90  0.0843091    11.8048    11.7596    16.9331   353.1151
   1055.00   42255.94  0.0841555    11.8038     9.8696    17.2712   353.0287
   1065.00   42257.91  0.0842150    11.7958     7.9068    17.5123   352.9773
   1075.00   42258.63  0.0840000    11.7913     5.9467    17.5740   352.9503
   1085.00   42258.48  0.0837941    11.7899     3.7877    17.7123   352.8964
   1095.00   42259.79  0.0838285    11.7802     1.3197    18.0086   352.8416
   1105.00   42261.42  0.0839597    11.7680   359.0026    18.0599   352.8008
   1115.00   42260.83  0.0840157    11.7597   356.6779    18.0863   352.7636
   1125.00   42259.46  0.0839975    11.7505   354.1192    18.3952   352.7031
   1135.00   42259.35  0.0842585    11.7374   351.7309    18.6730   352.6180
   1145.00   42259.26  0.0845928    11.7232   349.5340    18.8669   352.5602
   1155.00   42257.63  0.0845645    11.7157   347.4094    19.1471   352.4975
   1165.00   42255.54  0.0846268    11.7095   345.3432    19.5760   352.3904
   1175.00   42255.34  0.0848777    11.6976   343.3220    20.0437   352.3041
   1185.00   42256.04  0.0848981    11.6905   341.5588    20.3061   352.2390
   1195.00   42255.14  0.0847451    11.6906   339.7406    20.6495   352.1547
   1205.00   42254.83  0.0846560    11.6856   337.6507    21.1852   352.0727
   1215.00   42256.70  0.0846703    11.6789   335.6879    21.4952   351.9976
   1225.00   42258.55  0.0845437    11.6771   333.6871    21.6674   351.9497
   1235.00   42259.03  0.0842276    11.6757   331.3212    22.0259   351.8999
   1245.00   42259.13  0.0841107    11.6712   328.8988    22.3455   351.8220
   1255.00   42260.79  0.0841556    11.6626   326.5013    22.4973   351.7825
   1265.00   42261.69  0.0839037    11.6580   324.0649    22.6128   351.7601
   1275.00   42260.19  0.0837187    11.6547   321.6231    22.8080   351.6968
   1285.00   42258.68  0.0838142    11.6425   319.1756    23.0818   351.6402
   1295.00   42258.72  0.0838465    11.6307   317.0755    23.1225   351.6083
   1305.00   42258.24  0.0838203    11.6243   315.1299    23.1863   351.5598
   1315.00   42256.09  0.0838436    11.6140   313.0629    23.5308   351.4904
   1325.00   42254.79  0.0840600    11.5994   311.2700    23.7527   351.4139
   1335.00   42255.58  0.0842807    11.5879   309.6312    23.8827   351.3571
   1345.00   42256.10  0.0842400    11.5811   307.8084    24.2069   351.2901
   1355.00   42255.05  0.0843335    11.5729   305.9092    24.6146   351.1830
   1365.00   42255.35  0.0845862    11.5609   303.9167    24.9877   351.1025
   1375.00   42257.66  0.0845236    11.5557   301.8606    25.2547   351.0466
   1385.00   42258.90  0.0843931    11.5559   299.5865    25.6160   350.9573
   1395.00   42258.55  0.0843902    11.5497   296.9980    26.1183   350.8764
   1405.00   42259.34  0.0843476    11.5432   294.5417    26.3602   350.8236
   1415.00   42261.14  0.0841721    11.5440   292.0973    26.5264   350.7781
   1425.00   42261.35  0.0839400    11.5421   289.4419    26.8864   350.7299
   1435.00   42259.16  0.0838784    11.5348   286.9988    27.1345   350.6703
   1445.00   42258.34  0.0838847    11.5273   284.8322    27.2083   350.6438
   1455.00   42258.39  0.0836785    11.5226   282.7206    27.3522   350.6258
   1465.00   42256.98  0.0836036    11.5161   280.7766    27.5396   350.5638
   1475.00   42254.45  0.0837970    11.5016   278.9499    27.7379   350.5141
   1485.00   42254.20  0.0838175    11.4897   277.3168    27.8070   350.4912
   1495.00   42255.59  0.0838400    11.4831   275.7022    27.9342   350.4322
   1505.00   42255.41  0.0840176    11.4705   273.8182    28.3054   350.3539
   1515.00   42254.91  0.0842356    11.4552   271.9938    28.5255   350.2903
   1525.00   42256.63  0.0843974    11.4468   270.0794    28.7094   350.2303
   1535.00   42259.08  0.0844231    11.4410   267.7595    29.1336   350.1537
   1545.00   42259.15  0.0845555    11.4317   265.3220    29.5469   350.0556
   1555.00   42258.58  0.0847482    11.4221   262.8122    29.8862   349.9867
   1565.00   42259.86  0.0846250    11.4198   260.1791    30.2414   349.9369
   1575.00   42261.11  0.0845059    11.4199   257.5396    30.6314   349.8499
   1585.00   42259.59  0.0845406    11.4128   254.8854    31.0709   349.7776
   1595.00   42257.96  0.0843879    11.4076   252.5138    31.3055   349.7478
   1605.00   42258.08  0.0841674    11.4094   250.3485    31.5103   349.7021
   1615.00   42258.31  0.0840073    11.4058   248.1768    31.8705   349.6472
   1625.00   42255.77  0.0839228    11.3959   246.3203    32.0533   349.6086
   1635.00   42254.15  0.0838495    11.3895   244.6823    32.1284   349.5847
   1645.00   42254.98  0.0836714    11.3847   242.9467    32.3376   349.5552
   1655.00   42255.77  0.0836290    11.3746   241.2651    32.5131   349.4943
   1665.00   42254.73  0.0837776    11.3598   239.5421    32.6520   349.4481
   1675.00   42255.20  0.0837347    11.3495   237.6743    32.7825   349.4238
   1685.00   42258.03  0.0837429    11.3426   235.6605    32.9553   349.3541
   1695.00   42259.67  0.0839454    11.3289   233.3484    33.2694   349.2712
   1705.00   42259.15  0.0840621    11.3149   230.9908    33.4585   349.2221
   1715.00   42259.41  0.0841505    11.3092   228.5531    33.6639   349.1587
   1725.00   42261.15  0.0842315    11.3036   225.8749    34.0853   349.0709
   1735.00   42260.63  0.0843433    11.2931   223.3239    34.4088   348.9895
   1745.00   42258.04  0.0844630    11.2860   220.9124    34.6847   348.9302
   1755.00   42257.03  0.0843749    11.2856   218.5133    35.0733   348.8765
   1765.00   42257.67  0.0843109    11.2837   216.3404    35.4271   348.7934
   1775.00   42256.51  0.0843510    11.2763   214.3232    35.7563   348.7324
   1785.00   42254.47  0.0841700    11.2729   212.4647    36.0001   348.7154
   1795.00   42254.54  0.0839918    11.2744   210.7329    36.2266   348.6687
   1805.00   42256.57  0.0839247    11.2685   208.9268    36.5294   348.6128
   1815.00   42256.01  0.0838083    11.2579   207.2001    36.6492   348.5996
   1825.00   42255.22  0.0837279    11.2524   205.4280    36.7262   348.5822
   1835.00   42256.99  0.0836719    11.2464   203.3627    36.9570   348.5420
   1845.00   42259.25  0.0836892    11.2326   201.2465    37.0758   348.4972
   1855.00   42259.17  0.0838301    11.2179   199.0148    37.1689   348.4607
   1865.00   42258.59  0.0838666    11.2089   196.5527    37.3713   348.4297
   1875.00   42260.12  0.0839841    11.1997   194.0782    37.5852   348.3540
   1885.00   42261.37  0.0842374    11.1852   191.5658    37.8644   348.2710
   1895.00   42259.52  0.0843314    11.1740   189.1232    38.1104   348.2286
   1905.00   42257.42  0.0844495    11.1707   186.8037    38.4071   348.1574
   1915.00   42257.76  0.0846164    11.1653   184.5114    38.8558   348.0591
   1925.00   42257.39  0.0846615    11.1560   182.4675    39.1686   347.9974
   1935.00   42254.97  0.0846908    11.1528   180.5646    39.4697   347.9494
   1945.00   42253.74  0.0846500    11.1540   178.6042    39.9146   347.8901
   1955.00   42255.31  0.0845825    11.1498   176.7958    40.2375   347.8222
   1965.00   42256.40  0.0845319    11.1427   174.9827    40.5025   347.7809
   1975.00   42255.70  0.0843285    11.1406   173.0086    40.7906   347.7700
   1985.00   42256.35  0.0841941    11.1396   170.9858    41.0341   347.7218
   1995.00   42259.45  0.0841457    11.1306   168.8096    41.2765   347.6681
   2005.00   42260.25  0.0839524    11.1204   166.5279    41.4081   347.6659
   2015.00   42259.16  0.0838506    11.1156   164.1659    41.5365   347.6430
   2025.00   42259.44  0.0838709    11.1082   161.6590    41.7798   347.5838
   2035.00   42260.68  0.0838244    11.0936   159.2678    41.8746   347.5488
   2045.00   42260.06  0.0838481    11.0814   156.9543    41.9701   347.5166
   2055.00   42257.41  0.0839078    11.0748   154.6143    42.2221   347.4687
   2065.00   42256.82  0.0840263    11.0638   152.5255    42.4017   347.3946
   2075.00   42257.67  0.0841983    11.0498   150.5837    42.6045   347.3191
   2085.00   42256.26  0.0842348    11.0419   148.6709    42.8688   347.2785
   2095.00   42254.21  0.0843796    11.0384   146.8692    43.1570   347.2022
   2105.00   42254.87  0.0845908    11.0314   145.0586    43.5237   347.1010
   2115.00   42256.52  0.0845700    11.0233   143.2460    43.8006   347.0541
   2125.00   42256.28  0.0845756    11.0225   141.3187    44.1076   347.0108
   2135.00   42255.80  0.0846359    11.0235   139.1646    44.5358   346.9411
   2145.00   42257.91  0.0845658    11.0176   137.0037    44.7928   346.8903
   2155.00   42260.27  0.0844476    11.0123   134.6921    45.0215   346.8684
   2165.00   42259.84  0.0842886    11.0121   132.1412    45.3381   346.8576
   2175.00   42259.13  0.0842160    11.0081   129.6668    45.5345   346.8165
   2185.00   42260.50  0.0841638    10.9973   127.2305    45.6855   346.7788
   2195.00   42260.82  0.0839543    10.9880   124.7947    45.8265   346.7872
   2205.00   42258.67  0.0839225    10.9825   122.5111    45.9652   346.7614
   2215.00   42256.76  0.0840616    10.9717   120.3849    46.1438   346.6944
   2225.00   42256.91  0.0840317    10.9562   118.4729    46.2176   346.6677
   2235.00   42256.90  0.0840790    10.9461   116.6571    46.3551   346.6355
   2245.00   42254.59  0.0842935    10.9399   114.8238    46.6518   346.5645
   2255.00   42254.03  0.0844709    10.9275   113.1660    46.8215   346.4939
   2265.00   42255.94  0.0846218    10.9154   111.4645    47.0356   346.4281
   2275.00   42256.74  0.0847032    10.9120   109.5014    47.4078   346.3800
   2285.00   42256.30  0.0848911    10.9083   107.4931    47.7259   346.3046
   2295.00   42257.17  0.0850883    10.9009   105.3516    48.0557   346.2146
   2305.00   42259.76  0.0849902    10.8960   102.9818    48.3850   346.1843
   2315.00   42260.57  0.0849816    10.8971   100.4434    48.7455   346.1468
   2325.00   42259.33  0.0850834    10.8966    97.8089    49.1482   346.0756
   2335.00   42259.51  0.0849333    10.8895    95.2835    49.3705   346.0443
   2345.00   42260.63  0.0847466    10.8857    92.7481    49.6198   346.0361
   2355.00   42259.52  0.0846461    10.8860    90.2053    49.9801   346.0126
   2365.00   42257.13  0.0845642    10.8787    88.0262    50.1331   345.9746
   2375.00   42256.50  0.0844415    10.8671    86.0570    50.2430   345.9469
   2385.00   42256.95  0.0842194    10.8601    84.1029    50.4499   345.9476
   2395.00   42255.85  0.0842142    10.8536    82.3550    50.6043   345.9095
   2405.00   42254.09  0.0843332    10.8408    80.7593    50.7212   345.8390
   2415.00   42254.77  0.0842197    10.8266    79.1561    50.8008   345.8143
   2425.00   42256.65  0.0842477    10.8190    77.4102    50.9780   345.7774
   2435.00   42256.53  0.0845059    10.8124    75.5013    51.2546   345.6910
   2445.00   42256.53  0.0846151    10.7995    73.5769    51.3724   345.6266
   2455.00   42258.57  0.0846836    10.7898    71.4142    51.5695   345.5741
   2465.00   42260.52  0.0848188    10.7891    68.8898    51.9769   345.5138
   2475.00   42260.44  0.0850067    10.7844    66.3916    52.2498   345.4419
   2485.00   42259.45  0.0851421    10.7765    63.8907    52.4971   345.3685
   2495.00   42260.22  0.0850280    10.7750    61.2469    52.8531   345.3432
   2505.00   42260.30  0.0850606    10.7764    58.6870    53.2056   345.3058
   2515.00   42258.14  0.0851942    10.7738    56.3254    53.5302   345.2391
   2525.00   42256.20  0.0849745    10.7671    54.2161    53.7134   345.2241
   2535.00   42256.25  0.0847972    10.7649    52.1850    53.9586   345.2252
   2545.00   42256.27  0.0848034    10.7642    50.2233    54.2955   345.1930
   2555.00   42254.83  0.0847051    10.7541    48.5979    54.3743   345.1649
   2565.00   42254.35  0.0845471    10.7421    47.0053    54.4394   345.1553
   2575.00   42256.05  0.0844228    10.7362    45.1969    54.6741   345.1469
   2585.00   42257.34  0.0845056    10.7270    43.4314    54.7931   345.1020
   2595.00   42256.98  0.0846434    10.7116    41.6181    54.8495   345.0394
   2605.00   42257.60  0.0845539    10.6992    39.5415    54.9713   345.0145
   2615.00   42259.72  0.0847009    10.6929    37.2258    55.1932   344.9660
   2625.00   42260.64  0.0850744    10.6853    34.7829    55.4693   344.8703
   2635.00   42259.76  0.0851670    10.6735    32.3659    55.6141   344.8107
   2645.00   42259.56  0.0852448    10.6681    29.8130    55.8856   344.7675
   2655.00   42260.26  0.0854863    10.6697    27.1525    56.3568   344.6954
   2665.00   42259.75  0.0856645    10.6652    24.7843    56.6398   344.6283
   2675.00   42257.28  0.0856931    10.6589    22.5972    56.8892   344.5822
   2685.00   42256.16  0.0855728    10.6606    20.3775    57.3119   344.5593
   2695.00   42256.22  0.0856012    10.6612    18.3736    57.6591   344.5216
   2705.00   42255.61  0.0856793    10.6559    16.5817    57.9158   344.4694
   2715.00   42254.22  0.0853671    10.6497    14.8398    58.1213   344.4653
   2725.00   42254.70  0.0851900    10.6475    13.0162    58.3773   344.4629
   2735.00   42256.73  0.0852578    10.6442    11.1113    58.6761   344.4180
   2745.00   42257.68  0.0850920    10.6323     9.2912    58.7392   344.3914
   2755.00   42257.73  0.0848844    10.6217     7.2651    58.8332   344.3876
   2765.00   42259.09  0.0848300    10.6172     4.9231    59.1118   344.3589
   2775.00   42260.98  0.0848975    10.6068     2.6385    59.2162   344.3038
   2785.00   42260.93  0.0849488    10.5919     0.3373    59.2553   344.2539
   2795.00   42259.66  0.0848305    10.5831   357.8539    59.4416   344.2247
   2805.00   42259.49  0.0849762    10.5776   355.4104    59.6563   344.1652
   2815.00   42259.81  0.0853245    10.5688   353.1205    59.8632   344.0717
   2825.00   42258.50  0.0853302    10.5587   351.0007    60.0059   344.0191
   2835.00   42256.48  0.0853976    10.5558   348.8984    60.2791   343.9768
   2845.00   42256.00  0.0856916    10.5571   346.8376    60.7036   343.8940
   2855.00   42256.61  0.0858244    10.5517   345.0622    60.9298   343.8286
   2865.00   42255.50  0.0857977    10.5474   343.2973    61.1650   343.8021
   2875.00   42254.61  0.0857363    10.5509   341.3320    61.6033   343.7744
   2885.00   42255.60  0.0857702    10.5504   339.4364    61.9060   343.7335
   2895.00   42257.50  0.0857857    10.5436   337.5349    62.0872   343.7046
   2905.00   42257.85  0.0854693    10.5390   335.4039    62.3164   343.7119
   2915.00   42258.18  0.0853229    10.5365   333.1078    62.5518   343.7081
   2925.00   42259.97  0.0854226    10.5295   330.7432    62.7579   343.6670
   2935.00   42261.67  0.0852318    10.5162   328.4307    62.7928   343.6504
   2945.00   42260.91  0.0850771    10.5065   325.9995    62.8878   343.6497
   2955.00   42259.60  0.0851677    10.5009   323.4827    63.1504   343.6045
   2965.00   42259.64  0.0852755    10.4882   321.2666    63.2227   343.5401
   2975.00   42259.29  0.0853554    10.4745   319.1902    63.2696   343.4988
   2985.00   42257.13  0.0853781    10.4691   317.0595    63.5353   343.4565
   2995.00   42255.37  0.0856013    10.4641   315.1325    63.7767   343.3805
   3005.00   42255.62  0.0859376    10.4552   313.3871    63.9738   343.2954
   3015.00   42256.14  0.0859380    10.4491   311.6439    64.2030   343.2508
   3025.00   42255.11  0.0860395    10.4491   309.7973    64.5338   343.2065
   3035.00   42254.89  0.0863457    10.4494   307.8598    64.9474   343.1261
   3045.00   42257.10  0.0863719    10.4439   305.9670    65.1835   343.0744
   3055.00   42258.30  0.0863046    10.4419   303.8391    65.4556   343.0646
   3065.00   42258.15  0.0862994    10.4454   301.3969    65.9103   343.0342
   3075.00   42258.61  0.0862878    10.4422   298.9967    66.1879   342.9896
   3085.00   42260.61  0.0862079    10.4346   296.5611    66.3535   342.9802
   3095.00   42261.38  0.0859318    10.4315   293.9575    66.6276   342.9853
   3105.00   42259.91  0.0858132    10.4283   291.4161    66.8706   342.9636
   3115.00   42259.03  0.0858604    10.4185   289.0586    67.0318   342.9246
   3125.00   42259.61  0.0856178    10.4064   286.9009    67.1105   342.9085
   3135.00   42258.49  0.0854737    10.3990   284.8314    67.2392   342.8957
   3145.00   42255.85  0.0856021    10.3923   282.8570    67.4803   342.8359
   3155.00   42254.87  0.0856140    10.3788   281.2006    67.5537   342.7676
   3165.00   42255.65  0.0856229    10.3678   279.5969    67.6202   342.7313
   3175.00   42255.47  0.0857043    10.3646   277.8214    67.9027   342.6772
   3185.00   42254.41  0.0858895    10.3588   276.1074    68.1177   342.5890
   3195.00   42255.46  0.0861178    10.3497   274.3380    68.2788   342.5187
   3205.00   42258.15  0.0861143    10.3468   272.3060    68.5399   342.4778
   3215.00   42258.77  0.0862311    10.3480   270.0610    68.8500   342.4246
   3225.00   42258.31  0.0865133    10.3462   267.6587    69.1887   342.3516
   3235.00   42259.76  0.0864680    10.3415   265.2109    69.4281   342.3143
   3245.00   42261.20  0.0864095    10.3416   262.6206    69.6902   342.3097
   3255.00   42260.50  0.0864797    10.3444   259.9215    70.0883   342.2775
   3265.00   42258.48  0.0864175    10.3388   257.4698    70.3183   342.2387
   3275.00   42258.39  0.0862999    10.3316   255.1627    70.4689   342.2468
   3285.00   42258.82  0.0861114    10.3295   252.9042    70.7359   342.2508
   3295.00   42256.64  0.0860319    10.3238   250.9131    70.9265   342.2154
   3305.00   42254.65  0.0860478    10.3112   249.1398    71.0320   342.1901
   3315.00   42255.19  0.0858489    10.2997   247.4702    71.1404   342.1761
   3325.00   42255.96  0.0857976    10.2931   245.8233    71.2697   342.1435
   3335.00   42254.91  0.0860028    10.2835   244.1315    71.4522   342.0771
   3345.00   42254.50  0.0860272    10.2698   242.4589    71.5543   342.0094
   3355.00   42256.75  0.0860958    10.2619   240.5992    71.6778   341.9682
   3365.00   42258.68  0.0863230    10.2602   238.4231    71.9799   341.9005
   3375.00   42258.23  0.0865198    10.2541   236.1896    72.2101   341.8070
   3385.00   42258.50  0.0867169    10.2474   233.8050    72.4192   341.7537
   3395.00   42260.73  0.0867865    10.2484   231.1901    72.7633   341.7168
   3405.00   42261.27  0.0869116    10.2506   228.5846    73.0863   341.6566
   3415.00   42259.30  0.0871173    10.2475   226.0320    73.3972   341.6032
   3425.00   42258.15  0.0870287    10.2442   223.5812    73.6989   341.5835
   3435.00   42258.55  0.0869637    10.2455   221.2669    73.9834   341.5755
   3445.00   42257.73  0.0870334    10.2455   219.0775    74.3269   341.5405
   3455.00   42254.85  0.0868866    10.2375   217.1626    74.5580   341.5078
   3465.00   42254.05  0.0867467    10.2306   215.3643    74.7392   341.5152
   3475.00   42255.60  0.0866362    10.2285   213.5488    75.0206   341.5028
   3485.00   42255.35  0.0865147    10.2204   211.8746    75.1933   341.4497
   3495.00   42254.51  0.0864681    10.2074   210.1541    75.3111   341.4275
   3505.00   42255.83  0.0863042    10.1985   208.2697    75.4906   341.4088
   3515.00   42258.58  0.0862529    10.1929   206.2942    75.6335   341.3518
   3525.00   42259.18  0.0863785    10.1821   204.1489    75.7793   341.2875
   3535.00   42258.34  0.0863338    10.1698   201.8801    75.9218   341.2291
   3545.00   42259.65  0.0863905    10.1650   199.4875    76.0730   341.1790
   3555.00   42261.17  0.0866178    10.1628   196.9651    76.3248   341.1043
   3565.00   42259.85  0.0867087    10.1558   194.5463    76.5242   341.0149
   3575.00   42257.70  0.0868598    10.1510   192.1676    76.7310   340.9696
   3585.00   42257.87  0.0870080    10.1539   189.7940    77.0696   340.9285
   3595.00   42258.18  0.0870992    10.1553   187.6702    77.3419   340.8578
   3605.00   42256.18  0.0872314    10.1515   185.6716    77.6060   340.8190
   3615.00   42254.23  0.0871863    10.1501   183.7254    77.9301   340.8124
   3625.00   42255.14  0.0871574    10.1521   181.9167    78.1960   340.7944
   3635.00   42256.20  0.0871953    10.1490   180.1168    78.4654   340.7659
   3645.00   42254.90  0.0870010    10.1395   178.3094    78.6934   340.7519
