  -7305.00   42250.73  0.0677371     5.1434     2.3171   130.9076    83.6754
  -7295.00   42252.94  0.0677379     5.1647     1.1655   130.9440    83.6415
  -7285.00   42253.06  0.0676837     5.1921   359.8631   130.9680    83.6195
  -7275.00   42252.84  0.0675955     5.2166   358.2393   131.2848    83.5226
  -7265.00   42254.13  0.0677430     5.2284   356.6789   131.4829    83.4395
  -7255.00   42254.43  0.0679692     5.2449   355.1633   131.5936    83.3990
  -7245.00   42252.75  0.0679078     5.2637   353.7013   131.7930    83.3080
  -7235.00   42251.10  0.0679891     5.2758   352.2431   132.2188    83.1208
  -7225.00   42250.86  0.0682862     5.2890   350.8793   132.6722    82.9488
  -7215.00   42250.36  0.0683626     5.3029   349.8838   132.9063    82.8089
  -7205.00   42248.03  0.0683252     5.3230   348.9119   133.3509    82.5861
  -7195.00   42247.14  0.0684289     5.3439   347.8395   134.0360    82.3196
  -7185.00   42248.23  0.0685475     5.3589   347.0655   134.4383    82.1129
  -7175.00   42248.33  0.0685363     5.3848   346.3376   134.7561    81.9411
  -7165.00   42247.77  0.0683667     5.4159   345.3535   135.3250    81.7127
  -7155.00   42248.76  0.0683532     5.4378   344.3484   135.8040    81.4984
  -7145.00   42251.01  0.0684441     5.4638   343.2947   136.0716    81.3844
  -7135.00   42251.95  0.0682178     5.4959   342.1322   136.2692    81.2908
  -7125.00   42251.71  0.0680644     5.5233   340.7399   136.5891    81.1537
  -7115.00   42252.97  0.0681790     5.5467   339.1635   136.9031    81.0624
  -7105.00   42254.65  0.0681706     5.5678   337.7651   136.8887    81.0506
  -7095.00   42253.98  0.0681029     5.5925   336.2902   136.9625    81.0065
  -7085.00   42252.51  0.0681506     5.6134   334.6196   137.3249    80.9045
  -7075.00   42252.47  0.0683419     5.6232   333.2439   137.4707    80.8378
  -7065.00   42252.30  0.0685422     5.6392   332.0423   137.5529    80.7931
  -7055.00   42250.37  0.0685269     5.6587   330.8285   137.8924    80.6661
  -7045.00   42248.32  0.0686854     5.6683   329.7398   138.3353    80.4802
  -7035.00   42248.25  0.0690095     5.6813   328.7811   138.7292    80.3300
  -7025.00   42248.61  0.0690306     5.6999   328.0150   139.0293    80.1807
  -7015.00   42247.18  0.0690152     5.7195   327.1388   139.5696    79.9421
  -7005.00   42246.96  0.0691814     5.7407   326.0965   140.2325    79.7043
  -6995.00   42249.00  0.0692477     5.7598   325.2294   140.5876    79.5342
  -6985.00   42250.21  0.0691489     5.7887   324.2239   140.9566    79.3622
  -6975.00   42250.34  0.0690357     5.8211   322.8375   141.5722    79.1539
  -6965.00   42251.29  0.0690218     5.8436   321.4635   141.9830    78.9913
  -6955.00   42253.57  0.0690162     5.8717   320.0734   142.1651    78.9207
  -6945.00   42254.37  0.0687613     5.9064   318.4899   142.4410    78.8339
  -6935.00   42253.15  0.0686273     5.9310   316.8482   142.7578    78.7205
  -6925.00   42253.10  0.0687368     5.9522   315.2556   142.9530    78.6777
  -6915.00   42253.79  0.0686340     5.9755   313.9062   142.9404    78.6754
  -6905.00   42252.42  0.0685307     5.9974   312.5982   143.0762    78.6080
  -6895.00   42250.09  0.0686521     6.0143   311.2564   143.4154    78.5106
  -6885.00   42249.49  0.0687960     6.0241   310.3037   143.5041    78.4516
  -6875.00   42249.66  0.0688952     6.0402   309.5066   143.6028    78.3750
  -6865.00   42248.33  0.0689336     6.0595   308.5588   144.0462    78.2075
  -6855.00   42246.77  0.0691059     6.0685   307.7406   144.4633    78.0173
  -6845.00   42247.66  0.0693626     6.0832   306.9856   144.7727    77.8737
  -6835.00   42249.06  0.0693109     6.1078   306.1311   145.1626    77.6974
  -6825.00   42248.64  0.0693009     6.1283   305.0891   145.7110    77.4564
  -6815.00   42248.88  0.0694774     6.1500   303.8519   146.2541    77.2611
  -6805.00   42251.35  0.0694332     6.1754   302.6740   146.5220    77.1315
  -6795.00   42252.98  0.0692892     6.2055   301.2897   146.8728    76.9719
  -6785.00   42252.84  0.0692533     6.2361   299.5823   147.4009    76.8063
  -6775.00   42252.96  0.0692465     6.2581   298.0185   147.6465    76.7098
  -6765.00   42254.40  0.0691924     6.2855   296.5298   147.7421    76.6651
  -6755.00   42254.46  0.0690303     6.3176   294.9017   148.0368    76.5816
  -6745.00   42252.04  0.0689989     6.3370   293.4225   148.2985    76.4882
  -6735.00   42250.85  0.0691395     6.3548   292.1705   148.3977    76.4671
  -6725.00   42250.96  0.0690446     6.3787   291.1145   148.4615    76.4430
  -6715.00   42249.60  0.0690090     6.3970   290.1488   148.6731    76.3449
  -6705.00   42247.30  0.0692245     6.4104   289.2030   148.9848    76.2503
  -6695.00   42247.13  0.0693366     6.4227   288.5494   149.0711    76.1940
  -6685.00   42248.36  0.0694013     6.4396   287.9025   149.2464    76.0871
  -6675.00   42248.21  0.0695407     6.4578   286.9743   149.7340    75.9112
  -6665.00   42247.53  0.0697429     6.4676   286.0896   150.1058    75.7457
  -6655.00   42249.33  0.0699419     6.4845   285.1449   150.3867    75.6133
  -6645.00   42251.50  0.0699313     6.5117   283.8749   150.8825    75.4254
  -6635.00   42251.48  0.0699794     6.5319   282.4232   151.4459    75.1974
  -6625.00   42251.39  0.0701664     6.5535   280.8386   151.9190    75.0392
  -6615.00   42253.23  0.0700502     6.5849   279.2441   152.2526    74.9197
  -6605.00   42254.40  0.0698950     6.6159   277.5543   152.6710    74.7579
  -6595.00   42253.15  0.0698982     6.6449   275.7423   153.1708    74.6214
  -6585.00   42252.13  0.0698047     6.6707   274.2373   153.3550    74.5703
  -6575.00   42252.65  0.0696484     6.6997   272.9159   153.4719    74.5310
  -6565.00   42252.29  0.0695133     6.7299   271.5647   153.7858    74.4532
  -6555.00   42249.42  0.0694785     6.7472   270.4956   153.9678    74.3952
  -6545.00   42248.10  0.0695371     6.7638   269.6888   153.9948    74.3905
  -6535.00   42248.59  0.0694307     6.7875   268.9203   154.1344    74.3435
  -6525.00   42247.98  0.0694256     6.8021   268.1976   154.3712    74.2265
  -6515.00   42246.39  0.0696580     6.8121   267.4493   154.6207    74.1323
  -6505.00   42247.10  0.0696949     6.8280   266.7621   154.7539    74.0545
  -6495.00   42249.43  0.0697207     6.8460   265.9259   155.0206    73.9012
  -6485.00   42250.12  0.0699042     6.8634   264.7459   155.5123    73.7092
  -6475.00   42249.98  0.0700416     6.8776   263.5522   155.8249    73.5612
  -6465.00   42251.98  0.0701212     6.8993   262.2383   156.1010    73.4231
  -6455.00   42254.10  0.0701283     6.9291   260.5843   156.6134    73.2338
  -6445.00   42253.57  0.0701724     6.9502   258.8937   157.0751    73.0455
  -6435.00   42252.45  0.0702922     6.9730   257.2409   157.3940    72.9373
  -6425.00   42252.99  0.0701541     7.0073   255.5932   157.7258    72.8355
  -6415.00   42253.34  0.0700305     7.0360   254.0492   158.0925    72.6917
  -6405.00   42250.96  0.0700975     7.0594   252.5886   158.4517    72.5960
  -6395.00   42249.32  0.0699734     7.0865   251.4548   158.5792    72.5704
  -6385.00   42249.62  0.0698320     7.1134   250.5172   158.7138    72.5174
  -6375.00   42249.53  0.0698087     7.1376   249.5623   159.0170    72.4303
  -6365.00   42247.29  0.0698083     7.1536   248.8522   159.1291    72.3916
  -6355.00   42246.68  0.0698488     7.1698   248.2675   159.1584    72.3749
  -6345.00   42248.30  0.0698218     7.1922   247.5273   159.3779    72.2962
  -6335.00   42248.70  0.0698877     7.2048   246.7371   159.6135    72.1770
  -6325.00   42247.93  0.0701348     7.2136   245.8391   159.8095    72.0930
  -6315.00   42249.19  0.0701770     7.2328   244.7833   160.0199    72.0012
  -6305.00   42252.01  0.0702435     7.2510   243.5266   160.3524    71.8283
  -6295.00   42252.71  0.0704960     7.2661   241.9824   160.8156    71.6458
  -6285.00   42252.19  0.0706048     7.2846   240.4278   161.1220    71.5183
  -6275.00   42253.34  0.0706592     7.3097   238.8059   161.4667    71.3694
  -6265.00   42254.70  0.0707316     7.3390   236.9981   162.0166    71.1770
  -6255.00   42253.16  0.0707749     7.3620   235.3383   162.4364    71.0247
  -6245.00   42250.96  0.0708216     7.3880   233.8580   162.7408    70.9381
  -6235.00   42250.59  0.0706961     7.4245   232.4303   163.1451    70.8371
  -6225.00   42250.65  0.0705719     7.4526   231.2295   163.5113    70.7114
  -6215.00   42248.13  0.0706009     7.4743   230.2067   163.7841    70.6543
  -6205.00   42246.76  0.0704098     7.5041   229.3733   163.9476    70.6409
  -6195.00   42247.78  0.0702372     7.5301   228.6678   164.1235    70.5787
  -6185.00   42248.46  0.0702395     7.5485   227.8954   164.3875    70.4977
  -6175.00   42247.44  0.0701711     7.5655   227.2164   164.4595    70.4746
  -6165.00   42247.73  0.0701483     7.5822   226.4913   164.5217    70.4370
  -6155.00   42250.39  0.0701626     7.6015   225.4853   164.7933    70.3206
  -6145.00   42251.26  0.0702219     7.6136   224.3779   164.9972    70.2023
  -6135.00   42250.64  0.0704049     7.6240   223.1319   165.1660    70.1115
  -6125.00   42251.66  0.0704425     7.6465   221.6541   165.4600    69.9857
  -6115.00   42253.93  0.0705052     7.6662   220.0773   165.8135    69.7970
  -6105.00   42253.77  0.0707318     7.6814   218.3994   166.2022    69.6295
  -6095.00   42252.21  0.0707616     7.7061   216.7843   166.5034    69.5154
  -6085.00   42252.26  0.0707724     7.7349   215.2499   166.8607    69.3627
  -6075.00   42252.90  0.0708592     7.7622   213.7302   167.3430    69.1861
  -6065.00   42250.74  0.0708448     7.7871   212.4687   167.6469    69.0843
  -6055.00   42248.21  0.0708299     7.8150   211.4124   167.8935    69.0186
  -6045.00   42248.02  0.0707573     7.8489   210.3951   168.2696    68.9190
  -6035.00   42248.46  0.0706596     7.8733   209.5762   168.5411    68.8227
  -6025.00   42246.72  0.0706765     7.8923   208.8589   168.7096    68.7902
  -6015.00   42246.08  0.0705363     7.9208   208.1096   168.8930    68.7675
  -6005.00   42248.22  0.0704282     7.9436   207.3601   169.0787    68.6858
  -5995.00   42249.76  0.0704953     7.9565   206.4658   169.2813    68.6075
  -5985.00   42249.62  0.0704357     7.9743   205.4840   169.3671    68.5802
  -5975.00   42250.32  0.0704424     7.9924   204.3615   169.4900    68.5137
  -5965.00   42253.15  0.0705474     8.0081   202.9728   169.7828    68.3749
  -5955.00   42253.76  0.0706167     8.0214   201.5214   169.9648    68.2687
  -5945.00   42252.41  0.0707797     8.0348   200.0009   170.1452    68.1784
  -5935.00   42252.41  0.0708900     8.0583   198.3443   170.5065    68.0300
  -5925.00   42253.48  0.0709886     8.0783   196.7663   170.8570    67.8505
  -5915.00   42252.39  0.0712051     8.0940   195.2696   171.2020    67.7064
  -5905.00   42249.90  0.0712459     8.1226   193.8761   171.5632    67.5938
  -5895.00   42249.47  0.0712833     8.1534   192.6538   171.9695    67.4346
  -5885.00   42250.13  0.0713943     8.1784   191.5297   172.4280    67.2744
  -5875.00   42248.36  0.0713315     8.2066   190.5950   172.7354    67.2005
  -5865.00   42246.50  0.0712784     8.2383   189.7659   173.0316    67.1366
  -5855.00   42247.39  0.0712300     8.2699   188.8972   173.4302    67.0330
  -5845.00   42248.65  0.0710831     8.2938   188.1035   173.6680    66.9691
  -5835.00   42247.89  0.0710122     8.3139   187.2727   173.8189    66.9562
  -5825.00   42247.88  0.0708765     8.3416   186.2548   174.0478    66.9211
  -5815.00   42250.59  0.0707476     8.3616   185.1736   174.2261    66.8364
  -5805.00   42252.36  0.0707655     8.3713   183.9436   174.3701    66.7686
  -5795.00   42252.03  0.0706710     8.3897   182.5583   174.4919    66.7291
  -5785.00   42252.28  0.0706735     8.4088   181.0986   174.6612    66.6256
  -5775.00   42254.32  0.0707978     8.4212   179.5322   174.9363    66.4670
  -5765.00   42254.15  0.0708140     8.4369   178.0105   175.1165    66.3581
  -5755.00   42251.76  0.0709300     8.4561   176.5480   175.3336    66.2499
  -5745.00   42250.91  0.0710733     8.4806   175.1099   175.7237    66.0737
  -5735.00   42251.18  0.0711309     8.5028   173.8751   176.0349    65.9110
  -5725.00   42249.77  0.0712622     8.5225   172.7877   176.3260    65.7950
  -5715.00   42247.22  0.0712947     8.5545   171.7677   176.6993    65.6850
  -5705.00   42247.19  0.0713113     8.5853   170.9092   177.0535    65.5410
  -5695.00   42248.55  0.0713840     8.6073   170.0994   177.3977    65.4184
  -5685.00   42247.70  0.0712794     8.6360   169.2961   177.6602    65.3709
  -5675.00   42246.93  0.0712341     8.6673   168.4643   177.9274    65.3045
  -5665.00   42248.97  0.0712367     8.6924   167.5027   178.2543    65.1993
  -5655.00   42250.90  0.0710850     8.7135   166.4719   178.4287    65.1537
  -5645.00   42250.69  0.0710212     8.7341   165.2961   178.5705    65.1359
  -5635.00   42250.75  0.0709860     8.7587   163.9119   178.8160    65.0684
  -5625.00   42253.00  0.0708972     8.7758   162.4946   178.9701    64.9802
  -5615.00   42254.20  0.0709143     8.7852   161.0063   179.0898    64.9178
  -5605.00   42252.74  0.0708800     8.8048   159.4343   179.2662    64.8606
  -5595.00   42251.97  0.0709340     8.8242   157.9603   179.4573    64.7357
  -5585.00   42252.93  0.0710907     8.8345   156.5644   179.6974    64.5822
  -5575.00   42252.12  0.0711060     8.8516   155.2837   179.8991    64.4811
  -5565.00   42249.32  0.0712546     8.8752   154.1406   180.1606    64.3591
  -5555.00   42248.37  0.0714725     8.8981   153.0972   180.5531    64.1724
  -5545.00   42248.96  0.0715287     8.9208   152.2159   180.8581    64.0266
  -5535.00   42248.14  0.0716436     8.9452   151.3798   181.1746    63.9258
  -5525.00   42246.39  0.0717404     8.9787   150.4987   181.6057    63.8033
  -5515.00   42247.24  0.0717576     9.0096   149.6653   181.9647    63.6711
  -5505.00   42249.51  0.0717817     9.0322   148.7454   182.2921    63.5801
  -5495.00   42249.44  0.0716580     9.0631   147.6522   182.6149    63.5425
  -5485.00   42249.34  0.0715951     9.0951   146.4672   182.9089    63.4731
  -5475.00   42251.66  0.0715662     9.1161   145.1439   183.2020    63.3809
  -5465.00   42253.54  0.0713348     9.1362   143.7039   183.3841    63.3533
  -5455.00   42252.98  0.0712277     9.1588   142.1661   183.5599    63.3266
  -5445.00   42252.26  0.0712123     9.1796   140.5760   183.8048    63.2333
  -5435.00   42253.37  0.0710724     9.1943   139.0813   183.9379    63.1444
  -5425.00   42253.62  0.0710283     9.2055   137.6431   184.0645    63.0790
  -5415.00   42251.08  0.0710336     9.2264   136.2576   184.2923    62.9861
  -5405.00   42249.66  0.0710746     9.2460   135.1115   184.4799    62.8399
  -5395.00   42250.23  0.0711875     9.2570   134.1172   184.6879    62.6900
  -5385.00   42249.44  0.0711787     9.2780   133.1848   184.9332    62.5871
  -5375.00   42247.26  0.0713171     9.3064   132.3800   185.2094    62.4480
  -5365.00   42246.98  0.0715237     9.3288   131.6304   185.5517    62.2662
  -5355.00   42248.58  0.0715007     9.3522   130.8815   185.8263    62.1482
  -5345.00   42248.66  0.0715737     9.3819   130.0242   186.1347    62.0624
  -5335.00   42247.82  0.0716930     9.4144   129.0313   186.5292    61.9389
  -5325.00   42249.41  0.0716599     9.4417   127.9838   186.8107    61.8285
  -5315.00   42252.01  0.0716268     9.4643   126.7411   187.0763    61.7692
  -5305.00   42252.08  0.0715382     9.4941   125.2731   187.3961    61.7278
  -5295.00   42251.74  0.0714915     9.5223   123.7799   187.6377    61.6494
  -5285.00   42253.37  0.0714607     9.5387   122.2328   187.8513    61.5666
  -5275.00   42254.48  0.0712412     9.5572   120.6181   188.0402    61.5389
  -5265.00   42253.09  0.0711917     9.5805   119.0652   188.2267    61.4867
  -5255.00   42251.31  0.0712499     9.5975   117.6543   188.4345    61.3720
  -5245.00   42251.52  0.0711173     9.6100   116.4273   188.5553    61.2829
  -5235.00   42251.25  0.0711038     9.6250   115.3066   188.7134    61.2128
  -5225.00   42248.55  0.0712125     9.6464   114.3101   188.9669    61.0925
  -5215.00   42247.24  0.0712769     9.6648   113.5488   189.1413    60.9428
  -5205.00   42248.30  0.0713814     9.6775   112.8469   189.3410    60.8108
  -5195.00   42248.29  0.0714378     9.7014   112.0598   189.6476    60.7034
  -5185.00   42247.28  0.0716099     9.7310   111.3098   189.9373    60.5556
  -5175.00   42247.93  0.0718259     9.7525   110.4963   190.2505    60.3867
  -5165.00   42250.45  0.0717885     9.7769   109.4790   190.5700    60.2883
  -5155.00   42251.27  0.0718853     9.8110   108.2591   190.9276    60.2006
  -5145.00   42250.70  0.0720458     9.8426   106.8866   191.3278    60.0735
  -5135.00   42252.19  0.0719544     9.8677   105.4295   191.6155    59.9816
  -5125.00   42254.10  0.0718801     9.8940   103.7798   191.9242    59.9420
  -5115.00   42253.51  0.0718190     9.9243   102.0225   192.2972    59.8914
  -5105.00   42252.11  0.0717214     9.9493   100.4226   192.5317    59.8105
  -5095.00   42252.57  0.0716011     9.9645    98.9037   192.7291    59.7467
  -5085.00   42252.84  0.0713552     9.9831    97.4208   192.9738    59.7152
  -5075.00   42250.96  0.0712900    10.0058    96.1756   193.1708    59.6373
  -5065.00   42248.86  0.0713118    10.0197    95.1861   193.3306    59.5103
  -5055.00   42249.09  0.0711161    10.0310    94.3357   193.4634    59.4181
  -5045.00   42249.19  0.0711072    10.0504    93.5442   193.6573    59.3270
  -5035.00   42247.20  0.0712626    10.0724    92.8452   193.9032    59.1753
  -5025.00   42246.68  0.0712788    10.0904    92.2493   194.0583    59.0206
  -5015.00   42248.53  0.0713363    10.1085    91.5196   194.2733    58.9023
  -5005.00   42249.40  0.0714381    10.1369    90.5709   194.6193    58.7850
  -4995.00   42249.21  0.0715760    10.1671    89.5850   194.8860    58.6382
  -4985.00   42250.35  0.0717052    10.1889    88.4503   195.1426    58.4997
  -4975.00   42252.96  0.0716307    10.2149    87.0105   195.4827    58.4246
  -4965.00   42253.87  0.0717046    10.2495    85.4401   195.8168    58.3393
  -4955.00   42252.74  0.0718429    10.2772    83.8433   196.1276    58.2198
  -4945.00   42253.32  0.0716717    10.2976    82.2244   196.3711    58.1487
  -4935.00   42254.06  0.0716008    10.3245    80.5480   196.6592    58.1104
  -4925.00   42252.64  0.0716193    10.3522    78.9533   196.9955    58.0383
  -4915.00   42250.33  0.0715064    10.3713    77.6670   197.1658    57.9472
  -4905.00   42249.97  0.0713864    10.3865    76.4985   197.3403    57.8889
  -4895.00   42250.10  0.0712388    10.4058    75.3900   197.6163    57.8385
  -4885.00   42248.51  0.0712314    10.4268    74.5634   197.7950    57.7345
  -4875.00   42247.02  0.0712549    10.4393    73.9221   197.9137    57.6092
  -4865.00   42247.98  0.0710818    10.4511    73.2446   198.0854    57.5210
  -4855.00   42249.13  0.0711410    10.4734    72.5225   198.3061    57.4146
  -4845.00   42248.24  0.0713562    10.4949    71.8003   198.5217    57.2522
  -4835.00   42248.52  0.0713476    10.5108    71.0059   198.6753    57.1065
  -4825.00   42250.79  0.0714335    10.5332    69.9249   198.9299    56.9977
  -4815.00   42252.13  0.0716414    10.5639    68.5874   199.3076    56.8680
  -4805.00   42251.87  0.0717884    10.5925    67.2197   199.5721    56.7194
  -4795.00   42252.47  0.0718819    10.6161    65.6903   199.8466    56.6058
  -4785.00   42254.22  0.0718619    10.6454    63.9082   200.2685    56.5365
  -4775.00   42254.45  0.0719540    10.6806    62.1756   200.6407    56.4461
  -4765.00   42252.37  0.0720441    10.7065    60.5974   200.9338    56.3393
  -4755.00   42251.80  0.0718057    10.7262    59.0655   201.2378    56.2882
  -4745.00   42251.81  0.0717118    10.7545    57.6307   201.5702    56.2478
  -4735.00   42250.21  0.0717392    10.7802    56.4188   201.8926    56.1620
  -4725.00   42247.90  0.0715110    10.7941    55.5202   202.0557    56.0726
  -4715.00   42247.59  0.0713335    10.8105    54.6746   202.2526    56.0157
  -4705.00   42248.42  0.0712362    10.8310    53.8312   202.5570    55.9407
  -4695.00   42247.69  0.0711947    10.8489    53.2124   202.7075    55.8096
  -4685.00   42247.28  0.0711455    10.8620    52.5908   202.8154    55.6857
  -4675.00   42249.00  0.0709839    10.8772    51.7430   203.0447    55.5902
  -4665.00   42251.00  0.0710731    10.9023    50.7867   203.2797    55.4590
  -4655.00   42250.86  0.0712588    10.9246    49.7665   203.4540    55.2932
  -4645.00   42251.22  0.0711721    10.9416    48.5523   203.6322    55.1632
  -4635.00   42253.10  0.0712524    10.9692    47.0616   203.9178    55.0604
  -4625.00   42254.11  0.0714968    11.0017    45.4395   204.2696    54.9273
  -4615.00   42253.03  0.0715518    11.0269    43.9032   204.4906    54.7910
  -4605.00   42252.51  0.0715678    11.0519    42.2881   204.7598    54.7056
  -4595.00   42253.13  0.0715849    11.0823    40.5920   205.1837    54.6392
  -4585.00   42252.66  0.0716653    11.1132    39.1533   205.4990    54.5400
  -4575.00   42250.21  0.0716686    11.1354    37.9532   205.7212    54.4480
  -4565.00   42249.09  0.0714235    11.1536    36.7911   206.0316    54.4029
  -4555.00   42249.30  0.0713672    11.1802    35.7745   206.3444    54.3446
  -4545.00   42248.36  0.0714241    11.2024    34.9847   206.5778    54.2423
  -4535.00   42246.82  0.0711602    11.2125    34.3234   206.7279    54.1534
  -4525.00   42247.16  0.0710174    11.2299    33.5758   206.9317    54.0888
  -4515.00   42249.02  0.0710511    11.2516    32.7276   207.2187    53.9894
  -4505.00   42249.32  0.0710112    11.2660    31.9758   207.3358    53.8463
  -4495.00   42249.61  0.0709632    11.2804    31.0414   207.4554    53.7309
  -4485.00   42251.48  0.0709018    11.2994    29.7834   207.7372    53.6316
  -4475.00   42253.60  0.0710600    11.3243    28.4651   207.9677    53.4838
  -4465.00   42253.42  0.0712347    11.3464    27.0960   208.1235    53.3275
  -4455.00   42252.84  0.0711531    11.3649    25.5388   208.3626    53.2129
  -4445.00   42253.56  0.0712947    11.3953    23.8683   208.6928    53.1063
  -4435.00   42253.75  0.0715966    11.4282    22.2729   209.0223    52.9692
  -4425.00   42251.84  0.0715985    11.4512    20.8522   209.2673    52.8457
  -4415.00   42250.29  0.0716079    11.4785    19.4366   209.5972    52.7744
  -4405.00   42250.33  0.0717068    11.5112    18.0606   210.0591    52.7025
  -4395.00   42249.95  0.0717556    11.5384    17.0153   210.3700    52.5976
  -4385.00   42248.04  0.0716679    11.5597    16.1128   210.6279    52.5230
  -4375.00   42247.27  0.0714221    11.5794    15.1457   211.0164    52.4823
  -4365.00   42248.42  0.0713660    11.6042    14.2929   211.3509    52.4058
  -4355.00   42248.59  0.0713305    11.6233    13.5645   211.5487    52.2996
  -4345.00   42248.01  0.0709796    11.6321    12.7374   211.7490    52.2145
  -4335.00   42248.89  0.0708147    11.6504    11.7293   211.9938    52.1360
  -4325.00   42251.31  0.0708829    11.6728    10.6159   212.2353    52.0100
  -4315.00   42252.11  0.0707620    11.6849     9.5008   212.3421    51.8586
  -4305.00   42252.10  0.0706721    11.7018     8.1588   212.4903    51.7440
  -4295.00   42253.27  0.0707006    11.7267     6.5620   212.8027    51.6308
  -4285.00   42254.70  0.0708540    11.7516     5.0743   213.0037    51.4693
  -4275.00   42253.90  0.0709582    11.7749     3.6182   213.1544    51.3274
  -4265.00   42252.13  0.0708708    11.7977     2.0547   213.4578    51.2305
  -4255.00   42251.77  0.0710249    11.8294     0.6022   213.7904    51.1215
  -4245.00   42251.49  0.0712673    11.8604   359.3830   214.0511    50.9930
  -4235.00   42249.47  0.0711585    11.8806   358.3116   214.3014    50.8923
  -4225.00   42247.71  0.0711318    11.9072   357.2655   214.6360    50.8296
  -4215.00   42248.04  0.0712658    11.9384   356.2939   215.0296    50.7473
  -4205.00   42248.52  0.0712328    11.9588   355.5608   215.2677    50.6380
  -4195.00   42247.69  0.0711004    11.9773   354.7780   215.5088    50.5682
  -4185.00   42247.67  0.0709388    11.9982   353.7888   215.8985    50.5160
  -4175.00   42249.76  0.0709317    12.0193   352.8607   216.1713    50.4128
  -4165.00   42250.94  0.0708716    12.0360   351.8926   216.3284    50.3034
  -4155.00   42250.83  0.0705587    12.0460   350.6641   216.5696    50.2209
  -4145.00   42251.57  0.0704839    12.0652   349.2745   216.8336    50.1260
  -4135.00   42253.59  0.0705950    12.0873   347.8696   217.0161    49.9887
  -4125.00   42254.08  0.0704549    12.0982   346.4568   217.1363    49.8442
  -4115.00   42252.91  0.0703918    12.1164   344.9147   217.3286    49.7351
  -4105.00   42252.74  0.0705412    12.1446   343.3244   217.6339    49.6105
  -4095.00   42253.27  0.0706941    12.1672   342.0075   217.8088    49.4448
  -4085.00   42251.96  0.0707813    12.1901   340.7835   217.9805    49.3147
  -4075.00   42249.59  0.0707880    12.2176   339.4907   218.3552    49.2235
  -4065.00   42248.93  0.0710027    12.2491   338.4273   218.6943    49.1043
  -4055.00   42249.07  0.0712143    12.2786   337.5654   218.9485    48.9822
  -4045.00   42247.86  0.0710843    12.2997   336.6722   219.2871    48.9006
  -4035.00   42246.68  0.0710861    12.3271   335.7337   219.6927    48.8392
  -4025.00   42247.78  0.0712261    12.3571   334.8178   220.0741    48.7505
  -4015.00   42249.42  0.0710845    12.3736   333.9427   220.3456    48.6490
  -4005.00   42249.48  0.0708906    12.3906   332.8608   220.6531    48.5865
  -3995.00   42249.87  0.0707739    12.4131   331.5236   221.0748    48.5208
  -3985.00   42252.21  0.0707003    12.4302   330.2580   221.3231    48.3991
  -3975.00   42253.61  0.0705487    12.4446   328.8957   221.4930    48.2865
  -3965.00   42253.13  0.0702520    12.4579   327.2750   221.7985    48.1995
  -3955.00   42252.91  0.0702137    12.4782   325.6893   222.0607    48.0787
  -3945.00   42253.81  0.0702733    12.5003   324.2397   222.2045    47.9304
  -3935.00   42253.66  0.0700836    12.5131   322.8381   222.3653    47.7931
  -3925.00   42251.36  0.0700442    12.5349   321.4532   222.6086    47.6830
  -3915.00   42250.23  0.0702271    12.5660   320.2165   222.8756    47.5495
  -3905.00   42250.49  0.0702932    12.5874   319.2799   223.0354    47.3918
  -3895.00   42249.38  0.0703061    12.6097   318.3917   223.2369    47.2812
  -3885.00   42247.40  0.0703707    12.6409   317.4093   223.6293    47.1938
  -3875.00   42247.28  0.0705416    12.6695   316.6420   223.9203    47.0717
  -3865.00   42248.49  0.0706410    12.6939   315.9291   224.1357    46.9597
  -3855.00   42248.44  0.0704956    12.7154   314.9632   224.5113    46.8919
  -3845.00   42248.00  0.0705194    12.7407   313.9062   224.8937    46.8204
  -3835.00   42249.69  0.0706246    12.7662   312.8125   225.1895    46.7200
  -3825.00   42252.03  0.0704166    12.7793   311.5832   225.4556    46.6232
  -3815.00   42252.27  0.0702477    12.7948   310.1197   225.7686    46.5568
  -3805.00   42252.20  0.0702265    12.8178   308.4924   226.1366    46.4700
  -3795.00   42253.79  0.0701272    12.8316   306.9982   226.3385    46.3366
  -3785.00   42254.63  0.0699746    12.8438   305.4755   226.5056    46.2243
  -3775.00   42253.21  0.0698028    12.8614   303.8120   226.8365    46.1319
  -3765.00   42251.68  0.0698251    12.8814   302.4071   227.0642    45.9941
  -3755.00   42251.62  0.0698786    12.9015   301.2368   227.1875    45.8439
  -3745.00   42251.18  0.0697212    12.9167   300.1094   227.4040    45.7194
  -3735.00   42248.63  0.0697754    12.9404   299.0929   227.6709    45.6038
  -3725.00   42247.40  0.0699953    12.9713   298.2510   227.9098    45.4652
  -3715.00   42248.31  0.0700225    12.9916   297.5706   228.0959    45.3182
  -3705.00   42248.17  0.0700618    13.0142   296.7994   228.3601    45.2196
  -3695.00   42247.23  0.0702266    13.0477   295.8572   228.7663    45.1277
  -3685.00   42247.91  0.0703777    13.0742   294.9996   229.0616    45.0035
  -3675.00   42250.20  0.0704189    13.0950   294.0144   229.3229    44.9033
  -3665.00   42251.00  0.0703398    13.1195   292.6334   229.7839    44.8426
  -3655.00   42250.68  0.0703851    13.1439   291.1842   230.1909    44.7615
  -3645.00   42252.17  0.0704177    13.1650   289.7052   230.4911    44.6562
  -3635.00   42254.17  0.0701509    13.1778   288.0329   230.8476    44.5699
  -3625.00   42253.75  0.0699871    13.1934   286.2883   231.2124    44.4968
  -3615.00   42252.50  0.0699607    13.2153   284.5971   231.5568    44.3896
  -3605.00   42252.94  0.0697503    13.2270   283.1281   231.7802    44.2505
  -3595.00   42253.14  0.0695456    13.2384   281.7628   231.9831    44.1371
  -3585.00   42251.12  0.0694458    13.2604   280.4104   232.3177    44.0284
  -3575.00   42248.99  0.0694310    13.2808   279.4174   232.5166    43.8741
  -3565.00   42248.99  0.0694180    13.2994   278.6364   232.6353    43.7231
  -3555.00   42248.99  0.0692969    13.3199   277.7771   232.9109    43.6087
  -3545.00   42247.05  0.0693863    13.3462   277.0287   233.1690    43.4873
  -3535.00   42246.44  0.0695697    13.3756   276.3471   233.3776    43.3491
  -3525.00   42248.37  0.0695157    13.3956   275.5836   233.6122    43.2240
  -3515.00   42249.29  0.0695556    13.4184   274.6319   233.9034    43.1370
  -3505.00   42249.14  0.0697249    13.4503   273.4655   234.2689    43.0428
  -3495.00   42250.27  0.0697657    13.4723   272.2758   234.5407    42.9215
  -3485.00   42252.91  0.0697315    13.4883   270.8936   234.8075    42.8319
  -3475.00   42253.79  0.0697033    13.5127   269.1734   235.2453    42.7651
  -3465.00   42252.68  0.0697332    13.5343   267.5111   235.5884    42.6660
  -3455.00   42253.17  0.0697057    13.5495   265.9138   235.8402    42.5526
  -3445.00   42254.11  0.0694833    13.5634   264.1865   236.2156    42.4672
  -3435.00   42252.70  0.0693934    13.5798   262.6110   236.5461    42.3787
  -3425.00   42250.33  0.0694004    13.5996   261.2504   236.8250    42.2542
  -3415.00   42250.04  0.0691780    13.6108   260.0895   237.0722    42.1190
  -3405.00   42250.24  0.0690281    13.6228   259.0912   237.2924    42.0083
  -3395.00   42248.54  0.0690316    13.6463   258.1502   237.5939    41.8884
  -3385.00   42246.82  0.0690026    13.6657   257.4712   237.7822    41.7296
  -3375.00   42247.79  0.0689791    13.6814   256.8663   237.9181    41.5866
  -3365.00   42248.86  0.0689660    13.7054   256.0357   238.2246    41.4757
  -3355.00   42247.86  0.0691014    13.7324   255.2354   238.4653    41.3463
  -3345.00   42247.98  0.0692823    13.7583   254.3602   238.6642    41.2068
  -3335.00   42250.51  0.0692623    13.7799   253.1834   238.9793    41.0982
  -3325.00   42251.94  0.0693754    13.8043   251.8286   239.2990    41.0129
  -3315.00   42251.62  0.0695868    13.8347   250.2848   239.6609    40.9137
  -3305.00   42252.29  0.0695761    13.8546   248.6683   240.0017    40.8015
  -3295.00   42254.30  0.0695465    13.8693   246.9555   240.3432    40.7231
  -3285.00   42254.58  0.0695669    13.8938   245.0997   240.8051    40.6509
  -3275.00   42252.24  0.0695342    13.9132   243.4512   241.1736    40.5407
  -3265.00   42251.72  0.0694228    13.9234   241.9818   241.4761    40.4279
  -3255.00   42251.97  0.0692255    13.9387   240.4898   241.9098    40.3395
  -3245.00   42250.15  0.0691181    13.9562   239.2948   242.2405    40.2318
  -3235.00   42247.59  0.0690587    13.9726   238.3511   242.5005    40.0901
  -3225.00   42247.52  0.0688050    13.9853   237.4595   242.8122    39.9577
  -3215.00   42248.48  0.0686692    14.0003   236.7105   243.0472    39.8423
  -3205.00   42247.61  0.0686933    14.0253   235.9629   243.3069    39.7082
  -3195.00   42246.89  0.0685966    14.0449   235.2515   243.5185    39.5517
  -3185.00   42248.96  0.0685471    14.0605   234.4673   243.6854    39.4222
  -3175.00   42250.97  0.0685945    14.0874   233.3789   243.9870    39.3144
  -3165.00   42250.45  0.0686804    14.1143   232.2470   244.2112    39.1836
  -3155.00   42250.76  0.0687812    14.1350   230.9858   244.4064    39.0528
  -3145.00   42252.95  0.0687799    14.1572   229.3790   244.7636    38.9593
  -3135.00   42253.96  0.0688751    14.1812   227.7556   245.0535    38.8715
  -3125.00   42252.52  0.0690352    14.2062   226.0973   245.3571    38.7626
  -3115.00   42252.18  0.0689655    14.2232   224.3919   245.7295    38.6582
  -3105.00   42253.17  0.0689414    14.2366   222.8079   246.0529    38.5793
  -3095.00   42252.71  0.0689890    14.2591   221.2822   246.4430    38.4915
  -3085.00   42249.74  0.0689004    14.2755   219.9960   246.7900    38.3698
  -3075.00   42248.90  0.0687904    14.2828   218.9190   247.0838    38.2574
  -3065.00   42249.51  0.0686834    14.2989   217.8403   247.4841    38.1622
  -3055.00   42248.08  0.0685897    14.3170   217.0092   247.7729    38.0378
  -3045.00   42246.26  0.0685254    14.3297   216.3051   248.0064    37.8907
  -3035.00   42247.04  0.0683518    14.3435   215.4515   248.3459    37.7648
  -3025.00   42249.07  0.0682778    14.3610   214.6579   248.5625    37.6456
  -3015.00   42249.03  0.0683334    14.3843   213.7671   248.7781    37.5024
  -3005.00   42249.08  0.0682466    14.4031   212.6915   249.0341    37.3541
  -2995.00   42251.52  0.0682528    14.4195   211.5073   249.2215    37.2349
  -2985.00   42253.74  0.0683811    14.4470   210.0646   249.4964    37.1244
  -2975.00   42252.83  0.0684531    14.4730   208.5638   249.7401    36.9915
  -2965.00   42252.34  0.0685627    14.4906   207.0050   249.9716    36.8710
  -2955.00   42253.46  0.0686619    14.5138   205.2360   250.3616    36.7842
  -2945.00   42253.53  0.0687674    14.5386   203.6274   250.6651    36.6905
  -2935.00   42250.98  0.0689033    14.5587   202.1262   250.9885    36.5772
  -2925.00   42249.83  0.0688679    14.5749   200.6015   251.4529    36.4825
  -2915.00   42250.47  0.0688635    14.5891   199.3413   251.8137    36.4023
  -2905.00   42249.88  0.0688970    14.6088   198.2118   252.2049    36.2994
  -2895.00   42247.49  0.0687427    14.6228   197.1821   252.6333    36.1754
  -2885.00   42247.24  0.0686159    14.6293   196.3154   252.9767    36.0642
  -2875.00   42249.04  0.0685260    14.6458   195.4019   253.3680    35.9581
  -2865.00   42248.35  0.0683521    14.6640   194.5592   253.6811    35.8180
  -2855.00   42247.44  0.0682313    14.6747   193.7040   253.9349    35.6687
  -2845.00   42248.98  0.0681049    14.6903   192.5823   254.2859    35.5456
  -2835.00   42251.47  0.0680049    14.7117   191.4641   254.4877    35.4183
  -2825.00   42251.53  0.0680121    14.7335   190.2198   254.6791    35.2700
  -2815.00   42251.41  0.0679330    14.7525   188.7105   254.9802    35.1347
  -2805.00   42253.32  0.0679504    14.7712   187.2157   255.1625    35.0260
  -2795.00   42254.86  0.0680677    14.7978   185.6307   255.3930    34.9140
  -2785.00   42253.03  0.0680724    14.8209   184.0330   255.6731    34.7863
  -2775.00   42251.45  0.0681583    14.8355   182.5518   255.9159    34.6785
  -2765.00   42251.76  0.0682842    14.8568   181.0587   256.2675    34.5934
  -2755.00   42251.15  0.0683085    14.8793   179.8007   256.5590    34.4885
  -2745.00   42248.31  0.0683789    14.8933   178.7026   256.8658    34.3710
  -2735.00   42247.08  0.0683851    14.9073   177.5619   257.3193    34.2763
  -2725.00   42248.27  0.0683673    14.9221   176.6775   257.6271    34.1845
  -2715.00   42248.23  0.0683711    14.9381   175.8406   257.9578    34.0640
  -2705.00   42247.06  0.0682356    14.9504   174.8788   258.3961    33.9390
  -2695.00   42247.80  0.0681610    14.9578   173.9901   258.7014    33.8288
  -2685.00   42250.66  0.0681178    14.9743   172.9718   259.0206    33.7120
  -2675.00   42250.74  0.0679387    14.9915   171.8134   259.3474    33.5675
  -2665.00   42250.17  0.0678576    15.0007   170.5839   259.6010    33.4250
  -2655.00   42251.76  0.0678332    15.0167   169.1173   259.9131    33.3058
  -2645.00   42253.72  0.0677283    15.0394   167.6554   260.1132    33.1718
  -2635.00   42253.09  0.0677326    15.0581   166.1544   260.3072    33.0230
  -2625.00   42251.83  0.0677459    15.0762   164.4881   260.6294    32.8971
  -2615.00   42252.66  0.0678033    15.0975   163.0273   260.7949    32.7900
  -2605.00   42253.27  0.0679306    15.1224   161.6393   261.0052    32.6715
  -2595.00   42250.89  0.0679693    15.1433   160.2559   261.3468    32.5489
  -2585.00   42248.87  0.0681189    15.1579   159.1051   261.6072    32.4513
  -2575.00   42249.34  0.0683036    15.1784   158.0184   261.9395    32.3647
  -2565.00   42249.02  0.0683053    15.1988   157.0325   262.3046    32.2543
  -2555.00   42246.87  0.0683808    15.2091   156.1313   262.6734    32.1411
  -2545.00   42246.35  0.0684567    15.2212   155.1104   263.1540    32.0488
  -2535.00   42248.48  0.0683861    15.2366   154.1986   263.5039    31.9456
  -2525.00   42249.23  0.0683240    15.2487   153.1948   263.8825    31.8141
  -2515.00   42248.86  0.0681987    15.2593   151.9137   264.3859    31.6883
  -2505.00   42250.14  0.0680988    15.2693   150.6850   264.6896    31.5744
  -2495.00   42253.12  0.0679948    15.2857   149.3177   264.9902    31.4429
  -2485.00   42253.30  0.0677716    15.3026   147.7285   265.3713    31.2957
  -2475.00   42252.15  0.0676919    15.3131   146.1834   265.6234    31.1602
  -2465.00   42253.04  0.0676855    15.3310   144.5896   265.8719    31.0415
  -2455.00   42253.85  0.0675233    15.3543   143.0433   266.0994    30.9050
  -2445.00   42252.31  0.0675023    15.3710   141.6133   266.3113    30.7633
  -2435.00   42250.02  0.0675815    15.3879   140.1927   266.6114    30.6501
  -2425.00   42250.14  0.0675893    15.4101   139.0710   266.7639    30.5430
  -2415.00   42250.49  0.0676516    15.4310   138.0687   266.9741    30.4212
  -2405.00   42248.29  0.0677007    15.4474   137.0181   267.3508    30.3049
  -2395.00   42246.82  0.0678313    15.4614   136.2150   267.5731    30.2109
  -2385.00   42248.18  0.0679645    15.4791   135.4195   267.8435    30.1144
  -2375.00   42248.76  0.0679163    15.4954   134.4902   268.2413    29.9964
  -2365.00   42247.68  0.0679903    15.5031   133.5556   268.5851    29.8844
  -2355.00   42248.02  0.0681032    15.5137   132.4495   268.9733    29.7881
  -2345.00   42250.71  0.0679780    15.5288   131.2585   269.3132    29.6715
  -2335.00   42251.93  0.0679078    15.5380   129.9026   269.6823    29.5351
  -2325.00   42251.38  0.0678739    15.5468   128.2749   270.1502    29.4117
  -2315.00   42252.29  0.0677732    15.5594   126.7559   270.3981    29.2937
  -2305.00   42254.45  0.0676585    15.5743   125.1670   270.6731    29.1543
  -2295.00   42253.97  0.0674900    15.5892   123.4204   271.0813    29.0090
  -2285.00   42251.81  0.0674688    15.6010   121.9276   271.2906    28.8811
  -2275.00   42251.65  0.0674861    15.6191   120.5728   271.4732    28.7591
  -2265.00   42251.77  0.0673356    15.6410   119.2733   271.7372    28.6210
  -2255.00   42249.97  0.0673718    15.6560   118.1825   271.9604    28.4864
  -2245.00   42247.58  0.0675477    15.6722   117.2024   272.2010    28.3796
  -2235.00   42247.86  0.0675513    15.6947   116.4114   272.3701    28.2692
  -2225.00   42248.87  0.0676311    15.7125   115.6358   272.6209    28.1464
  -2215.00   42247.53  0.0677907    15.7257   114.7000   273.0275    28.0380
  -2205.00   42247.11  0.0679347    15.7407   113.9022   273.2505    27.9456
  -2195.00   42249.36  0.0680476    15.7561   112.9629   273.5461    27.8419
  -2185.00   42250.80  0.0680283    15.7686   111.6787   274.0479    27.7231
  -2175.00   42250.37  0.0681263    15.7756   110.3632   274.4225    27.6154
  -2165.00   42250.84  0.0682252    15.7856   108.9001   274.7918    27.5136
  -2155.00   42253.16  0.0680342    15.7991   107.2443   275.2263    27.3867
  -2145.00   42253.97  0.0679433    15.8068   105.5127   275.6574    27.2488
  -2135.00   42252.42  0.0679456    15.8150   103.7126   276.1015    27.1262
  -2125.00   42252.27  0.0677473    15.8300   102.1266   276.3615    26.9993
  -2115.00   42253.34  0.0675676    15.8445   100.6078   276.6638    26.8539
  -2105.00   42252.18  0.0674416    15.8578    99.0645   277.0968    26.7122
  -2095.00   42249.62  0.0673897    15.8726    97.9463   277.2510    26.5896
  -2085.00   42249.09  0.0673500    15.8908    97.0163   277.3922    26.4657
  -2075.00   42249.51  0.0671926    15.9102    96.0399   277.7068    26.3302
  -2065.00   42248.25  0.0672572    15.9240    95.2704   277.9101    26.2077
  -2055.00   42246.59  0.0674304    15.9389    94.5816   278.0757    26.1059
  -2045.00   42247.59  0.0673668    15.9586    93.8463   278.2772    25.9930
  -2035.00   42249.50  0.0674308    15.9720    92.9791   278.5613    25.8716
  -2025.00   42249.06  0.0676358    15.9815    91.8945   278.9295    25.7680
  -2015.00   42249.29  0.0676935    15.9954    90.8298   279.1257    25.6693
  -2005.00   42251.80  0.0677289    16.0078    89.5348   279.4211    25.5550
  -1995.00   42253.42  0.0677418    16.0162    87.8541   279.9409    25.4334
  -1985.00   42252.89  0.0678245    16.0236    86.2591   280.2458    25.3247
  -1975.00   42252.55  0.0678741    16.0334    84.6327   280.5321    25.2138
  -1965.00   42253.80  0.0676781    16.0449    82.8322   280.9889    25.0803
  -1955.00   42253.76  0.0676420    16.0518    81.1469   281.3862    24.9457
  -1945.00   42251.25  0.0677013    16.0600    79.6236   281.7218    24.8248
  -1935.00   42250.09  0.0674753    16.0749    78.3307   281.9754    24.6930
  -1925.00   42250.63  0.0673277    16.0876    77.1591   282.2884    24.5473
  -1915.00   42249.56  0.0673264    16.0986    76.0333   282.6861    24.4120
  -1905.00   42247.54  0.0672609    16.1144    75.3043   282.7973    24.2900
  -1895.00   42247.49  0.0672057    16.1316    74.6552   282.9298    24.1625
  -1885.00   42248.93  0.0671325    16.1476    73.7848   283.2923    24.0292
  -1875.00   42248.83  0.0672542    16.1613    73.0608   283.4531    23.9146
  -1865.00   42248.08  0.0674385    16.1760    72.3001   283.5671    23.8131
  -1855.00   42249.70  0.0673858    16.1931    71.2537   283.8335    23.6987
  -1845.00   42252.00  0.0675345    16.2041    69.9993   284.1531    23.5835
  -1835.00   42251.89  0.0678264    16.2121    68.5545   284.4938    23.4854
  -1825.00   42251.69  0.0678491    16.2248    67.0649   284.7393    23.3834
  -1815.00   42253.43  0.0678822    16.2346    65.3642   285.1262    23.2647
  -1805.00   42254.40  0.0679851    16.2398    63.4207   285.7073    23.1451
  -1795.00   42253.17  0.0680245    16.2475    61.7458   286.0303    23.0337
  -1785.00   42251.69  0.0679805    16.2570    60.1812   286.3519    22.9127
  -1775.00   42252.00  0.0677757    16.2662    58.5166   286.9056    22.7739
  -1765.00   42251.59  0.0677331    16.2736    57.1607   287.2950    22.6410
  -1755.00   42248.95  0.0677339    16.2832    56.0869   287.5634    22.5176
  -1745.00   42247.69  0.0674246    16.2979    55.1288   287.8599    22.3814
  -1735.00   42248.54  0.0672841    16.3098    54.2535   288.1854    22.2394
  -1725.00   42248.33  0.0673442    16.3201    53.4181   288.5050    22.1129
  -1715.00   42247.33  0.0672019    16.3361    52.7856   288.6026    21.9931
  -1705.00   42248.03  0.0671011    16.3515    52.0524   288.7612    21.8666
  -1695.00   42250.37  0.0671169    16.3633    50.9681   289.1474    21.7410
  -1685.00   42251.25  0.0672036    16.3759    49.9754   289.2712    21.6327
  -1675.00   42250.84  0.0673054    16.3888    48.8705   289.3643    21.5286
  -1665.00   42252.34  0.0672290    16.4012    47.3649   289.7119    21.4111
  -1655.00   42254.14  0.0673827    16.4095    45.7812   290.0055    21.2993
  -1645.00   42253.67  0.0676488    16.4163    44.1607   290.2672    21.1990
  -1635.00   42252.33  0.0675677    16.4267    42.5348   290.5288    21.0884
  -1625.00   42252.72  0.0675951    16.4341    40.8474   290.9194    20.9655
  -1615.00   42252.95  0.0677690    16.4376    39.1448   291.4284    20.8465
  -1605.00   42251.23  0.0677491    16.4452    37.8216   291.6890    20.7307
  -1595.00   42249.21  0.0676561    16.4539    36.6353   291.9962    20.6027
  -1585.00   42249.31  0.0675363    16.4605    35.3587   292.5506    20.4641
  -1575.00   42249.45  0.0675215    16.4678    34.4301   292.8609    20.3346
  -1565.00   42247.62  0.0674930    16.4777    33.7018   293.0562    20.2091
  -1555.00   42246.99  0.0671921    16.4901    32.8636   293.3914    20.0713
  -1545.00   42248.59  0.0671257    16.5003    32.0235   293.6891    19.9348
  -1535.00   42249.59  0.0672499    16.5103    31.1566   293.9142    19.8134
  -1525.00   42249.38  0.0670813    16.5250    30.2723   294.0170    19.6934
  -1515.00   42250.37  0.0670175    16.5384    29.1591   294.2098    19.5679
  -1505.00   42252.82  0.0671772    16.5478    27.7138   294.5686    19.4498
  -1495.00   42253.88  0.0672776    16.5596    26.3577   294.6759    19.3448
  -1485.00   42252.89  0.0673635    16.5715    24.9105   294.7965    19.2386
  -1475.00   42253.23  0.0673918    16.5802    23.1151   295.2330    19.1229
  -1465.00   42253.96  0.0675941    16.5872    21.4620   295.5279    19.0158
  -1455.00   42252.87  0.0678598    16.5935    19.9442   295.7768    18.9137
  -1445.00   42250.54  0.0677461    16.6013    18.4298   296.1601    18.7976
  -1435.00   42249.99  0.0678066    16.6065    17.0086   296.6038    18.6748
  -1425.00   42250.18  0.0680229    16.6093    15.7061   297.0909    18.5559
  -1415.00   42248.76  0.0678995    16.6163    14.7240   297.3902    18.4344
  -1405.00   42247.23  0.0677519    16.6241    13.7740   297.7738    18.3011
  -1395.00   42247.85  0.0676872    16.6294    12.6941   298.3469    18.1641
  -1385.00   42249.12  0.0676139    16.6370    11.8909   298.6165    18.0363
  -1375.00   42248.42  0.0674796    16.6475    11.1094   298.8075    17.9084
  -1365.00   42248.43  0.0671823    16.6581    10.0167   299.2089    17.7726
  -1355.00   42250.48  0.0671311    16.6674     8.9101   299.4653    17.6446
  -1345.00   42252.13  0.0672291    16.6773     7.7547   299.6059    17.5286
  -1335.00   42251.98  0.0669980    16.6899     6.4394   299.7558    17.4102
  -1325.00   42252.37  0.0669569    16.7003     4.9378   299.9793    17.2896
  -1315.00   42254.04  0.0671818    16.7074     3.2874   300.2802    17.1782
  -1305.00   42254.59  0.0672172    16.7169     1.8127   300.3800    17.0731
  -1295.00   42252.64  0.0672328    16.7259     0.3343   300.5506    16.9621
  -1285.00   42251.63  0.0673199    16.7311   358.6832   301.0111    16.8463
  -1275.00   42251.61  0.0674767    16.7361   357.3616   301.2643    16.7378
  -1265.00   42250.42  0.0676403    16.7417   356.2631   301.4609    16.6286
  -1255.00   42247.99  0.0675052    16.7467   355.0867   301.9003    16.5065
  -1245.00   42247.35  0.0675600    16.7503   354.0701   302.2911    16.3836
  -1235.00   42248.33  0.0677776    16.7531   353.1662   302.6528    16.2641
  -1225.00   42247.98  0.0675844    16.7589   352.3513   302.9474    16.1386
  -1215.00   42247.41  0.0674627    16.7649   351.4241   303.3197    16.0055
  -1205.00   42248.71  0.0675053    16.7689   350.2923   303.8187    15.8733
  -1195.00   42251.02  0.0674124    16.7758   349.3092   304.0234    15.7475
  -1185.00   42251.11  0.0672626    16.7852   348.1786   304.2207    15.6186
  -1175.00   42251.05  0.0670721    16.7933   346.6712   304.6521    15.4862
  -1165.00   42252.66  0.0670659    16.8014   345.2400   304.8557    15.3638
  -1155.00   42254.01  0.0671509    16.8112   343.8282   304.9387    15.2487
  -1145.00   42253.17  0.0669478    16.8216   342.2517   305.1536    15.1303
  -1135.00   42252.20  0.0669848    16.8298   340.6845   305.3782    15.0146
  -1125.00   42252.68  0.0672883    16.8363   339.1958   305.6049    14.9078
  -1115.00   42252.72  0.0673139    16.8442   337.9339   305.7246    14.8024
  -1105.00   42250.32  0.0673716    16.8508   336.7062   305.9666    14.6911
  -1095.00   42248.70  0.0675914    16.8537   335.4097   306.4455    14.5792
  -1085.00   42248.93  0.0677568    16.8571   334.4519   306.7103    14.4710
  -1075.00   42248.45  0.0678612    16.8611   333.6060   306.9668    14.3571
  -1065.00   42246.78  0.0677865    16.8636   332.5236   307.5257    14.2334
  -1055.00   42246.69  0.0678341    16.8656   331.5552   307.9514    14.1109
  -1045.00   42248.72  0.0679800    16.8686   330.6238   308.2813    13.9889
  -1035.00   42249.49  0.0677128    16.8733   329.5209   308.6779    13.8597
  -1025.00   42249.52  0.0675685    16.8781   328.2571   309.0823    13.7281
  -1015.00   42250.95  0.0676341    16.8824   326.8174   309.5149    13.6003
  -1005.00   42253.49  0.0674407    16.8893   325.4632   309.7085    13.4758
   -995.00   42253.58  0.0672546    16.8975   323.9522   309.9327    13.3493
   -985.00   42252.60  0.0671557    16.9041   322.1798   310.3651    13.2238
   -975.00   42253.10  0.0671312    16.9111   320.6714   310.5176    13.1077
   -965.00   42253.62  0.0671457    16.9194   319.2897   310.5885    12.9940
   -955.00   42252.02  0.0669746    16.9267   317.8018   310.8834    12.8772
   -945.00   42249.95  0.0670265    16.9321   316.5245   311.1035    12.7654
   -935.00   42249.80  0.0672851    16.9371   315.4632   311.2649    12.6587
   -925.00   42250.02  0.0672220    16.9422   314.5460   311.4348    12.5487
   -915.00   42248.09  0.0672610    16.9456   313.6414   311.7061    12.4357
   -905.00   42246.81  0.0675123    16.9469   312.6753   312.1241    12.3237
   -895.00   42248.05  0.0675888    16.9489   311.9277   312.3425    12.2117
   -885.00   42248.72  0.0676160    16.9511   311.0920   312.6045    12.0937
   -875.00   42248.07  0.0676118    16.9517   309.8914   313.1562    11.9705
   -865.00   42248.51  0.0676585    16.9526   308.7462   313.5160    11.8492
   -855.00   42251.08  0.0677331    16.9551   307.5481   313.7724    11.7261
   -845.00   42252.42  0.0674966    16.9581   306.0324   314.2016    11.5970
   -835.00   42252.07  0.0673940    16.9613   304.4240   314.5780    11.4689
   -825.00   42252.66  0.0674931    16.9652   302.7798   314.9031    11.3445
   -815.00   42254.47  0.0672694    16.9710   301.2300   315.1026    11.2198
   -805.00   42253.90  0.0671154    16.9773   299.6624   315.3280    11.0954
   -795.00   42251.69  0.0671437    16.9826   298.0297   315.7104    10.9750
   -785.00   42251.10  0.0671157    16.9888   296.8012   315.8188    10.8606
   -775.00   42251.15  0.0671218    16.9956   295.7435   315.8932    10.7472
   -765.00   42249.56  0.0670736    17.0006   294.5883   316.2296    10.6336
   -755.00   42247.33  0.0671937    17.0043   293.7029   316.4293    10.5259
   -745.00   42247.49  0.0674469    17.0080   292.9766   316.5635    10.4201
   -735.00   42248.69  0.0674136    17.0107   292.1772   316.8271    10.3097
   -725.00   42247.78  0.0675195    17.0115   291.2984   317.1501    10.1993
   -715.00   42247.28  0.0678310    17.0115   290.2873   317.5457    10.0894
   -705.00   42249.48  0.0678547    17.0119   289.2889   317.8263     9.9748
   -695.00   42251.06  0.0678638    17.0119   288.0611   318.1766     9.8559
   -685.00   42250.87  0.0679414    17.0113   286.4506   318.7623     9.7347
   -675.00   42251.14  0.0679453    17.0118   284.9201   319.1273     9.6131
   -665.00   42253.25  0.0679150    17.0137   283.3374   319.4195     9.4886
   -655.00   42254.27  0.0677009    17.0157   281.4948   319.9178     9.3610
   -645.00   42252.72  0.0675965    17.0183   279.7677   320.2894     9.2367
   -635.00   42252.11  0.0676250    17.0224   278.2060   320.5502     9.1150
   -625.00   42253.01  0.0673500    17.0271   276.7766   320.8012     8.9917
   -615.00   42251.95  0.0671913    17.0314   275.4831   321.0412     8.8720
   -605.00   42249.24  0.0672718    17.0357   274.2793   321.3495     8.7577
   -595.00   42248.40  0.0671764    17.0403   273.4370   321.4604     8.6443
   -585.00   42248.93  0.0671314    17.0441   272.7012   321.5648     8.5321
   -575.00   42248.08  0.0671673    17.0463   271.7912   321.9177     8.4222
   -565.00   42246.48  0.0672574    17.0482   271.0842   322.0935     8.3150
   -555.00   42247.48  0.0674149    17.0495   270.3784   322.2207     8.2066
   -545.00   42249.79  0.0673757    17.0494   269.3842   322.5525     8.0949
   -535.00   42249.77  0.0674726    17.0483   268.2762   322.8586     7.9849
   -525.00   42249.72  0.0677334    17.0474   267.0080   323.1711     7.8737
   -515.00   42252.10  0.0676781    17.0463   265.6138   323.4719     7.7561
   -505.00   42253.82  0.0676679    17.0446   264.0329   323.8088     7.6378
   -495.00   42253.17  0.0678065    17.0433   262.2054   324.3029     7.5194
   -485.00   42252.36  0.0677642    17.0434   260.5439   324.6146     7.3971
   -475.00   42253.28  0.0677032    17.0437   258.9320   324.8890     7.2732
   -465.00   42253.52  0.0675887    17.0442   257.2015   325.3716     7.1491
   -455.00   42250.87  0.0675186    17.0461   255.7756   325.6809     7.0274
   -445.00   42249.41  0.0675219    17.0490   254.5901   325.8956     6.9064
   -435.00   42250.11  0.0672879    17.0519   253.4971   326.1889     6.7842
   -425.00   42249.36  0.0671872    17.0546   252.5896   326.4159     6.6683
   -415.00   42247.26  0.0673091    17.0578   251.7707   326.6428     6.5571
   -405.00   42247.06  0.0672068    17.0610   251.1131   326.7783     6.4438
   -395.00   42248.78  0.0671873    17.0624   250.4301   326.9079     6.3345
   -385.00   42248.99  0.0673538    17.0629   249.4780   327.2279     6.2306
   -375.00   42248.10  0.0674613    17.0636   248.5812   327.3976     6.1248
   -365.00   42249.67  0.0676131    17.0627   247.5375   327.5585     6.0172
   -355.00   42252.38  0.0676867    17.0601   246.0862   327.9674     5.9097
   -345.00   42252.41  0.0678306    17.0578   244.5751   328.2912     5.8021
   -335.00   42251.85  0.0680672    17.0555   242.9502   328.6133     5.6902
   -325.00   42253.45  0.0680075    17.0525   241.1819   329.0331     5.5719
   -315.00   42254.56  0.0680001    17.0496   239.4234   329.4278     5.4550
   -305.00   42253.02  0.0681383    17.0479   237.6488   329.8917     5.3375
   -295.00   42251.08  0.0680117    17.0476   236.1099   330.2561     5.2132
   -285.00   42251.26  0.0678902    17.0469   234.7473   330.5752     5.0900
   -275.00   42251.15  0.0678244    17.0467   233.3863   331.0447     4.9708
   -265.00   42248.32  0.0677008    17.0487   232.3746   331.3256     4.8511
   -255.00   42246.95  0.0676357    17.0503   231.5420   331.5349     4.7321
   -245.00   42248.29  0.0674400    17.0510   230.6603   331.8742     4.6152
   -235.00   42248.40  0.0673500    17.0524   229.9204   332.0797     4.5048
   -225.00   42247.38  0.0674332    17.0538   229.1505   332.2611     4.3964
   -215.00   42248.08  0.0673005    17.0544   228.2951   332.4617     4.2838
   -205.00   42250.81  0.0672705    17.0531   227.3295   332.6239     4.1777
   -195.00   42251.75  0.0674478    17.0518   226.0842   332.8908     4.0763
   -185.00   42250.94  0.0674746    17.0510   224.7947   333.0752     3.9678
   -175.00   42252.31  0.0675512    17.0477   223.3681   333.2576     3.8587
   -165.00   42254.35  0.0676689    17.0434   221.6251   333.6515     3.7538
   -155.00   42253.59  0.0677567    17.0408   219.9835   333.9240     3.6450
   -145.00   42251.79  0.0679152    17.0373   218.3658   334.2000     3.5307
   -135.00   42252.21  0.0678787    17.0326   216.6778   334.6413     3.4138
   -125.00   42252.63  0.0678772    17.0291   215.2146   334.9841     3.2992
   -115.00   42250.61  0.0679991    17.0268   213.8703   335.3529     3.1822
   -105.00   42248.34  0.0678596    17.0249   212.6982   335.7315     3.0572
    -95.00   42248.79  0.0677550    17.0225   211.7247   336.0383     2.9363
    -85.00   42249.24  0.0677599    17.0213   210.7446   336.4308     2.8212
    -75.00   42247.19  0.0676160    17.0225   209.9618   336.6899     2.7012
    -65.00   42246.61  0.0675462    17.0223   209.2182   336.8895     2.5829
    -55.00   42248.88  0.0674558    17.0211   208.2640   337.2250     2.4719
    -45.00   42249.93  0.0673869    17.0221   207.3668   337.3880     2.3650
    -35.00   42249.53  0.0674713    17.0221   206.3249   337.5344     2.2583
    -25.00   42250.55  0.0674070    17.0202   205.0390   337.7860     2.1498
    -15.00   42253.34  0.0674437    17.0178   203.6891   337.9457     2.0497
     -5.00   42254.18  0.0676616    17.0151   202.1383   338.1688     1.9521
      5.00   42252.52  0.0677035    17.0124   200.5336   338.4145     1.8437
     15.00   42252.98  0.0678176    17.0069   198.9326   338.6547     1.7371
     25.00   42253.87  0.0680262    17.0011   197.2112   339.0497     1.6362
     35.00   42252.25  0.0680882    16.9977   195.7035   339.3641     1.5259
     45.00   42249.60  0.0682093    16.9926   194.3289   339.6961     1.4088
     55.00   42249.46  0.0682399    16.9862   192.9271   340.2071     1.2950
     65.00   42249.98  0.0682099    16.9827   191.8302   340.5681     1.1813
     75.00   42248.24  0.0682601    16.9801   190.8381   340.9341     1.0628
     85.00   42246.71  0.0681049    16.9766   189.8437   341.3907     0.9393
     95.00   42248.15  0.0679817    16.9735   188.9997   341.7112     0.8229
    105.00   42249.56  0.0679633    16.9721   188.0744   342.0480     0.7123
    115.00   42248.43  0.0677579    16.9722   187.1186   342.3415     0.5938
    125.00   42248.62  0.0676565    16.9700   186.1076   342.5563     0.4788
    135.00   42251.26  0.0676224    16.9673   184.8295   342.8614     0.3760
    145.00   42252.57  0.0674960    16.9676   183.5525   343.0195     0.2715
    155.00   42251.76  0.0675239    16.9656   182.1469   343.1681     0.1643
    165.00   42252.31  0.0675030    16.9608   180.5126   343.4601     0.0608
    175.00   42254.24  0.0675104    16.9576   178.9958   343.6042   359.9633
    185.00   42254.29  0.0676564    16.9539   177.4451   343.7924   359.8640
    195.00   42251.60  0.0676645    16.9486   175.8961   344.0906   359.7541
    205.00   42251.09  0.0677601    16.9419   174.5533   344.3202   359.6488
    215.00   42251.46  0.0679492    16.9355   173.2492   344.6380   359.5486
    225.00   42249.59  0.0679362    16.9312   172.1243   344.9545   359.4352
    235.00   42247.07  0.0680243    16.9246   171.1488   345.2683   359.3168
    245.00   42247.26  0.0681166    16.9168   170.1102   345.7202   359.2072
    255.00   42248.64  0.0680475    16.9133   169.2668   346.0332   359.0945
    265.00   42247.77  0.0680625    16.9097   168.3941   346.3605   358.9740
    275.00   42247.39  0.0679768    16.9038   167.3212   346.8194   358.8549
    285.00   42249.72  0.0678767    16.9002   166.3232   347.0927   358.7432
    295.00   42251.91  0.0678476    16.8986   165.1565   347.3659   358.6341
    305.00   42251.18  0.0676617    16.8966   163.7905   347.6929   358.5170
    315.00   42251.30  0.0675997    16.8929   162.4117   347.8928   358.4064
    325.00   42253.33  0.0676267    16.8897   160.8569   348.1273   358.3098
    335.00   42254.00  0.0674852    16.8892   159.3142   348.2992   358.2067
    345.00   42252.09  0.0675326    16.8856   157.7937   348.4524   358.1002
    355.00   42251.56  0.0676304    16.8788   156.1959   348.7300   358.0048
    365.00   42252.56  0.0676556    16.8752   154.8636   348.8638   357.9112
    375.00   42251.96  0.0678034    16.8706   153.6032   349.0623   357.8103
    385.00   42249.12  0.0679025    16.8620   152.3420   349.4292   357.7042
    395.00   42248.54  0.0680485    16.8541   151.3624   349.6762   357.6027
    405.00   42249.53  0.0682350    16.8472   150.4097   349.9907   357.5024
    415.00   42248.16  0.0682204    16.8407   149.4305   350.4171   357.3869
    425.00   42246.56  0.0683155    16.8324   148.5409   350.7874   357.2690
    435.00   42247.51  0.0684317    16.8242   147.5135   351.2259   357.1628
    445.00   42249.73  0.0682795    16.8207   146.4666   351.6006   357.0496
    455.00   42249.53  0.0682336    16.8164   145.2975   351.9721   356.9272
    465.00   42249.68  0.0681844    16.8092   143.8633   352.4382   356.8150
    475.00   42252.15  0.0680217    16.8061   142.4925   352.6949   356.7096
    485.00   42254.18  0.0679119    16.8048   140.9722   352.9581   356.6010
    495.00   42253.08  0.0677422    16.8003   139.2572   353.3289   356.4890
    505.00   42252.32  0.0676760    16.7956   137.7183   353.5044   356.3859
    515.00   42253.30  0.0676728    16.7922   136.1845   353.6813   356.2933
    525.00   42253.00  0.0674913    16.7896   134.6875   353.9178   356.1899
    535.00   42250.24  0.0675259    16.7837   133.4026   354.0878   356.0836
    545.00   42248.95  0.0676523    16.7755   132.1872   354.3202   355.9927
    555.00   42249.72  0.0675915    16.7714   131.2252   354.4682   355.8979
    565.00   42249.14  0.0676730    16.7655   130.3338   354.6841   355.7909
    575.00   42247.13  0.0677999    16.7547   129.3847   355.0433   355.6882
    585.00   42247.25  0.0678927    16.7465   128.6625   355.2360   355.5893
    595.00   42249.38  0.0679937    16.7402   127.8387   355.5041   355.4857
    605.00   42249.00  0.0679911    16.7311   126.7667   355.9506   355.3711
    615.00   42248.30  0.0680946    16.7217   125.7307   356.2662   355.2570
    625.00   42249.86  0.0682017    16.7138   124.5036   356.6011   355.1542
    635.00   42252.27  0.0680245    16.7091   123.0526   357.0053   355.0407
    645.00   42252.11  0.0679968    16.7033   121.5139   357.3694   354.9183
    655.00   42251.66  0.0680222    16.6951   119.8077   357.7644   354.8123
    665.00   42253.26  0.0678194    16.6923   118.2064   358.0010   354.7104
    675.00   42254.38  0.0676915    16.6907   116.5779   358.2684   354.5991
    685.00   42252.50  0.0676076    16.6842   114.8982   358.6342   354.4926
    695.00   42250.74  0.0675557    16.6791   113.5928   358.7494   354.3974
    705.00   42251.07  0.0675351    16.6764   112.4104   358.8753   354.3060
    715.00   42250.49  0.0674178    16.6714   111.2262   359.1596   354.2049
    725.00   42247.89  0.0675237    16.6634   110.3420   359.3082   354.1045
    735.00   42246.81  0.0677146    16.6545   109.5367   359.4717   354.0194
    745.00   42248.18  0.0676632    16.6489   108.7615   359.6848   353.9251
    755.00   42248.37  0.0678009    16.6406   107.9559   359.9579   353.8161
    765.00   42247.47  0.0680297    16.6275   106.9905     0.3254   353.7186
    775.00   42248.40  0.0680957    16.6189   106.0900     0.5498   353.6225
    785.00   42251.25  0.0681590    16.6126   104.9375     0.8961   353.5128
    795.00   42251.53  0.0682111    16.6011   103.4357     1.4202   353.4009
    805.00   42250.95  0.0682956    16.5913   102.0019     1.7436   353.2918
    815.00   42252.34  0.0683109    16.5853   100.4232     2.0684   353.1892
    825.00   42253.92  0.0681169    16.5794    98.5717     2.5704   353.0766
    835.00   42253.14  0.0680812    16.5725    96.8326     2.9540   352.9577
    845.00   42251.50  0.0680931    16.5651    95.1678     3.2705   352.8592
    855.00   42251.96  0.0678050    16.5623    93.6244     3.5550   352.7605
    865.00   42252.31  0.0676534    16.5598    92.2125     3.8590   352.6478
    875.00   42250.06  0.0676292    16.5513    90.9015     4.1938   352.5483
    885.00   42248.13  0.0675046    16.5459    90.0012     4.2795   352.4602
    895.00   42248.67  0.0674094    16.5433    89.1890     4.4174   352.3654
    905.00   42248.64  0.0673381    16.5353    88.2670     4.7471   352.2655
    915.00   42247.00  0.0674268    16.5254    87.6178     4.8598   352.1707
    925.00   42246.71  0.0675443    16.5171    86.9546     4.9593   352.0860
    935.00   42248.87  0.0674537    16.5097    86.0366     5.2449   351.9888
    945.00   42250.02  0.0675887    16.4993    85.0332     5.5188   351.8792
    955.00   42249.71  0.0678221    16.4858    83.8476     5.8022   351.7854
    965.00   42250.87  0.0677842    16.4774    82.5733     6.0260   351.6903
    975.00   42253.53  0.0678159    16.4705    81.0352     6.3867   351.5756
    985.00   42253.74  0.0679226    16.4577    79.2306     6.8763   351.4669
    995.00   42252.44  0.0679619    16.4478    77.6219     7.1239   351.3648
   1005.00   42252.74  0.0679097    16.4434    75.9710     7.4197   351.2592
   1015.00   42253.23  0.0677744    16.4356    74.1410     7.9377   351.1478
   1025.00   42251.83  0.0677815    16.4274    72.6344     8.2670   351.0345
   1035.00   42249.39  0.0677689    16.4213    71.3730     8.4805   350.9401
   1045.00   42249.22  0.0674849    16.4176    70.1495     8.8061   350.8421
   1055.00   42249.69  0.0673916    16.4134    69.1214     9.1109   350.7298
   1065.00   42247.94  0.0674501    16.4041    68.2452     9.3520   350.6377
   1075.00   42246.78  0.0672829    16.3985    67.5969     9.4297   350.5559
   1085.00   42248.09  0.0672014    16.3953    66.9023     9.5906   350.4590
   1095.00   42249.15  0.0672640    16.3845    65.9785     9.9166   350.3637
   1105.00   42248.63  0.0673744    16.3731    65.2199     9.9836   350.2793
   1115.00   42248.94  0.0674721    16.3654    64.3065    10.0752   350.1950
   1125.00   42251.33  0.0674743    16.3553    62.9452    10.4547   350.0972
   1135.00   42252.75  0.0676926    16.3422    61.5306    10.7497   349.9919
   1145.00   42252.11  0.0679467    16.3288    60.0108    11.0010   349.9016
   1155.00   42252.50  0.0678734    16.3201    58.3116    11.3479   349.8044
   1165.00   42254.14  0.0679325    16.3119    56.5045    11.8021   349.6853
   1175.00   42253.70  0.0680966    16.2986    54.6575    12.2999   349.5788
   1185.00   42251.59  0.0680244    16.2899    53.1237    12.5759   349.4823
   1195.00   42250.87  0.0678891    16.2870    51.6577    12.9396   349.3718
   1205.00   42250.88  0.0677880    16.2785    50.1328    13.4943   349.2620
   1215.00   42249.57  0.0677576    16.2697    49.0518    13.7701   349.1597
   1225.00   42247.30  0.0676337    16.2658    48.2032    13.9447   349.0685
   1235.00   42247.30  0.0673495    16.2608    47.2319    14.3229   348.9720
   1245.00   42248.57  0.0672956    16.2539    46.4172    14.6129   348.8649
   1255.00   42247.86  0.0673432    16.2445    45.7070    14.7585   348.7805
   1265.00   42247.64  0.0671076    16.2380    44.9241    14.8942   348.7005
   1275.00   42249.61  0.0670215    16.2330    43.9784    15.1102   348.5996
   1285.00   42251.47  0.0671512    16.2201    42.7826    15.4057   348.5067
   1295.00   42251.61  0.0671626    16.2084    41.6571    15.4609   348.4282
   1305.00   42251.70  0.0671566    16.2016    40.3440    15.5802   348.3387
   1315.00   42253.46  0.0671944    16.1899    38.6166    15.9949   348.2379
   1325.00   42254.38  0.0673900    16.1755    37.0179    16.2260   348.1391
   1335.00   42252.84  0.0675502    16.1642    35.4775    16.3939   348.0501
   1345.00   42251.88  0.0674500    16.1551    33.7736    16.7866   347.9500
   1355.00   42252.39  0.0675464    16.1451    32.1794    17.2124   347.8309
   1365.00   42251.58  0.0677469    16.1319    30.7539    17.5919   347.7284
   1375.00   42249.33  0.0675993    16.1239    29.5770    17.8719   347.6344
   1385.00   42248.31  0.0674668    16.1206    28.4800    18.2546   347.5192
   1395.00   42248.84  0.0674661    16.1108    27.3444    18.7699   347.4095
   1405.00   42248.49  0.0673958    16.1019    26.5823    18.9706   347.3177
   1415.00   42247.11  0.0672149    16.0996    25.8819    19.1349   347.2259
   1425.00   42247.75  0.0669936    16.0935    24.8875    19.5349   347.1295
   1435.00   42249.90  0.0670032    16.0841    23.9957    19.7489   347.0328
   1445.00   42250.17  0.0670346    16.0758    23.1139    19.8013   346.9563
   1455.00   42250.27  0.0668232    16.0684    21.9344    19.9800   346.8793
   1465.00   42252.08  0.0668364    16.0603    20.5844    20.2112   346.7805
   1475.00   42253.88  0.0670819    16.0459    19.0997    20.4267   346.6945
   1485.00   42253.81  0.0670879    16.0336    17.6281    20.5199   346.6217
   1495.00   42252.79  0.0671081    16.0260    16.0499    20.7257   346.5271
   1505.00   42253.35  0.0672882    16.0121    14.2436    21.1890   346.4232
   1515.00   42253.49  0.0674842    15.9967    12.7448    21.4230   346.3313
   1525.00   42251.31  0.0675772    15.9873    11.4068    21.6375   346.2394
   1535.00   42249.52  0.0675086    15.9780     9.9223    22.1556   346.1328
   1545.00   42249.61  0.0676298    15.9664     8.6925    22.5947   346.0167
   1555.00   42249.25  0.0677779    15.9550     7.6990    22.9147   345.9193
   1565.00   42247.70  0.0675511    15.9485     6.7301    23.2897   345.8258
   1575.00   42247.18  0.0674135    15.9442     5.7808    23.7252   345.7099
   1585.00   42248.69  0.0674658    15.9339     4.7854    24.1740   345.6056
   1595.00   42249.53  0.0672851    15.9258     3.9442    24.3693   345.5248
   1605.00   42249.01  0.0670412    15.9238     2.9967    24.5783   345.4329
   1615.00   42250.05  0.0668907    15.9162     1.6714    25.0102   345.3351
   1625.00   42252.41  0.0668718    15.9049     0.4630    25.1567   345.2514
   1635.00   42253.04  0.0668215    15.8976   359.2205    25.1892   345.1780
   1645.00   42252.54  0.0666033    15.8898   357.6293    25.4488   345.0970
   1655.00   42253.32  0.0666517    15.8786   356.0401    25.6735   345.0005
   1665.00   42254.37  0.0668689    15.8644   354.5344    25.8045   344.9184
   1675.00   42253.65  0.0667976    15.8529   353.0595    25.9420   344.8448
   1685.00   42251.48  0.0667966    15.8442   351.6193    26.1979   344.7439
   1695.00   42251.05  0.0670258    15.8292   350.1823    26.6007   344.6383
   1705.00   42250.99  0.0671300    15.8144   349.0931    26.7881   344.5523
   1715.00   42249.03  0.0671363    15.8065   348.1410    27.0048   344.4566
   1725.00   42247.32  0.0671192    15.7966   346.9962    27.5391   344.3436
   1735.00   42247.85  0.0672354    15.7833   346.1070    27.8879   344.2353
   1745.00   42248.69  0.0673163    15.7739   345.3413    28.1184   344.1421
   1755.00   42248.21  0.0670915    15.7680   344.3354    28.5327   344.0459
   1765.00   42248.40  0.0670145    15.7614   343.2630    28.9470   343.9318
   1775.00   42250.64  0.0671036    15.7510   342.1320    29.2713   343.8350
   1785.00   42252.29  0.0668841    15.7439   340.9321    29.4717   343.7604
   1795.00   42251.92  0.0666617    15.7414   339.5674    29.7100   343.6680
   1805.00   42252.41  0.0666396    15.7321   337.9230    30.0970   343.5721
   1815.00   42254.00  0.0665987    15.7201   336.4636    30.1805   343.5022
   1825.00   42254.20  0.0665349    15.7135   335.0446    30.2027   343.4322
   1835.00   42252.47  0.0664237    15.7046   333.3649    30.5196   343.3470
   1845.00   42251.98  0.0665542    15.6899   331.9275    30.6908   343.2598
   1855.00   42252.35  0.0667864    15.6756   330.7189    30.7669   343.1829
   1865.00   42251.32  0.0667463    15.6645   329.5017    30.9899   343.1051
   1875.00   42248.92  0.0668450    15.6527   328.3708    31.3172   343.0003
   1885.00   42248.39  0.0671507    15.6365   327.3360    31.6934   342.8949
   1895.00   42249.04  0.0672106    15.6230   326.4912    31.9421   342.8105
   1905.00   42247.99  0.0671900    15.6158   325.6277    32.2740   342.7082
   1915.00   42246.97  0.0672510    15.6054   324.5040    32.8675   342.5895
   1925.00   42248.24  0.0673042    15.5925   323.5434    33.2077   342.4909
   1935.00   42250.19  0.0672710    15.5858   322.5578    33.4520   342.4020
   1945.00   42250.42  0.0670471    15.5812   321.1654    33.9515   342.3027
   1955.00   42250.81  0.0669819    15.5725   319.7379    34.3403   342.1978
   1965.00   42252.98  0.0670140    15.5630   318.3098    34.5740   342.1128
   1975.00   42254.59  0.0667490    15.5573   316.7279    34.8174   342.0420
   1985.00   42253.58  0.0665548    15.5525   315.0757    35.0969   341.9497
   1995.00   42252.81  0.0665968    15.5413   313.3913    35.4171   341.8577
   2005.00   42253.22  0.0664871    15.5294   311.9572    35.5100   341.7943
   2015.00   42252.81  0.0663675    15.5230   310.6739    35.5814   341.7208
   2025.00   42250.23  0.0663317    15.5128   309.2632    35.9433   341.6264
   2035.00   42249.02  0.0664052    15.4966   308.2261    36.0774   341.5451
   2045.00   42249.47  0.0665300    15.4838   307.4367    36.1210   341.4695
   2055.00   42248.94  0.0664614    15.4741   306.5136    36.4110   341.3821
   2065.00   42247.29  0.0665697    15.4599   305.6729    36.7063   341.2781
   2075.00   42247.43  0.0668362    15.4437   304.8850    36.9774   341.1774
   2085.00   42249.30  0.0668218    15.4324   304.0473    37.2254   341.0931
   2095.00   42249.34  0.0668067    15.4242   303.0293    37.5750   340.9870
   2105.00   42248.92  0.0669420    15.4126   301.7249    38.0979   340.8675
   2115.00   42250.47  0.0669459    15.4004   300.4650    38.3877   340.7772
   2125.00   42252.78  0.0668618    15.3952   299.0955    38.6284   340.6892
   2135.00   42252.86  0.0667215    15.3906   297.3279    39.1440   340.5841
   2145.00   42252.44  0.0666745    15.3804   295.6620    39.4619   340.4889
   2155.00   42253.61  0.0666600    15.3722   294.1186    39.6178   340.4141
   2165.00   42254.51  0.0664128    15.3681   292.4773    39.8839   340.3425
   2175.00   42252.59  0.0662976    15.3605   290.9526    40.1378   340.2541
   2185.00   42250.69  0.0663936    15.3478   289.6142    40.3472   340.1722
   2195.00   42250.52  0.0662890    15.3364   288.5191    40.4354   340.1147
   2205.00   42250.10  0.0662177    15.3283   287.5801    40.5416   340.0390
   2215.00   42247.67  0.0663375    15.3151   286.5700    40.8803   339.9416
   2225.00   42246.66  0.0664335    15.2973   285.8377    41.0122   339.8662
   2235.00   42247.97  0.0665462    15.2849   285.2142    41.0915   339.7898
   2245.00   42248.40  0.0665837    15.2749   284.2714    41.4891   339.6890
   2255.00   42247.81  0.0667396    15.2585   283.3400    41.8023   339.5867
   2265.00   42248.66  0.0669800    15.2433   282.3533    42.0679   339.4907
   2275.00   42251.42  0.0669367    15.2354   281.1076    42.4266   339.4003
   2285.00   42251.98  0.0669517    15.2263   279.6520    42.8403   339.2928
   2295.00   42251.42  0.0671084    15.2145   277.9959    43.3291   339.1791
   2305.00   42252.54  0.0670317    15.2052   276.3661    43.6448   339.0972
   2315.00   42254.18  0.0668973    15.2011   274.6857    43.9443   339.0108
   2325.00   42253.46  0.0668214    15.1957   272.8060    44.4627   338.9050
   2335.00   42251.78  0.0667334    15.1848   271.2036    44.7438   338.8220
   2345.00   42251.85  0.0666362    15.1777   269.8405    44.8907   338.7551
   2355.00   42252.22  0.0664102    15.1741   268.4486    45.2156   338.6770
   2365.00   42249.97  0.0663187    15.1635   267.3082    45.4511   338.5918
   2375.00   42247.84  0.0663771    15.1499   266.4095    45.6016   338.5174
   2385.00   42248.16  0.0662261    15.1402   265.6238    45.7391   338.4565
   2395.00   42248.42  0.0661534    15.1303   264.9036    45.8943   338.3743
   2405.00   42246.92  0.0662998    15.1150   264.0933    46.1821   338.2758
   2415.00   42246.63  0.0663260    15.0981   263.3684    46.3166   338.2024
   2425.00   42248.97  0.0663557    15.0869   262.5826    46.4253   338.1226
   2435.00   42250.34  0.0664386    15.0763   261.3952    46.8259   338.0124
   2445.00   42250.24  0.0665530    15.0592   260.1683    47.0920   337.9134
   2455.00   42251.13  0.0667100    15.0457   258.8489    47.3001   337.8241
   2465.00   42253.78  0.0666684    15.0398   257.2133    47.6918   337.7253
   2475.00   42254.02  0.0667019    15.0294   255.5019    48.0595   337.6185
   2485.00   42252.45  0.0668572    15.0172   253.7560    48.4433   337.5139
   2495.00   42252.46  0.0667473    15.0109   252.0851    48.7588   337.4340
   2505.00   42253.05  0.0666327    15.0063   250.5064    49.0597   337.3466
   2515.00   42251.62  0.0666340    14.9992   248.9384    49.5050   337.2428
   2525.00   42249.10  0.0665284    14.9888   247.7133    49.7382   337.1699
   2535.00   42248.86  0.0664095    14.9824   246.7298    49.8767   337.1079
   2545.00   42249.55  0.0662723    14.9777   245.7147    50.2029   337.0251
   2555.00   42247.86  0.0662223    14.9643   244.9385    50.3788   336.9466
   2565.00   42246.46  0.0662796    14.9499   244.2946    50.4673   336.8833
   2575.00   42247.89  0.0661818    14.9408   243.5518    50.6450   336.8177
   2585.00   42249.12  0.0661980    14.9276   242.7582    50.8095   336.7318
   2595.00   42248.53  0.0664188    14.9095   241.7997    51.0424   336.6379
   2605.00   42248.76  0.0664718    14.8938   240.7303    51.2219   336.5641
   2615.00   42251.41  0.0665414    14.8824   239.4902    51.4166   336.4759
   2625.00   42252.96  0.0667283    14.8701   237.8996    51.8430   336.3584
   2635.00   42252.27  0.0668435    14.8537   236.2937    52.1462   336.2611
   2645.00   42252.47  0.0669519    14.8431   234.6581    52.4119   336.1743
   2655.00   42254.23  0.0669542    14.8390   232.8228    52.8933   336.0667
   2665.00   42253.71  0.0669741    14.8286   231.1265    53.2760   335.9618
   2675.00   42251.14  0.0670691    14.8177   229.5746    53.6250   335.8720
   2685.00   42250.35  0.0669252    14.8146   228.1328    54.0071   335.7931
   2695.00   42250.56  0.0668041    14.8094   226.9007    54.3280   335.7063
   2705.00   42249.11  0.0668152    14.8000   225.7739    54.7097   335.6122
   2715.00   42246.73  0.0666574    14.7904   224.8892    54.9508   335.5473
   2725.00   42247.03  0.0665133    14.7837   224.1353    55.1255   335.4842
   2735.00   42248.64  0.0664333    14.7764   223.2708    55.4568   335.3955
   2745.00   42247.92  0.0663512    14.7614   222.5208    55.6189   335.3199
   2755.00   42247.50  0.0663449    14.7476   221.7354    55.7144   335.2595
   2765.00   42249.85  0.0662600    14.7392   220.6902    55.9573   335.1820
   2775.00   42251.75  0.0662583    14.7245   219.5659    56.1203   335.0908
   2785.00   42251.43  0.0664186    14.7060   218.2728    56.2983   335.0037
   2795.00   42251.40  0.0664196    14.6934   216.8078    56.5118   334.9264
   2805.00   42253.35  0.0664673    14.6820   215.2594    56.7177   334.8312
   2815.00   42254.19  0.0666560    14.6682   213.5517    57.0703   334.7145
   2825.00   42252.22  0.0667165    14.6534   211.9307    57.3426   334.6215
   2835.00   42251.28  0.0667878    14.6445   210.4010    57.6014   334.5332
   2845.00   42252.16  0.0668465    14.6398   208.8321    58.0597   334.4185
   2855.00   42251.20  0.0668516    14.6289   207.5243    58.3905   334.3152
   2865.00   42248.49  0.0669081    14.6193   206.3943    58.6847   334.2353
   2875.00   42247.81  0.0668041    14.6178   205.3099    59.0869   334.1522
   2885.00   42248.74  0.0667037    14.6117   204.4257    59.3764   334.0636
   2895.00   42248.05  0.0667182    14.6004   203.5827    59.6681   333.9835
   2905.00   42246.53  0.0665593    14.5923   202.7739    59.9091   333.9251
   2915.00   42247.71  0.0664472    14.5847   201.9674    60.0745   333.8611
   2925.00   42250.16  0.0664459    14.5735   200.9660    60.3431   333.7757
   2935.00   42250.03  0.0663725    14.5569   199.9427    60.4726   333.7076
   2945.00   42249.95  0.0663933    14.5428   198.7836    60.5669   333.6483
   2955.00   42252.31  0.0664267    14.5325   197.3379    60.8327   333.5608
   2965.00   42254.01  0.0664768    14.5153   195.8805    60.9900   333.4647
   2975.00   42253.13  0.0666537    14.4968   194.3274    61.1646   333.3818
   2985.00   42252.13  0.0667260    14.4865   192.6580    61.4667   333.2944
   2995.00   42253.04  0.0668291    14.4753   191.0906    61.7275   333.1875
   3005.00   42253.02  0.0670373    14.4608   189.5507    62.0763   333.0747
   3015.00   42250.14  0.0670816    14.4497   188.1465    62.4215   332.9847
   3025.00   42248.70  0.0671512    14.4431   186.9149    62.7472   332.8926
   3035.00   42249.51  0.0672459    14.4376   185.7188    63.2167   332.7780
   3045.00   42248.77  0.0671975    14.4272   184.7455    63.5621   332.6837
   3055.00   42246.86  0.0671983    14.4195   183.8563    63.8731   332.6130
   3065.00   42247.01  0.0671292    14.4180   182.8894    64.3113   332.5279
   3075.00   42249.10  0.0670038    14.4099   182.0320    64.5947   332.4388
   3085.00   42249.36  0.0669680    14.3974   181.0828    64.8524   332.3723
   3095.00   42248.58  0.0668078    14.3903   179.9764    65.1452   332.3135
   3105.00   42250.38  0.0666943    14.3819   178.8249    65.3308   332.2399
   3115.00   42252.88  0.0666876    14.3674   177.4720    65.5644   332.1578
   3125.00   42252.58  0.0665582    14.3517   176.0456    65.7282   332.0918
   3135.00   42251.82  0.0665477    14.3389   174.5571    65.8533   332.0253
   3145.00   42253.25  0.0666065    14.3272   172.9255    66.1176   331.9286
   3155.00   42254.06  0.0665860    14.3095   171.4331    66.2653   331.8311
   3165.00   42252.29  0.0666903    14.2930   169.9853    66.4290   331.7505
   3175.00   42250.33  0.0667821    14.2842   168.5377    66.7503   331.6539
   3185.00   42250.69  0.0668587    14.2727   167.3494    66.9780   331.5382
   3195.00   42250.49  0.0670148    14.2579   166.2479    67.2610   331.4334
   3205.00   42247.73  0.0670484    14.2495   165.2066    67.6191   331.3438
   3215.00   42246.70  0.0671260    14.2438   164.3237    67.9218   331.2442
   3225.00   42248.24  0.0672388    14.2362   163.4098    68.3188   331.1327
   3235.00   42248.39  0.0671559    14.2267   162.5300    68.6507   331.0472
   3245.00   42247.53  0.0671517    14.2202   161.5982    68.9441   330.9787
   3255.00   42248.56  0.0671501    14.2173   160.4732    69.3489   330.8919
   3265.00   42251.35  0.0670050    14.2072   159.3578    69.5911   330.8080
   3275.00   42252.16  0.0669491    14.1944   158.0676    69.8073   330.7533
   3285.00   42251.29  0.0668554    14.1872   156.5663    70.1061   330.6947
   3295.00   42252.79  0.0667762    14.1765   155.1155    70.2538   330.6140
   3305.00   42254.38  0.0667898    14.1588   153.5540    70.4243   330.5411
   3315.00   42253.23  0.0666983    14.1431   151.9679    70.6158   330.4771
   3325.00   42251.35  0.0667577    14.1305   150.5073    70.7469   330.3975
   3335.00   42251.71  0.0669076    14.1153   149.0685    70.9848   330.2948
   3345.00   42251.92  0.0669041    14.0973   147.8312    71.1676   330.1959
   3355.00   42249.76  0.0670468    14.0832   146.7024    71.3801   330.1093
   3365.00   42247.88  0.0672454    14.0749   145.5992    71.7495   330.0004
   3375.00   42248.65  0.0673299    14.0633   144.7413    72.0107   329.8785
   3385.00   42249.09  0.0674626    14.0505   143.8687    72.3285   329.7817
   3395.00   42247.16  0.0675374    14.0453   142.8938    72.7732   329.6924
   3405.00   42247.06  0.0676149    14.0408   142.0120    73.1027   329.5876
   3415.00   42249.37  0.0676920    14.0316   140.9798    73.4827   329.4887
   3425.00   42250.28  0.0675677    14.0235   139.7824    73.8768   329.4158
   3435.00   42249.83  0.0675473    14.0181   138.4946    74.1929   329.3475
   3445.00   42251.12  0.0675599    14.0120   137.0127    74.5699   329.2616
   3455.00   42253.70  0.0673492    14.0001   135.5079    74.8278   329.1845
   3465.00   42254.23  0.0672493    13.9876   133.8895    75.0635   329.1318
   3475.00   42252.53  0.0672062    13.9798   132.1737    75.3847   329.0644
   3485.00   42252.97  0.0670885    13.9670   130.6878    75.5268   328.9736
   3495.00   42253.52  0.0670462    13.9488   129.2261    75.6912   328.9024
   3505.00   42251.55  0.0669594    13.9352   127.8072    75.9488   328.8342
   3515.00   42249.03  0.0670027    13.9236   126.7006    76.0782   328.7380
   3525.00   42248.89  0.0671160    13.9067   125.6849    76.2740   328.6345
   3535.00   42249.32  0.0670476    13.8900   124.7896    76.4919   328.5391
   3545.00   42247.61  0.0671661    13.8787   123.9920    76.7047   328.4450
   3555.00   42246.67  0.0673782    13.8691   123.1608    77.0247   328.3298
   3565.00   42248.37  0.0673941    13.8568   122.4267    77.2567   328.2091
   3575.00   42249.89  0.0674832    13.8456   121.5196    77.5564   328.1167
   3585.00   42248.95  0.0676143    13.8413   120.3686    77.9918   328.0237
   3595.00   42249.50  0.0676763    13.8361   119.2552    78.2685   327.9130
   3605.00   42252.01  0.0677174    13.8261   117.9002    78.5949   327.8244
   3615.00   42252.96  0.0676187    13.8193   116.2746    79.0205   327.7597
   3625.00   42252.00  0.0676219    13.8146   114.6751    79.3057   327.6870
   3635.00   42252.48  0.0676400    13.8052   112.9965    79.6075   327.6067
   3645.00   42254.08  0.0674014    13.7919   111.3391    79.8723   327.5415
