  -7305.00   42254.80  0.0462830     5.4218   274.9515   317.7994   274.9145
  -7295.00   42253.37  0.0462280     5.3947   273.3531   318.1465   274.6550
  -7285.00   42253.50  0.0461579     5.3615   271.9825   318.3986   274.4146
  -7275.00   42252.72  0.0460761     5.3350   270.5202   318.8692   274.2007
  -7265.00   42250.15  0.0460825     5.3184   269.3529   319.2765   273.9033
  -7255.00   42249.41  0.0461870     5.2948   268.3304   319.6676   273.5654
  -7245.00   42250.83  0.0461283     5.2724   267.3126   320.0104   273.3156
  -7235.00   42250.73  0.0461407     5.2612   266.2165   320.3648   273.1025
  -7225.00   42250.17  0.0463255     5.2472   264.9178   320.8936   272.8248
  -7215.00   42251.61  0.0463691     5.2313   263.6855   321.2159   272.5808
  -7205.00   42254.19  0.0463736     5.2151   262.2375   321.4673   272.4557
  -7195.00   42254.89  0.0464916     5.2005   260.3394   321.9999   272.3177
  -7185.00   42254.40  0.0465710     5.1877   258.5084   322.3858   272.1375
  -7175.00   42255.80  0.0466174     5.1639   256.6399   322.6602   272.0039
  -7165.00   42257.08  0.0465878     5.1392   254.4885   323.0951   271.9364
  -7155.00   42255.79  0.0465798     5.1219   252.4709   323.4730   271.8234
  -7145.00   42253.87  0.0466638     5.0952   250.5724   323.9067   271.6229
  -7135.00   42253.95  0.0465534     5.0623   248.8549   324.2545   271.4691
  -7125.00   42253.86  0.0464504     5.0365   247.3284   324.5428   271.3402
  -7115.00   42251.68  0.0465074     5.0110   245.8347   325.0753   271.0879
  -7105.00   42249.94  0.0464596     4.9827   244.7149   325.4522   270.7794
  -7095.00   42250.66  0.0463975     4.9535   243.7409   325.7161   270.5329
  -7085.00   42251.15  0.0464170     4.9309   242.5642   326.2230   270.2706
  -7075.00   42249.81  0.0464595     4.9155   241.5463   326.6540   269.9193
  -7065.00   42249.87  0.0465644     4.8932   240.4899   327.0418   269.5706
  -7055.00   42252.33  0.0465743     4.8727   239.1543   327.4711   269.3262
  -7045.00   42253.59  0.0466389     4.8645   237.7011   327.8510   269.0889
  -7035.00   42253.33  0.0468487     4.8506   235.9895   328.3816   268.7855
  -7025.00   42254.40  0.0468992     4.8319   234.2070   328.7763   268.5578
  -7015.00   42256.66  0.0469353     4.8180   232.2909   329.0680   268.4554
  -7005.00   42256.97  0.0470953     4.8026   230.1136   329.6119   268.2936
  -6995.00   42255.03  0.0471658     4.7849   228.1191   330.0521   268.0938
  -6985.00   42254.77  0.0471861     4.7593   226.2404   330.3693   267.9897
  -6975.00   42254.96  0.0472122     4.7331   224.2691   330.8752   267.9008
  -6965.00   42253.25  0.0471941     4.7127   222.6144   331.3175   267.7308
  -6955.00   42250.61  0.0472256     4.6819   221.1696   331.7892   267.4943
  -6945.00   42250.40  0.0471248     4.6466   219.7999   332.2737   267.3106
  -6935.00   42251.22  0.0470094     4.6219   218.6535   332.6469   267.1181
  -6925.00   42250.14  0.0470352     4.5957   217.4935   333.2293   266.7695
  -6915.00   42249.35  0.0469395     4.5649   216.4444   333.7175   266.4036
  -6905.00   42251.18  0.0468452     4.5397   215.3885   334.0461   266.1300
  -6895.00   42253.07  0.0468757     4.5209   214.0356   334.5899   265.7917
  -6885.00   42252.73  0.0468737     4.5053   212.6834   335.0638   265.3783
  -6875.00   42252.95  0.0469198     4.4852   211.1952   335.4373   265.0411
  -6865.00   42255.16  0.0469672     4.4682   209.3614   335.8934   264.8002
  -6855.00   42256.45  0.0470056     4.4614   207.5292   336.2533   264.5460
  -6845.00   42255.22  0.0471618     4.4466   205.5828   336.7181   264.2472
  -6835.00   42254.84  0.0471995     4.4250   203.5985   337.1239   264.0651
  -6825.00   42255.81  0.0472207     4.4115   201.7490   337.3737   263.9840
  -6815.00   42255.44  0.0473466     4.3945   199.8878   337.8583   263.7934
  -6805.00   42252.57  0.0473677     4.3694   198.2790   338.2962   263.5742
  -6795.00   42251.43  0.0473659     4.3426   196.8748   338.5840   263.4770
  -6785.00   42251.76  0.0474143     4.3167   195.4582   339.0618   263.3277
  -6775.00   42250.80  0.0473758     4.2930   194.2938   339.5260   263.0555
  -6765.00   42248.91  0.0473823     4.2616   193.2179   339.9781   262.7722
  -6755.00   42249.45  0.0473576     4.2288   192.0106   340.4971   262.5315
  -6745.00   42251.69  0.0472744     4.2080   190.8946   340.9003   262.2474
  -6735.00   42252.04  0.0473081     4.1843   189.6213   341.4824   261.8182
  -6725.00   42252.05  0.0472645     4.1546   188.1930   342.0356   261.4220
  -6715.00   42254.13  0.0472255     4.1352   186.7021   342.3818   261.1331
  -6705.00   42256.45  0.0472974     4.1208   184.9397   342.9332   260.7393
  -6695.00   42255.90  0.0473073     4.1035   183.1443   343.4673   260.2877
  -6685.00   42254.93  0.0473757     4.0854   181.3147   343.8450   259.9784
  -6675.00   42255.63  0.0475026     4.0713   179.3262   344.3164   259.7227
  -6665.00   42256.00  0.0475500     4.0633   177.5204   344.7292   259.4184
  -6655.00   42253.72  0.0476947     4.0468   175.7849   345.1997   259.1176
  -6645.00   42252.10  0.0478093     4.0244   174.0791   345.6663   258.9443
  -6635.00   42252.44  0.0478647     4.0111   172.6511   345.9589   258.8391
  -6625.00   42252.50  0.0479831     3.9928   171.2625   346.4892   258.5983
  -6615.00   42250.26  0.0480183     3.9621   169.9743   347.0325   258.3615
  -6605.00   42249.61  0.0480383     3.9346   168.8165   347.3821   258.2582
  -6595.00   42251.27  0.0480890     3.9093   167.5557   347.9323   258.0363
  -6585.00   42251.65  0.0480134     3.8798   166.3152   348.5560   257.6591
  -6575.00   42250.89  0.0479797     3.8466   165.0001   349.1042   257.3303
  -6565.00   42251.94  0.0479772     3.8161   163.4467   349.7148   257.0090
  -6555.00   42254.72  0.0478467     3.7958   161.8914   350.2689   256.5808
  -6545.00   42255.48  0.0478044     3.7729   160.1660   350.9413   256.0543
  -6535.00   42254.95  0.0477718     3.7459   158.2644   351.5889   255.6043
  -6525.00   42255.81  0.0477159     3.7320   156.4626   351.9747   255.2573
  -6515.00   42257.28  0.0477387     3.7221   154.5850   352.5444   254.7953
  -6505.00   42255.79  0.0477192     3.7042   152.7636   353.1296   254.3288
  -6495.00   42253.42  0.0477758     3.6885   151.1267   353.4569   254.0685
  -6485.00   42252.96  0.0479045     3.6776   149.5407   353.8642   253.8190
  -6475.00   42253.00  0.0479027     3.6657   148.1729   354.3080   253.4832
  -6465.00   42250.93  0.0479948     3.6455   146.9108   354.7372   253.2184
  -6455.00   42249.43  0.0481374     3.6216   145.6513   355.1680   253.0530
  -6445.00   42250.37  0.0481554     3.6059   144.5913   355.4772   252.8783
  -6435.00   42251.69  0.0482076     3.5841   143.4347   356.0290   252.5602
  -6425.00   42250.95  0.0482509     3.5504   142.1459   356.6241   252.2656
  -6415.00   42251.10  0.0482719     3.5245   140.8842   356.9723   252.0893
  -6405.00   42253.80  0.0482974     3.5028   139.4110   357.5509   251.7367
  -6395.00   42254.94  0.0482200     3.4719   137.7637   358.2807   251.2374
  -6385.00   42254.42  0.0482080     3.4420   136.0244   358.8424   250.8570
  -6375.00   42254.77  0.0482565     3.4192   134.1378   359.4315   250.4624
  -6365.00   42256.59  0.0481365     3.4009   132.2763     0.0932   249.9002
  -6355.00   42256.67  0.0481000     3.3804   130.3785     0.8086   249.3277
  -6345.00   42254.74  0.0481574     3.3580   128.4908     1.4574   248.8623
  -6335.00   42253.96  0.0481341     3.3482   126.9030     1.8783   248.4452
  -6325.00   42254.57  0.0481569     3.3406   125.3847     2.4885   247.9249
  -6315.00   42252.98  0.0481966     3.3221   123.9420     3.1435   247.4414
  -6305.00   42250.47  0.0483021     3.3084   122.7707     3.4571   247.1870
  -6295.00   42250.21  0.0484559     3.3006   121.6545     3.8602   246.9002
  -6285.00   42251.17  0.0484751     3.2850   120.5532     4.4260   246.4993
  -6275.00   42250.56  0.0485988     3.2624   119.4203     4.8922   246.2445
  -6265.00   42249.98  0.0488037     3.2398   118.1764     5.3295   246.0631
  -6255.00   42251.79  0.0488189     3.2216   116.9182     5.7847   245.7736
  -6245.00   42254.18  0.0488548     3.1960   115.3881     6.4764   245.3809
  -6235.00   42254.32  0.0489451     3.1609   113.6143     7.2068   245.0165
  -6225.00   42254.26  0.0489550     3.1357   111.8743     7.6892   244.7176
  -6215.00   42256.37  0.0489221     3.1149   109.9538     8.4521   244.1990
  -6205.00   42257.09  0.0488319     3.0831   107.8778     9.4199   243.5478
  -6195.00   42255.69  0.0488027     3.0561   105.9162    10.1061   243.0661
  -6185.00   42254.44  0.0488055     3.0409   104.0702    10.7749   242.5393
  -6175.00   42254.77  0.0486362     3.0243   102.3424    11.6425   241.8038
  -6165.00   42254.35  0.0485672     3.0065   100.7367    12.4495   241.1703
  -6155.00   42251.82  0.0486407     2.9911    99.3245    13.0537   240.6975
  -6145.00   42250.65  0.0485668     2.9846    98.2227    13.5438   240.1814
  -6135.00   42251.53  0.0485377     2.9779    97.1361    14.1858   239.6304
  -6125.00   42251.13  0.0486114     2.9593    96.0072    14.8270   239.1793
  -6115.00   42249.78  0.0486910     2.9463    95.0647    15.0984   238.9213
  -6105.00   42250.40  0.0487832     2.9387    94.0262    15.4899   238.5939
  -6095.00   42252.52  0.0487894     2.9181    92.7352    16.1601   238.1303
  -6085.00   42253.24  0.0489024     2.8924    91.3131    16.6346   237.8528
  -6075.00   42253.04  0.0490811     2.8717    89.7522    17.0495   237.6042
  -6065.00   42254.66  0.0490369     2.8512    88.0541    17.6845   237.1188
  -6055.00   42256.83  0.0490466     2.8239    86.0964    18.5018   236.5956
  -6045.00   42256.59  0.0491677     2.7925    84.0362    19.2773   236.1259
  -6035.00   42255.30  0.0491366     2.7723    82.1751    19.8810   235.6197
  -6025.00   42255.65  0.0490671     2.7559    80.2851    20.7725   234.9230
  -6015.00   42255.62  0.0490280     2.7292    78.3809    21.8582   234.1429
  -6005.00   42253.63  0.0490304     2.7092    76.8077    22.5554   233.5709
  -5995.00   42251.44  0.0490239     2.7025    75.4774    23.2371   232.9407
  -5985.00   42251.30  0.0488896     2.6898    74.2145    24.2218   232.0890
  -5975.00   42251.56  0.0488880     2.6748    73.0483    25.0435   231.4345
  -5965.00   42249.95  0.0490141     2.6661    72.0527    25.5694   230.9669
  -5955.00   42249.53  0.0489497     2.6615    71.1553    26.1685   230.3384
  -5945.00   42251.37  0.0489497     2.6541    70.0699    26.8975   229.7371
  -5935.00   42252.60  0.0491187     2.6368    68.7976    27.5329   229.2984
  -5925.00   42252.47  0.0492091     2.6253    67.5684    27.8873   228.9468
  -5915.00   42253.26  0.0492854     2.6180    66.1140    28.3936   228.5209
  -5905.00   42255.55  0.0493576     2.5955    64.2921    29.2317   227.9668
  -5895.00   42256.44  0.0495125     2.5694    62.4041    29.8104   227.6033
  -5885.00   42255.40  0.0496817     2.5518    60.4979    30.3334   227.2351
  -5875.00   42255.37  0.0496280     2.5306    58.5043    31.2690   226.5295
  -5865.00   42256.24  0.0496630     2.5023    56.4350    32.3258   225.8374
  -5855.00   42255.25  0.0498099     2.4758    54.5168    33.2375   225.2335
  -5845.00   42252.94  0.0497131     2.4603    52.9248    34.1538   224.4464
  -5835.00   42252.16  0.0495900     2.4472    51.3905    35.3406   223.5157
  -5825.00   42252.33  0.0495751     2.4265    49.9159    36.6109   222.5857
  -5815.00   42251.09  0.0495236     2.4150    48.8076    37.4422   221.8456
  -5805.00   42249.43  0.0494238     2.4163    47.8428    38.2478   221.0768
  -5795.00   42249.95  0.0492689     2.4094    46.7607    39.3717   220.1207
  -5785.00   42251.54  0.0492735     2.3985    45.6692    40.1712   219.4536
  -5775.00   42251.39  0.0493587     2.3962    44.6170    40.6024   219.0096
  -5765.00   42251.59  0.0492443     2.3936    43.4283    41.2807   218.3113
  -5755.00   42253.78  0.0492480     2.3835    41.9163    42.0662   217.6825
  -5745.00   42255.67  0.0494505     2.3664    40.2327    42.6202   217.2824
  -5735.00   42255.67  0.0494871     2.3549    38.5701    43.0966   216.7956
  -5725.00   42255.36  0.0494960     2.3456    36.7251    43.7953   216.2059
  -5715.00   42256.46  0.0495971     2.3219    34.6637    44.7840   215.5188
  -5705.00   42256.54  0.0497165     2.2987    32.7751    45.5081   214.9549
  -5695.00   42254.45  0.0498002     2.2866    31.0611    46.1971   214.3634
  -5685.00   42252.84  0.0497127     2.2703    29.3580    47.4071   213.3928
  -5675.00   42252.85  0.0497552     2.2478    27.7620    48.6011   212.4985
  -5665.00   42252.15  0.0498960     2.2323    26.4313    49.5094   211.7747
  -5655.00   42250.20  0.0497557     2.2266    25.3286    50.5977   210.7715
  -5645.00   42249.66  0.0496478     2.2203    24.1763    51.9091   209.6960
  -5635.00   42250.98  0.0497169     2.2082    23.0111    53.1027   208.7641
  -5625.00   42251.37  0.0496631     2.2062    22.0328    53.9515   207.9364
  -5615.00   42250.84  0.0495550     2.2136    20.9639    54.8157   207.1039
  -5605.00   42251.97  0.0494781     2.2113    19.5964    55.9741   206.1361
  -5595.00   42254.28  0.0495310     2.2048    18.1678    56.7329   205.4536
  -5585.00   42254.96  0.0496226     2.2074    16.6964    57.1457   204.9957
  -5575.00   42254.59  0.0495246     2.2082    15.0155    57.9477   204.2213
  -5565.00   42255.69  0.0496004     2.1978    13.1061    58.8308   203.5131
  -5555.00   42256.90  0.0498623     2.1837    11.2186    59.3685   203.0911
  -5545.00   42256.10  0.0499045     2.1760     9.4645    60.0183   202.4524
  -5535.00   42254.21  0.0499326     2.1669     7.6512    61.0068   201.6552
  -5525.00   42253.87  0.0501158     2.1453     5.8471    62.1450   200.8436
  -5515.00   42253.56  0.0502366     2.1281     4.3494    63.0999   200.0567
  -5505.00   42251.60  0.0502755     2.1220     3.0396    64.1034   199.2062
  -5495.00   42249.81  0.0502063     2.1119     1.6875    65.6442   198.0046
  -5485.00   42250.17  0.0502428     2.0976     0.4480    67.0590   196.8971
  -5475.00   42250.92  0.0503304     2.0936   359.3760    68.0932   196.0273
  -5465.00   42250.30  0.0501238     2.0995   358.2812    69.4112   194.8638
  -5455.00   42250.58  0.0499999     2.1013   356.9836    70.8765   193.6768
  -5445.00   42252.85  0.0500670     2.0991   355.6112    71.9653   192.7971
  -5435.00   42254.43  0.0499410     2.1077   354.2605    72.8060   191.9650
  -5425.00   42254.31  0.0497819     2.1206   352.6918    73.7229   191.1253
  -5415.00   42254.88  0.0497460     2.1211   350.8620    74.7910   190.2573
  -5405.00   42256.40  0.0497619     2.1192   349.0934    75.4629   189.6094
  -5395.00   42256.73  0.0497975     2.1242   347.3761    75.8693   189.1459
  -5385.00   42255.03  0.0496946     2.1258   345.5459    76.7767   188.3340
  -5375.00   42254.44  0.0497735     2.1151   343.7578    77.7221   187.5354
  -5365.00   42254.69  0.0500017     2.1038   342.1998    78.2849   187.0279
  -5355.00   42253.64  0.0499748     2.1017   340.8354    79.1026   186.2317
  -5345.00   42251.32  0.0499885     2.0957   339.4459    80.3648   185.1942
  -5335.00   42250.67  0.0501726     2.0807   338.1550    81.5656   184.2607
  -5325.00   42251.21  0.0502261     2.0753   337.1061    82.5886   183.3393
  -5315.00   42250.54  0.0501954     2.0801   336.0503    83.7751   182.3071
  -5305.00   42249.66  0.0501523     2.0802   334.8081    85.3362   181.0711
  -5295.00   42250.84  0.0501689     2.0786   333.5767    86.6402   179.9814
  -5285.00   42253.01  0.0502091     2.0872   332.3483    87.5428   179.1565
  -5275.00   42253.53  0.0500139     2.1037   330.8843    88.7591   178.0968
  -5265.00   42253.89  0.0499386     2.1125   329.1840    90.0658   177.0198
  -5255.00   42255.74  0.0500399     2.1175   327.4552    90.8766   176.3179
  -5245.00   42257.26  0.0499222     2.1335   325.7419    91.5445   175.6307
  -5235.00   42256.36  0.0498154     2.1494   323.8728    92.4511   174.8297
  -5225.00   42255.18  0.0498760     2.1516   321.9679    93.3665   174.0861
  -5215.00   42255.15  0.0499097     2.1545   320.3088    93.9461   173.5017
  -5205.00   42254.85  0.0499477     2.1634   318.8224    94.4222   172.9911
  -5195.00   42252.52  0.0499306     2.1669   317.3191    95.3970   172.1715
  -5185.00   42251.09  0.0500387     2.1606   315.9894    96.3699   171.3344
  -5175.00   42251.38  0.0502621     2.1553   314.9001    96.9829   170.7602
  -5165.00   42251.45  0.0502418     2.1605   313.8546    97.9376   169.9002
  -5155.00   42250.10  0.0503022     2.1602   312.6774    99.3566   168.7529
  -5145.00   42250.10  0.0505151     2.1532   311.4922   100.5819   167.7916
  -5135.00   42252.07  0.0505314     2.1596   310.3492   101.6242   166.8800
  -5125.00   42252.78  0.0504883     2.1747   308.9615   102.9921   165.7646
  -5115.00   42252.61  0.0504846     2.1838   307.3064   104.5267   164.6024
  -5105.00   42253.79  0.0504608     2.1941   305.6200   105.6928   163.6585
  -5095.00   42256.07  0.0504147     2.2148   303.8939   106.5527   162.9128
  -5085.00   42256.59  0.0502151     2.2394   301.9607   107.6603   162.0288
  -5075.00   42255.74  0.0501178     2.2543   299.9736   108.7514   161.1610
  -5065.00   42255.93  0.0501586     2.2656   298.1668   109.3153   160.6569
  -5055.00   42256.62  0.0499862     2.2864   296.5016   109.8122   160.1587
  -5045.00   42254.86  0.0498804     2.3023   294.8481   110.6485   159.4451
  -5035.00   42252.47  0.0499599     2.3037   293.3583   111.3906   158.8264
  -5025.00   42251.79  0.0499462     2.3089   292.1683   111.8574   158.3358
  -5015.00   42251.85  0.0499393     2.3198   291.0984   112.4560   157.7435
  -5005.00   42250.31  0.0499630     2.3234   289.9726   113.4729   156.9016
  -4995.00   42249.37  0.0500327     2.3221   288.9360   114.4226   156.0709
  -4985.00   42250.60  0.0501690     2.3258   287.9815   115.0864   155.4342
  -4975.00   42252.27  0.0501205     2.3390   286.8461   116.0970   154.5655
  -4965.00   42252.21  0.0501524     2.3479   285.4797   117.4226   153.4811
  -4955.00   42252.62  0.0503215     2.3518   284.0163   118.4426   152.6477
  -4945.00   42255.17  0.0502642     2.3703   282.4668   119.2671   151.9291
  -4935.00   42256.25  0.0502150     2.3943   280.6454   120.4514   150.9711
  -4925.00   42255.61  0.0502501     2.4095   278.6598   121.6449   150.0668
  -4915.00   42255.45  0.0502074     2.4267   276.7568   122.4133   149.4404
  -4905.00   42256.47  0.0501479     2.4541   274.9138   123.0896   148.8598
  -4895.00   42256.19  0.0500231     2.4800   273.0583   123.9656   148.1802
  -4885.00   42253.95  0.0499658     2.4958   271.3494   124.7640   147.5466
  -4875.00   42252.76  0.0500035     2.5113   269.9438   125.1507   147.1789
  -4865.00   42253.19  0.0498661     2.5339   268.7069   125.5582   146.7935
  -4855.00   42251.87  0.0498160     2.5496   267.5179   126.3068   146.1586
  -4845.00   42249.80  0.0499444     2.5528   266.4720   126.9074   145.6338
  -4835.00   42249.80  0.0499381     2.5618   265.5649   127.2818   145.2457
  -4825.00   42251.18  0.0499619     2.5764   264.5836   127.9535   144.6276
  -4815.00   42251.20  0.0500695     2.5817   263.4176   128.9281   143.8280
  -4805.00   42251.02  0.0501627     2.5852   262.1665   129.7718   143.1117
  -4795.00   42252.92  0.0502845     2.5980   260.8118   130.4897   142.4774
  -4785.00   42255.38  0.0502908     2.6169   259.1730   131.5349   141.6474
  -4775.00   42255.62  0.0503383     2.6323   257.3118   132.7597   140.6949
  -4765.00   42255.19  0.0504844     2.6465   255.4083   133.6594   139.9987
  -4755.00   42256.68  0.0504033     2.6742   253.4629   134.4367   139.4195
  -4745.00   42257.06  0.0503418     2.7052   251.4441   135.5038   138.6224
  -4735.00   42255.30  0.0503745     2.7256   249.4925   136.4701   137.9340
  -4725.00   42253.55  0.0502688     2.7488   247.7713   137.0096   137.5628
  -4715.00   42253.51  0.0501663     2.7811   246.2244   137.6063   137.1154
  -4705.00   42253.14  0.0500512     2.8062   244.8003   138.3377   136.5847
  -4695.00   42250.78  0.0499601     2.8204   243.5685   138.8999   136.1630
  -4685.00   42249.76  0.0499342     2.8387   242.5513   139.2244   135.8735
  -4675.00   42251.02  0.0497918     2.8599   241.5778   139.6458   135.5147
  -4665.00   42251.18  0.0497307     2.8724   240.5446   140.3348   134.9305
  -4655.00   42250.30  0.0498247     2.8774   239.5077   140.8545   134.4495
  -4645.00   42251.20  0.0497774     2.8898   238.3811   141.2454   134.0803
  -4635.00   42253.60  0.0497778     2.9074   237.0428   141.9772   133.4296
  -4625.00   42254.53  0.0498844     2.9162   235.4830   142.8695   132.6757
  -4615.00   42254.14  0.0499236     2.9258   233.7898   143.5561   132.1016
  -4605.00   42255.37  0.0499882     2.9485   231.9902   144.2497   131.5169
  -4595.00   42257.16  0.0499950     2.9728   230.0482   145.1769   130.7917
  -4585.00   42256.50  0.0500057     2.9921   228.0757   146.1163   130.0706
  -4575.00   42254.61  0.0500901     3.0151   226.2337   146.7690   129.5738
  -4565.00   42254.48  0.0500061     3.0475   224.4950   147.3815   129.1534
  -4555.00   42254.36  0.0499370     3.0790   222.8776   148.1942   128.5542
  -4545.00   42252.27  0.0499736     3.1004   221.4540   148.8497   128.0768
  -4535.00   42250.14  0.0498678     3.1251   220.2218   149.1953   127.8739
  -4525.00   42250.32  0.0497947     3.1572   219.1181   149.6740   127.5208
  -4515.00   42251.05  0.0497445     3.1790   218.0598   150.2672   127.0714
  -4505.00   42249.85  0.0496719     3.1914   217.0346   150.6483   126.7878
  -4495.00   42249.79  0.0496736     3.2122   216.0001   150.9526   126.5296
  -4485.00   42252.11  0.0496018     3.2330   214.8387   151.3987   126.1606
  -4475.00   42253.64  0.0495772     3.2433   213.5025   151.9970   125.6481
  -4465.00   42253.48  0.0496801     3.2528   212.0460   152.4501   125.2276
  -4455.00   42254.14  0.0496740     3.2695   210.4147   152.8730   124.8759
  -4445.00   42256.25  0.0497099     3.2890   208.6248   153.6000   124.2556
  -4435.00   42256.74  0.0498473     3.3014   206.7449   154.3875   123.5890
  -4425.00   42255.05  0.0498914     3.3167   204.8322   154.9971   123.1325
  -4415.00   42254.57  0.0499788     3.3463   202.9718   155.7027   122.5990
  -4405.00   42255.19  0.0500310     3.3744   201.1770   156.5882   121.9464
  -4395.00   42253.87  0.0500274     3.3964   199.5064   157.3782   121.4025
  -4385.00   42251.41  0.0500844     3.4277   198.0264   157.9753   121.0261
  -4375.00   42250.86  0.0500153     3.4643   196.6776   158.5846   120.6804
  -4365.00   42251.52  0.0499179     3.4948   195.4469   159.2941   120.2193
  -4355.00   42250.46  0.0498992     3.5192   194.3286   159.7991   119.9009
  -4345.00   42249.20  0.0497594     3.5457   193.2169   160.1117   119.7876
  -4335.00   42250.43  0.0496532     3.5758   192.0968   160.5583   119.4921
  -4325.00   42252.37  0.0495851     3.5940   190.8888   161.0643   119.1068
  -4315.00   42252.30  0.0494557     3.6044   189.5411   161.3767   118.9004
  -4305.00   42252.48  0.0494356     3.6256   188.0715   161.7044   118.6391
  -4295.00   42254.82  0.0493753     3.6449   186.4467   162.2117   118.2112
  -4285.00   42256.42  0.0493092     3.6528   184.6904   162.7580   117.7357
  -4275.00   42255.70  0.0493648     3.6674   182.8760   163.2042   117.3383
  -4265.00   42254.97  0.0493560     3.6898   181.0270   163.6868   116.9555
  -4255.00   42255.80  0.0493638     3.7111   179.2318   164.3722   116.3724
  -4245.00   42255.38  0.0494453     3.7290   177.5454   165.0140   115.8225
  -4235.00   42252.71  0.0494449     3.7516   175.9445   165.5222   115.4815
  -4225.00   42251.21  0.0495082     3.7857   174.5290   166.1184   115.0427
  -4215.00   42251.60  0.0495498     3.8151   173.2512   166.8189   114.5164
  -4205.00   42250.92  0.0494938     3.8372   172.0465   167.3811   114.1635
  -4195.00   42249.20  0.0495354     3.8711   170.9301   167.8330   113.9040
  -4185.00   42249.46  0.0494983     3.9069   169.8234   168.3426   113.6078
  -4175.00   42251.52  0.0493961     3.9313   168.6756   168.8828   113.2572
  -4165.00   42251.99  0.0493692     3.9556   167.4454   169.2551   113.0332
  -4155.00   42251.62  0.0492736     3.9826   166.0521   169.5408   112.9315
  -4145.00   42253.32  0.0492015     4.0085   164.5635   169.9438   112.6454
  -4135.00   42255.47  0.0491612     4.0251   162.9391   170.3500   112.3131
  -4125.00   42255.46  0.0490478     4.0367   161.1395   170.6339   112.1487
  -4115.00   42254.50  0.0490730     4.0590   159.3269   170.9529   111.8921
  -4105.00   42255.48  0.0490748     4.0781   157.5099   171.4473   111.4552
  -4095.00   42256.16  0.0490119     4.0855   155.7155   171.9288   111.0501
  -4085.00   42254.42  0.0490951     4.1042   154.0210   172.3574   110.7017
  -4075.00   42252.49  0.0491511     4.1312   152.4632   172.8785   110.2974
  -4065.00   42252.58  0.0491865     4.1522   151.0789   173.5194   109.7656
  -4055.00   42252.34  0.0492713     4.1745   149.8132   174.1030   109.3105
  -4045.00   42250.16  0.0493039     4.2045   148.5800   174.6297   109.0175
  -4035.00   42249.09  0.0493919     4.2411   147.4738   175.2162   108.6258
  -4025.00   42250.36  0.0494406     4.2724   146.3704   175.8455   108.1945
  -4015.00   42251.17  0.0493564     4.2978   145.1150   176.3722   107.9631
  -4005.00   42250.56  0.0493892     4.3345   143.8020   176.8099   107.7805
  -3995.00   42251.57  0.0493547     4.3698   142.3754   177.3151   107.5135
  -3985.00   42254.32  0.0491924     4.3898   140.7778   177.8012   107.2595
  -3975.00   42255.41  0.0491134     4.4137   139.0268   178.1626   107.1057
  -3965.00   42254.74  0.0490084     4.4410   137.1579   178.5004   106.9791
  -3955.00   42255.50  0.0488944     4.4605   135.3101   178.9066   106.6838
  -3945.00   42256.54  0.0488019     4.4754   133.4534   179.2852   106.3808
  -3935.00   42255.71  0.0486612     4.4893   131.5609   179.6270   106.2023
  -3925.00   42253.34  0.0486694     4.5118   129.9009   179.9784   105.9012
  -3915.00   42252.91  0.0486632     4.5314   128.4070   180.4505   105.4545
  -3905.00   42253.18  0.0485510     4.5416   126.9919   180.9184   105.0951
  -3895.00   42251.42  0.0486196     4.5656   125.7436   181.3259   104.7879
  -3885.00   42249.72  0.0486771     4.5974   124.6445   181.8321   104.3778
  -3875.00   42250.28  0.0486608     4.6187   123.6325   182.3705   103.9312
  -3865.00   42251.32  0.0486980     4.6441   122.5672   182.8502   103.6002
  -3855.00   42250.49  0.0487247     4.6796   121.3945   183.3201   103.3581
  -3845.00   42250.37  0.0487827     4.7142   120.2262   183.7885   103.0299
  -3835.00   42252.43  0.0487915     4.7430   118.8928   184.2587   102.7075
  -3825.00   42254.25  0.0486924     4.7694   117.2352   184.7084   102.5612
  -3815.00   42254.01  0.0487325     4.8040   115.5181   185.0632   102.4151
  -3805.00   42254.55  0.0487167     4.8351   113.7195   185.4736   102.1607
  -3795.00   42256.51  0.0485403     4.8511   111.7614   185.8864   101.9650
  -3785.00   42257.04  0.0484870     4.8735   109.7751   186.2118   101.8472
  -3775.00   42255.16  0.0484406     4.9011   107.8864   186.5500   101.6732
  -3765.00   42254.23  0.0483371     4.9161   106.2028   186.9045   101.3825
  -3755.00   42254.23  0.0482602     4.9301   104.6296   187.2421   101.1201
  -3745.00   42253.08  0.0481817     4.9485   103.1193   187.6138   100.9319
  -3735.00   42250.50  0.0482258     4.9704   101.9532   187.9511   100.6107
  -3725.00   42249.91  0.0482516     4.9903   100.9282   188.3575   100.1981
  -3715.00   42250.99  0.0481679     5.0043    99.8177   188.8301    99.8906
  -3705.00   42250.54  0.0482898     5.0321    98.7841   189.2360    99.6064
  -3695.00   42249.99  0.0483997     5.0663    97.7534   189.7268    99.2040
  -3685.00   42251.38  0.0483801     5.0885    96.5897   190.2396    98.8247
  -3675.00   42253.72  0.0484449     5.1171    95.1729   190.7219    98.5795
  -3665.00   42253.84  0.0485165     5.1579    93.5606   191.2334    98.3453
  -3655.00   42253.75  0.0485600     5.1914    91.9055   191.6918    98.0570
  -3645.00   42255.38  0.0485351     5.2188    90.0404   192.1443    97.8261
  -3635.00   42256.76  0.0484442     5.2492    87.8916   192.6527    97.7251
  -3625.00   42255.80  0.0484663     5.2823    85.8811   193.0365    97.5901
  -3615.00   42254.76  0.0484060     5.3088    83.9872   193.4259    97.3606
  -3605.00   42255.19  0.0481753     5.3233    82.0419   193.8769    97.2094
  -3595.00   42255.13  0.0481063     5.3444    80.2772   194.2428    97.1012
  -3585.00   42252.69  0.0480475     5.3700    78.8048   194.6091    96.8702
  -3575.00   42251.09  0.0478709     5.3815    77.5704   194.9698    96.5724
  -3565.00   42251.36  0.0477578     5.3947    76.4073   195.3253    96.3296
  -3555.00   42251.06  0.0477053     5.4185    75.2695   195.7458    96.0925
  -3545.00   42249.59  0.0477117     5.4406    74.3841   196.0762    95.7419
  -3535.00   42249.73  0.0476901     5.4612    73.4551   196.4300    95.3671
  -3525.00   42251.92  0.0476096     5.4826    72.1926   196.9177    95.1055
  -3515.00   42252.92  0.0477268     5.5142    70.9223   197.2937    94.8427
  -3505.00   42253.07  0.0478123     5.5490    69.5528   197.6930    94.4893
  -3495.00   42254.39  0.0477262     5.5721    67.8960   198.1507    94.2041
  -3485.00   42256.78  0.0477842     5.6018    66.0068   198.5725    94.0422
  -3475.00   42256.72  0.0478585     5.6422    64.0420   199.0213    93.8298
  -3465.00   42255.49  0.0478349     5.6705    62.1637   199.3911    93.5828
  -3455.00   42255.57  0.0477753     5.6933    60.2069   199.7650    93.4258
  -3445.00   42255.80  0.0477235     5.7245    58.1725   200.2446    93.3271
  -3435.00   42254.21  0.0477509     5.7534    56.5002   200.5724    93.1690
  -3425.00   42252.08  0.0476751     5.7742    55.0602   200.8747    92.9547
  -3415.00   42251.79  0.0474765     5.7897    53.5541   201.3169    92.8229
  -3405.00   42252.20  0.0474704     5.8108    52.2825   201.6599    92.7009
  -3395.00   42250.70  0.0474537     5.8345    51.2621   201.9751    92.4454
  -3385.00   42249.73  0.0472673     5.8451    50.2669   202.3232    92.1700
  -3375.00   42251.09  0.0472010     5.8590    49.1749   202.6701    91.9646
  -3365.00   42252.26  0.0472291     5.8862    47.9875   203.0843    91.7044
  -3355.00   42252.11  0.0472362     5.9078    46.8765   203.3949    91.3536
  -3345.00   42252.62  0.0472153     5.9274    45.5496   203.7233    91.0309
  -3335.00   42254.95  0.0472179     5.9555    43.7891   204.2383    90.7919
  -3325.00   42256.35  0.0473852     5.9895    42.0618   204.6175    90.5272
  -3315.00   42255.90  0.0474863     6.0237    40.2894   204.9823    90.2089
  -3305.00   42255.72  0.0474139     6.0505    38.2309   205.4918    89.9896
  -3295.00   42256.81  0.0475249     6.0833    36.1660   205.9447    89.8661
  -3285.00   42256.07  0.0476368     6.1237    34.2431   206.4041    89.6708
  -3275.00   42253.74  0.0475521     6.1497    32.5109   206.8197    89.4667
  -3265.00   42252.58  0.0474717     6.1707    30.8212   207.2394    89.3730
  -3255.00   42252.51  0.0474392     6.2022    29.1890   207.7659    89.2709
  -3245.00   42251.57  0.0474086     6.2268    27.9569   208.1206    89.0915
  -3235.00   42249.79  0.0472494     6.2413    26.8559   208.4441    88.8978
  -3225.00   42249.98  0.0470452     6.2586    25.5516   208.9511    88.7607
  -3215.00   42251.65  0.0470341     6.2795    24.4168   209.3139    88.5927
  -3205.00   42251.74  0.0469762     6.3001    23.3754   209.6129    88.3061
  -3195.00   42251.63  0.0467416     6.3128    22.0740   210.0209    88.0409
  -3185.00   42253.47  0.0466889     6.3305    20.5967   210.3906    87.8423
  -3175.00   42255.38  0.0467409     6.3610    19.0115   210.7826    87.5609
  -3165.00   42255.63  0.0466831     6.3839    17.4174   211.0951    87.2279
  -3155.00   42255.22  0.0466195     6.4042    15.6240   211.4184    86.9754
  -3145.00   42256.25  0.0466539     6.4381    13.5705   211.9126    86.7649
  -3135.00   42256.95  0.0467886     6.4724    11.7602   212.2348    86.5185
  -3125.00   42255.35  0.0468156     6.5015    10.0696   212.5194    86.2592
  -3115.00   42253.63  0.0467352     6.5304     8.1890   213.0195    86.1020
  -3105.00   42253.56  0.0468473     6.5623     6.5498   213.4049    85.9955
  -3095.00   42253.00  0.0469492     6.5970     5.1822   213.7499    85.8079
  -3085.00   42250.97  0.0468080     6.6192     3.8721   214.1560    85.6374
  -3075.00   42249.83  0.0467408     6.6381     2.5937   214.5389    85.5668
  -3065.00   42250.64  0.0467614     6.6677     1.3280   214.9978    85.4460
  -3055.00   42251.33  0.0466971     6.6883     0.2755   215.3104    85.2455
  -3045.00   42250.70  0.0465342     6.6989   359.1208   215.6117    85.0758
  -3035.00   42251.51  0.0463994     6.7185   357.6111   216.1116    84.9336
  -3025.00   42254.02  0.0464251     6.7398   356.2058   216.4260    84.7332
  -3015.00   42255.10  0.0463740     6.7569   354.7732   216.6725    84.4512
  -3005.00   42254.90  0.0461847     6.7726   352.9469   217.1132    84.2133
  -2995.00   42255.65  0.0462044     6.7939   351.0720   217.4702    84.0184
  -2985.00   42256.94  0.0463182     6.8246   349.2552   217.8027    83.7334
  -2975.00   42256.54  0.0462622     6.8483   347.4627   218.1430    83.4276
  -2965.00   42254.52  0.0462475     6.8709   345.6447   218.4915    83.2234
  -2955.00   42253.85  0.0463637     6.9083   343.8102   218.9786    83.0251
  -2945.00   42253.99  0.0464984     6.9430   342.3542   219.2993    82.7845
  -2935.00   42252.29  0.0465132     6.9692   341.0282   219.6070    82.5788
  -2925.00   42250.37  0.0464908     7.0017   339.5020   220.1680    82.4577
  -2915.00   42250.40  0.0466218     7.0345   338.2412   220.5720    82.3536
  -2905.00   42251.21  0.0466914     7.0634   337.1588   220.9042    82.1786
  -2895.00   42250.65  0.0465320     7.0849   335.8204   221.4227    82.0458
  -2885.00   42250.25  0.0464707     7.1035   334.4253   221.8715    81.9840
  -2875.00   42252.05  0.0464970     7.1298   332.9811   222.3250    81.8406
  -2865.00   42253.95  0.0463393     7.1468   331.5008   222.7194    81.6293
  -2855.00   42253.97  0.0461451     7.1555   329.8307   223.0889    81.4690
  -2845.00   42254.26  0.0460380     7.1768   327.8452   223.6269    81.3045
  -2835.00   42256.19  0.0460068     7.1989   326.0642   223.9423    81.0591
  -2825.00   42257.03  0.0459027     7.2139   324.3205   224.1899    80.7809
  -2815.00   42255.77  0.0457367     7.2345   322.2836   224.6761    80.5595
  -2805.00   42254.71  0.0457700     7.2614   320.4745   225.0135    80.3572
  -2795.00   42254.93  0.0458564     7.2917   318.9408   225.2720    80.0814
  -2785.00   42254.14  0.0457629     7.3170   317.4195   225.6414    79.8271
  -2775.00   42251.53  0.0457570     7.3424   316.0029   225.9822    79.6728
  -2765.00   42250.30  0.0458826     7.3797   314.6774   226.3984    79.4996
  -2755.00   42250.97  0.0459235     7.4110   313.6286   226.6895    79.2838
  -2745.00   42250.58  0.0458915     7.4325   312.5698   226.9719    79.1330
  -2735.00   42249.58  0.0458884     7.4635   311.2024   227.4973    79.0332
  -2725.00   42250.46  0.0459822     7.4937   310.0029   227.8291    78.9110
  -2715.00   42252.76  0.0459906     7.5144   308.7961   228.0844    78.7429
  -2705.00   42253.58  0.0458595     7.5346   307.1135   228.5937    78.6235
  -2695.00   42253.40  0.0458422     7.5539   305.3512   228.9970    78.5452
  -2685.00   42254.98  0.0458855     7.5761   303.5826   229.3449    78.3762
  -2675.00   42256.67  0.0457261     7.5917   301.6499   229.7573    78.1724
  -2665.00   42256.21  0.0455898     7.6014   299.6683   230.1089    78.0261
  -2655.00   42254.77  0.0455741     7.6238   297.5905   230.5916    77.8533
  -2645.00   42255.07  0.0455208     7.6458   295.8504   230.8955    77.5954
  -2635.00   42255.25  0.0454319     7.6592   294.3003   231.1241    77.3439
  -2625.00   42253.28  0.0453533     7.6825   292.5930   231.6068    77.1427
  -2615.00   42251.31  0.0454243     7.7130   291.2643   231.9106    76.9273
  -2605.00   42251.42  0.0455106     7.7410   290.2232   232.1252    76.6631
  -2595.00   42251.53  0.0454648     7.7678   289.0339   232.5319    76.4474
  -2585.00   42249.86  0.0455360     7.7978   287.8930   232.8800    76.3133
  -2575.00   42249.26  0.0457151     7.8347   286.7539   233.2589    76.1483
  -2565.00   42251.04  0.0457355     7.8645   285.5784   233.6237    75.9607
  -2555.00   42252.29  0.0457344     7.8858   284.2302   233.9616    75.8544
  -2545.00   42252.09  0.0457974     7.9164   282.4822   234.5179    75.7733
  -2535.00   42253.17  0.0458476     7.9443   280.8031   234.9044    75.6401
  -2525.00   42255.75  0.0458053     7.9591   279.0465   235.2227    75.4922
  -2515.00   42256.76  0.0456943     7.9775   276.8535   235.8000    75.3832
  -2505.00   42255.59  0.0456721     7.9978   274.7528   236.2407    75.2740
  -2495.00   42255.65  0.0456531     8.0150   272.8330   236.5946    75.0769
  -2485.00   42256.13  0.0454715     8.0299   270.8178   237.0943    74.8725
  -2475.00   42254.94  0.0453437     8.0433   269.0061   237.4733    74.7168
  -2465.00   42252.24  0.0453468     8.0672   267.3444   237.9102    74.5169
  -2455.00   42251.55  0.0452264     8.0903   265.9693   238.2800    74.2552
  -2445.00   42252.00  0.0451139     8.1057   264.8383   238.5225    74.0320
  -2435.00   42250.66  0.0450845     8.1327   263.5558   238.9792    73.8545
  -2425.00   42249.32  0.0451037     8.1657   262.5538   239.2660    73.6396
  -2415.00   42250.30  0.0451253     8.1907   261.6675   239.4581    73.4106
  -2405.00   42252.02  0.0450813     8.2170   260.4230   239.8640    73.2472
  -2395.00   42251.67  0.0451463     8.2488   259.1383   240.1637    73.1279
  -2385.00   42251.69  0.0452820     8.2806   257.7578   240.4572    72.9708
  -2375.00   42253.86  0.0452543     8.3054   256.1052   240.8420    72.8134
  -2365.00   42255.72  0.0452490     8.3255   254.3153   241.1376    72.7281
  -2355.00   42255.23  0.0453398     8.3529   252.2472   241.5920    72.6413
  -2345.00   42255.13  0.0453298     8.3766   250.2535   241.9682    72.4919
  -2335.00   42256.47  0.0452741     8.3876   248.3342   242.2538    72.3552
  -2325.00   42256.77  0.0452165     8.4046   246.2052   242.7634    72.2509
  -2315.00   42254.27  0.0451994     8.4259   244.3698   243.1453    72.1091
  -2305.00   42252.81  0.0451717     8.4394   242.8290   243.4553    71.9061
  -2295.00   42252.81  0.0450416     8.4533   241.2457   243.9375    71.7166
  -2285.00   42251.90  0.0449672     8.4709   239.9433   244.2686    71.5573
  -2275.00   42249.52  0.0450022     8.4941   238.8021   244.6210    71.3443
  -2265.00   42249.19  0.0449071     8.5166   237.6954   245.0249    71.0967
  -2255.00   42250.94  0.0448389     8.5344   236.7229   245.2550    70.9009
  -2245.00   42251.16  0.0448937     8.5636   235.5124   245.6396    70.7327
  -2235.00   42250.88  0.0449125     8.5973   234.3137   245.9477    70.5193
  -2225.00   42252.48  0.0449535     8.6211   233.0664   246.1524    70.3209
  -2215.00   42255.18  0.0449893     8.6481   231.3709   246.5550    70.1949
  -2205.00   42255.26  0.0450800     8.6825   229.6181   246.8535    70.0761
  -2195.00   42254.62  0.0452194     8.7109   227.7813   247.1534    69.9285
  -2185.00   42255.76  0.0452299     8.7326   225.6721   247.6135    69.8055
  -2175.00   42256.84  0.0452542     8.7542   223.6325   247.9454    69.7331
  -2165.00   42255.32  0.0453584     8.7789   221.5694   248.3897    69.6352
  -2155.00   42253.61  0.0453187     8.7981   219.6164   248.8848    69.4833
  -2145.00   42253.75  0.0452556     8.8075   217.9275   249.2461    69.3559
  -2135.00   42253.91  0.0452195     8.8239   216.2222   249.7665    69.2431
  -2125.00   42251.39  0.0451422     8.8447   214.8075   250.2155    69.0645
  -2115.00   42249.85  0.0450720     8.8563   213.6421   250.5788    68.8533
  -2105.00   42250.80  0.0449551     8.8705   212.3597   251.0833    68.6728
  -2095.00   42251.07  0.0448561     8.8937   211.2525   251.4208    68.4941
  -2085.00   42249.93  0.0448481     8.9174   210.1613   251.7481    68.2718
  -2075.00   42250.37  0.0447543     8.9397   208.8405   252.1857    68.0491
  -2065.00   42253.14  0.0446796     8.9624   207.5422   252.4033    67.8838
  -2055.00   42254.41  0.0447242     8.9929   205.9903   252.7078    67.7280
  -2045.00   42254.23  0.0446976     9.0245   204.2733   253.0474    67.5365
  -2035.00   42255.17  0.0447119     9.0461   202.5535   253.2390    67.3808
  -2025.00   42257.36  0.0447585     9.0716   200.5511   253.5742    67.2853
  -2015.00   42256.73  0.0447806     9.1035   198.6142   253.8515    67.1639
  -2005.00   42254.57  0.0448676     9.1256   196.7774   254.1158    67.0224
  -1995.00   42254.14  0.0448930     9.1425   194.8420   254.5412    66.9203
  -1985.00   42254.34  0.0448927     9.1642   193.1843   254.8150    66.8364
  -1975.00   42252.52  0.0449648     9.1852   191.6521   255.1737    66.7140
  -1965.00   42250.28  0.0449350     9.1998   190.1602   255.6659    66.5612
  -1955.00   42250.48  0.0448966     9.2103   188.9494   255.9707    66.4392
  -1945.00   42251.67  0.0448929     9.2270   187.7004   256.3888    66.3142
  -1935.00   42250.52  0.0448078     9.2464   186.4901   256.8359    66.1233
  -1925.00   42249.87  0.0447679     9.2572   185.3677   257.1640    65.9250
  -1915.00   42252.07  0.0447218     9.2719   183.9994   257.5947    65.7632
  -1905.00   42253.57  0.0446253     9.2976   182.6205   257.9105    65.5751
  -1895.00   42253.25  0.0446252     9.3201   181.1426   258.2087    65.3550
  -1885.00   42253.51  0.0446041     9.3408   179.3569   258.6249    65.1602
  -1875.00   42255.83  0.0445647     9.3680   177.6290   258.8131    65.0080
  -1865.00   42256.85  0.0446229     9.3992   175.7724   259.0684    64.8510
  -1855.00   42255.45  0.0446382     9.4285   173.7831   259.4476    64.6767
  -1845.00   42254.73  0.0447053     9.4518   171.9988   259.6290    64.5542
  -1835.00   42255.70  0.0448096     9.4781   170.1744   259.9235    64.4730
  -1825.00   42254.59  0.0448300     9.5079   168.4689   260.2691    64.3540
  -1815.00   42251.77  0.0449399     9.5265   166.9793   260.5749    64.2298
  -1805.00   42250.87  0.0450337     9.5408   165.4642   261.0176    64.1494
  -1795.00   42251.48  0.0450180     9.5620   164.1776   261.3585    64.0545
  -1785.00   42250.72  0.0450626     9.5790   162.9338   261.7825    63.9131
  -1775.00   42249.25  0.0450575     9.5893   161.5537   262.3590    63.7628
  -1765.00   42250.33  0.0450065     9.6018   160.3381   262.7047    63.6335
  -1755.00   42252.78  0.0449682     9.6194   158.9600   263.1414    63.4810
  -1745.00   42252.92  0.0448470     9.6375   157.3713   263.6847    63.2768
  -1735.00   42252.74  0.0447934     9.6507   155.8180   264.0229    63.0890
  -1725.00   42254.98  0.0447499     9.6691   154.0385   264.4048    62.9346
  -1715.00   42256.58  0.0445941     9.6970   152.1760   264.7622    62.7443
  -1705.00   42255.87  0.0445592     9.7195   150.3135   265.0633    62.5414
  -1695.00   42254.74  0.0445673     9.7397   148.3290   265.4242    62.3870
  -1685.00   42255.47  0.0444879     9.7694   146.5602   265.5935    62.2514
  -1675.00   42255.68  0.0444915     9.7984   144.8533   265.8327    62.1019
  -1665.00   42253.16  0.0445115     9.8216   143.1315   266.2203    61.9546
  -1655.00   42251.50  0.0445551     9.8444   141.7864   266.3474    61.8557
  -1645.00   42252.08  0.0446255     9.8684   140.4963   266.5732    61.7719
  -1635.00   42251.71  0.0446020     9.8922   139.1965   266.9560    61.6462
  -1625.00   42249.78  0.0446931     9.9073   138.0914   267.2085    61.5321
  -1615.00   42249.54  0.0448018     9.9200   136.8951   267.5450    61.4538
  -1605.00   42251.44  0.0447405     9.9396   135.6845   267.8722    61.3411
  -1595.00   42252.25  0.0447689     9.9535   134.3501   268.2631    61.1890
  -1585.00   42251.63  0.0448161     9.9612   132.7483   268.7687    61.0494
  -1575.00   42253.00  0.0447618     9.9759   131.2063   269.0427    60.9175
  -1565.00   42255.73  0.0447181     9.9936   129.4310   269.4342    60.7505
  -1555.00   42256.03  0.0446349    10.0090   127.3819   269.9878    60.5521
  -1545.00   42255.04  0.0446130    10.0243   125.5159   270.2512    60.3822
  -1535.00   42255.71  0.0445964    10.0453   123.6001   270.5436    60.2299
  -1525.00   42256.48  0.0444467    10.0726   121.6573   270.9313    60.0405
  -1515.00   42254.99  0.0444481    10.0947   119.9288   271.2063    59.8561
  -1505.00   42252.52  0.0445268    10.1162   118.3133   271.4707    59.7264
  -1495.00   42252.21  0.0444593    10.1472   116.9570   271.6288    59.5978
  -1485.00   42252.55  0.0444897    10.1748   115.6849   271.8813    59.4535
  -1475.00   42250.49  0.0446009    10.1946   114.3814   272.2599    59.3346
  -1465.00   42249.28  0.0446739    10.2185   113.3844   272.3692    59.2518
  -1455.00   42250.61  0.0447624    10.2416   112.2977   272.6082    59.1647
  -1445.00   42251.78  0.0447872    10.2597   110.9280   273.1055    59.0430
  -1435.00   42251.36  0.0449031    10.2734   109.6481   273.3857    58.9434
  -1425.00   42251.68  0.0450291    10.2857   108.1736   273.7225    58.8616
  -1415.00   42254.26  0.0449396    10.3027   106.4468   274.1875    58.7301
  -1405.00   42255.66  0.0449625    10.3143   104.5725   274.6580    58.5727
  -1395.00   42254.83  0.0450333    10.3220   102.5076   275.1757    58.4356
  -1385.00   42255.04  0.0449164    10.3392   100.5624   275.4963    58.2903
  -1375.00   42256.61  0.0448303    10.3579    98.5060   275.9480    58.1068
  -1365.00   42256.18  0.0447646    10.3727    96.3392   276.5541    57.9174
  -1355.00   42253.98  0.0447037    10.3919    94.6222   276.7782    57.7626
  -1345.00   42253.13  0.0446399    10.4164    93.0336   277.0316    57.6122
  -1335.00   42253.47  0.0444737    10.4420    91.4276   277.4821    57.4342
  -1325.00   42252.22  0.0444700    10.4637    90.1657   277.7134    57.2825
  -1315.00   42249.84  0.0445369    10.4858    89.0680   277.8783    57.1771
  -1305.00   42249.82  0.0444140    10.5143    88.0490   278.0512    57.0582
  -1295.00   42251.24  0.0444307    10.5371    86.9795   278.3076    56.9264
  -1285.00   42250.71  0.0445651    10.5526    85.7714   278.6283    56.8301
  -1275.00   42250.37  0.0445781    10.5741    84.6967   278.6975    56.7500
  -1265.00   42252.40  0.0446142    10.5939    83.3550   278.9301    56.6480
  -1255.00   42254.64  0.0446603    10.6059    81.5757   279.4471    56.5270
  -1245.00   42254.98  0.0447470    10.6186    79.9000   279.6645    56.4295
  -1235.00   42254.70  0.0448324    10.6317    78.0794   279.9107    56.3347
  -1225.00   42256.39  0.0447297    10.6456    75.9616   280.4103    56.1896
  -1215.00   42257.15  0.0447639    10.6565    73.8981   280.8206    56.0388
  -1205.00   42255.31  0.0448663    10.6656    71.8795   281.2192    55.9093
  -1195.00   42253.73  0.0447166    10.6835    70.0889   281.5119    55.7584
  -1185.00   42253.91  0.0446528    10.7016    68.3446   281.9285    55.5756
  -1175.00   42253.39  0.0446714    10.7152    66.6199   282.4786    55.4039
  -1165.00   42251.08  0.0446072    10.7363    65.4259   282.6256    55.2600
  -1155.00   42250.07  0.0445432    10.7622    64.3165   282.8395    55.1067
  -1145.00   42251.13  0.0444460    10.7851    63.0397   283.3139    54.9391
  -1135.00   42251.41  0.0444864    10.8073    62.0493   283.4768    54.8109
  -1125.00   42250.20  0.0445723    10.8316    61.0821   283.5618    54.7156
  -1115.00   42250.93  0.0444664    10.8582    59.9005   283.7852    54.6007
  -1105.00   42253.28  0.0445489    10.8784    58.5427   284.0361    54.4882
  -1095.00   42253.98  0.0447654    10.8932    56.9655   284.3132    54.4126
  -1085.00   42253.65  0.0447748    10.9132    55.3937   284.4199    54.3365
  -1075.00   42255.02  0.0448367    10.9301    53.5144   284.7335    54.2294
  -1065.00   42256.88  0.0449745    10.9380    51.2719   285.3236    54.1171
  -1055.00   42256.75  0.0450657    10.9497    49.2935   285.5931    54.0197
  -1045.00   42254.98  0.0451094    10.9635    47.3406   285.9090    53.9047
  -1035.00   42254.97  0.0450199    10.9746    45.1991   286.5553    53.7462
  -1025.00   42254.99  0.0450435    10.9858    43.3687   287.0062    53.5961
  -1015.00   42252.86  0.0451149    10.9988    41.7781   287.3766    53.4621
  -1005.00   42250.66  0.0448917    11.0181    40.3629   287.7640    53.2996
   -995.00   42250.60  0.0448039    11.0368    39.0479   288.1843    53.1246
   -985.00   42251.17  0.0448563    11.0522    37.7361   288.6674    52.9753
   -975.00   42250.07  0.0447201    11.0755    36.7904   288.7916    52.8451
   -965.00   42249.87  0.0446139    11.1012    35.7367   289.0072    52.7007
   -955.00   42251.91  0.0445639    11.1205    34.3275   289.4893    52.5581
   -945.00   42253.71  0.0445850    11.1411    33.1087   289.5941    52.4563
   -935.00   42253.42  0.0446135    11.1647    31.7768   289.6491    52.3663
   -925.00   42254.00  0.0444853    11.1856    30.0569   289.9585    52.2531
   -915.00   42255.98  0.0445578    11.2014    28.2612   290.1788    52.1546
   -905.00   42256.73  0.0447622    11.2151    26.3747   290.3771    52.0829
   -895.00   42255.38  0.0446913    11.2322    24.5304   290.5192    51.9945
   -885.00   42254.95  0.0447273    11.2456    22.5804   290.8233    51.8807
   -875.00   42255.59  0.0449043    11.2518    20.5121   291.3398    51.7729
   -865.00   42254.96  0.0449550    11.2631    18.8840   291.5383    51.6726
   -855.00   42252.38  0.0449520    11.2771    17.3608   291.8268    51.5433
   -845.00   42251.45  0.0449038    11.2858    15.6858   292.4610    51.3863
   -835.00   42251.90  0.0449408    11.2967    14.3826   292.8238    51.2464
   -825.00   42250.92  0.0449922    11.3125    13.2640   293.0895    51.1111
   -815.00   42249.49  0.0447709    11.3306    12.0555   293.5144    50.9452
   -805.00   42250.11  0.0447043    11.3483    10.8588   293.8789    50.7834
   -795.00   42252.20  0.0448143    11.3656     9.5639   294.2305    50.6510
   -785.00   42252.58  0.0446598    11.3897     8.3680   294.3468    50.5239
   -775.00   42252.80  0.0445738    11.4145     6.9350   294.5451    50.3872
   -765.00   42254.70  0.0446269    11.4326     5.0993   294.9782    50.2668
   -755.00   42256.81  0.0446778    11.4535     3.4725   295.0223    50.1823
   -745.00   42256.28  0.0447225    11.4772     1.7440   295.0761    50.0946
   -735.00   42255.30  0.0446767    11.4944   359.6717   295.4665    49.9901
   -725.00   42255.73  0.0448093    11.5077   357.7763   295.6800    49.9089
   -715.00   42255.78  0.0450484    11.5218   356.0038   295.8525    49.8394
   -705.00   42253.63  0.0449877    11.5361   354.2888   296.1389    49.7400
   -695.00   42251.92  0.0450517    11.5461   352.6480   296.5174    49.6260
   -685.00   42252.04  0.0452827    11.5522   351.0293   297.0315    49.5204
   -675.00   42252.09  0.0452883    11.5640   349.7937   297.2994    49.4077
   -665.00   42250.30  0.0452533    11.5778   348.5460   297.6912    49.2640
   -655.00   42249.70  0.0452413    11.5863   347.0460   298.3911    49.1086
   -645.00   42251.41  0.0452506    11.5988   345.8361   298.7436    48.9748
   -635.00   42252.03  0.0452255    11.6184   344.6166   299.0193    48.8348
   -625.00   42251.64  0.0449974    11.6364   343.0536   299.5412    48.6730
   -615.00   42252.54  0.0449181    11.6535   341.4669   299.8995    48.5330
   -605.00   42255.09  0.0450016    11.6739   339.8098   300.1422    48.4201
   -595.00   42256.03  0.0448020    11.6974   338.1001   300.3131    48.3003
   -585.00   42255.43  0.0446947    11.7186   336.2430   300.5279    48.1799
   -575.00   42255.78  0.0447915    11.7348   334.1863   300.8923    48.0845
   -565.00   42256.96  0.0447910    11.7538   332.4859   300.9155    48.0075
   -555.00   42255.70  0.0447871    11.7739   330.8300   300.9876    47.9166
   -545.00   42253.25  0.0447760    11.7862   328.9641   301.4246    47.8167
   -535.00   42252.44  0.0448765    11.7966   327.4977   301.5981    47.7399
   -525.00   42252.50  0.0450438    11.8103   326.2486   301.7094    47.6595
   -515.00   42251.00  0.0449586    11.8215   324.9246   302.0666    47.5465
   -505.00   42249.42  0.0449991    11.8289   323.6909   302.4153    47.4333
   -495.00   42250.15  0.0452170    11.8364   322.4531   302.7959    47.3301
   -485.00   42251.80  0.0451631    11.8484   321.3347   303.0510    47.2072
   -475.00   42251.55  0.0451163    11.8608   320.0327   303.4107    47.0630
   -465.00   42251.51  0.0451688    11.8693   318.3496   304.0306    46.9209
   -455.00   42253.85  0.0451599    11.8831   316.8551   304.2934    46.7941
   -445.00   42255.38  0.0451201    11.9032   315.2281   304.5251    46.6543
   -435.00   42255.09  0.0449646    11.9199   313.1851   305.0595    46.5009
   -425.00   42254.83  0.0449258    11.9365   311.2559   305.3549    46.3787
   -415.00   42256.22  0.0450029    11.9592   309.4182   305.4996    46.2736
   -405.00   42256.65  0.0448342    11.9819   307.5725   305.7060    46.1549
   -395.00   42254.64  0.0447738    12.0007   305.7936   305.9140    46.0484
   -385.00   42253.29  0.0449398    12.0180   304.0709   306.1757    45.9720
   -375.00   42253.69  0.0449437    12.0367   302.7488   306.2053    45.8971
   -365.00   42252.73  0.0449668    12.0538   301.5122   306.3042    45.8080
   -355.00   42250.35  0.0450784    12.0636   300.0534   306.7607    45.7219
   -345.00   42249.65  0.0452085    12.0728   298.9507   306.9465    45.6500
   -335.00   42250.82  0.0453626    12.0854   297.9188   307.0996    45.5604
   -325.00   42250.99  0.0453424    12.0937   296.5416   307.6036    45.4405
   -315.00   42250.25  0.0454118    12.0992   295.1546   308.0243    45.3283
   -305.00   42251.62  0.0456068    12.1091   293.6756   308.4043    45.2196
   -295.00   42254.37  0.0455125    12.1219   292.0612   308.7978    45.0819
   -285.00   42254.94  0.0454468    12.1339   290.2404   309.2305    44.9364
   -275.00   42254.52  0.0455253    12.1454   288.1183   309.8171    44.8070
   -265.00   42255.96  0.0454451    12.1624   286.2115   310.1009    44.6828
   -255.00   42257.07  0.0453534    12.1832   284.2947   310.3478    44.5485
   -245.00   42256.00  0.0452499    12.1995   282.1180   310.8897    44.4154
   -235.00   42253.98  0.0451964    12.2163   280.2995   311.1413    44.3147
   -225.00   42253.83  0.0452131    12.2389   278.7328   311.2578    44.2196
   -215.00   42253.98  0.0450463    12.2581   277.1901   311.5361    44.1079
   -205.00   42251.62  0.0449921    12.2721   275.8454   311.7497    44.0171
   -195.00   42249.95  0.0451297    12.2884   274.6280   311.9447    43.9490
   -185.00   42250.76  0.0450670    12.3044   273.6342   312.0391    43.8658
   -175.00   42251.27  0.0450445    12.3164   272.6281   312.1740    43.7717
   -165.00   42250.25  0.0451829    12.3246   271.3170   312.5713    43.6917
   -155.00   42250.30  0.0452466    12.3333   270.1719   312.7361    43.6134
   -145.00   42252.65  0.0453198    12.3444   268.9326   312.8733    43.5120
   -135.00   42254.17  0.0453341    12.3509   267.1861   313.3742    43.3934
   -125.00   42253.66  0.0453931    12.3561   265.4265   313.7226    43.2869
   -115.00   42254.42  0.0455385    12.3676   263.5862   314.0107    43.1762
   -105.00   42256.71  0.0454421    12.3799   261.5519   314.4311    43.0350
    -95.00   42256.82  0.0453901    12.3902   259.5066   314.8110    42.8971
    -85.00   42255.04  0.0454958    12.4038   257.3946   315.2646    42.7799
    -75.00   42254.60  0.0453935    12.4222   255.5689   315.5463    42.6544
    -65.00   42254.97  0.0452988    12.4415   253.9304   315.7645    42.5224
    -55.00   42253.58  0.0452820    12.4578   252.1910   316.2252    42.4072
    -45.00   42250.85  0.0452369    12.4760   250.8728   316.4177    42.3164
    -35.00   42250.37  0.0452504    12.4983   249.7873   316.5004    42.2247
    -25.00   42251.41  0.0451612    12.5154   248.5866   316.8051    42.1230
    -15.00   42250.21  0.0451653    12.5277   247.5366   316.9707    42.0486
     -5.00   42249.36  0.0453296    12.5440   246.4619   317.1138    41.9874
      5.00   42251.11  0.0453019    12.5580   245.3064   317.2964    41.9016
     15.00   42253.16  0.0453321    12.5657   244.0156   317.4780    41.8117
     25.00   42253.34  0.0455405    12.5736   242.3610   317.8385    41.7387
     35.00   42253.34  0.0456088    12.5826   240.6952   318.0850    41.6521
     45.00   42255.62  0.0456734    12.5915   238.9139   318.3213    41.5381
     55.00   42257.04  0.0457662    12.5978   236.7108   318.8699    41.4229
     65.00   42255.64  0.0458176    12.6050   234.6389   319.2538    41.3156
     75.00   42254.69  0.0459145    12.6187   232.6524   319.5858    41.1957
     85.00   42255.55  0.0458392    12.6317   230.5680   320.1247    41.0541
     95.00   42255.05  0.0457746    12.6425   228.7465   320.5190    40.9271
    105.00   42252.49  0.0458458    12.6595   227.0552   320.9179    40.8201
    115.00   42251.15  0.0457075    12.6792   225.5868   321.2865    40.6981
    125.00   42251.87  0.0455821    12.6960   224.3654   321.5352    40.5766
    135.00   42251.41  0.0455863    12.7122   223.0605   321.9230    40.4850
    145.00   42249.43  0.0454941    12.7303   221.9873   322.1279    40.4030
    155.00   42249.75  0.0454572    12.7490   220.9927   322.2315    40.3122
    165.00   42252.02  0.0454081    12.7621   219.6826   322.5620    40.2240
    175.00   42252.33  0.0453764    12.7724   218.4215   322.7035    40.1572
    185.00   42252.01  0.0454843    12.7866   217.0142   322.8239    40.0911
    195.00   42253.91  0.0454440    12.7975   215.3309   323.0950    39.9985
    205.00   42256.30  0.0454444    12.8020   213.6021   323.2627    39.9095
    215.00   42256.46  0.0456083    12.8101   211.6360   323.5356    39.8354
    225.00   42255.11  0.0456226    12.8198   209.6665   323.8132    39.7381
    235.00   42255.90  0.0456526    12.8264   207.7870   324.0432    39.6179
    245.00   42256.35  0.0457617    12.8331   205.7460   324.4887    39.5109
    255.00   42253.99  0.0457687    12.8425   203.9706   324.8153    39.4050
    265.00   42251.73  0.0458325    12.8561   202.4115   325.1029    39.2792
    275.00   42251.87  0.0458190    12.8683   200.7878   325.6157    39.1465
    285.00   42251.94  0.0457528    12.8795   199.4880   325.9316    39.0314
    295.00   42250.09  0.0458095    12.8978   198.2738   326.2390    38.9277
    305.00   42249.34  0.0457103    12.9172   197.0340   326.6390    38.8077
    315.00   42251.26  0.0456122    12.9317   195.9511   326.8534    38.6968
    325.00   42252.47  0.0456439    12.9488   194.6760   327.1331    38.6195
    335.00   42251.54  0.0455599    12.9680   193.3546   327.3504    38.5404
    345.00   42252.36  0.0455460    12.9838   192.0045   327.4505    38.4508
    355.00   42254.91  0.0455874    12.9955   190.2826   327.7291    38.3799
    365.00   42255.68  0.0455653    13.0063   188.5703   327.8535    38.3210
    375.00   42254.60  0.0456891    13.0191   186.7694   327.9692    38.2499
    385.00   42255.22  0.0457479    13.0273   184.7219   328.3063    38.1605
    395.00   42256.66  0.0457851    13.0305   182.8547   328.4864    38.0760
    405.00   42256.05  0.0459563    13.0390   180.9572   328.7577    37.9970
    415.00   42253.39  0.0460105    13.0490   179.0953   329.1660    37.8878
    425.00   42252.99  0.0460723    13.0541   177.5197   329.4691    37.7629
    435.00   42253.35  0.0461986    13.0625   175.9281   329.9093    37.6585
    445.00   42251.28  0.0461750    13.0758   174.5068   330.3345    37.5480
    455.00   42249.28  0.0462156    13.0897   173.2786   330.6907    37.4160
    465.00   42249.94  0.0462424    13.1027   171.9027   331.2123    37.2971
    475.00   42251.43  0.0461245    13.1166   170.6843   331.5483    37.1970
    485.00   42250.89  0.0461218    13.1359   169.4096   331.8575    37.0976
    495.00   42251.03  0.0460498    13.1535   167.8787   332.3079    36.9899
    505.00   42253.65  0.0459281    13.1657   166.4350   332.5111    36.8977
    515.00   42255.76  0.0459109    13.1820   164.7614   332.7422    36.8315
    525.00   42254.96  0.0458063    13.1994   162.9005   333.0362    36.7525
    535.00   42254.93  0.0457733    13.2102   161.1323   333.1531    36.6635
    545.00   42256.35  0.0458121    13.2197   159.1696   333.3782    36.6000
    555.00   42256.42  0.0457193    13.2306   157.2866   333.5511    36.5366
    565.00   42254.01  0.0457865    13.2408   155.5488   333.6825    36.4503
    575.00   42253.02  0.0458702    13.2471   153.7462   334.0022    36.3623
    585.00   42253.63  0.0458456    13.2509   152.2794   334.1514    36.2795
    595.00   42252.94  0.0459441    13.2602   150.8852   334.3803    36.1913
    605.00   42250.44  0.0460112    13.2696   149.4640   334.7984    36.0786
    615.00   42250.14  0.0460605    13.2736   148.3515   335.0285    35.9591
    625.00   42251.69  0.0461526    13.2830   147.1453   335.3592    35.8602
    635.00   42251.03  0.0461218    13.2980   145.8197   335.8041    35.7478
    645.00   42250.09  0.0461710    13.3101   144.5860   336.1132    35.6158
    655.00   42251.47  0.0462372    13.3226   143.0924   336.5213    35.5096
    665.00   42254.02  0.0460958    13.3390   141.5143   336.8516    35.4177
    675.00   42254.22  0.0460838    13.3581   139.8268   337.1407    35.3151
    685.00   42254.06  0.0460858    13.3744   137.8677   337.5456    35.2184
    695.00   42255.83  0.0459637    13.3870   136.0586   337.6908    35.1422
    705.00   42257.40  0.0459297    13.4040   134.1402   337.8752    35.0796
    715.00   42255.76  0.0458870    13.4203   132.1103   338.1982    35.0030
    725.00   42254.05  0.0458962    13.4284   130.4376   338.2630    34.9227
    735.00   42254.15  0.0459684    13.4372   128.7822   338.4037    34.8667
    745.00   42253.84  0.0459111    13.4486   127.1846   338.6534    34.7995
    755.00   42251.21  0.0460279    13.4559   125.8740   338.8097    34.7037
    765.00   42249.88  0.0462030    13.4607   124.5469   339.1005    34.6183
    775.00   42250.92  0.0461879    13.4663   123.4083   339.3127    34.5347
    785.00   42251.31  0.0462980    13.4764   122.2284   339.6239    34.4307
    795.00   42250.18  0.0464404    13.4857   120.8552   340.1105    34.3164
    805.00   42250.60  0.0464872    13.4910   119.6585   340.3662    34.2035
    815.00   42253.33  0.0465357    13.5035   118.2054   340.7337    34.1046
    825.00   42253.86  0.0465272    13.5204   116.4035   341.2961    33.9929
    835.00   42253.29  0.0465653    13.5319   114.7049   341.6244    33.8697
    845.00   42254.33  0.0465976    13.5450   112.8040   341.9725    33.7798
    855.00   42256.41  0.0464192    13.5638   110.7044   342.4039    33.6971
    865.00   42256.19  0.0463798    13.5810   108.6814   342.7364    33.5958
    875.00   42254.63  0.0464011    13.5942   106.6306   343.0882    33.5126
    885.00   42254.71  0.0462148    13.6068   104.8449   343.2469    33.4495
    895.00   42255.35  0.0461271    13.6223   103.1278   343.4685    33.3807
    905.00   42253.32  0.0461161    13.6351   101.4308   343.8215    33.3022
    915.00   42250.91  0.0460807    13.6406   100.2333   343.8488    33.2269
    925.00   42250.84  0.0460821    13.6487    99.0863   343.9469    33.1667
    935.00   42251.29  0.0460244    13.6597    97.8077   344.2817    33.0890
    945.00   42249.91  0.0461151    13.6645    96.8056   344.4183    32.9867
    955.00   42249.27  0.0462621    13.6684    95.7158   344.6016    32.9029
    965.00   42251.29  0.0461885    13.6766    94.4936   344.8501    32.8184
    975.00   42253.12  0.0462742    13.6863    93.1152   345.1619    32.7040
    985.00   42253.05  0.0464405    13.6945    91.4649   345.5729    32.5938
    995.00   42253.49  0.0464283    13.7015    89.8897   345.7583    32.4930
   1005.00   42256.02  0.0464356    13.7155    88.0136   346.1017    32.3907
   1015.00   42256.64  0.0464748    13.7321    85.8061   346.6553    32.2819
   1025.00   42255.29  0.0465094    13.7428    83.8840   346.8974    32.1699
   1035.00   42254.69  0.0465019    13.7568    81.9489   347.1421    32.0880
   1045.00   42255.39  0.0463606    13.7771    79.8513   347.6116    32.0074
   1055.00   42254.68  0.0463554    13.7926    78.0783   347.9144    31.9072
   1065.00   42252.11  0.0464045    13.8042    76.5136   348.1321    31.8347
   1075.00   42251.32  0.0462074    13.8188    75.1461   348.2988    31.7803
   1085.00   42252.11  0.0461506    13.8335    73.8845   348.5256    31.7054
   1095.00   42251.12  0.0462350    13.8434    72.6356   348.8230    31.6294
   1105.00   42249.53  0.0461961    13.8485    71.7530   348.8006    31.5652
   1115.00   42250.23  0.0461992    13.8568    70.7475   348.8935    31.5001
   1125.00   42252.03  0.0462553    13.8667    69.3678   349.2886    31.4147
   1135.00   42252.18  0.0463976    13.8697    68.1583   349.4169    31.3130
   1145.00   42251.99  0.0465537    13.8738    66.7625   349.5621    31.2292
   1155.00   42254.05  0.0465266    13.8849    64.9623   349.9550    31.1381
   1165.00   42256.20  0.0466656    13.8947    63.0510   350.3505    31.0149
   1175.00   42255.91  0.0468777    13.9031    60.9925   350.7580    30.9078
   1185.00   42255.14  0.0468095    13.9144    59.0118   351.0357    30.8169
   1195.00   42256.13  0.0467978    13.9308    56.9059   351.4781    30.7103
   1205.00   42256.13  0.0468794    13.9471    54.6956   352.0753    30.6066
   1215.00   42254.01  0.0468519    13.9582    52.9862   352.3026    30.5138
   1225.00   42252.11  0.0467552    13.9734    51.3994   352.5570    30.4388
   1235.00   42252.09  0.0466345    13.9926    49.6837   353.0825    30.3612
   1245.00   42251.95  0.0466258    14.0045    48.3868   353.3566    30.2678
   1255.00   42249.89  0.0466149    14.0137    47.3065   353.4872    30.2034
   1265.00   42249.47  0.0463883    14.0280    46.1432   353.7330    30.1480
   1275.00   42251.26  0.0463362    14.0398    44.9928   353.9935    30.0628
   1285.00   42251.95  0.0464402    14.0459    43.7737   354.2284    29.9840
   1295.00   42251.61  0.0463160    14.0519    42.6469   354.2372    29.9231
   1305.00   42252.68  0.0462577    14.0607    41.2658   354.3780    29.8460
   1315.00   42255.07  0.0463520    14.0691    39.4578   354.7804    29.7521
   1325.00   42255.89  0.0464362    14.0720    37.8366   354.8558    29.6569
   1335.00   42255.01  0.0464941    14.0776    36.0897   354.9469    29.5736
   1345.00   42255.55  0.0464740    14.0900    33.9525   355.3793    29.4778
   1355.00   42256.74  0.0466174    14.0988    31.9604   355.7129    29.3554
   1365.00   42255.64  0.0468090    14.1063    30.0803   355.9826    29.2544
   1375.00   42253.52  0.0466980    14.1206    28.2801   356.2860    29.1683
   1385.00   42253.07  0.0466970    14.1370    26.5526   356.7108    29.0569
   1395.00   42253.12  0.0468406    14.1514    24.8775   357.2154    28.9539
   1405.00   42251.59  0.0467605    14.1641    23.6590   357.3863    28.8756
   1415.00   42249.81  0.0466311    14.1808    22.4818   357.6319    28.7998
   1425.00   42250.30  0.0465746    14.1989    21.0755   358.1373    28.7208
   1435.00   42251.64  0.0465764    14.2092    20.0041   358.3042    28.6396
   1445.00   42251.04  0.0465292    14.2185    18.9641   358.3519    28.5825
   1455.00   42251.19  0.0463462    14.2329    17.5618   358.6275    28.5268
   1465.00   42253.52  0.0463650    14.2423    16.1100   358.8438    28.4400
   1475.00   42255.22  0.0465240    14.2459    14.5743   358.9627    28.3649
   1485.00   42255.22  0.0464210    14.2534    12.9249   359.0273    28.3057
   1495.00   42255.23  0.0464198    14.2624    11.0744   359.2314    28.2175
   1505.00   42256.69  0.0466385    14.2689     8.9809   359.6255    28.1149
   1515.00   42256.98  0.0467323    14.2734     7.1770   359.7273    28.0256
   1525.00   42254.88  0.0467773    14.2821     5.3898   359.9008    27.9367
   1535.00   42253.61  0.0468382    14.2960     3.3608     0.4456    27.8319
   1545.00   42253.85  0.0469974    14.3052     1.7071     0.7865    27.7151
   1555.00   42252.85  0.0471425    14.3143     0.2829     1.0365    27.6220
   1565.00   42250.76  0.0470216    14.3317   358.7908     1.4803    27.5384
   1575.00   42250.17  0.0470224    14.3478   357.4183     1.9476    27.4288
   1585.00   42251.31  0.0471714    14.3594   356.1121     2.3735    27.3338
   1595.00   42251.42  0.0470098    14.3736   354.9552     2.6046    27.2693
   1605.00   42250.56  0.0468421    14.3899   353.6795     2.9149    27.1925
   1615.00   42251.77  0.0468321    14.4042   352.0824     3.4202    27.1090
   1625.00   42254.10  0.0467663    14.4126   350.7036     3.5404    27.0402
   1635.00   42254.54  0.0466514    14.4217   349.2191     3.6064    26.9820
   1645.00   42254.32  0.0464866    14.4348   347.2889     3.9654    26.9157
   1655.00   42255.76  0.0464984    14.4416   345.4584     4.1454    26.8273
   1665.00   42257.13  0.0466046    14.4441   343.6929     4.1953    26.7521
   1675.00   42256.50  0.0464686    14.4532   341.8203     4.3402    26.6875
   1685.00   42254.69  0.0464562    14.4624   339.9766     4.5779    26.5894
   1695.00   42254.62  0.0466755    14.4669   338.1935     4.8818    26.4832
   1705.00   42254.50  0.0466888    14.4733   336.7450     4.9741    26.4000
   1715.00   42252.19  0.0466778    14.4844   335.3822     5.1643    26.3063
   1725.00   42250.35  0.0467727    14.4972   333.8406     5.6858    26.1941
   1735.00   42250.76  0.0468779    14.5060   332.6781     5.9255    26.0880
   1745.00   42251.23  0.0469532    14.5167   331.6218     6.0987    26.0000
   1755.00   42250.40  0.0468563    14.5349   330.2460     6.5692    25.9130
   1765.00   42250.48  0.0468734    14.5497   328.9037     6.9662    25.8068
   1775.00   42252.75  0.0470055    14.5599   327.5425     7.2459    25.7202
   1785.00   42254.33  0.0468340    14.5758   326.0210     7.4962    25.6610
   1795.00   42253.89  0.0466941    14.5924   324.3123     7.8056    25.5822
   1805.00   42254.59  0.0467561    14.6034   322.3598     8.2124    25.4983
   1815.00   42256.40  0.0466575    14.6124   320.5956     8.2862    25.4417
   1825.00   42256.67  0.0465504    14.6227   318.8118     8.3403    25.3829
   1835.00   42255.03  0.0464921    14.6343   316.7249     8.7138    25.3064
   1845.00   42254.68  0.0465307    14.6396   314.9912     8.8130    25.2243
   1855.00   42255.18  0.0466448    14.6424   313.4853     8.8103    25.1502
   1865.00   42254.20  0.0465838    14.6529   311.8921     9.0341    25.0756
   1875.00   42251.65  0.0466566    14.6617   310.4576     9.2961    24.9703
   1885.00   42251.08  0.0469213    14.6652   309.1741     9.5582    24.8632
   1895.00   42251.74  0.0469409    14.6745   308.0361     9.7439    24.7804
   1905.00   42250.59  0.0469589    14.6884   306.8554    10.0478    24.6796
   1915.00   42249.43  0.0471275    14.7004   305.4258    10.6066    24.5630
   1925.00   42250.65  0.0471817    14.7105   304.1851    10.8825    24.4699
   1935.00   42252.71  0.0471935    14.7242   302.8688    11.1150    24.3880
   1945.00   42253.02  0.0471327    14.7425   301.0719    11.6755    24.2981
   1955.00   42253.27  0.0471262    14.7554   299.3033    12.0558    24.2032
   1965.00   42255.42  0.0471838    14.7646   297.5292    12.2853    24.1283
   1975.00   42257.19  0.0469992    14.7807   295.5212    12.6088    24.0693
   1985.00   42256.09  0.0468709    14.7951   293.4782    12.9403    23.9872
   1995.00   42255.07  0.0469373    14.8021   291.4520    13.2719    23.9034
   2005.00   42255.38  0.0467850    14.8109   289.6638    13.3984    23.8480
   2015.00   42255.11  0.0466500    14.8219   288.0410    13.5038    23.7797
   2025.00   42252.53  0.0466470    14.8309   286.3101    13.8876    23.6883
   2035.00   42251.15  0.0466132    14.8357   285.0129    13.9807    23.6091
   2045.00   42251.67  0.0466418    14.8403   283.9634    13.9813    23.5333
   2055.00   42251.59  0.0465850    14.8515   282.7308    14.2682    23.4450
   2065.00   42249.92  0.0466285    14.8594   281.6325    14.4851    23.3405
   2075.00   42249.94  0.0468243    14.8625   280.5803    14.6607    23.2387
   2085.00   42252.06  0.0467968    14.8737   279.3995    14.8702    23.1551
   2095.00   42252.45  0.0468071    14.8881   278.0414    15.1563    23.0509
   2105.00   42251.96  0.0469932    14.8978   276.3852    15.6096    22.9351
   2115.00   42253.24  0.0469944    14.9086   274.7396    15.8569    22.8508
   2125.00   42255.69  0.0469722    14.9246   272.9808    16.0719    22.7694
   2135.00   42256.00  0.0469746    14.9419   270.8148    16.5927    22.6725
   2145.00   42255.08  0.0469495    14.9538   268.7986    16.8945    22.5872
   2155.00   42255.64  0.0469638    14.9644   266.9234    17.0596    22.5207
   2165.00   42256.58  0.0468172    14.9812   264.9432    17.3872    22.4566
   2175.00   42254.64  0.0467242    14.9941   263.1605    17.6510    22.3754
   2185.00   42252.24  0.0468019    14.9993   261.5880    17.8660    22.2981
   2195.00   42251.81  0.0466708    15.0085   260.2234    18.0033    22.2433
   2205.00   42251.96  0.0465782    15.0198   259.0589    18.1045    22.1674
   2215.00   42250.00  0.0466758    15.0257   257.8153    18.4127    22.0687
   2225.00   42249.00  0.0466628    15.0303   256.8012    18.5156    21.9916
   2235.00   42250.50  0.0467098    15.0373   255.8653    18.5507    21.9119
   2245.00   42251.93  0.0467655    15.0485   254.5680    18.8961    21.8076
   2255.00   42251.60  0.0468427    15.0564   253.2617    19.1219    21.7051
   2265.00   42252.03  0.0470378    15.0615   251.8516    19.3163    21.6095
   2275.00   42254.81  0.0470467    15.0756   250.1330    19.6485    21.5197
   2285.00   42255.76  0.0470832    15.0906   248.2645    19.9817    21.4162
   2295.00   42254.84  0.0472763    15.0995   246.2064    20.4108    21.3087
   2305.00   42254.90  0.0472473    15.1119   244.1599    20.7418    21.2328
   2315.00   42256.30  0.0471999    15.1293   242.1701    21.0250    21.1520
   2325.00   42255.85  0.0472331    15.1439   240.0443    21.5327    21.0526
   2335.00   42253.51  0.0471600    15.1540   238.2093    21.8446    20.9764
   2345.00   42252.68  0.0471183    15.1655   236.6426    22.0407    20.9133
   2355.00   42253.33  0.0469966    15.1807   235.0612    22.4206    20.8368
   2365.00   42251.75  0.0468832    15.1906   233.7448    22.6721    20.7537
   2375.00   42249.51  0.0469145    15.1947   232.6056    22.8583    20.6794
   2385.00   42249.71  0.0467754    15.2043   231.4816    23.0717    20.6156
   2395.00   42251.17  0.0466628    15.2149   230.4388    23.2088    20.5296
   2405.00   42250.77  0.0467451    15.2186   229.2358    23.4604    20.4280
   2415.00   42250.48  0.0466847    15.2233   227.9955    23.6066    20.3509
   2425.00   42252.72  0.0466756    15.2328   226.6982    23.6761    20.2664
   2435.00   42255.08  0.0467409    15.2427   225.0173    23.9935    20.1528
   2445.00   42255.05  0.0467555    15.2498   223.2840    24.1873    20.0538
   2455.00   42254.65  0.0468836    15.2573   221.4863    24.3425    19.9652
   2465.00   42256.42  0.0469034    15.2723   219.4563    24.6841    19.8666
   2475.00   42256.75  0.0469101    15.2864   217.4898    24.9511    19.7640
   2485.00   42254.69  0.0470681    15.2950   215.5494    25.2712    19.6653
   2495.00   42253.09  0.0470387    15.3088   213.6980    25.6076    19.5895
   2505.00   42253.42  0.0469917    15.3266   212.0769    25.8612    19.5059
   2515.00   42252.98  0.0470461    15.3390   210.4842    26.2660    19.4066
   2525.00   42250.46  0.0469600    15.3485   209.1256    26.5496    19.3367
   2535.00   42249.70  0.0469173    15.3617   207.9795    26.7250    19.2743
   2545.00   42251.26  0.0468583    15.3753   206.7456    27.0672    19.1890
   2555.00   42251.18  0.0467476    15.3828   205.6332    27.2618    19.1080
   2565.00   42250.07  0.0467811    15.3876   204.5210    27.3899    19.0400
   2575.00   42251.15  0.0467158    15.3975   203.2067    27.6177    18.9670
   2585.00   42253.62  0.0466469    15.4066   201.8555    27.7357    18.8745
   2595.00   42254.20  0.0467643    15.4092   200.2897    27.9190    18.7756
   2605.00   42253.62  0.0467633    15.4150   198.5492    28.1133    18.6965
   2615.00   42255.15  0.0468042    15.4266   196.7863    28.2303    18.6036
   2625.00   42257.04  0.0469407    15.4357   194.7987    28.5414    18.4845
   2635.00   42256.11  0.0469686    15.4430   192.8433    28.7931    18.3880
   2645.00   42254.25  0.0471050    15.4546   190.9950    29.0078    18.3024
   2655.00   42254.53  0.0471911    15.4703   189.0986    29.4197    18.1965
   2665.00   42254.47  0.0471806    15.4834   187.4288    29.7305    18.0954
   2675.00   42252.13  0.0473027    15.4930   185.8942    30.0606    18.0095
   2685.00   42250.12  0.0472939    15.5077   184.4171    30.4825    17.9321
   2695.00   42250.64  0.0472313    15.5239   183.1689    30.7743    17.8458
   2705.00   42251.34  0.0472611    15.5332   181.9015    31.1510    17.7518
   2715.00   42249.87  0.0471488    15.5416   180.6407    31.4932    17.6843
   2725.00   42249.94  0.0470872    15.5547   179.4458    31.7044    17.6158
   2735.00   42252.57  0.0470451    15.5652   178.0418    32.0431    17.5210
   2745.00   42253.84  0.0468838    15.5702   176.5787    32.2672    17.4384
   2755.00   42253.42  0.0468726    15.5765   175.0211    32.4163    17.3696
   2765.00   42254.24  0.0468302    15.5866   173.2283    32.6835    17.2833
   2775.00   42256.41  0.0467148    15.5941   171.4529    32.8147    17.1842
   2785.00   42256.67  0.0467625    15.5972   169.5873    32.9736    17.0906
   2795.00   42254.72  0.0467482    15.6048   167.6498    33.2094    17.0075
   2805.00   42254.44  0.0467534    15.6167   165.9139    33.3198    16.9078
   2815.00   42255.27  0.0468530    15.6243   164.1872    33.5616    16.7900
   2825.00   42253.69  0.0468321    15.6315   162.5675    33.8181    16.6967
   2835.00   42251.25  0.0469367    15.6452   161.1805    33.9985    16.6089
   2845.00   42251.10  0.0470485    15.6598   159.8068    34.3463    16.4970
   2855.00   42251.89  0.0469966    15.6708   158.5827    34.6231    16.3960
   2865.00   42250.77  0.0470892    15.6821   157.3926    34.9003    16.3171
   2875.00   42249.54  0.0471280    15.6975   156.0976    35.2998    16.2343
   2885.00   42251.06  0.0470594    15.7119   154.8849    35.5451    16.1440
   2895.00   42253.07  0.0470742    15.7202   153.4909    35.8508    16.0593
   2905.00   42252.63  0.0469842    15.7292   151.8963    36.1995    15.9937
   2915.00   42252.80  0.0469389    15.7420   150.3217    36.3684    15.9203
   2925.00   42255.30  0.0469287    15.7501   148.5356    36.6282    15.8249
   2935.00   42256.62  0.0467662    15.7535   146.6503    36.8523    15.7448
   2945.00   42255.67  0.0467774    15.7614   144.7945    36.9764    15.6733
   2955.00   42254.94  0.0468245    15.7710   142.8823    37.2023    15.5762
   2965.00   42255.90  0.0467333    15.7765   141.1364    37.3241    15.4715
   2975.00   42255.51  0.0468068    15.7813   139.4562    37.4813    15.3809
   2985.00   42252.62  0.0468921    15.7913   137.8206    37.7601    15.2893
   2995.00   42251.37  0.0469464    15.8032   136.5021    37.8897    15.1810
   3005.00   42252.11  0.0470756    15.8108   135.2130    38.1396    15.0683
   3015.00   42251.25  0.0470968    15.8196   133.8970    38.5027    14.9780
   3025.00   42249.62  0.0472196    15.8348   132.7625    38.7351    14.8871
   3035.00   42250.12  0.0473626    15.8480   131.5336    39.0918    14.7757
   3045.00   42252.29  0.0472815    15.8568   130.2072    39.4580    14.6802
   3055.00   42252.73  0.0473485    15.8694   128.7792    39.7844    14.6056
   3065.00   42252.16  0.0474195    15.8839   127.1367    40.2100    14.5179
   3075.00   42254.02  0.0473046    15.8945   125.4832    40.4848    14.4228
   3085.00   42256.16  0.0472780    15.9021   123.6058    40.8098    14.3450
   3095.00   42255.72  0.0472014    15.9114   121.5264    41.2291    14.2744
   3105.00   42254.69  0.0471291    15.9227   119.6381    41.4058    14.1893
   3115.00   42255.67  0.0470889    15.9288   117.6976    41.6502    14.0935
   3125.00   42256.18  0.0468958    15.9320   115.7469    41.9594    14.0120
   3135.00   42254.39  0.0468759    15.9411   114.0651    42.1083    13.9321
   3145.00   42252.35  0.0469191    15.9500   112.5295    42.2995    13.8265
   3155.00   42252.63  0.0467633    15.9536   111.1949    42.4469    13.7199
   3165.00   42252.63  0.0467869    15.9601   109.9593    42.6125    13.6305
   3175.00   42250.31  0.0468881    15.9712   108.7540    42.8766    13.5314
   3185.00   42249.47  0.0468879    15.9811   107.7947    42.9621    13.4167
   3195.00   42251.07  0.0469669    15.9883   106.7012    43.1652    13.3111
   3205.00   42251.85  0.0469997    15.9985   105.3528    43.5502    13.2208
   3215.00   42251.36  0.0471005    16.0133   104.0935    43.7323    13.1238
   3225.00   42252.34  0.0472248    16.0249   102.6224    43.9996    13.0147
   3235.00   42255.06  0.0471275    16.0329   100.8496    44.3897    12.9246
   3245.00   42256.16  0.0471839    16.0464    98.9875    44.6929    12.8491
   3255.00   42255.04  0.0472877    16.0604    96.9964    45.0427    12.7575
   3265.00   42255.64  0.0471352    16.0681    95.0484    45.2927    12.6628
   3275.00   42256.64  0.0471007    16.0763    93.0276    45.5833    12.5900
   3285.00   42255.53  0.0470876    16.0865    90.9714    45.9903    12.5151
   3295.00   42253.12  0.0470067    16.0955    89.3492    46.0988    12.4205
   3305.00   42252.72  0.0469745    16.1005    87.7987    46.2769    12.3290
   3315.00   42253.10  0.0468423    16.1044    86.2492    46.6145    12.2464
   3325.00   42251.61  0.0468717    16.1136    85.0692    46.7257    12.1553
   3335.00   42249.88  0.0469620    16.1212    84.0093    46.8463    12.0455
   3345.00   42250.63  0.0468408    16.1240    82.9449    47.0312    11.9390
   3355.00   42252.02  0.0469246    16.1323    81.8399    47.2278    11.8467
   3365.00   42251.10  0.0471231    16.1443    80.6282    47.4874    11.7402
   3375.00   42250.99  0.0471281    16.1526    79.4587    47.6076    11.6229
   3385.00   42253.12  0.0472231    16.1607    77.9770    47.8671    11.5245
   3395.00   42254.85  0.0473422    16.1728    76.1089    48.3502    11.4341
   3405.00   42254.56  0.0474419    16.1866    74.3592    48.5740    11.3322
   3415.00   42254.77  0.0475333    16.1965    72.4292    48.8674    11.2301
   3425.00   42256.52  0.0474438    16.2044    70.2099    49.3805    11.1454
   3435.00   42257.10  0.0474904    16.2175    68.1264    49.7440    11.0654
   3445.00   42254.86  0.0475763    16.2293    66.1664    50.0724    10.9696
   3455.00   42253.72  0.0473625    16.2342    64.3436    50.3891    10.8751
   3465.00   42253.74  0.0472937    16.2421    62.6291    50.7155    10.7992
   3475.00   42252.69  0.0473243    16.2523    61.0060    51.1256    10.7140
   3485.00   42250.20  0.0471741    16.2584    59.8453    51.2400    10.6095
   3495.00   42249.69  0.0470941    16.2629    58.7035    51.4195    10.5180
   3505.00   42251.01  0.0469974    16.2682    57.4012    51.8224    10.4315
   3515.00   42250.99  0.0469963    16.2768    56.4088    51.9219    10.3285
   3525.00   42250.43  0.0470285    16.2831    55.3619    52.0139    10.2192
   3535.00   42251.80  0.0468680    16.2858    54.0532    52.2637    10.1162
   3545.00   42254.33  0.0469329    16.2948    52.6300    52.4651    10.0194
   3555.00   42254.43  0.0471146    16.3061    51.0625    52.6586     9.9094
   3565.00   42254.05  0.0470378    16.3124    49.4382    52.7783     9.7934
   3575.00   42255.31  0.0470908    16.3208    47.5466    53.0247     9.6980
   3585.00   42256.65  0.0472654    16.3340    45.3898    53.4742     9.6042
   3595.00   42255.64  0.0473240    16.3460    43.5296    53.6460     9.4963
   3605.00   42254.19  0.0473689    16.3549    41.6457    53.8936     9.3990
   3615.00   42254.38  0.0473228    16.3640    39.5849    54.4309     9.3168
   3625.00   42254.55  0.0473849    16.3766    37.8895    54.7504     9.2296
   3635.00   42252.19  0.0474452    16.3865    36.4338    54.9942     9.1335
   3645.00   42250.50  0.0472111    16.3903    35.0336    55.3344     9.0434
