  -7305.00   42251.72  0.0700632     8.1632    23.8039    60.1844    75.3473
  -7295.00   42251.53  0.0701123     8.1807    22.3008    60.5471    75.2763
  -7285.00   42251.56  0.0703116     8.2051    20.8527    60.9555    75.2229
  -7275.00   42249.94  0.0702987     8.2268    19.7537    61.2263    75.1192
  -7265.00   42247.67  0.0701711     8.2374    18.7563    61.5785    75.0011
  -7255.00   42247.34  0.0700973     8.2515    17.6714    62.1156    74.9101
  -7245.00   42247.79  0.0701227     8.2672    16.9436    62.4361    74.7975
  -7235.00   42246.39  0.0700101     8.2809    16.3827    62.7122    74.6193
  -7225.00   42245.89  0.0697317     8.2943    15.5975    63.1887    74.4443
  -7215.00   42247.62  0.0696820     8.3067    14.8494    63.5624    74.2936
  -7205.00   42248.97  0.0697392     8.3285    14.1282    63.8286    74.1110
  -7195.00   42249.17  0.0695120     8.3506    13.2469    64.1296    73.8961
  -7185.00   42249.87  0.0693927     8.3664    12.1745    64.4467    73.7121
  -7175.00   42252.14  0.0695222     8.3923    10.8567    64.8038    73.5703
  -7165.00   42253.23  0.0695539     8.4228     9.6187    64.9793    73.4010
  -7155.00   42252.25  0.0695284     8.4460     8.2865    65.1815    73.2296
  -7145.00   42252.13  0.0695561     8.4706     6.6411    65.6017    73.1221
  -7135.00   42252.93  0.0697746     8.4988     5.2084    65.8378    73.0371
  -7125.00   42251.95  0.0699532     8.5257     3.9471    66.0322    72.9229
  -7115.00   42249.74  0.0698708     8.5470     2.5956    66.4296    72.8222
  -7105.00   42248.88  0.0699778     8.5635     1.3883    66.8130    72.7654
  -7095.00   42248.97  0.0702115     8.5855     0.3684    67.1726    72.6987
  -7085.00   42247.82  0.0701130     8.6040   359.5382    67.5166    72.5829
  -7075.00   42246.03  0.0699816     8.6121   358.7297    67.9373    72.4724
  -7065.00   42246.40  0.0699899     8.6258   357.8084    68.4778    72.3845
  -7055.00   42247.76  0.0699465     8.6430   357.1363    68.7998    72.2507
  -7045.00   42247.42  0.0697503     8.6542   356.4395    69.1253    72.0689
  -7035.00   42247.48  0.0694924     8.6674   355.3763    69.6577    71.9098
  -7025.00   42249.65  0.0694555     8.6842   354.3503    70.0052    71.7624
  -7015.00   42251.46  0.0694268     8.7060   353.3274    70.2353    71.5693
  -7005.00   42251.71  0.0691497     8.7283   352.0165    70.5899    71.3709
  -6995.00   42251.79  0.0690496     8.7469   350.5978    70.9126    71.2147
  -6985.00   42253.30  0.0691979     8.7754   349.1546    71.1756    71.0798
  -6975.00   42253.73  0.0691372     8.8068   347.7993    71.3599    70.9190
  -6965.00   42251.81  0.0690687     8.8292   346.4639    71.5764    70.7766
  -6955.00   42250.59  0.0691760     8.8548   345.0073    71.9554    70.7007
  -6945.00   42250.60  0.0693382     8.8849   343.9026    72.1343    70.6200
  -6935.00   42249.55  0.0694275     8.9084   343.0000    72.3047    70.5123
  -6925.00   42247.24  0.0693629     8.9267   341.9430    72.7361    70.4378
  -6915.00   42246.59  0.0694970     8.9445   341.0906    73.0721    70.3895
  -6905.00   42247.43  0.0696817     8.9640   340.4141    73.3510    70.3047
  -6895.00   42247.21  0.0695146     8.9789   339.6656    73.7449    70.1836
  -6885.00   42246.28  0.0694054     8.9865   338.8424    74.1769    70.0772
  -6875.00   42247.49  0.0694783     9.0009   337.9053    74.6319    69.9750
  -6865.00   42249.56  0.0693435     9.0190   337.0347    74.9412    69.8133
  -6855.00   42249.86  0.0691220     9.0299   336.0184    75.2712    69.6273
  -6845.00   42249.87  0.0689722     9.0450   334.6219    75.7746    69.4796
  -6835.00   42251.75  0.0689577     9.0679   333.3478    76.0272    69.3253
  -6825.00   42253.31  0.0689133     9.0907   332.0950    76.2003    69.1317
  -6815.00   42252.77  0.0687076     9.1132   330.5612    76.5625    68.9626
  -6805.00   42251.87  0.0687411     9.1363   329.1018    76.8308    68.8419
  -6795.00   42252.35  0.0689435     9.1656   327.8220    77.0054    68.7185
  -6785.00   42252.19  0.0688955     9.1944   326.6168    77.2233    68.5801
  -6775.00   42249.65  0.0688955     9.2147   325.4951    77.4857    68.4767
  -6765.00   42247.95  0.0691176     9.2387   324.4101    77.8331    68.4198
  -6755.00   42247.95  0.0692352     9.2663   323.6316    78.0409    68.3355
  -6745.00   42247.47  0.0692713     9.2843   322.9687    78.2716    68.2309
  -6735.00   42245.71  0.0692811     9.2990   322.0618    78.7624    68.1683
  -6725.00   42245.81  0.0694153     9.3175   321.3279    79.0916    68.1090
  -6715.00   42247.70  0.0695261     9.3342   320.6537    79.3675    68.0007
  -6705.00   42248.47  0.0693497     9.3461   319.6699    79.8465    67.8792
  -6695.00   42248.26  0.0692952     9.3557   318.5565    80.3016    67.7804
  -6685.00   42249.85  0.0693810     9.3714   317.3599    80.7057    67.6651
  -6675.00   42252.12  0.0691768     9.3890   316.0710    81.0800    67.4968
  -6665.00   42252.29  0.0689448     9.4001   314.6364    81.4711    67.3268
  -6655.00   42251.52  0.0688710     9.4168   312.9797    81.9598    67.1936
  -6645.00   42252.33  0.0687684     9.4426   311.5507    82.2127    67.0341
  -6635.00   42253.16  0.0686279     9.4649   310.2484    82.4051    66.8449
  -6625.00   42251.59  0.0684393     9.4867   308.7745    82.8001    66.7003
  -6615.00   42249.89  0.0684664     9.5147   307.5915    83.0098    66.5929
  -6605.00   42249.82  0.0685877     9.5447   306.6978    83.1203    66.4676
  -6595.00   42249.74  0.0684900     9.5715   305.8154    83.3568    66.3449
  -6585.00   42247.38  0.0685302     9.5935   305.0178    83.6029    66.2734
  -6575.00   42246.06  0.0687789     9.6183   304.3056    83.8595    66.2238
  -6565.00   42246.85  0.0688271     9.6437   303.7088    84.0732    66.1390
  -6555.00   42247.24  0.0688251     9.6587   303.0593    84.3353    66.0507
  -6545.00   42246.27  0.0689131     9.6716   302.1012    84.8076    65.9998
  -6535.00   42247.03  0.0689906     9.6903   301.2204    85.1135    65.9250
  -6525.00   42249.67  0.0689981     9.7042   300.2837    85.3859    65.7971
  -6515.00   42250.83  0.0688336     9.7134   298.9239    85.9007    65.6732
  -6505.00   42250.69  0.0688040     9.7266   297.5107    86.3024    65.5666
  -6495.00   42251.91  0.0688481     9.7445   296.1106    86.6155    65.4243
  -6485.00   42253.72  0.0686180     9.7622   294.5867    86.9936    65.2461
  -6475.00   42253.09  0.0684528     9.7769   293.0429    87.3510    65.0932
  -6465.00   42251.23  0.0684874     9.7982   291.5214    87.7177    64.9679
  -6455.00   42250.92  0.0683807     9.8265   290.2697    87.9402    64.8112
  -6445.00   42251.14  0.0682655     9.8486   289.2121    88.1215    64.6469
  -6435.00   42248.95  0.0682338     9.8702   288.0698    88.4886    64.5399
  -6425.00   42247.11  0.0683014     9.9001   287.2743    88.6544    64.4481
  -6415.00   42247.30  0.0684091     9.9274   286.7167    88.7559    64.3297
  -6405.00   42247.82  0.0683598     9.9483   286.0153    89.0576    64.2285
  -6395.00   42246.36  0.0684819     9.9703   285.3582    89.3044    64.1752
  -6385.00   42245.87  0.0687423     9.9932   284.7219    89.5346    64.1158
  -6375.00   42247.83  0.0687547    10.0134   283.9776    89.8182    64.0193
  -6365.00   42248.93  0.0687808    10.0264   283.0393    90.1463    63.9409
  -6355.00   42248.52  0.0689471    10.0391   281.8068    90.6025    63.8867
  -6345.00   42249.42  0.0689830    10.0574   280.5617    90.9447    63.7920
  -6335.00   42252.05  0.0689350    10.0696   279.2138    91.2762    63.6586
  -6325.00   42252.85  0.0688406    10.0777   277.5006    91.8329    63.5440
  -6315.00   42251.93  0.0688114    10.0941   275.8799    92.2310    63.4346
  -6305.00   42252.14  0.0687837    10.1130   274.3978    92.5479    63.2792
  -6295.00   42253.16  0.0685334    10.1287   272.8516    92.9941    63.1060
  -6285.00   42251.68  0.0683923    10.1464   271.4592    93.3588    62.9714
  -6275.00   42249.08  0.0684103    10.1709   270.2790    93.6710    62.8443
  -6265.00   42248.39  0.0682310    10.1990   269.3391    93.9303    62.6851
  -6255.00   42248.64  0.0680794    10.2217   268.5840    94.1385    62.5430
  -6245.00   42246.76  0.0681016    10.2452   267.7989    94.4514    62.4565
  -6235.00   42245.40  0.0681065    10.2769   267.2586    94.5990    62.3675
  -6225.00   42246.49  0.0681300    10.3030   266.8216    94.6968    62.2564
  -6215.00   42247.87  0.0681191    10.3212   266.0878    95.0100    62.1801
  -6205.00   42247.42  0.0682394    10.3447   265.3390    95.2101    62.1378
  -6195.00   42247.62  0.0684436    10.3668   264.5167    95.3952    62.0699
  -6185.00   42250.34  0.0684156    10.3818   263.4105    95.7245    61.9711
  -6175.00   42251.54  0.0684651    10.3948   262.1009    96.0510    61.9024
  -6165.00   42250.93  0.0686432    10.4085   260.5967    96.4428    61.8366
  -6155.00   42251.33  0.0686093    10.4252   259.0750    96.8020    61.7145
  -6145.00   42253.10  0.0685239    10.4372   257.5159    97.1545    61.5776
  -6135.00   42253.01  0.0684909    10.4469   255.7990    97.6614    61.4635
  -6125.00   42250.96  0.0684359    10.4674   254.3332    98.0066    61.3379
  -6115.00   42250.35  0.0683521    10.4882   253.1045    98.2862    61.1716
  -6105.00   42250.93  0.0681562    10.5040   251.8723    98.7124    61.0114
  -6095.00   42249.13  0.0680818    10.5265   250.9010    98.9932    60.8951
  -6085.00   42246.59  0.0681213    10.5545   250.1678    99.2091    60.7707
  -6075.00   42246.46  0.0679767    10.5803   249.5257    99.4681    60.6221
  -6065.00   42247.25  0.0679155    10.6029   248.9635    99.6612    60.5152
  -6055.00   42246.19  0.0680453    10.6273   248.3339    99.9020    60.4477
  -6045.00   42245.56  0.0680733    10.6565   247.7462   100.0712    60.3588
  -6035.00   42247.65  0.0681076    10.6782   247.0875   100.2186    60.2599
  -6025.00   42249.72  0.0682045    10.6932   246.0619   100.5507    60.1999
  -6015.00   42249.73  0.0683384    10.7155   244.9710   100.7698    60.1521
  -6005.00   42250.10  0.0685009    10.7353   243.7724   100.9870    60.0662
  -5995.00   42252.70  0.0685028    10.7456   242.2540   101.3967    59.9654
  -5985.00   42253.43  0.0685823    10.7591   240.6660   101.7379    59.8967
  -5975.00   42251.92  0.0687552    10.7749   239.0453   102.1082    59.8149
  -5965.00   42251.36  0.0686920    10.7893   237.4521   102.5383    59.6760
  -5955.00   42252.03  0.0686235    10.8018   235.9535   102.9356    59.5479
  -5945.00   42251.17  0.0686410    10.8143   234.4938   103.4169    59.4404
  -5935.00   42248.42  0.0685465    10.8363   233.3321   103.7931    59.3027
  -5925.00   42247.66  0.0684129    10.8572   232.4007   104.1221    59.1399
  -5915.00   42248.52  0.0682544    10.8729   231.4721   104.5713    58.9977
  -5905.00   42247.20  0.0681543    10.8985   230.7906   104.8412    58.8880
  -5895.00   42245.47  0.0681143    10.9283   230.2512   105.0493    58.7592
  -5885.00   42246.47  0.0679427    10.9518   229.6247   105.3499    58.6197
  -5875.00   42248.09  0.0678789    10.9759   228.9936   105.5253    58.5349
  -5865.00   42247.80  0.0679843    11.0034   228.2408   105.6971    58.4730
  -5855.00   42247.68  0.0679615    11.0306   227.3591   105.8833    58.3800
  -5845.00   42250.13  0.0679790    11.0505   226.3222   106.0402    58.2991
  -5835.00   42252.17  0.0681203    11.0658   224.9735   106.3193    58.2548
  -5825.00   42251.66  0.0682180    11.0876   223.5756   106.5306    58.1988
  -5815.00   42251.49  0.0683203    11.1050   222.1198   106.7641    58.1037
  -5805.00   42253.27  0.0683584    11.1124   220.4551   107.1907    58.0067
  -5795.00   42253.20  0.0684194    11.1267   218.9119   107.5082    57.9311
  -5785.00   42250.74  0.0685289    11.1446   217.4918   107.8470    57.8239
  -5775.00   42249.57  0.0684424    11.1570   216.1406   108.3119    57.6684
  -5765.00   42249.78  0.0683786    11.1715   215.0045   108.6787    57.5416
  -5755.00   42248.69  0.0684028    11.1898   214.0003   109.0663    57.4303
  -5745.00   42246.05  0.0682779    11.2137   213.2104   109.4221    57.2774
  -5735.00   42245.86  0.0681600    11.2359   212.5604   109.7162    57.1275
  -5725.00   42247.47  0.0680939    11.2542   211.8511   110.0793    57.0117
  -5715.00   42246.86  0.0680221    11.2826   211.2637   110.2853    56.9107
  -5705.00   42246.19  0.0679987    11.3118   210.6475   110.4621    56.7910
  -5695.00   42248.20  0.0679283    11.3315   209.7879   110.7609    56.6754
  -5685.00   42250.40  0.0679392    11.3547   208.8695   110.9044    56.6112
  -5675.00   42250.40  0.0680694    11.3819   207.7873   111.0535    56.5473
  -5665.00   42250.26  0.0680839    11.4034   206.4942   111.3058    56.4474
  -5655.00   42252.28  0.0681581    11.4199   205.1053   111.4983    56.3759
  -5645.00   42253.57  0.0683475    11.4359   203.5601   111.7621    56.3303
  -5635.00   42251.88  0.0684344    11.4560   202.0448   112.0300    56.2514
  -5625.00   42250.82  0.0685348    11.4710   200.5838   112.3218    56.1489
  -5615.00   42251.68  0.0686417    11.4780   199.0814   112.7620    56.0573
  -5605.00   42250.97  0.0686966    11.4937   197.8204   113.0945    55.9737
  -5595.00   42248.24  0.0687700    11.5126   196.7251   113.4636    55.8512
  -5585.00   42247.15  0.0687238    11.5233   195.6677   113.9873    55.6981
  -5575.00   42247.93  0.0686716    11.5384   194.8339   114.3634    55.5802
  -5565.00   42247.30  0.0686706    11.5610   194.0774   114.7421    55.4647
  -5555.00   42245.48  0.0685173    11.5839   193.3515   115.1684    55.3036
  -5545.00   42246.24  0.0683913    11.6056   192.6596   115.4907    55.1653
  -5535.00   42248.63  0.0683305    11.6276   191.8345   115.8234    55.0660
  -5525.00   42248.58  0.0681920    11.6577   190.9944   116.0512    54.9593
  -5515.00   42248.43  0.0681167    11.6864   190.0295   116.2465    54.8453
  -5505.00   42250.70  0.0680713    11.7057   188.8016   116.5308    54.7520
  -5495.00   42252.72  0.0680433    11.7303   187.5625   116.6406    54.6979
  -5485.00   42252.27  0.0681102    11.7580   186.2089   116.7721    54.6303
  -5475.00   42251.38  0.0681341    11.7757   184.6977   117.0511    54.5342
  -5465.00   42252.53  0.0682133    11.7904   183.2688   117.2181    54.4736
  -5455.00   42252.81  0.0683769    11.8082   181.8524   117.4381    54.4228
  -5445.00   42250.13  0.0684301    11.8260   180.5222   117.7510    54.3220
  -5435.00   42248.55  0.0685241    11.8386   179.3515   118.0560    54.2141
  -5425.00   42249.15  0.0686504    11.8476   178.2394   118.4535    54.1228
  -5415.00   42248.35  0.0686507    11.8656   177.3505   118.7880    54.0179
  -5405.00   42246.18  0.0686755    11.8854   176.5653   119.1582    53.8791
  -5395.00   42245.87  0.0686661    11.8969   175.7390   119.6546    53.7306
  -5385.00   42247.65  0.0685961    11.9153   175.0650   119.9655    53.6186
  -5375.00   42247.75  0.0685609    11.9426   174.3366   120.2855    53.4967
  -5365.00   42246.78  0.0684410    11.9652   173.4602   120.6990    53.3401
  -5355.00   42248.45  0.0683622    11.9861   172.5607   120.9489    53.2237
  -5345.00   42250.99  0.0683441    12.0123   171.4763   121.1891    53.1415
  -5335.00   42250.94  0.0682302    12.0414   170.2791   121.4173    53.0345
  -5325.00   42250.51  0.0682188    12.0660   168.9803   121.6009    52.9313
  -5315.00   42252.27  0.0682779    12.0843   167.5109   121.8396    52.8606
  -5305.00   42253.48  0.0682714    12.1078   166.1222   121.9549    52.8043
  -5295.00   42252.12  0.0683567    12.1324   164.7240   122.1235    52.7253
  -5285.00   42250.39  0.0684730    12.1459   163.2883   122.4429    52.6311
  -5275.00   42250.86  0.0685845    12.1588   162.0981   122.6149    52.5706
  -5265.00   42250.57  0.0687381    12.1781   160.9967   122.8562    52.5030
  -5255.00   42247.64  0.0688204    12.1935   159.9557   123.2528    52.3843
  -5245.00   42246.30  0.0689503    12.2039   159.1083   123.5796    52.2755
  -5235.00   42247.34  0.0690941    12.2163   158.2904   123.9596    52.1863
  -5225.00   42247.12  0.0690723    12.2357   157.5369   124.3596    52.0649
  -5215.00   42245.87  0.0691004    12.2544   156.7711   124.7741    51.9221
  -5205.00   42246.64  0.0691412    12.2670   155.8636   125.2656    51.7891
  -5195.00   42249.22  0.0690343    12.2879   154.9847   125.5957    51.6790
  -5185.00   42250.00  0.0689530    12.3166   153.9357   125.9536    51.5515
  -5175.00   42249.35  0.0688593    12.3381   152.6573   126.4126    51.4028
  -5165.00   42251.17  0.0687544    12.3590   151.4045   126.6472    51.3020
  -5155.00   42253.09  0.0686784    12.3890   150.0050   126.8765    51.2219
  -5145.00   42252.32  0.0685271    12.4176   148.5145   127.1627    51.1108
  -5135.00   42250.95  0.0685040    12.4392   147.1026   127.3340    51.0170
  -5125.00   42251.67  0.0685504    12.4601   145.6900   127.5143    50.9626
  -5115.00   42251.98  0.0684808    12.4842   144.4452   127.6458    50.8997
  -5105.00   42249.85  0.0685438    12.5059   143.3029   127.8266    50.8131
  -5095.00   42248.00  0.0687029    12.5177   142.2175   128.1120    50.7298
  -5085.00   42248.51  0.0687779    12.5306   141.4135   128.2582    50.6672
  -5075.00   42248.50  0.0688835    12.5502   140.6436   128.5121    50.5798
  -5065.00   42246.11  0.0689996    12.5635   139.8270   128.9464    50.4491
  -5055.00   42245.68  0.0691224    12.5727   139.1676   129.2405    50.3381
  -5045.00   42247.48  0.0692180    12.5899   138.4198   129.5840    50.2393
  -5035.00   42247.90  0.0691662    12.6113   137.5357   130.0309    50.0979
  -5025.00   42247.28  0.0691925    12.6297   136.5820   130.4209    49.9518
  -5015.00   42248.75  0.0692380    12.6466   135.4466   130.8181    49.8350
  -5005.00   42251.48  0.0690832    12.6718   134.2473   131.1206    49.7243
  -4995.00   42252.22  0.0689952    12.7010   132.8777   131.4471    49.5978
  -4985.00   42251.27  0.0689860    12.7217   131.3468   131.8327    49.4715
  -4975.00   42252.50  0.0688939    12.7428   129.9589   131.9834    49.3899
  -4965.00   42253.50  0.0688335    12.7731   128.5180   132.1723    49.3117
  -4955.00   42251.73  0.0687795    12.7980   127.0558   132.4836    49.2018
  -4945.00   42249.61  0.0688329    12.8143   125.8695   132.6107    49.1186
  -4935.00   42249.48  0.0689252    12.8356   124.7725   132.7604    49.0656
  -4925.00   42249.46  0.0688865    12.8582   123.8116   132.9705    48.9856
  -4915.00   42247.15  0.0690150    12.8747   122.9985   133.1914    48.8859
  -4905.00   42245.94  0.0692355    12.8864   122.2350   133.4613    48.8073
  -4895.00   42247.13  0.0692914    12.9006   121.6398   133.6449    48.7340
  -4885.00   42247.89  0.0693969    12.9196   120.9470   133.9619    48.6269
  -4875.00   42246.56  0.0695901    12.9318   120.0927   134.4213    48.4976
  -4865.00   42247.12  0.0697102    12.9412   119.3135   134.7015    48.3921
  -4855.00   42249.56  0.0697756    12.9614   118.3100   135.0654    48.2862
  -4845.00   42250.31  0.0697641    12.9829   117.0204   135.5997    48.1374
  -4835.00   42249.74  0.0698168    12.9989   115.7027   135.9954    47.9968
  -4825.00   42250.95  0.0698433    13.0193   114.2325   136.3726    47.8909
  -4815.00   42253.05  0.0696434    13.0472   112.6755   136.7591    47.7735
  -4805.00   42252.91  0.0695444    13.0749   111.0845   137.1372    47.6428
  -4795.00   42251.22  0.0695440    13.0963   109.5196   137.4907    47.5350
  -4785.00   42251.46  0.0693666    13.1200   108.2198   137.6425    47.4599
  -4775.00   42251.83  0.0692355    13.1507   106.9784   137.8539    47.3765
  -4765.00   42249.53  0.0692196    13.1736   105.8019   138.1735    47.2729
  -4755.00   42247.34  0.0692322    13.1881   105.0186   138.2388    47.2024
  -4745.00   42247.21  0.0692700    13.2105   104.3061   138.3499    47.1481
  -4735.00   42247.59  0.0692396    13.2320   103.5820   138.6228    47.0557
  -4725.00   42245.86  0.0693915    13.2435   103.0005   138.8187    46.9522
  -4715.00   42245.59  0.0696021    13.2564   102.3656   139.0383    46.8752
  -4705.00   42247.65  0.0696027    13.2727   101.6933   139.2691    46.7858
  -4695.00   42249.00  0.0697076    13.2899   100.8114   139.6301    46.6564
  -4685.00   42248.58  0.0699258    13.3029    99.7171   140.0534    46.5293
  -4675.00   42249.56  0.0699703    13.3156    98.6375   140.3017    46.4231
  -4665.00   42252.06  0.0699638    13.3394    97.2834   140.6747    46.3026
  -4655.00   42252.46  0.0699971    13.3621    95.6581   141.2107    46.1531
  -4645.00   42251.30  0.0700329    13.3780    94.1702   141.5144    46.0256
  -4635.00   42251.61  0.0700074    13.4027    92.6380   141.8061    45.9291
  -4625.00   42252.73  0.0698233    13.4324    91.0559   142.2110    45.8108
  -4615.00   42251.55  0.0697874    13.4561    89.6500   142.5326    45.6857
  -4605.00   42249.41  0.0698242    13.4776    88.4234   142.7726    45.5988
  -4595.00   42249.12  0.0696422    13.5020    87.4605   142.9107    45.5267
  -4585.00   42249.49  0.0695628    13.5289    86.5701   143.1414    45.4326
  -4575.00   42247.44  0.0696734    13.5480    85.7649   143.4159    45.3366
  -4565.00   42245.85  0.0696996    13.5608    85.2875   143.4481    45.2698
  -4555.00   42246.49  0.0697347    13.5821    84.7489   143.5767    45.2021
  -4545.00   42247.57  0.0698224    13.6014    84.0061   143.9281    45.0956
  -4535.00   42246.77  0.0700244    13.6094    83.3668   144.1097    44.9907
  -4525.00   42247.16  0.0702340    13.6234    82.5570   144.3142    44.9104
  -4515.00   42249.79  0.0702435    13.6421    81.5010   144.6520    44.8055
  -4505.00   42251.30  0.0704089    13.6565    80.2430   145.0568    44.6656
  -4495.00   42251.08  0.0706575    13.6705    78.8084   145.4571    44.5466
  -4485.00   42251.59  0.0706466    13.6868    77.3809   145.7406    44.4416
  -4475.00   42253.38  0.0706313    13.7109    75.7398   146.1896    44.3088
  -4465.00   42252.98  0.0707358    13.7333    73.9840   146.7399    44.1660
  -4455.00   42250.92  0.0707309    13.7499    72.5403   147.0214    44.0508
  -4445.00   42250.22  0.0706280    13.7769    71.1574   147.3314    43.9533
  -4435.00   42250.59  0.0704786    13.8072    69.7594   147.8197    43.8313
  -4425.00   42249.05  0.0704458    13.8279    68.7060   148.1204    43.7129
  -4415.00   42246.98  0.0704154    13.8507    67.8700   148.3130    43.6369
  -4405.00   42246.99  0.0701640    13.8775    67.1640   148.5152    43.5614
  -4395.00   42247.95  0.0700907    13.9010    66.5016   148.7735    43.4593
  -4385.00   42246.88  0.0702019    13.9186    65.8913   148.9778    43.3741
  -4375.00   42246.20  0.0701368    13.9325    65.4426   148.9901    43.3111
  -4365.00   42247.84  0.0701130    13.9528    64.7734   149.1533    43.2283
  -4355.00   42249.40  0.0702845    13.9700    63.8049   149.5007    43.1165
  -4345.00   42249.19  0.0704593    13.9765    62.9038   149.6309    43.0134
  -4335.00   42249.57  0.0705900    13.9918    61.7776   149.8089    42.9249
  -4325.00   42251.97  0.0706335    14.0127    60.2895   150.2400    42.8011
  -4315.00   42253.02  0.0708249    14.0255    58.7612   150.6283    42.6541
  -4305.00   42252.13  0.0710334    14.0416    57.1951   150.9618    42.5383
  -4295.00   42251.77  0.0709328    14.0639    55.6587   151.2886    42.4280
  -4285.00   42252.61  0.0709174    14.0883    54.0833   151.7536    42.2855
  -4275.00   42251.60  0.0710468    14.1112    52.6019   152.2139    42.1544
  -4265.00   42249.07  0.0709544    14.1306    51.5216   152.4119    42.0554
  -4255.00   42248.05  0.0707966    14.1584    50.5202   152.6937    41.9572
  -4245.00   42248.35  0.0707522    14.1867    49.5060   153.1409    41.8400
  -4235.00   42247.24  0.0707535    14.2037    48.8631   153.3261    41.7360
  -4225.00   42245.76  0.0707079    14.2251    48.3270   153.4383    41.6661
  -4215.00   42246.52  0.0705318    14.2511    47.6781   153.6957    41.5814
  -4205.00   42248.27  0.0705789    14.2685    47.0215   153.9379    41.4714
  -4195.00   42248.24  0.0707441    14.2835    46.3195   154.0884    41.3882
  -4185.00   42248.26  0.0706624    14.2991    45.5719   154.1540    41.3181
  -4175.00   42250.39  0.0706935    14.3173    44.5155   154.4037    41.2141
  -4165.00   42252.01  0.0709622    14.3327    43.2010   154.7415    41.0994
  -4155.00   42251.73  0.0711133    14.3402    41.9697   154.8618    41.0000
  -4145.00   42251.42  0.0711862    14.3569    40.5440   155.0857    40.9018
  -4135.00   42252.74  0.0713335    14.3783    38.8298   155.5827    40.7699
  -4125.00   42253.01  0.0715649    14.3895    37.2907   155.9479    40.6275
  -4115.00   42251.12  0.0717292    14.4063    35.8644   156.2472    40.5175
  -4105.00   42249.93  0.0716285    14.4323    34.4438   156.6855    40.4003
  -4095.00   42250.20  0.0716690    14.4546    33.1474   157.1892    40.2528
  -4085.00   42249.23  0.0718109    14.4763    32.0482   157.6118    40.1300
  -4075.00   42247.02  0.0716156    14.4996    31.2565   157.8534    40.0375
  -4065.00   42246.43  0.0714156    14.5274    30.4722   158.2130    39.9311
  -4055.00   42247.37  0.0714134    14.5541    29.6479   158.6533    39.8172
  -4045.00   42247.25  0.0713309    14.5709    29.1097   158.7895    39.7269
  -4035.00   42246.55  0.0711631    14.5926    28.5191   158.9009    39.6584
  -4025.00   42247.95  0.0710173    14.6181    27.6349   159.2136    39.5672
  -4015.00   42250.27  0.0710774    14.6316    26.7500   159.4014    39.4594
  -4005.00   42250.70  0.0711851    14.6448    25.7742   159.4816    39.3803
  -3995.00   42250.71  0.0710545    14.6628    24.5998   159.6186    39.3007
  -3985.00   42252.42  0.0711331    14.6783    23.1982   159.9029    39.1799
  -3975.00   42253.53  0.0714296    14.6920    21.6898   160.1906    39.0616
  -3965.00   42252.63  0.0714908    14.7029    20.3261   160.3120    38.9614
  -3955.00   42251.33  0.0715062    14.7216    18.8569   160.6070    38.8454
  -3945.00   42251.49  0.0717097    14.7436    17.2903   161.1001    38.7064
  -3935.00   42251.25  0.0718928    14.7561    16.0679   161.3956    38.5709
  -3925.00   42248.89  0.0719205    14.7755    15.0164   161.6525    38.4639
  -3915.00   42247.53  0.0718375    14.8045    13.9064   162.1335    38.3420
  -3905.00   42247.98  0.0719010    14.8251    13.0093   162.5643    38.1998
  -3895.00   42247.65  0.0719982    14.8450    12.3041   162.8471    38.0913
  -3885.00   42246.36  0.0717456    14.8713    11.6518   163.1010    38.0036
  -3875.00   42246.54  0.0715942    14.8964    10.9206   163.4503    37.8928
  -3865.00   42248.35  0.0716834    14.9181    10.1054   163.7869    37.7833
  -3855.00   42249.13  0.0715647    14.9345     9.4098   163.8609    37.7031
  -3845.00   42248.92  0.0713939    14.9546     8.5129   163.9934    37.6263
  -3835.00   42250.37  0.0713932    14.9769     7.2711   164.3222    37.5242
  -3825.00   42252.61  0.0715106    14.9873     6.0893   164.4523    37.4176
  -3815.00   42252.75  0.0715980    14.9992     4.8393   164.5096    37.3360
  -3805.00   42252.02  0.0715330    15.0189     3.3510   164.7566    37.2415
  -3795.00   42252.61  0.0717072    15.0320     1.8498   165.0595    37.1105
  -3785.00   42252.96  0.0720368    15.0436     0.4351   165.3052    36.9920
  -3775.00   42251.40  0.0720467    15.0586   359.1814   165.4917    36.8909
  -3765.00   42249.32  0.0720972    15.0775   357.9218   165.8703    36.7625
  -3755.00   42248.92  0.0723700    15.0980   356.7047   166.3567    36.6218
  -3745.00   42248.85  0.0725008    15.1118   355.8488   166.6255    36.4973
  -3735.00   42246.88  0.0724559    15.1328   355.0593   166.9423    36.3881
  -3725.00   42245.95  0.0724362    15.1617   354.1236   167.4835    36.2623
  -3715.00   42247.16  0.0725121    15.1806   353.3705   167.8867    36.1265
  -3705.00   42247.86  0.0725104    15.1997   352.6934   168.1358    36.0274
  -3695.00   42247.61  0.0722342    15.2284   351.8057   168.4933    35.9369
  -3685.00   42248.32  0.0721032    15.2516   350.8032   168.8763    35.8225
  -3675.00   42250.65  0.0721735    15.2695   349.7359   169.1421    35.7191
  -3665.00   42251.78  0.0719366    15.2884   348.6400   169.2478    35.6451
  -3655.00   42251.31  0.0717235    15.3081   347.3454   169.4393    35.5600
  -3645.00   42252.02  0.0717798    15.3269   345.8406   169.7494    35.4516
  -3635.00   42253.46  0.0718237    15.3367   344.5264   169.8165    35.3514
  -3625.00   42252.88  0.0718168    15.3487   343.2294   169.8742    35.2653
  -3615.00   42251.14  0.0718081    15.3687   341.7681   170.1880    35.1552
  -3605.00   42250.74  0.0720087    15.3803   340.5157   170.4514    35.0182
  -3595.00   42250.75  0.0722798    15.3908   339.4746   170.6290    34.8994
  -3585.00   42249.14  0.0722364    15.4106   338.4884   170.9011    34.7895
  -3575.00   42247.03  0.0723098    15.4304   337.5488   171.3151    34.6497
  -3565.00   42246.98  0.0725893    15.4492   336.6957   171.7379    34.5088
  -3555.00   42247.61  0.0725815    15.4670   336.0599   171.9803    34.3953
  -3545.00   42246.53  0.0724707    15.4901   335.3365   172.3262    34.2840
  -3535.00   42246.22  0.0724893    15.5175   334.3955   172.8359    34.1587
  -3525.00   42248.23  0.0725139    15.5349   333.5860   173.1171    34.0381
  -3515.00   42249.75  0.0724163    15.5531   332.7082   173.2999    33.9481
  -3505.00   42250.00  0.0721971    15.5806   331.4811   173.6642    33.8548
  -3495.00   42250.65  0.0721532    15.5997   330.1891   173.9778    33.7390
  -3485.00   42252.78  0.0722333    15.6126   328.9086   174.1256    33.6408
  -3475.00   42253.61  0.0720183    15.6320   327.5193   174.2683    33.5622
  -3465.00   42252.21  0.0719031    15.6500   326.0494   174.5025    33.4622
  -3455.00   42251.73  0.0720792    15.6641   324.5866   174.7700    33.3451
  -3445.00   42252.15  0.0720938    15.6749   323.3923   174.8370    33.2467
  -3435.00   42250.98  0.0720799    15.6881   322.2856   174.9580    33.1508
  -3425.00   42248.58  0.0721858    15.7070   321.1019   175.3274    33.0280
  -3415.00   42247.86  0.0723996    15.7178   320.2313   175.5572    32.8935
  -3405.00   42248.25  0.0726065    15.7282   319.5476   175.7175    32.7784
  -3395.00   42247.35  0.0725995    15.7499   318.7440   176.0861    32.6619
  -3385.00   42245.88  0.0727408    15.7687   317.9606   176.5197    32.5180
  -3375.00   42246.74  0.0730275    15.7842   317.2158   176.8886    32.3819
  -3365.00   42248.34  0.0729540    15.8049   316.4278   177.2010    32.2733
  -3355.00   42248.12  0.0728627    15.8287   315.4313   177.6293    32.1564
  -3345.00   42248.18  0.0729447    15.8530   314.1950   178.1499    32.0287
  -3335.00   42250.39  0.0728714    15.8709   313.0329   178.4206    31.9202
  -3325.00   42252.10  0.0726835    15.8902   311.7431   178.6581    31.8324
  -3315.00   42251.97  0.0724902    15.9166   310.1425   179.0823    31.7346
  -3305.00   42251.82  0.0724238    15.9335   308.6501   179.3553    31.6225
  -3295.00   42253.11  0.0723883    15.9445   307.3017   179.4565    31.5314
  -3285.00   42253.35  0.0721442    15.9644   305.8837   179.6556    31.4484
  -3275.00   42250.94  0.0720608    15.9809   304.5638   179.9026    31.3379
  -3265.00   42249.64  0.0722347    15.9906   303.4526   180.0894    31.2184
  -3255.00   42249.63  0.0721682    16.0029   302.5645   180.1818    31.1187
  -3245.00   42248.52  0.0721378    16.0177   301.7643   180.3595    31.0097
  -3235.00   42246.23  0.0723235    16.0344   300.9143   180.7311    30.8737
  -3225.00   42245.98  0.0724608    16.0461   300.3160   180.9285    30.7424
  -3215.00   42247.29  0.0725594    16.0590   299.7640   181.1014    30.6270
  -3205.00   42247.31  0.0725771    16.0822   298.9212   181.5329    30.5022
  -3195.00   42246.70  0.0727080    16.1008   298.0643   181.9222    30.3600
  -3185.00   42248.39  0.0728940    16.1150   297.1796   182.2014    30.2345
  -3175.00   42250.65  0.0727563    16.1380   296.0422   182.5487    30.1302
  -3165.00   42250.68  0.0726815    16.1614   294.7060   182.9615    30.0119
  -3155.00   42250.49  0.0727963    16.1806   293.2353   183.3699    29.8876
  -3145.00   42252.11  0.0726343    16.1984   291.8085   183.5976    29.7901
  -3135.00   42253.30  0.0724434    16.2172   290.3331   183.8269    29.7001
  -3125.00   42252.04  0.0723703    16.2393   288.7041   184.2237    29.5927
  -3115.00   42250.93  0.0723089    16.2531   287.3588   184.4105    29.4836
  -3105.00   42251.34  0.0722523    16.2628   286.2375   184.4849    29.3920
  -3095.00   42251.19  0.0720955    16.2817   285.0810   184.7299    29.2973
  -3085.00   42248.39  0.0721122    16.2961   284.1287   184.9610    29.1766
  -3075.00   42247.02  0.0723001    16.3028   283.4244   185.0966    29.0566
  -3065.00   42247.53  0.0722417    16.3162   282.7845   185.2518    28.9534
  -3055.00   42247.05  0.0722742    16.3320   282.1496   185.4925    28.8334
  -3045.00   42245.49  0.0725484    16.3454   281.4370   185.8419    28.6924
  -3035.00   42246.05  0.0726407    16.3577   280.7905   186.0584    28.5671
  -3025.00   42248.37  0.0727098    16.3725   280.0339   186.2904    28.4512
  -3015.00   42249.10  0.0728205    16.3944   278.8956   186.7728    28.3199
  -3005.00   42248.97  0.0729474    16.4118   277.7181   187.1457    28.1827
  -2995.00   42250.77  0.0730618    16.4257   276.4686   187.4268    28.0654
  -2985.00   42253.04  0.0729415    16.4492   274.9087   187.8609    27.9597
  -2975.00   42252.50  0.0729011    16.4717   273.2738   188.2990    27.8384
  -2965.00   42251.38  0.0729889    16.4874   271.6817   188.6641    27.7194
  -2955.00   42251.91  0.0727533    16.5058   270.1517   188.9588    27.6268
  -2945.00   42252.31  0.0725402    16.5253   268.7250   189.2464    27.5322
  -2935.00   42250.08  0.0725107    16.5434   267.3483   189.6255    27.4187
  -2925.00   42248.45  0.0723451    16.5561   266.3131   189.8028    27.3153
  -2915.00   42248.73  0.0722009    16.5662   265.5183   189.9010    27.2233
  -2905.00   42248.77  0.0720831    16.5834   264.6751   190.1854    27.1169
  -2895.00   42246.54  0.0720806    16.5957   264.0453   190.3723    26.9924
  -2885.00   42245.81  0.0721939    16.6013   263.5652   190.4701    26.8734
  -2875.00   42247.51  0.0721219    16.6155   262.9442   190.6819    26.7638
  -2865.00   42247.68  0.0721847    16.6318   262.2323   190.9416    26.6327
  -2855.00   42246.85  0.0724586    16.6432   261.3967   191.2350    26.4899
  -2845.00   42247.98  0.0724756    16.6568   260.4356   191.4827    26.3685
  -2835.00   42250.72  0.0725040    16.6747   259.2904   191.7603    26.2495
  -2825.00   42251.41  0.0726573    16.6952   257.8209   192.2231    26.1145
  -2815.00   42250.98  0.0726953    16.7118   256.3546   192.5513    25.9864
  -2805.00   42252.19  0.0727046    16.7267   254.8780   192.8109    25.8780
  -2795.00   42253.84  0.0726048    16.7493   253.1982   193.2471    25.7711
  -2785.00   42252.33  0.0725601    16.7689   251.6497   193.6074    25.6507
  -2775.00   42250.19  0.0725973    16.7809   250.3036   193.8698    25.5387
  -2765.00   42250.00  0.0723704    16.7976   249.0356   194.1648    25.4464
  -2755.00   42249.90  0.0722187    16.8156   247.9679   194.4298    25.3423
  -2745.00   42247.43  0.0722701    16.8283   247.0473   194.7177    25.2225
  -2735.00   42245.89  0.0721087    16.8391   246.3435   194.8937    25.1184
  -2725.00   42246.85  0.0719999    16.8501   245.7848   195.0205    25.0192
  -2715.00   42247.52  0.0720169    16.8646   245.1051   195.3133    24.8994
  -2705.00   42246.40  0.0720269    16.8753   244.5192   195.4854    24.7736
  -2695.00   42246.60  0.0721232    16.8813   243.9287   195.5950    24.6568
  -2685.00   42249.38  0.0721215    16.8956   243.0364   195.8756    24.5411
  -2675.00   42250.05  0.0722303    16.9110   242.0175   196.1394    24.4062
  -2665.00   42249.42  0.0725011    16.9204   240.8613   196.4001    24.2678
  -2655.00   42250.46  0.0725182    16.9340   239.4874   196.7100    24.1502
  -2645.00   42252.69  0.0725818    16.9529   237.9881   197.0384    24.0270
  -2635.00   42252.63  0.0727945    16.9705   236.3339   197.4816    23.8900
  -2625.00   42251.13  0.0727945    16.9857   234.7465   197.8415    23.7679
  -2615.00   42251.42  0.0727741    17.0023   233.2568   198.1627    23.6617
  -2605.00   42252.32  0.0727361    17.0234   231.7229   198.6438    23.5493
  -2595.00   42250.23  0.0726540    17.0407   230.4480   199.0086    23.4303
  -2585.00   42247.76  0.0726084    17.0519   229.4245   199.2811    23.3250
  -2575.00   42247.81  0.0723764    17.0679   228.4441   199.6430    23.2315
  -2565.00   42247.97  0.0722078    17.0842   227.6729   199.9204    23.1213
  -2555.00   42246.05  0.0722101    17.0933   227.0278   200.1583    23.0023
  -2545.00   42245.16  0.0719949    17.1025   226.4024   200.3716    22.8994
  -2535.00   42247.12  0.0718660    17.1142   225.8034   200.5282    22.7925
  -2525.00   42248.44  0.0719235    17.1258   225.0296   200.7865    22.6635
  -2515.00   42248.08  0.0718767    17.1349   224.1968   200.9574    22.5368
  -2505.00   42248.83  0.0719233    17.1427   223.2584   201.0881    22.4195
  -2495.00   42251.89  0.0719781    17.1573   221.9868   201.4014    22.2946
  -2485.00   42252.49  0.0720542    17.1721   220.6386   201.6500    22.1576
  -2475.00   42251.28  0.0722526    17.1817   219.2231   201.8850    22.0251
  -2465.00   42251.74  0.0722548    17.1963   217.6321   202.2427    21.9096
  -2455.00   42252.86  0.0722977    17.2155   216.0947   202.5655    21.7844
  -2445.00   42251.81  0.0724729    17.2306   214.6076   202.9356    21.6509
  -2435.00   42249.30  0.0724032    17.2440   213.2404   203.2907    21.5369
  -2425.00   42249.07  0.0723550    17.2609   212.0659   203.6007    21.4308
  -2415.00   42249.73  0.0723608    17.2786   210.9556   204.0171    21.3138
  -2405.00   42247.69  0.0722397    17.2917   210.0837   204.3230    21.1965
  -2395.00   42245.75  0.0721714    17.3018   209.3840   204.5582    21.0934
  -2385.00   42246.78  0.0720284    17.3156   208.6271   204.9074    20.9923
  -2375.00   42247.67  0.0718995    17.3287   207.9857   205.1401    20.8745
  -2365.00   42246.63  0.0719139    17.3353   207.3449   205.3242    20.7553
  -2355.00   42246.56  0.0717644    17.3432   206.5265   205.5682    20.6500
  -2345.00   42249.20  0.0717021    17.3549   205.6476   205.7378    20.5339
  -2335.00   42250.87  0.0718205    17.3640   204.5793   205.9584    20.4006
  -2325.00   42250.37  0.0717860    17.3713   203.3612   206.1605    20.2753
  -2315.00   42250.96  0.0718587    17.3809   202.0539   206.3320    20.1571
  -2305.00   42253.37  0.0720065    17.3943   200.5341   206.6534    20.0267
  -2295.00   42253.29  0.0720771    17.4071   199.0433   206.9123    19.8900
  -2285.00   42251.08  0.0722561    17.4168   197.6033   207.1658    19.7633
  -2275.00   42250.72  0.0723335    17.4313   196.0992   207.5791    19.6462
  -2265.00   42251.08  0.0723911    17.4491   194.7939   207.9202    19.5185
  -2255.00   42249.54  0.0725477    17.4620   193.6351   208.2818    19.3883
  -2245.00   42246.85  0.0724835    17.4743   192.5497   208.7081    19.2785
  -2235.00   42246.85  0.0724422    17.4911   191.6582   209.0631    19.1696
  -2225.00   42248.03  0.0724594    17.5061   190.8169   209.4744    19.0498
  -2215.00   42246.61  0.0722762    17.5162   190.0627   209.8207    18.9361
  -2205.00   42245.72  0.0721636    17.5266   189.3514   210.0978    18.8344
  -2195.00   42247.79  0.0720492    17.5388   188.4933   210.4628    18.7275
  -2185.00   42249.41  0.0718580    17.5486   187.6448   210.6949    18.6070
  -2175.00   42248.91  0.0717979    17.5540   186.7003   210.8754    18.4907
  -2165.00   42249.18  0.0716682    17.5615   185.5031   211.1534    18.3823
  -2155.00   42251.69  0.0715884    17.5721   184.2788   211.3170    18.2586
  -2145.00   42252.91  0.0716693    17.5795   182.9400   211.4975    18.1236
  -2135.00   42251.45  0.0716159    17.5861   181.4714   211.7361    17.9996
  -2125.00   42251.30  0.0716850    17.5974   180.0556   211.9230    17.8768
  -2115.00   42252.74  0.0718542    17.6101   178.6139   212.2148    17.7420
  -2105.00   42251.82  0.0718639    17.6211   177.2890   212.4848    17.6071
  -2095.00   42249.08  0.0719952    17.6322   176.1084   212.7498    17.4853
  -2085.00   42248.45  0.0721076    17.6466   174.9528   213.1589    17.3670
  -2075.00   42248.95  0.0721068    17.6618   174.0297   213.4733    17.2393
  -2065.00   42247.54  0.0721893    17.6727   173.2173   213.7942    17.1160
  -2055.00   42245.46  0.0721362    17.6835   172.3692   214.2213    17.0092
  -2045.00   42246.25  0.0720828    17.6978   171.6545   214.5285    16.8970
  -2035.00   42248.17  0.0720887    17.7089   170.8938   214.8575    16.7754
  -2025.00   42247.45  0.0718999    17.7156   170.0264   215.1921    16.6636
  -2015.00   42247.41  0.0718223    17.7251   169.1103   215.4383    16.5576
  -2005.00   42250.07  0.0717935    17.7350   168.0006   215.7455    16.4422
  -1995.00   42251.89  0.0716094    17.7415   166.8212   215.9602    16.3185
  -1985.00   42251.34  0.0715784    17.7468   165.5321   216.1402    16.2023
  -1975.00   42251.17  0.0715655    17.7540   164.0545   216.4263    16.0886
  -1965.00   42252.90  0.0715177    17.7630   162.6651   216.5840    15.9598
  -1955.00   42253.15  0.0716023    17.7692   161.2787   216.7600    15.8267
  -1945.00   42250.59  0.0716151    17.7753   159.8515   217.0504    15.7045
  -1935.00   42249.60  0.0717265    17.7863   158.6403   217.2482    15.5785
  -1925.00   42250.42  0.0719262    17.7972   157.5221   217.5197    15.4422
  -1915.00   42249.17  0.0719372    17.8057   156.4984   217.8396    15.3105
  -1905.00   42246.74  0.0720955    17.8170   155.6272   218.1366    15.1896
  -1895.00   42246.63  0.0722829    17.8302   154.7640   218.5490    15.0679
  -1885.00   42248.01  0.0722586    17.8424   154.0139   218.8959    14.9397
  -1875.00   42247.39  0.0723227    17.8524   153.2345   219.2587    14.8213
  -1865.00   42246.25  0.0723297    17.8626   152.2902   219.7384    14.7146
  -1855.00   42247.97  0.0722505    17.8748   151.3894   220.0680    14.5999
  -1845.00   42250.26  0.0722009    17.8834   150.3359   220.4109    14.4809
  -1835.00   42249.82  0.0719943    17.8886   149.0596   220.8157    14.3725
  -1825.00   42249.73  0.0718895    17.8969   147.7715   221.0755    14.2642
  -1815.00   42252.08  0.0718333    17.9046   146.3562   221.3563    14.1447
  -1805.00   42253.27  0.0715752    17.9085   144.8908   221.6037    14.0215
  -1795.00   42251.99  0.0715137    17.9135   143.4477   221.7948    13.9043
  -1785.00   42251.00  0.0715430    17.9205   141.9929   222.0570    13.7843
  -1775.00   42251.93  0.0714434    17.9275   140.7507   222.2042    13.6513
  -1765.00   42251.46  0.0714866    17.9333   139.6001   222.3852    13.5196
  -1755.00   42248.42  0.0715557    17.9400   138.4739   222.7008    13.3967
  -1745.00   42247.32  0.0716512    17.9504   137.6379   222.8822    13.2676
  -1735.00   42248.25  0.0718047    17.9599   136.8724   223.1302    13.1327
  -1725.00   42247.30  0.0717991    17.9672   136.0676   223.4988    13.0063
  -1715.00   42245.69  0.0719358    17.9779   135.3736   223.7849    12.8868
  -1705.00   42246.53  0.0721088    17.9893   134.6104   224.1412    12.7642
  -1695.00   42248.75  0.0720047    17.9978   133.7762   224.4904    12.6390
  -1685.00   42248.99  0.0720340    18.0061   132.8111   224.8325    12.5241
  -1675.00   42248.47  0.0720897    18.0147   131.6282   225.2600    12.4151
  -1665.00   42250.69  0.0719661    18.0232   130.4458   225.5335    12.2967
  -1655.00   42252.69  0.0718980    18.0292   129.0761   225.8356    12.1787
  -1645.00   42251.87  0.0717689    18.0333   127.4977   226.2380    12.0690
  -1635.00   42251.04  0.0717025    18.0397   126.0567   226.4431    11.9549
  -1625.00   42252.35  0.0716730    18.0454   124.5968   226.6722    11.8316
  -1615.00   42252.64  0.0714543    18.0477   123.1409   226.9560    11.7086
  -1605.00   42250.49  0.0714576    18.0521   121.8790   227.1430    11.5891
  -1595.00   42248.97  0.0715663    18.0584   120.7425   227.3664    11.4641
  -1585.00   42249.60  0.0714622    18.0631   119.8266   227.5334    11.3305
  -1575.00   42249.20  0.0715336    18.0680   119.0000   227.7417    11.2008
  -1565.00   42246.54  0.0717115    18.0744   118.1850   228.0653    11.0766
  -1555.00   42246.13  0.0718129    18.0827   117.6025   228.2396    10.9456
  -1545.00   42247.74  0.0719613    18.0902   116.9455   228.5031    10.8128
  -1535.00   42247.61  0.0720314    18.0965   116.0726   228.9409    10.6894
  -1525.00   42246.78  0.0722003    18.1057   115.2463   229.2381    10.5693
  -1515.00   42248.36  0.0723744    18.1152   114.2473   229.5901    10.4459
  -1505.00   42250.95  0.0722572    18.1214   113.0047   230.0286    10.3244
  -1495.00   42251.46  0.0722906    18.1285   111.6311   230.4204    10.2116
  -1485.00   42250.78  0.0723772    18.1360   110.1006   230.8474    10.1006
  -1475.00   42252.51  0.0721695    18.1417   108.5922   231.1634     9.9824
  -1465.00   42253.68  0.0720480    18.1460   106.9912   231.5068     9.8671
  -1455.00   42251.99  0.0719580    18.1494   105.3254   231.9408     9.7566
  -1445.00   42250.30  0.0718252    18.1538   103.9979   232.1238     9.6388
  -1435.00   42250.56  0.0717290    18.1574   102.7517   232.3418     9.5148
  -1425.00   42250.38  0.0715160    18.1587   101.5419   232.6799     9.3920
  -1415.00   42247.88  0.0715209    18.1622   100.6619   232.8407     9.2693
  -1405.00   42246.71  0.0716097    18.1672    99.9188   233.0150     9.1403
  -1395.00   42247.75  0.0714598    18.1705    99.2612   233.2213     9.0071
  -1385.00   42248.02  0.0715377    18.1747    98.6234   233.4474     8.8786
  -1375.00   42246.32  0.0717629    18.1809    97.9312   233.7364     8.7527
  -1365.00   42246.85  0.0717896    18.1874    97.3198   233.9046     8.6221
  -1355.00   42249.15  0.0718828    18.1933    96.4779   234.1853     8.4936
  -1345.00   42249.55  0.0720056    18.1989    95.3156   234.6430     8.3733
  -1335.00   42249.03  0.0721279    18.2061    94.2069   234.8945     8.2536
  -1325.00   42250.62  0.0722213    18.2127    92.8877   235.2050     8.1318
  -1315.00   42252.87  0.0720951    18.2169    91.2763   235.6805     8.0138
  -1305.00   42252.83  0.0721314    18.2218    89.6925   236.0328     7.9007
  -1295.00   42251.51  0.0722114    18.2271    88.1153   236.3660     7.7858
  -1285.00   42252.20  0.0719584    18.2300    86.6103   236.6763     7.6668
  -1275.00   42252.66  0.0718549    18.2324    85.1627   237.0001     7.5503
  -1265.00   42250.27  0.0718788    18.2349    83.8074   237.3718     7.4352
  -1255.00   42248.19  0.0717308    18.2373    82.8611   237.5073     7.3134
  -1245.00   42248.09  0.0716498    18.2390    81.9916   237.7054     7.1887
  -1235.00   42248.16  0.0715664    18.2398    81.0861   238.0765     7.0653
  -1225.00   42246.16  0.0716199    18.2420    80.5278   238.1971     6.9401
  -1215.00   42245.77  0.0717213    18.2450    79.9786   238.3467     6.8104
  -1205.00   42247.65  0.0716081    18.2469    79.2953   238.6268     6.6794
  -1195.00   42248.75  0.0717571    18.2498    78.5655   238.8691     6.5518
  -1185.00   42248.09  0.0720311    18.2544    77.7029   239.1272     6.4245
  -1175.00   42249.13  0.0720232    18.2588    76.7597   239.3364     6.2952
  -1165.00   42251.67  0.0721343    18.2630    75.5161   239.6710     6.1695
  -1155.00   42252.00  0.0723680    18.2678    73.9780   240.1461     6.0493
  -1145.00   42251.05  0.0724641    18.2731    72.5573   240.4023     5.9294
  -1135.00   42251.70  0.0725153    18.2777    70.9731   240.7505     5.8098
  -1125.00   42253.00  0.0724571    18.2809    69.1583   241.3222     5.6945
  -1115.00   42252.03  0.0725029    18.2843    67.6012   241.6884     5.5812
  -1105.00   42250.02  0.0725187    18.2874    66.1945   242.0142     5.4659
  -1095.00   42249.93  0.0722075    18.2886    64.8676   242.4153     5.3490
  -1085.00   42250.27  0.0720889    18.2893    63.7213   242.7782     5.2327
  -1075.00   42248.01  0.0721122    18.2901    62.7688   243.0979     5.1147
  -1065.00   42246.31  0.0718505    18.2903    62.1326   243.2432     4.9919
  -1055.00   42246.74  0.0717048    18.2902    61.4940   243.4531     4.8672
  -1045.00   42247.51  0.0717121    18.2902    60.7255   243.8162     4.7420
  -1035.00   42246.45  0.0717171    18.2910    60.2279   243.8880     4.6147
  -1025.00   42246.71  0.0717611    18.2923    59.5794   244.0136     4.4852
  -1015.00   42249.21  0.0716963    18.2936    58.5828   244.3684     4.3562
  -1005.00   42250.69  0.0718761    18.2957    57.5622   244.5909     4.2293
   -995.00   42250.46  0.0721144    18.2988    56.3801   244.8098     4.1028
   -985.00   42251.22  0.0720295    18.3017    55.0218   245.0847     3.9771
   -975.00   42253.28  0.0721342    18.3045    53.4622   245.4504     3.8548
   -965.00   42253.02  0.0723885    18.3078    51.7923   245.8697     3.7351
   -955.00   42251.26  0.0723672    18.3107    50.3457   246.0994     3.6160
   -945.00   42250.79  0.0723378    18.3130    48.8533   246.4397     3.4984
   -935.00   42251.23  0.0723605    18.3147    47.2656   246.9908     3.3826
   -925.00   42249.78  0.0723880    18.3159    46.1123   247.2648     3.2666
   -915.00   42247.61  0.0723487    18.3164    45.1277   247.5209     3.1497
   -905.00   42247.44  0.0720855    18.3161    44.1203   247.9510     3.0322
   -895.00   42248.27  0.0720529    18.3153    43.3294   248.2689     2.9133
   -885.00   42246.90  0.0721057    18.3141    42.6777   248.5000     2.7924
   -875.00   42246.01  0.0718255    18.3127    42.1098   248.6714     2.6697
   -865.00   42247.39  0.0717238    18.3113    41.4142   248.9105     2.5452
   -855.00   42248.86  0.0718608    18.3100    40.5334   249.2257     2.4189
   -845.00   42248.64  0.0718425    18.3090    39.7911   249.2825     2.2917
   -835.00   42249.02  0.0718595    18.3086    38.8003   249.4208     2.1641
   -825.00   42251.42  0.0719326    18.3088    37.3860   249.8312     2.0363
   -815.00   42252.72  0.0721602    18.3095    36.0659   250.0275     1.9092
   -805.00   42251.99  0.0723887    18.3106    34.6424   250.2293     1.7838
   -795.00   42251.70  0.0723301    18.3123    33.0239   250.6125     1.6605
   -785.00   42252.76  0.0725151    18.3142    31.4202   251.0154     1.5388
   -775.00   42251.88  0.0728063    18.3157    29.8937   251.4135     1.4190
   -765.00   42249.49  0.0727124    18.3169    28.6135   251.7135     1.3019
   -755.00   42248.42  0.0726616    18.3179    27.3608   252.1359     1.1865
   -745.00   42248.65  0.0727624    18.3180    26.1123   252.6961     1.0709
   -735.00   42247.62  0.0727098    18.3171    25.3014   252.9643     0.9553
   -725.00   42245.92  0.0725579    18.3154    24.5620   253.2459     0.8405
   -715.00   42246.32  0.0723336    18.3135    23.6472   253.7487     0.7239
   -705.00   42247.99  0.0722966    18.3108    22.9479   254.0301     0.6037
   -695.00   42247.73  0.0722661    18.3072    22.2659   254.2118     0.4828
   -685.00   42247.54  0.0719288    18.3042    21.4209   254.4565     0.3612
   -675.00   42249.49  0.0718567    18.3018    20.4179   254.7175     0.2360
   -665.00   42251.18  0.0720168    18.2989    19.2640   254.9568     0.1087
   -655.00   42251.15  0.0719131    18.2966    18.1514   255.0266   359.9826
   -645.00   42250.94  0.0718742    18.2955    16.8034   255.2133   359.8569
   -635.00   42252.44  0.0720569    18.2948    15.1641   255.6184   359.7299
   -625.00   42253.13  0.0722432    18.2944    13.7813   255.7772   359.6037
   -615.00   42251.49  0.0723637    18.2940    12.4132   255.9608   359.4813
   -605.00   42250.25  0.0723396    18.2945    10.8704   256.4275   359.3607
   -595.00   42250.58  0.0725339    18.2951     9.5845   256.7918   359.2391
   -585.00   42249.63  0.0727627    18.2942     8.4886   257.1014   359.1202
   -575.00   42247.34  0.0725751    18.2934     7.5128   257.4473   359.0054
   -565.00   42246.40  0.0725271    18.2929     6.5916   257.8670   358.8897
   -555.00   42247.14  0.0726731    18.2907     5.6978   258.3209   358.7723
   -545.00   42247.10  0.0725370    18.2874     5.0807   258.5335   358.6565
   -535.00   42246.16  0.0723438    18.2841     4.3682   258.8046   358.5422
   -525.00   42247.23  0.0722557    18.2806     3.3591   259.2841   358.4239
   -515.00   42249.64  0.0722500    18.2762     2.5218   259.4807   358.3022
   -505.00   42250.13  0.0721984    18.2708     1.5813   259.6130   358.1822
   -495.00   42250.06  0.0719406    18.2668     0.3018   259.9344   358.0618
   -485.00   42251.69  0.0719742    18.2634   358.9753   260.1812   357.9355
   -475.00   42253.03  0.0721711    18.2586   357.5964   260.3610   357.8088
   -465.00   42252.49  0.0720419    18.2550   356.2321   260.4908   357.6852
   -455.00   42251.14  0.0720526    18.2533   354.7663   260.7427   357.5602
   -445.00   42251.38  0.0723387    18.2509   353.2392   261.1140   357.4329
   -435.00   42251.53  0.0724981    18.2488   352.0711   261.2627   357.3074
   -425.00   42249.33  0.0725679    18.2473   350.9598   261.4911   357.1875
   -415.00   42247.71  0.0726727    18.2465   349.6954   262.0206   357.0674
   -405.00   42248.04  0.0729013    18.2457   348.7742   262.3703   356.9454
   -395.00   42247.81  0.0730715    18.2427   347.9985   262.6604   356.8291
   -385.00   42246.33  0.0728918    18.2404   347.0863   263.1417   356.7178
   -375.00   42246.04  0.0728825    18.2388   346.2128   263.6095   356.6026
   -365.00   42247.66  0.0730169    18.2341   345.3285   264.0202   356.4865
   -355.00   42248.62  0.0727557    18.2284   344.4767   264.2997   356.3750
   -345.00   42248.22  0.0725083    18.2240   343.4304   264.6428   356.2628
   -335.00   42249.42  0.0724725    18.2183   342.1083   265.1008   356.1441
   -325.00   42251.93  0.0723725    18.2115   340.9553   265.2536   356.0231
   -315.00   42252.40  0.0722131    18.2047   339.6887   265.3815   355.9053
   -305.00   42251.70  0.0720303    18.1994   338.0913   265.7564   355.7844
   -295.00   42252.33  0.0720904    18.1950   336.6710   265.9536   355.6560
   -285.00   42253.01  0.0722421    18.1888   335.3508   266.0663   355.5298
   -275.00   42251.82  0.0720893    18.1844   334.0136   266.2854   355.4086
   -265.00   42249.57  0.0721487    18.1827   332.7577   266.5725   355.2831
   -255.00   42249.06  0.0724498    18.1789   331.6100   266.8884   355.1562
   -245.00   42249.23  0.0724907    18.1751   330.7793   267.0500   355.0345
   -235.00   42247.21  0.0724882    18.1732   329.9533   267.3349   354.9179
   -225.00   42245.91  0.0726429    18.1706   328.9842   267.8429   354.7989
   -215.00   42246.90  0.0727949    18.1674   328.3147   268.1191   354.6777
   -205.00   42247.72  0.0728248    18.1626   327.6484   268.3598   354.5653
   -195.00   42247.30  0.0726945    18.1584   326.6287   268.8704   354.4554
   -185.00   42247.62  0.0727206    18.1552   325.6370   269.2696   354.3381
   -175.00   42249.93  0.0728229    18.1481   324.6024   269.5520   354.2221
   -165.00   42251.39  0.0725433    18.1405   323.3661   269.8670   354.1133
   -155.00   42250.87  0.0723673    18.1357   321.9702   270.2134   353.9999
   -145.00   42251.41  0.0724328    18.1284   320.4286   270.5861   353.8793
   -135.00   42253.23  0.0722911    18.1195   319.0716   270.7156   353.7603
   -125.00   42253.03  0.0721272    18.1124   317.6819   270.8680   353.6446
   -115.00   42251.28  0.0720903    18.1060   316.1087   271.2524   353.5226
   -105.00   42250.77  0.0721768    18.0998   314.9041   271.4010   353.3931
    -95.00   42251.02  0.0722876    18.0922   313.8983   271.4776   353.2690
    -85.00   42249.65  0.0722137    18.0868   312.8063   271.7834   353.1494
    -75.00   42247.21  0.0723646    18.0842   311.9051   272.0734   353.0218
    -65.00   42246.89  0.0726971    18.0788   311.1395   272.3357   352.8946
    -55.00   42247.76  0.0726994    18.0732   310.4700   272.5728   352.7773
    -45.00   42246.60  0.0727502    18.0712   309.7046   272.9349   352.6622
    -35.00   42245.92  0.0729913    18.0670   308.7462   273.4440   352.5438
    -25.00   42247.76  0.0730794    18.0613   307.9427   273.7312   352.4264
    -15.00   42249.49  0.0730332    18.0557   306.9744   274.0432   352.3201
     -5.00   42249.72  0.0729774    18.0497   305.5747   274.6150   352.2131
      5.00   42250.03  0.0729917    18.0442   304.2361   275.0049   352.0965
     15.00   42252.32  0.0729717    18.0348   302.8870   275.2575   351.9850
     25.00   42253.50  0.0726840    18.0254   301.2591   275.6653   351.8800
     35.00   42252.17  0.0725289    18.0193   299.6590   276.0273   351.7652
     45.00   42251.62  0.0725801    18.0098   298.1474   276.3168   351.6428
     55.00   42252.40  0.0723383    17.9988   296.8178   276.4882   351.5268
     65.00   42251.59  0.0721556    17.9916   295.5940   276.6804   351.4111
     75.00   42249.08  0.0722068    17.9844   294.3549   277.0340   351.2859
     85.00   42248.20  0.0722241    17.9761   293.5297   277.1495   351.1565
     95.00   42248.72  0.0722391    17.9683   292.8713   277.2320   351.0357
    105.00   42247.83  0.0722409    17.9625   292.0238   277.5930   350.9174
    115.00   42245.94  0.0724007    17.9589   291.3657   277.8550   350.7889
    125.00   42246.51  0.0726494    17.9519   290.7732   278.0504   350.6646
    135.00   42248.24  0.0726013    17.9451   289.9840   278.3688   350.5540
    145.00   42247.96  0.0726626    17.9427   289.0576   278.7394   350.4402
    155.00   42247.72  0.0729095    17.9368   287.9320   279.1669   350.3215
    165.00   42249.98  0.0728681    17.9281   286.8041   279.4420   350.2103
    175.00   42252.01  0.0727784    17.9221   285.4780   279.7587   350.1076
    185.00   42251.98  0.0727939    17.9149   283.8052   280.2780   349.9997
    195.00   42251.66  0.0727764    17.9063   282.2985   280.5773   349.8827
    205.00   42253.16  0.0726874    17.8958   280.8543   280.7825   349.7743
    215.00   42253.64  0.0724930    17.8855   279.2106   281.1925   349.6700
    225.00   42251.23  0.0724210    17.8782   277.7884   281.5024   349.5512
    235.00   42249.75  0.0724746    17.8672   276.6169   281.7010   349.4279
    245.00   42249.90  0.0722587    17.8547   275.5508   281.9247   349.3152
    255.00   42249.04  0.0721519    17.8476   274.6620   282.1397   349.1984
    265.00   42246.54  0.0723033    17.8394   273.8282   282.4370   349.0699
    275.00   42246.13  0.0722837    17.8286   273.2619   282.5650   348.9435
    285.00   42247.56  0.0722885    17.8206   272.7412   282.6899   348.8264
    295.00   42247.61  0.0724141    17.8145   271.9373   283.0671   348.7076
    305.00   42246.64  0.0725947    17.8084   271.2285   283.3061   348.5789
    315.00   42248.10  0.0727931    17.8002   270.4548   283.4944   348.4591
    325.00   42250.47  0.0728198    17.7928   269.2861   283.8993   348.3537
    335.00   42250.50  0.0729495    17.7894   267.9901   284.2925   348.2402
    345.00   42250.06  0.0732047    17.7819   266.5541   284.6820   348.1228
    355.00   42251.83  0.0731163    17.7711   265.0002   285.0548   348.0207
    365.00   42253.37  0.0730343    17.7646   263.3707   285.4408   347.9222
    375.00   42252.29  0.0730999    17.7563   261.6015   285.9529   347.8137
    385.00   42251.13  0.0729775    17.7438   260.1021   286.2637   347.7014
    395.00   42251.77  0.0727966    17.7321   258.7715   286.5137   347.5980
    405.00   42251.84  0.0726381    17.7210   257.3794   286.9427   347.4936
    415.00   42248.94  0.0725387    17.7106   256.3310   287.2144   347.3712
    425.00   42247.39  0.0724933    17.6977   255.5608   287.3720   347.2482
    435.00   42247.85  0.0722911    17.6845   254.7688   287.6439   347.1373
    445.00   42247.44  0.0722162    17.6771   254.1290   287.8598   347.0169
    455.00   42245.58  0.0723731    17.6681   253.5218   288.0831   346.8846
    465.00   42245.98  0.0722998    17.6558   252.9173   288.2593   346.7637
    475.00   42248.38  0.0722883    17.6486   252.2370   288.4296   346.6507
    485.00   42249.08  0.0724751    17.6430   251.2370   288.7846   346.5314
    495.00   42248.78  0.0725740    17.6343   250.2305   289.0073   346.4071
    505.00   42250.57  0.0726647    17.6255   249.0949   289.2039   346.2958
    515.00   42252.98  0.0727219    17.6181   247.5657   289.6226   346.1952
    525.00   42252.53  0.0728240    17.6125   246.0320   289.9624   346.0815
    535.00   42251.30  0.0729861    17.6028   244.5009   290.2628   345.9667
    545.00   42251.97  0.0728859    17.5906   242.8577   290.6565   345.8706
    555.00   42252.62  0.0728248    17.5835   241.3401   291.0057   345.7710
    565.00   42250.41  0.0729270    17.5740   239.8989   291.4051   345.6570
    575.00   42248.70  0.0727626    17.5588   238.7050   291.7022   345.5485
    585.00   42249.07  0.0726000    17.5470   237.7274   291.9485   345.4472
    595.00   42249.25  0.0725507    17.5365   236.7429   292.3319   345.3389
    605.00   42246.82  0.0724535    17.5231   236.0479   292.5552   345.2154
    615.00   42245.95  0.0723889    17.5090   235.5096   292.7019   345.0955
    625.00   42247.54  0.0722812    17.4962   234.8058   292.9925   344.9871
    635.00   42247.82  0.0722664    17.4872   234.1612   293.1891   344.8635
    645.00   42246.78  0.0724228    17.4767   233.4650   293.3605   344.7302
    655.00   42247.75  0.0723887    17.4633   232.5484   293.5899   344.6151
    665.00   42250.63  0.0724364    17.4563   231.5065   293.7896   344.5041
    675.00   42251.33  0.0727000    17.4506   230.1995   294.1043   344.3817
    685.00   42250.82  0.0727845    17.4394   228.8186   294.3592   344.2632
    695.00   42252.07  0.0728802    17.4304   227.3554   294.6103   344.1602
    705.00   42253.85  0.0730325    17.4239   225.6501   295.0510   344.0619
    715.00   42252.46  0.0731254    17.4154   224.0802   295.3989   343.9502
    725.00   42250.32  0.0732247    17.4036   222.6368   295.7214   343.8427
    735.00   42250.21  0.0731650    17.3907   221.1510   296.1854   343.7537
    745.00   42250.35  0.0731021    17.3817   219.9240   296.5560   343.6536
    755.00   42247.81  0.0731493    17.3695   218.8811   296.9179   343.5377
    765.00   42246.24  0.0729360    17.3514   217.9564   297.2792   343.4348
    775.00   42247.19  0.0727522    17.3387   217.2240   297.5568   343.3346
    785.00   42247.83  0.0727232    17.3279   216.4786   297.8974   343.2188
    795.00   42246.50  0.0725467    17.3112   215.8428   298.1215   343.0962
    805.00   42246.54  0.0724325    17.2964   215.2194   298.2856   342.9798
    815.00   42249.26  0.0723826    17.2856   214.3392   298.5731   342.8704
    825.00   42249.89  0.0723456    17.2749   213.4336   298.7472   342.7447
    835.00   42249.17  0.0724372    17.2633   212.4175   298.8982   342.6143
    845.00   42250.22  0.0724299    17.2510   211.1043   299.1675   342.5074
    855.00   42252.63  0.0724770    17.2441   209.7366   299.3699   342.3983
    865.00   42252.61  0.0727017    17.2378   208.2590   299.6290   342.2752
    875.00   42251.18  0.0727271    17.2248   206.7302   299.9124   342.1657
    885.00   42251.56  0.0727893    17.2156   205.2735   300.1711   342.0706
    895.00   42252.52  0.0729529    17.2097   203.7917   300.5531   341.9704
    905.00   42250.43  0.0729660    17.1978   202.5244   300.8635   341.8605
    915.00   42247.90  0.0730017    17.1840   201.4411   301.1583   341.7593
    925.00   42247.91  0.0729956    17.1718   200.3571   301.5837   341.6716
    935.00   42248.11  0.0729261    17.1606   199.5227   301.8933   341.5668
    945.00   42246.11  0.0729363    17.1460   198.8137   302.1841   341.4496
    955.00   42245.18  0.0727798    17.1274   198.0421   302.5449   341.3502
    965.00   42247.13  0.0726477    17.1146   197.3623   302.7939   341.2488
    975.00   42248.46  0.0726575    17.1032   196.5990   303.0623   341.1262
    985.00   42248.01  0.0724928    17.0846   195.7342   303.2977   341.0064
    995.00   42248.70  0.0724194    17.0697   194.7907   303.4718   340.8957
   1005.00   42251.74  0.0724625    17.0606   193.6008   303.7275   340.7830
   1015.00   42252.29  0.0724270    17.0477   192.3533   303.8948   340.6576
   1025.00   42251.08  0.0725145    17.0346   191.0291   304.0539   340.5328
   1035.00   42251.52  0.0726078    17.0241   189.5006   304.3394   340.4312
   1045.00   42252.79  0.0726908    17.0162   188.0557   304.5413   340.3216
   1055.00   42251.82  0.0729086    17.0081   186.6597   304.7847   340.1989
   1065.00   42249.40  0.0729853    16.9944   185.2601   305.1257   340.0985
   1075.00   42249.28  0.0730909    16.9850   184.0508   305.4154   340.0092
   1085.00   42249.97  0.0732827    16.9786   182.9305   305.7861   339.9067
   1095.00   42247.94  0.0732650    16.9634   181.9549   306.1518   339.8021
   1105.00   42245.95  0.0732863    16.9476   181.1156   306.4974   339.7111
   1115.00   42246.88  0.0733182    16.9357   180.2488   306.9330   339.6240
   1125.00   42247.70  0.0731870    16.9209   179.5040   307.2636   339.5170
   1135.00   42246.52  0.0731156    16.9027   178.7554   307.5742   339.4031
   1145.00   42246.37  0.0729815    16.8839   177.8166   307.9624   339.3071
   1155.00   42248.99  0.0728150    16.8701   176.8935   308.2048   339.2009
   1165.00   42250.57  0.0727600    16.8570   175.8480   308.4391   339.0720
   1175.00   42250.11  0.0725797    16.8375   174.5968   308.7065   338.9546
   1185.00   42250.77  0.0725081    16.8237   173.3115   308.8771   338.8478
   1195.00   42253.24  0.0725620    16.8166   171.9053   309.0871   338.7295
   1205.00   42253.19  0.0724779    16.8028   170.4812   309.2685   338.6060
   1215.00   42251.07  0.0725405    16.7894   169.1006   309.4423   338.4924
   1225.00   42250.79  0.0726798    16.7818   167.6976   309.7103   338.3955
   1235.00   42251.16  0.0727119    16.7727   166.4881   309.9034   338.2874
   1245.00   42249.58  0.0728487    16.7620   165.4131   310.1372   338.1704
   1255.00   42246.89  0.0729405    16.7484   164.3591   310.4859   338.0800
   1265.00   42246.88  0.0730107    16.7381   163.5253   310.7420   337.9918
   1275.00   42247.95  0.0731409    16.7296   162.7655   311.0494   337.8847
   1285.00   42246.50  0.0730887    16.7118   161.9886   311.4140   337.7835
   1295.00   42245.59  0.0731080    16.6953   161.2596   311.7182   337.6973
   1305.00   42247.59  0.0731669    16.6844   160.4324   312.0717   337.6041
   1315.00   42249.16  0.0730074    16.6674   159.5471   312.3750   337.4932
   1325.00   42248.66  0.0729422    16.6473   158.5419   312.6633   337.3847
   1335.00   42248.95  0.0729044    16.6305   157.3149   313.0084   337.2904
   1345.00   42251.47  0.0727509    16.6163   156.0731   313.2194   337.1797
   1355.00   42252.66  0.0726869    16.6010   154.7279   313.4350   337.0499
   1365.00   42251.33  0.0725859    16.5817   153.2225   313.7185   336.9378
   1375.00   42251.22  0.0725580    16.5689   151.8296   313.8676   336.8326
   1385.00   42252.66  0.0726302    16.5616   150.4790   314.0405   336.7086
   1395.00   42251.79  0.0725643    16.5467   149.1711   314.2547   336.5863
   1405.00   42249.12  0.0726795    16.5331   148.0303   314.4331   336.4827
   1415.00   42248.53  0.0728985    16.5275   146.9906   314.6702   336.3850
   1425.00   42248.95  0.0729354    16.5173   146.1183   314.8832   336.2767
   1435.00   42247.56  0.0730874    16.5037   145.3261   315.1531   336.1698
   1445.00   42245.51  0.0732763    16.4911   144.5065   315.5233   336.0885
   1455.00   42246.22  0.0733517    16.4795   143.8049   315.8006   336.0023
   1465.00   42248.00  0.0734442    16.4672   143.0451   316.1390   335.8964
   1475.00   42247.23  0.0734140    16.4471   142.0970   316.5769   335.8037
   1485.00   42247.18  0.0734197    16.4291   141.1268   316.9031   335.7220
   1495.00   42249.75  0.0734358    16.4168   140.0137   317.2483   335.6225
   1505.00   42251.48  0.0732064    16.3968   138.7271   317.6096   335.5087
   1515.00   42250.99  0.0731087    16.3750   137.3425   317.9181   335.4058
   1525.00   42250.96  0.0730831    16.3602   135.8533   318.2287   335.3082
   1535.00   42252.73  0.0728583    16.3456   134.4089   318.4414   335.1895
   1545.00   42253.00  0.0727429    16.3285   132.9642   318.6690   335.0616
   1555.00   42250.62  0.0726987    16.3117   131.5171   318.9478   334.9556
   1565.00   42249.75  0.0726463    16.3007   130.3321   319.0710   334.8496
   1575.00   42250.48  0.0726685    16.2928   129.2842   319.2280   334.7238
   1585.00   42249.18  0.0726114    16.2776   128.2781   319.4855   334.6088
   1595.00   42246.76  0.0727219    16.2650   127.4984   319.6451   334.5162
   1605.00   42246.57  0.0729178    16.2600   126.8220   319.8367   334.4184
   1615.00   42247.73  0.0728825    16.2482   126.1662   320.0752   334.3100
   1625.00   42247.03  0.0730072    16.2320   125.4881   320.3422   334.2160
   1635.00   42245.94  0.0732141    16.2203   124.7182   320.6604   334.1388
   1645.00   42247.57  0.0732169    16.2081   123.9311   320.9033   334.0482
   1655.00   42249.81  0.0732504    16.1917   122.9478   321.2255   333.9436
   1665.00   42249.46  0.0732648    16.1714   121.7059   321.6421   333.8564
   1675.00   42249.55  0.0732600    16.1541   120.4479   321.9067   333.7729
   1685.00   42251.88  0.0732440    16.1405   119.0585   322.1964   333.6656
   1695.00   42253.07  0.0730350    16.1192   117.4876   322.5731   333.5513
   1705.00   42251.96  0.0729795    16.0979   115.9622   322.8441   333.4537
   1715.00   42251.04  0.0729974    16.0851   114.5073   323.0835   333.3516
   1725.00   42251.89  0.0727630    16.0702   113.1641   323.3013   333.2261
   1735.00   42251.40  0.0726857    16.0515   111.9250   323.5336   333.1048
   1745.00   42248.51  0.0727456    16.0370   110.8219   323.7743   333.0036
   1755.00   42247.42  0.0727008    16.0271   110.0166   323.8752   332.8935
   1765.00   42248.20  0.0727254    16.0167   109.3040   324.0414   332.7680
   1775.00   42247.26  0.0727705    16.0014   108.5601   324.3271   332.6620
   1785.00   42245.70  0.0729233    15.9898   107.9931   324.4694   332.5750
   1795.00   42246.40  0.0731286    15.9840   107.4151   324.6462   332.4756
   1805.00   42248.44  0.0731208    15.9700   106.6429   324.9591   332.3705
   1815.00   42248.62  0.0732952    15.9523   105.7589   325.2494   332.2905
   1825.00   42248.17  0.0735488    15.9408   104.7273   325.5562   332.2174
   1835.00   42250.26  0.0735019    15.9269   103.5569   325.8550   332.1229
   1845.00   42252.23  0.0735249    15.9059   102.1425   326.2403   332.0271
   1855.00   42251.58  0.0735881    15.8849   100.5402   326.6848   331.9465
   1865.00   42250.98  0.0735209    15.8679    99.0300   326.9569   331.8582
   1875.00   42252.33  0.0734180    15.8505    97.4693   327.2819   331.7446
   1885.00   42252.63  0.0732110    15.8278    95.8406   327.7173   331.6309
   1895.00   42250.71  0.0731297    15.8080    94.4662   327.9703   331.5336
   1905.00   42249.26  0.0730839    15.7963    93.3064   328.1678   331.4225
   1915.00   42249.71  0.0727972    15.7813    92.2590   328.4265   331.2906
   1925.00   42249.18  0.0727291    15.7631    91.3722   328.6548   331.1779
   1935.00   42246.58  0.0728234    15.7519    90.6646   328.8326   331.0812
   1945.00   42246.04  0.0727165    15.7437    90.1438   328.9276   330.9679
   1955.00   42247.38  0.0727167    15.7310    89.5698   329.1177   330.8509
   1965.00   42247.19  0.0728311    15.7164    88.8687   329.3999   330.7595
   1975.00   42246.47  0.0729420    15.7060    88.2500   329.5131   330.6771
   1985.00   42247.96  0.0730606    15.6975    87.4778   329.6859   330.5774
   1995.00   42250.44  0.0730512    15.6810    86.3689   330.0462   330.4788
   2005.00   42251.09  0.0732001    15.6629    85.1666   330.3061   330.4062
   2015.00   42250.64  0.0734003    15.6513    83.8585   330.5417   330.3293
   2025.00   42252.36  0.0732755    15.6359    82.3768   330.8594   330.2263
   2035.00   42253.57  0.0732951    15.6131    80.7648   331.2199   330.1356
   2045.00   42252.15  0.0734131    15.5937    79.1422   331.5874   330.0570
   2055.00   42250.60  0.0732919    15.5786    77.7358   331.8115   329.9582
   2065.00   42250.82  0.0731849    15.5587    76.3580   332.1247   329.8430
   2075.00   42250.56  0.0730811    15.5363    75.0168   332.5482   329.7345
   2085.00   42248.28  0.0730277    15.5193    74.0485   332.7399   329.6367
   2095.00   42246.98  0.0729628    15.5067    73.2752   332.9091   329.5190
   2105.00   42247.73  0.0727222    15.4906    72.5135   333.2093   329.3863
   2115.00   42247.93  0.0727217    15.4731    71.8871   333.4161   329.2814
   2125.00   42246.28  0.0728508    15.4635    71.3747   333.5313   329.1847
   2135.00   42246.65  0.0727254    15.4554    70.8478   333.6517   329.0655
   2145.00   42248.72  0.0727781    15.4406    70.1251   333.8639   328.9578
   2155.00   42249.21  0.0730137    15.4269    69.2104   334.1174   328.8785
   2165.00   42248.89  0.0731265    15.4180    68.2907   334.2216   328.7967
   2175.00   42250.40  0.0732420    15.4060    67.1119   334.4409   328.7003
   2185.00   42252.60  0.0733405    15.3871    65.5825   334.8655   328.6146
   2195.00   42252.82  0.0735239    15.3690    64.0711   335.1402   328.5498
   2205.00   42251.72  0.0736755    15.3553    62.5544   335.3947   328.4697
   2215.00   42252.39  0.0735308    15.3362    60.9069   335.8238   328.3640
   2225.00   42252.82  0.0735479    15.3114    59.3244   336.2293   328.2781
   2235.00   42250.74  0.0736551    15.2923    57.9307   336.5705   328.1973
   2245.00   42248.72  0.0734127    15.2772    56.7909   336.8444   328.0832
   2255.00   42248.45  0.0732572    15.2550    55.7296   337.1910   327.9659
   2265.00   42248.36  0.0732072    15.2337    54.7515   337.5974   327.8615
   2275.00   42246.44  0.0730813    15.2208    54.1411   337.7446   327.7568
   2285.00   42245.86  0.0729465    15.2074    53.5764   337.9209   327.6347
   2295.00   42247.35  0.0727502    15.1910    52.8747   338.2576   327.5087
   2305.00   42248.36  0.0727757    15.1767    52.2582   338.4213   327.4142
   2315.00   42247.77  0.0728523    15.1681    51.6278   338.4979   327.3192
   2325.00   42248.73  0.0726796    15.1590    50.7872   338.6786   327.2012
   2335.00   42251.14  0.0727480    15.1431    49.7107   338.9070   327.1076
   2345.00   42251.78  0.0730036    15.1301    48.4870   339.1036   327.0387
   2355.00   42251.19  0.0730099    15.1217    47.2415   339.2110   326.9525
   2365.00   42251.94  0.0730654    15.1060    45.7702   339.4604   326.8586
   2375.00   42253.30  0.0732202    15.0858    44.0983   339.8695   326.7822
   2385.00   42252.65  0.0733586    15.0698    42.6385   340.0835   326.7152
   2395.00   42250.81  0.0734129    15.0543    41.2674   340.3181   326.6259
   2405.00   42250.52  0.0732853    15.0330    39.8374   340.7719   326.5186
   2415.00   42250.65  0.0733316    15.0095    38.6272   341.1297   326.4344
   2425.00   42248.57  0.0734155    14.9920    37.6855   341.3783   326.3477
   2435.00   42246.73  0.0731330    14.9764    36.8797   341.6743   326.2226
   2445.00   42246.82  0.0730053    14.9537    36.1138   342.0109   326.1064
   2455.00   42247.51  0.0730577    14.9340    35.3945   342.3360   326.0085
   2465.00   42246.54  0.0728914    14.9237    34.8893   342.4542   325.8952
   2475.00   42246.71  0.0727588    14.9089    34.2530   342.6388   325.7715
   2485.00   42248.90  0.0726879    14.8916    33.3514   342.9809   325.6559
   2495.00   42250.48  0.0727578    14.8806    32.5105   343.0869   325.5658
   2505.00   42250.45  0.0728219    14.8714    31.5426   343.1566   325.4694
   2515.00   42251.15  0.0726998    14.8599    30.2758   343.4055   325.3553
   2525.00   42253.17  0.0728634    14.8442    28.8715   343.6349   325.2746
   2535.00   42253.28  0.0731610    14.8316    27.4435   343.7902   325.2119
   2545.00   42251.84  0.0731387    14.8219    26.0211   343.9623   325.1223
   2555.00   42251.41  0.0732279    14.8028    24.4959   344.2813   325.0347
   2565.00   42251.87  0.0734894    14.7811    22.9659   344.6875   324.9702
   2575.00   42250.66  0.0735840    14.7657    21.7628   344.9153   324.8984
   2585.00   42248.52  0.0735714    14.7466    20.6515   345.2290   324.8016
   2595.00   42248.02  0.0734939    14.7217    19.4960   345.7600   324.6972
   2605.00   42248.56  0.0735366    14.6996    18.6253   346.1122   324.6116
   2615.00   42247.22  0.0735069    14.6820    17.9459   346.3627   324.5125
   2625.00   42246.10  0.0731633    14.6646    17.2112   346.7476   324.3777
   2635.00   42247.04  0.0730290    14.6429    16.4549   347.1056   324.2623
   2645.00   42248.50  0.0730709    14.6263    15.7126   347.3460   324.1666
   2655.00   42248.39  0.0728041    14.6182    14.9802   347.4840   324.0452
   2665.00   42248.81  0.0726324    14.6035    14.0149   347.6953   323.9234
   2675.00   42251.15  0.0726640    14.5870    12.7808   347.9995   323.8263
   2685.00   42252.71  0.0726931    14.5796    11.6373   348.0580   323.7413
   2695.00   42252.39  0.0726947    14.5698    10.3543   348.1434   323.6466
   2705.00   42252.21  0.0726182    14.5550     8.8083   348.4575   323.5449
   2715.00   42253.31  0.0728029    14.5404     7.3557   348.6543   323.4756
   2725.00   42252.74  0.0730260    14.5274     6.0252   348.7741   323.4119
   2735.00   42250.52  0.0729195    14.5148     4.7315   349.0159   323.3158
   2745.00   42249.26  0.0729969    14.4940     3.4866   349.3498   323.2301
   2755.00   42249.36  0.0732613    14.4727     2.3901   349.6673   323.1674
   2765.00   42248.34  0.0732433    14.4587     1.5840   349.8697   323.0823
   2775.00   42246.51  0.0731766    14.4381     0.7879   350.1943   322.9762
   2785.00   42246.51  0.0731863    14.4125   359.8982   350.6844   322.8777
   2795.00   42247.91  0.0732226    14.3941   359.2459   350.9457   322.7888
   2805.00   42247.71  0.0731424    14.3770   358.5897   351.1737   322.6801
   2815.00   42247.35  0.0728546    14.3576   357.6789   351.5996   322.5454
   2825.00   42248.99  0.0728021    14.3378   356.7191   351.9191   322.4359
   2835.00   42250.88  0.0728416    14.3230   355.7277   352.0861   322.3390
   2845.00   42251.07  0.0725540    14.3144   354.6018   352.2682   322.2110
   2855.00   42250.97  0.0724249    14.2992   353.2677   352.5115   322.0916
   2865.00   42252.58  0.0725638    14.2838   351.8162   352.7410   322.0071
   2875.00   42253.54  0.0725719    14.2784   350.5262   352.7778   321.9202
   2885.00   42252.31  0.0725701    14.2677   349.1765   352.8938   321.8238
   2895.00   42251.04  0.0726394    14.2502   347.6836   353.2333   321.7383
   2905.00   42251.31  0.0728816    14.2371   346.4861   353.3900   321.6777
   2915.00   42250.52  0.0730912    14.2231   345.4569   353.5182   321.6126
   2925.00   42248.16  0.0730250    14.2055   344.3940   353.8771   321.5182
   2935.00   42246.90  0.0731755    14.1827   343.4508   354.2537   321.4393
   2945.00   42247.38  0.0734356    14.1607   342.6610   354.5549   321.3759
   2955.00   42247.22  0.0733248    14.1445   341.9713   354.8521   321.2770
   2965.00   42246.08  0.0732267    14.1211   341.1693   355.2764   321.1619
   2975.00   42246.80  0.0732798    14.0950   340.2347   355.7584   321.0662
   2985.00   42249.06  0.0732118    14.0796   339.4335   356.0099   320.9664
   2995.00   42249.66  0.0730288    14.0631   338.4728   356.2858   320.8435
   3005.00   42249.61  0.0727862    14.0427   337.1719   356.7575   320.7135
   3015.00   42251.27  0.0727405    14.0272   335.9095   357.0205   320.6104
   3025.00   42252.94  0.0727037    14.0154   334.6279   357.1508   320.5119
   3035.00   42252.74  0.0723938    14.0058   333.1807   357.4002   320.3859
   3045.00   42251.62  0.0723147    13.9914   331.6915   357.6585   320.2794
   3055.00   42252.06  0.0724611    13.9776   330.3022   357.8122   320.2074
   3065.00   42252.36  0.0723838    13.9724   329.1276   357.8713   320.1200
   3075.00   42250.31  0.0723356    13.9597   327.9732   358.0513   320.0225
   3085.00   42248.51  0.0724774    13.9402   326.8175   358.3658   319.9521
   3095.00   42248.61  0.0726459    13.9282   326.0257   358.4791   319.8913
   3105.00   42248.27  0.0727386    13.9140   325.3451   358.6136   319.8138
   3115.00   42246.50  0.0726981    13.8922   324.4982   359.0259   319.7208
   3125.00   42245.87  0.0728528    13.8703   323.7835   359.3498   319.6433
   3135.00   42247.26  0.0730403    13.8502   323.1275   359.5763   319.5712
   3145.00   42248.11  0.0728671    13.8323   322.3203   359.9206   319.4603
   3155.00   42247.63  0.0728007    13.8087   321.3272     0.3467   319.3425
   3165.00   42248.75  0.0728997    13.7846   320.1923     0.7340   319.2500
   3175.00   42251.36  0.0727633    13.7712   319.0793     0.9601   319.1410
   3185.00   42252.06  0.0725686    13.7551   317.7583     1.2579   319.0083
   3195.00   42251.52  0.0724504    13.7340   316.1612     1.7041   318.8884
   3205.00   42252.34  0.0724177    13.7218   314.7484     1.8952   318.7886
   3215.00   42253.30  0.0723533    13.7121   313.3976     2.0051   318.6833
   3225.00   42252.30  0.0721181    13.6998   311.9280     2.3084   318.5611
   3235.00   42250.14  0.0721352    13.6863   310.6367     2.5317   318.4660
   3245.00   42249.70  0.0723005    13.6741   309.5766     2.6272   318.3980
   3255.00   42249.83  0.0722089    13.6672   308.6897     2.7374   318.3083
   3265.00   42247.70  0.0722341    13.6521   307.8376     2.9711   318.2154
   3275.00   42246.14  0.0724781    13.6314   307.0266     3.2465   318.1577
   3285.00   42246.85  0.0726194    13.6189   306.4697     3.3682   318.0965
   3295.00   42247.45  0.0726802    13.6023   305.8557     3.5864   318.0079
   3305.00   42246.67  0.0727564    13.5758   304.9474     4.0578   317.9230
   3315.00   42246.78  0.0729234    13.5537   304.1121     4.3848   317.8466
   3325.00   42249.03  0.0730260    13.5345   303.2150     4.6397   317.7588
   3335.00   42250.43  0.0728461    13.5122   301.9665     5.1160   317.6385
   3345.00   42250.03  0.0728018    13.4884   300.5845     5.5810   317.5187
   3355.00   42250.86  0.0728632    13.4676   299.1454     5.9300   317.4211
   3365.00   42253.01  0.0726088    13.4552   297.6811     6.2244   317.2990
   3375.00   42253.11  0.0723840    13.4398   296.1241     6.5777   317.1599
   3385.00   42251.60  0.0723247    13.4210   294.5015     6.9746   317.0520
   3395.00   42251.40  0.0722121    13.4126   293.1996     7.1261   316.9562
   3405.00   42251.79  0.0720710    13.4050   292.0480     7.2493   316.8466
   3415.00   42250.28  0.0719146    13.3904   290.8335     7.5805   316.7397
   3425.00   42247.71  0.0719499    13.3781   289.9326     7.7521   316.6607
   3435.00   42247.26  0.0720557    13.3675   289.2629     7.8137   316.5943
   3445.00   42247.82  0.0719259    13.3564   288.5924     8.0129   316.5034
   3455.00   42246.29  0.0719788    13.3389   287.9411     8.2655   316.4165
   3465.00   42245.37  0.0722083    13.3183   287.2850     8.4915   316.3606
   3475.00   42247.07  0.0722233    13.3051   286.6874     8.6393   316.2881
   3485.00   42248.61  0.0722277    13.2867   285.8927     8.9095   316.1857
   3495.00   42248.65  0.0723456    13.2595   284.7703     9.3393   316.1022
   3505.00   42249.11  0.0724477    13.2398   283.6762     9.6015   316.0223
   3515.00   42251.64  0.0724544    13.2229   282.4576     9.8455   315.9160
   3525.00   42252.90  0.0723359    13.1988   280.8609    10.3341   315.7947
   3535.00   42251.80  0.0723376    13.1767   279.2791    10.7312   315.6804
   3545.00   42251.65  0.0723779    13.1601   277.7730    11.0007   315.5772
   3555.00   42252.75  0.0721172    13.1464   276.2389    11.3454   315.4473
   3565.00   42251.99  0.0719584    13.1307   274.7998    11.6979   315.3096
   3575.00   42249.55  0.0719743    13.1139   273.4840    12.0158   315.2084
   3585.00   42248.81  0.0718155    13.1068   272.5004    12.1650   315.1094
   3595.00   42249.23  0.0716722    13.0991   271.6843    12.3198   314.9922
   3605.00   42248.00  0.0716392    13.0830   270.8222    12.6284   314.8971
   3615.00   42245.86  0.0716962    13.0717   270.2476    12.7445   314.8290
   3625.00   42246.27  0.0717810    13.0625   269.7854    12.7948   314.7581
   3635.00   42247.66  0.0717378    13.0466   269.1036    13.0639   314.6716
   3645.00   42246.96  0.0718837    13.0267   268.3903    13.3053   314.5975
