  -7305.00   42251.46  0.0787381     3.1759   214.3813   272.9031   219.8168
  -7295.00   42251.76  0.0787696     3.1685   212.9460   273.7699   219.1513
  -7285.00   42252.61  0.0788430     3.1558   211.5177   274.8520   218.3533
  -7275.00   42250.38  0.0788295     3.1446   210.2821   275.7023   217.7323
  -7265.00   42247.86  0.0787980     3.1451   209.2446   276.4243   217.2129
  -7255.00   42247.49  0.0786670     3.1453   208.2394   277.4385   216.5168
  -7245.00   42247.76  0.0785613     3.1396   207.4666   278.2388   215.9412
  -7235.00   42245.69  0.0785091     3.1344   206.8543   278.7641   215.5697
  -7225.00   42244.91  0.0782644     3.1332   206.2030   279.4368   215.1183
  -7215.00   42246.75  0.0781186     3.1296   205.6174   280.0407   214.6694
  -7205.00   42248.10  0.0780916     3.1146   204.9816   280.5702   214.2607
  -7195.00   42247.64  0.0779310     3.1009   204.2293   281.0244   213.9110
  -7185.00   42248.41  0.0778657     3.0927   203.3750   281.4497   213.5605
  -7175.00   42251.38  0.0778769     3.0758   202.2859   282.1546   212.9977
  -7165.00   42251.98  0.0778803     3.0530   201.0931   282.7386   212.4982
  -7155.00   42250.96  0.0779673     3.0373   199.8172   283.2134   212.0852
  -7145.00   42251.45  0.0779873     3.0258   198.3352   284.0858   211.4138
  -7135.00   42252.95  0.0780752     3.0089   196.8983   284.9722   210.6824
  -7125.00   42252.00  0.0782415     2.9922   195.5265   285.7446   210.0552
  -7115.00   42249.82  0.0782268     2.9865   194.1605   286.6683   209.3761
  -7105.00   42249.55  0.0782820     2.9855   192.9632   287.6625   208.6224
  -7095.00   42250.10  0.0783741     2.9785   191.8992   288.7091   207.8385
  -7085.00   42247.85  0.0783014     2.9751   190.9784   289.5946   207.2143
  -7075.00   42245.76  0.0782514     2.9818   190.2104   290.3774   206.6822
  -7065.00   42246.30  0.0781743     2.9858   189.4461   291.4007   205.9835
  -7055.00   42247.09  0.0780261     2.9817   188.7912   292.1984   205.4200
  -7045.00   42245.87  0.0779098     2.9804   188.1648   292.7147   205.0820
  -7035.00   42245.85  0.0776825     2.9825   187.3531   293.4736   204.5938
  -7025.00   42248.55  0.0775214     2.9772   186.5290   294.1504   204.0826
  -7015.00   42250.09  0.0774348     2.9629   185.6072   294.6467   203.6878
  -7005.00   42249.95  0.0772157     2.9523   184.4621   295.2246   203.2578
  -6995.00   42250.69  0.0771351     2.9450   183.2433   295.8049   202.7759
  -6985.00   42253.18  0.0771431     2.9281   181.9153   296.5468   202.1335
  -6975.00   42253.06  0.0770674     2.9092   180.5250   297.2547   201.5144
  -6965.00   42251.09  0.0771076     2.8994   179.1694   297.8774   200.9700
  -6955.00   42250.79  0.0771732     2.8932   177.7818   298.8837   200.1498
  -6945.00   42251.29  0.0772173     2.8814   176.5569   299.8779   199.2905
  -6935.00   42249.59  0.0773207     2.8735   175.4893   300.6876   198.6128
  -6925.00   42247.12  0.0773160     2.8784   174.4431   301.7261   197.8456
  -6915.00   42247.09  0.0773692     2.8837   173.6060   302.7876   197.0087
  -6905.00   42247.89  0.0774241     2.8831   172.8942   303.7372   196.2736
  -6895.00   42246.31  0.0772979     2.8885   172.1750   304.6112   195.6763
  -6885.00   42245.21  0.0772476     2.9005   171.5166   305.3942   195.1420
  -6875.00   42246.99  0.0771985     2.9058   170.8098   306.2939   194.4990
  -6865.00   42248.25  0.0770025     2.9032   170.0361   307.0167   193.9848
  -6855.00   42247.67  0.0768729     2.9036   169.1804   307.4925   193.6719
  -6845.00   42248.10  0.0767390     2.9064   168.0977   308.2351   193.1619
  -6835.00   42250.90  0.0765978     2.8981   166.9681   308.9311   192.5832
  -6825.00   42252.09  0.0765206     2.8839   165.7501   309.4191   192.1605
  -6815.00   42251.27  0.0763799     2.8777   164.3251   310.1041   191.6391
  -6805.00   42251.52  0.0763859     2.8725   162.9531   310.8544   190.9762
  -6795.00   42253.02  0.0764460     2.8588   161.6262   311.6422   190.2550
  -6785.00   42252.10  0.0763894     2.8488   160.2937   312.4760   189.5520
  -6775.00   42249.42  0.0764846     2.8492   159.1101   313.2646   188.8904
  -6765.00   42248.76  0.0766284     2.8510   158.0421   314.3099   188.0256
  -6755.00   42248.92  0.0766497     2.8483   157.1302   315.3372   187.1674
  -6745.00   42247.17  0.0767285     2.8510   156.3561   316.1471   186.5392
  -6735.00   42245.12  0.0767825     2.8653   155.5722   317.1745   185.8200
  -6725.00   42245.88  0.0768208     2.8751   154.9272   318.2062   185.0214
  -6715.00   42247.31  0.0768294     2.8787   154.2947   319.0411   184.4093
  -6705.00   42246.62  0.0766997     2.8903   153.4835   319.8865   183.8976
  -6695.00   42246.56  0.0766684     2.9049   152.6464   320.6934   183.3604
  -6685.00   42249.15  0.0766085     2.9099   151.7043   321.5114   182.7794
  -6675.00   42250.71  0.0763632     2.9100   150.5538   322.2457   182.3028
  -6665.00   42250.19  0.0762200     2.9140   149.2952   322.7999   181.9634
  -6655.00   42250.47  0.0761168     2.9181   147.9051   323.5592   181.4272
  -6645.00   42252.44  0.0759045     2.9109   146.4976   324.3182   180.8060
  -6635.00   42252.71  0.0757525     2.9003   145.1021   324.8665   180.3538
  -6625.00   42250.72  0.0756292     2.9002   143.6488   325.6243   179.7822
  -6615.00   42250.23  0.0755947     2.8979   142.4165   326.4771   178.9963
  -6605.00   42250.93  0.0755862     2.8882   141.3534   327.2735   178.2389
  -6595.00   42249.55  0.0754983     2.8870   140.3131   328.1529   177.5169
  -6585.00   42246.95  0.0756046     2.8965   139.4906   329.0396   176.7477
  -6575.00   42246.68  0.0757452     2.9046   138.8195   330.0383   175.8739
  -6565.00   42247.36  0.0757144     2.9109   138.1713   331.0319   175.0617
  -6555.00   42246.18  0.0757824     2.9246   137.5516   331.8327   174.4676
  -6545.00   42245.04  0.0758824     2.9468   136.8641   332.7652   173.8172
  -6535.00   42246.65  0.0758647     2.9612   136.1680   333.6939   173.1071
  -6525.00   42248.62  0.0758112     2.9692   135.3459   334.4006   172.6270
  -6515.00   42248.36  0.0757021     2.9855   134.2514   335.1390   172.2326
  -6505.00   42248.80  0.0756627     3.0001   133.1250   335.8756   171.7177
  -6495.00   42251.41  0.0755606     3.0021   131.8922   336.5637   171.2056
  -6485.00   42252.65  0.0753067     3.0026   130.4267   337.2434   170.7825
  -6475.00   42251.58  0.0752206     3.0083   128.9635   337.8347   170.3754
  -6465.00   42251.26  0.0751774     3.0113   127.5498   338.5594   169.7843
  -6455.00   42252.19  0.0749792     3.0061   126.1716   339.3443   169.1219
  -6445.00   42251.53  0.0748834     3.0021   124.9081   339.9639   168.6118
  -6435.00   42248.77  0.0748958     3.0098   123.7475   340.7433   167.9928
  -6425.00   42247.90  0.0748926     3.0142   122.8517   341.6316   167.1633
  -6415.00   42248.46  0.0748952     3.0127   122.1177   342.4109   166.4462
  -6405.00   42247.09  0.0748870     3.0230   121.3545   343.2483   165.8255
  -6395.00   42245.31  0.0750368     3.0415   120.7869   344.1195   165.0815
  -6385.00   42245.92  0.0751692     3.0547   120.2856   344.9939   164.3267
  -6375.00   42247.48  0.0751224     3.0671   119.6138   345.8702   163.6993
  -6365.00   42247.12  0.0752251     3.0886   118.8664   346.6234   163.1976
  -6355.00   42246.87  0.0753590     3.1130   118.0062   347.4291   162.6553
  -6345.00   42249.08  0.0752943     3.1281   116.9902   348.2649   162.0707
  -6335.00   42251.07  0.0752245     3.1394   115.7640   348.9299   161.6922
  -6325.00   42250.66  0.0751759     3.1584   114.3019   349.6206   161.3731
  -6315.00   42250.71  0.0751076     3.1731   112.8666   350.3453   160.8749
  -6305.00   42252.55  0.0749436     3.1747   111.3830   351.0162   160.4090
  -6295.00   42252.89  0.0746882     3.1780   109.7523   351.7033   160.0478
  -6285.00   42250.98  0.0746056     3.1874   108.3166   352.3540   159.5906
  -6275.00   42249.91  0.0745082     3.1908   107.0967   353.0717   158.9792
  -6265.00   42250.23  0.0742447     3.1885   105.9486   353.8650   158.3483
  -6255.00   42249.17  0.0741433     3.1923   104.9863   354.5396   157.8148
  -6245.00   42246.51  0.0741694     3.2056   104.2330   355.2944   157.1714
  -6235.00   42245.92  0.0740996     3.2155   103.6671   356.1543   156.3610
  -6225.00   42247.00  0.0740554     3.2219   103.1525   356.9022   155.6979
  -6215.00   42246.23  0.0741024     3.2422   102.5358   357.6640   155.1545
  -6205.00   42245.46  0.0742262     3.2682   102.0174   358.4585   154.4573
  -6195.00   42247.00  0.0742958     3.2860   101.4229   359.2100   153.8093
  -6185.00   42249.15  0.0742467     3.3045   100.4833   359.9563   153.3619
  -6175.00   42249.40  0.0743653     3.3326    99.4412     0.6254   152.9355
  -6165.00   42249.42  0.0744719     3.3577    98.2894     1.2865   152.4826
  -6155.00   42251.60  0.0743367     3.3711    96.9063     2.0015   152.0387
  -6145.00   42252.91  0.0742706     3.3850    95.3651     2.6082   151.7336
  -6135.00   42251.80  0.0742659     3.4038    93.7636     3.2118   151.4448
  -6125.00   42251.00  0.0741449     3.4151    92.3031     3.8772   150.9559
  -6115.00   42251.79  0.0739555     3.4162    90.8848     4.5191   150.5068
  -6105.00   42251.31  0.0737820     3.4221    89.4592     5.1769   150.1607
  -6095.00   42248.92  0.0737443     3.4345    88.3879     5.8182   149.6381
  -6085.00   42247.71  0.0736470     3.4398    87.5666     6.5052   149.0004
  -6075.00   42248.15  0.0734357     3.4425    86.7501     7.2594   148.4309
  -6065.00   42247.37  0.0734495     3.4567    86.1127     7.9163   147.9048
  -6055.00   42245.44  0.0735416     3.4767    85.6496     8.5914   147.2882
  -6045.00   42245.68  0.0734800     3.4916    85.1830     9.3588   146.5966
  -6035.00   42247.42  0.0734955     3.5071    84.5981    10.0332   146.0723
  -6025.00   42247.43  0.0736438     3.5344    83.8547    10.6810   145.6506
  -6015.00   42247.30  0.0737609     3.5634    83.0932    11.3597   145.0820
  -6005.00   42249.35  0.0737936     3.5824    82.1269    12.0183   144.5811
  -5995.00   42251.54  0.0738047     3.6034    80.7698    12.6768   144.2927
  -5985.00   42251.77  0.0739440     3.6331    79.3808    13.2820   143.9406
  -5975.00   42251.36  0.0740048     3.6558    77.9562    13.8844   143.5382
  -5965.00   42252.73  0.0738472     3.6670    76.3152    14.5679   143.2032
  -5955.00   42253.08  0.0738196     3.6838    74.6794    15.1803   142.9332
  -5945.00   42251.09  0.0738363     3.7032    73.1890    15.7676   142.6350
  -5935.00   42249.51  0.0736452     3.7125    71.9020    16.4382   142.1730
  -5925.00   42249.52  0.0734390     3.7167    70.7112    17.1069   141.7597
  -5915.00   42248.82  0.0733191     3.7270    69.6165    17.7657   141.4308
  -5905.00   42246.59  0.0732294     3.7421    68.9101    18.4014   140.8973
  -5895.00   42245.92  0.0730444     3.7498    68.3598    19.0887   140.2803
  -5885.00   42247.03  0.0728351     3.7574    67.7033    19.8190   139.7886
  -5875.00   42247.12  0.0728579     3.7793    67.1933    20.4336   139.2808
  -5865.00   42246.19  0.0728862     3.8040    66.7560    21.0440   138.6782
  -5855.00   42247.34  0.0727638     3.8220    66.1113    21.7370   138.0929
  -5845.00   42249.50  0.0728111     3.8463    65.2550    22.3320   137.6663
  -5835.00   42249.91  0.0729916     3.8801    64.2443    22.8675   137.3042
  -5825.00   42249.79  0.0730474     3.9106    63.1443    23.4363   136.8331
  -5815.00   42251.50  0.0730504     3.9323    61.7897    24.0124   136.4596
  -5805.00   42253.06  0.0731265     3.9562    60.1518    24.5779   136.2772
  -5795.00   42252.60  0.0732493     3.9859    58.6346    25.0907   135.9844
  -5785.00   42251.42  0.0732197     4.0050    57.1814    25.6432   135.6204
  -5775.00   42251.82  0.0730610     4.0132    55.5989    26.2881   135.3650
  -5765.00   42251.60  0.0730621     4.0306    54.2199    26.8587   135.1025
  -5755.00   42249.16  0.0730481     4.0487    53.1350    27.4071   134.7462
  -5745.00   42247.51  0.0728045     4.0545    52.2068    28.0648   134.2873
  -5735.00   42247.46  0.0726487     4.0628    51.3752    28.7048   133.8834
  -5725.00   42247.17  0.0726298     4.0791    50.6620    29.3030   133.5269
  -5715.00   42245.63  0.0725367     4.0971    50.2202    29.8837   132.9865
  -5705.00   42245.80  0.0723816     4.1102    49.7392    30.5161   132.4313
  -5695.00   42247.70  0.0723104     4.1256    49.0252    31.1634   132.0384
  -5685.00   42248.62  0.0724140     4.1546    48.3929    31.6728   131.5992
  -5675.00   42248.46  0.0724385     4.1824    47.6869    32.2033   131.0779
  -5665.00   42249.99  0.0723572     4.2016    46.6243    32.8249   130.6510
  -5655.00   42252.11  0.0724963     4.2307    45.3842    33.3324   130.3453
  -5645.00   42252.28  0.0727018     4.2659    44.0713    33.7909   130.0390
  -5635.00   42251.57  0.0727092     4.2922    42.6705    34.3195   129.6593
  -5625.00   42252.20  0.0727417     4.3141    41.0988    34.8665   129.3864
  -5615.00   42252.81  0.0728980     4.3393    39.4508    35.3953   129.2453
  -5605.00   42251.46  0.0729988     4.3667    38.0740    35.8800   128.9711
  -5595.00   42249.66  0.0729222     4.3834    36.7969    36.4574   128.6378
  -5585.00   42249.44  0.0728224     4.3921    35.4655    37.1176   128.4327
  -5575.00   42249.33  0.0728617     4.4112    34.4413    37.6742   128.1842
  -5565.00   42247.16  0.0727779     4.4292    33.6933    38.2477   127.7964
  -5555.00   42246.04  0.0724946     4.4340    32.9502    38.9481   127.3794
  -5545.00   42246.68  0.0723614     4.4464    32.2545    39.5885   127.0156
  -5535.00   42247.20  0.0723366     4.4681    31.6459    40.1641   126.6363
  -5525.00   42246.61  0.0721433     4.4865    31.1190    40.7484   126.1110
  -5515.00   42247.42  0.0719532     4.5041    30.4026    41.3619   125.6198
  -5505.00   42249.80  0.0719383     4.5271    29.4195    41.9474   125.2792
  -5495.00   42251.08  0.0720036     4.5608    28.5035    42.3759   124.8720
  -5485.00   42251.02  0.0719564     4.5915    27.4306    42.8549   124.4113
  -5475.00   42252.04  0.0719066     4.6142    25.9946    43.4178   124.0972
  -5465.00   42253.58  0.0720915     4.6480    24.5471    43.8188   123.8726
  -5455.00   42253.00  0.0722512     4.6845    23.1558    44.2038   123.5949
  -5445.00   42251.40  0.0722026     4.7072    21.7084    44.7089   123.2948
  -5435.00   42250.97  0.0722651     4.7291    20.2504    45.2013   123.1035
  -5425.00   42250.92  0.0724472     4.7552    18.9143    45.6672   122.9667
  -5415.00   42249.18  0.0724587     4.7774    17.8939    46.1327   122.6824
  -5405.00   42247.43  0.0723438     4.7912    16.9344    46.7134   122.3701
  -5395.00   42247.32  0.0723034     4.8009    15.9489    47.3479   122.1694
  -5385.00   42247.85  0.0723444     4.8208    15.2867    47.8416   121.8876
  -5375.00   42246.57  0.0721945     4.8388    14.7333    48.4124   121.4613
  -5365.00   42246.22  0.0719480     4.8453    14.0106    49.1014   121.0706
  -5355.00   42247.83  0.0719145     4.8633    13.2865    49.6503   120.7451
  -5345.00   42248.96  0.0719055     4.8913    12.5756    50.1466   120.3468
  -5335.00   42248.99  0.0717152     4.9114    11.7444    50.6927   119.8730
  -5325.00   42249.89  0.0716163     4.9331    10.6565    51.2259   119.4910
  -5315.00   42252.09  0.0717280     4.9636     9.3739    51.7002   119.2159
  -5305.00   42253.07  0.0718043     4.9982     8.1736    52.0562   118.8665
  -5295.00   42252.42  0.0717727     5.0278     6.8204    52.4988   118.5018
  -5285.00   42252.36  0.0718382     5.0520     5.2249    53.0197   118.2910
  -5275.00   42253.04  0.0720811     5.0856     3.8365    53.3516   118.1218
  -5265.00   42251.73  0.0722021     5.1192     2.5976    53.7332   117.8599
  -5255.00   42249.46  0.0721656     5.1375     1.3185    54.2804   117.6159
  -5245.00   42248.50  0.0722932     5.1583     0.1648    54.7554   117.4742
  -5235.00   42248.44  0.0724809     5.1852   359.2190    55.2092   117.3096
  -5225.00   42247.11  0.0724301     5.2033   358.4679    55.7309   117.0166
  -5215.00   42245.90  0.0723305     5.2159   357.6807    56.3444   116.7380
  -5205.00   42246.50  0.0723623     5.2297   356.8313    56.9733   116.5435
  -5195.00   42247.92  0.0723584     5.2503   356.2084    57.4689   116.2401
  -5185.00   42247.75  0.0721547     5.2685   355.4842    58.0842   115.8245
  -5175.00   42247.99  0.0719463     5.2782   354.4614    58.8028   115.4789
  -5165.00   42250.18  0.0719350     5.3008   353.4617    59.3014   115.1817
  -5155.00   42251.50  0.0718420     5.3323   352.4150    59.7929   114.7741
  -5145.00   42251.45  0.0716007     5.3536   351.1662    60.3651   114.3442
  -5135.00   42251.67  0.0715336     5.3789   349.7630    60.8429   114.0431
  -5125.00   42253.03  0.0716390     5.4167   348.3531    61.2329   113.7831
  -5115.00   42253.27  0.0716380     5.4518   347.0874    61.5551   113.4610
  -5105.00   42251.69  0.0715905     5.4809   345.7508    61.9610   113.1742
  -5095.00   42250.67  0.0717354     5.5097   344.3539    62.4029   113.0281
  -5085.00   42250.82  0.0719596     5.5436   343.3100    62.6553   112.8822
  -5075.00   42249.45  0.0720130     5.5735   342.3992    63.0233   112.6397
  -5065.00   42247.20  0.0720117     5.5892   341.3920    63.5869   112.4450
  -5055.00   42246.54  0.0721761     5.6087   340.5754    64.0072   112.3286
  -5045.00   42247.08  0.0722953     5.6343   339.9181    64.4421   112.1175
  -5035.00   42246.60  0.0721758     5.6478   339.2397    65.0231   111.8027
  -5025.00   42246.08  0.0720966     5.6589   338.4404    65.6249   111.5388
  -5015.00   42247.49  0.0721552     5.6780   337.5617    66.1886   111.3098
  -5005.00   42249.58  0.0720807     5.6997   336.7709    66.6630   110.9624
  -4995.00   42250.08  0.0718767     5.7190   335.7456    67.2482   110.5634
  -4985.00   42250.36  0.0717863     5.7357   334.4059    67.8878   110.2647
  -4975.00   42252.36  0.0718259     5.7641   333.1806    68.2611   109.9922
  -4965.00   42253.34  0.0717439     5.7983   331.8917    68.6842   109.6201
  -4955.00   42252.55  0.0715924     5.8211   330.4088    69.2287   109.2735
  -4945.00   42251.68  0.0716602     5.8486   328.9770    69.5964   109.0699
  -4935.00   42251.96  0.0717975     5.8883   327.6930    69.9176   108.8411
  -4925.00   42251.53  0.0717919     5.9199   326.5796    70.2565   108.5570
  -4915.00   42249.24  0.0718171     5.9443   325.4670    70.6578   108.3484
  -4905.00   42247.91  0.0720410     5.9749   324.4319    71.0571   108.2279
  -4895.00   42248.19  0.0722361     6.0060   323.7446    71.3114   108.0707
  -4885.00   42247.42  0.0722636     6.0302   323.0705    71.7263   107.8367
  -4875.00   42245.84  0.0723566     6.0461   322.2131    72.3136   107.6715
  -4865.00   42246.02  0.0725595     6.0660   321.5229    72.7069   107.5568
  -4855.00   42247.51  0.0726294     6.0905   320.8377    73.1683   107.3165
  -4845.00   42247.94  0.0725248     6.1025   319.9035    73.8370   107.0117
  -4835.00   42247.88  0.0725117     6.1139   318.8156    74.4377   106.7860
  -4825.00   42249.65  0.0725612     6.1375   317.6456    74.9892   106.5385
  -4815.00   42251.89  0.0724112     6.1594   316.4514    75.5319   106.1746
  -4805.00   42252.18  0.0721987     6.1781   315.0288    76.1491   105.8109
  -4795.00   42251.80  0.0721570     6.2017   313.4367    76.7502   105.5427
  -4785.00   42252.91  0.0721258     6.2341   312.0961    77.0954   105.2660
  -4775.00   42253.24  0.0719733     6.2692   310.7738    77.5089   104.9147
  -4765.00   42251.54  0.0718670     6.2955   309.3487    78.0387   104.6299
  -4755.00   42249.80  0.0719566     6.3271   308.2024    78.3049   104.4753
  -4745.00   42249.51  0.0720414     6.3688   307.2704    78.5668   104.2641
  -4735.00   42249.02  0.0720054     6.3986   306.4423    78.9275   104.0130
  -4725.00   42246.73  0.0720923     6.4209   305.6490    79.2737   103.8750
  -4715.00   42245.82  0.0723206     6.4531   304.9436    79.6116   103.7639
  -4705.00   42246.87  0.0724367     6.4811   304.4436    79.8837   103.5863
  -4695.00   42246.98  0.0724412     6.4985   303.7872    80.3336   103.3657
  -4685.00   42246.31  0.0725898     6.5155   302.8911    80.8940   103.2073
  -4675.00   42247.31  0.0727501     6.5357   302.0983    81.2571   103.0571
  -4665.00   42249.55  0.0727271     6.5574   301.1690    81.7371   102.7734
  -4655.00   42250.36  0.0726590     6.5702   299.8736    82.4275   102.4707
  -4645.00   42250.19  0.0726900     6.5848   298.5138    82.9450   102.2575
  -4635.00   42251.61  0.0727007     6.6132   297.1301    83.4236   101.9834
  -4625.00   42253.31  0.0725318     6.6372   295.6887    83.9709   101.6186
  -4615.00   42252.66  0.0723993     6.6567   294.1577    84.5092   101.3161
  -4605.00   42251.31  0.0724370     6.6876   292.6670    84.9783   101.0859
  -4595.00   42251.47  0.0723990     6.7229   291.5079    85.2651   100.8252
  -4585.00   42251.30  0.0722770     6.7547   290.4226    85.6393   100.5243
  -4575.00   42249.07  0.0723184     6.7831   289.3137    86.0955   100.3153
  -4565.00   42247.14  0.0724633     6.8156   288.5652    86.2847   100.1951
  -4555.00   42247.14  0.0725452     6.8536   287.9742    86.5249    99.9981
  -4545.00   42247.12  0.0725806     6.8793   287.3136    86.9440    99.7794
  -4535.00   42245.50  0.0727611     6.8990   286.6857    87.2559    99.6811
  -4525.00   42245.35  0.0730035     6.9302   286.0526    87.5817    99.5621
  -4515.00   42247.40  0.0730838     6.9549   285.4131    87.9435    99.3554
  -4505.00   42248.31  0.0731431     6.9673   284.5045    88.4323    99.1558
  -4495.00   42248.26  0.0733476     6.9867   283.3400    88.9766    98.9999
  -4485.00   42249.61  0.0734710     7.0086   282.2200    89.3646    98.8182
  -4475.00   42251.99  0.0734137     7.0271   280.8927    89.9066    98.5243
  -4465.00   42252.46  0.0734247     7.0425   279.2454    90.6110    98.2477
  -4455.00   42251.50  0.0734741     7.0612   277.6878    91.0959    98.0463
  -4445.00   42251.99  0.0734198     7.0914   276.2070    91.5821    97.7599
  -4435.00   42252.73  0.0732492     7.1166   274.7014    92.2001    97.4093
  -4425.00   42251.12  0.0731536     7.1378   273.3162    92.7014    97.1561
  -4415.00   42249.00  0.0731626     7.1740   272.1330    93.1138    96.9406
  -4405.00   42248.82  0.0730386     7.2117   271.2726    93.4331    96.6755
  -4395.00   42248.73  0.0729000     7.2410   270.4985    93.8012    96.4166
  -4385.00   42246.78  0.0729799     7.2736   269.7465    94.1715    96.2548
  -4375.00   42245.44  0.0730738     7.3089   269.2938    94.3074    96.1428
  -4365.00   42246.47  0.0730858     7.3429   268.8546    94.5365    95.9522
  -4355.00   42247.13  0.0731884     7.3672   268.1763    94.9484    95.7736
  -4345.00   42246.31  0.0733943     7.3866   267.4935    95.1935    95.6979
  -4335.00   42246.83  0.0735915     7.4156   266.6991    95.4869    95.5642
  -4325.00   42249.44  0.0736462     7.4366   265.6865    95.9394    95.3327
  -4315.00   42250.58  0.0737406     7.4456   264.4327    96.4162    95.1444
  -4305.00   42250.30  0.0739355     7.4665   262.9848    96.9173    94.9733
  -4295.00   42251.42  0.0739658     7.4905   261.5873    97.3433    94.7355
  -4285.00   42253.23  0.0738798     7.5066   260.0517    97.9007    94.4307
  -4275.00   42252.84  0.0739283     7.5265   258.3870    98.5242    94.1711
  -4265.00   42250.90  0.0739523     7.5523   256.9851    98.9166    93.9659
  -4255.00   42250.60  0.0738471     7.5840   255.7448    99.3495    93.6776
  -4245.00   42250.60  0.0737577     7.6114   254.5249    99.9115    93.3720
  -4235.00   42248.49  0.0737453     7.6360   253.5569   100.2752    93.1807
  -4225.00   42246.24  0.0737789     7.6741   252.8056   100.5790    92.9960
  -4215.00   42246.46  0.0736923     7.7104   252.2184   100.9127    92.7496
  -4205.00   42246.95  0.0736567     7.7347   251.6630   101.2356    92.5492
  -4195.00   42245.78  0.0738153     7.7667   251.0754   101.5332    92.4232
  -4185.00   42245.46  0.0739065     7.8011   250.6204   101.6876    92.2991
  -4175.00   42247.62  0.0739304     7.8273   250.0104   101.9684    92.1079
  -4165.00   42248.95  0.0741287     7.8497   249.0869   102.3716    91.9520
  -4155.00   42248.60  0.0743564     7.8702   248.1213   102.5995    91.8721
  -4145.00   42249.43  0.0745138     7.8963   246.9911   102.9160    91.7118
  -4135.00   42251.72  0.0746327     7.9155   245.5596   103.4439    91.4783
  -4125.00   42252.39  0.0747856     7.9247   244.0283   103.8978    91.3095
  -4115.00   42251.08  0.0749850     7.9472   242.4319   104.3701    91.1380
  -4105.00   42251.41  0.0749890     7.9726   240.9047   104.8912    90.8714
  -4095.00   42252.35  0.0749385     7.9866   239.3961   105.4771    90.5849
  -4085.00   42251.13  0.0750127     8.0093   237.9399   106.0664    90.3500
  -4075.00   42248.67  0.0749779     8.0408   236.8270   106.4768    90.1301
  -4065.00   42248.25  0.0748176     8.0715   235.8842   106.9561    89.8401
  -4055.00   42248.34  0.0747575     8.1008   234.9850   107.5009    89.5699
  -4045.00   42246.49  0.0747209     8.1308   234.3493   107.8025    89.4076
  -4035.00   42244.87  0.0746723     8.1707   233.8451   108.0714    89.2302
  -4025.00   42245.91  0.0745847     8.2066   233.3051   108.4357    89.0010
  -4015.00   42247.20  0.0745705     8.2302   232.7428   108.6923    88.8492
  -4005.00   42246.67  0.0747109     8.2627   232.0684   108.9074    88.7514
  -3995.00   42247.23  0.0747487     8.2967   231.3424   109.0972    88.6109
  -3985.00   42249.97  0.0747810     8.3164   230.3818   109.3915    88.4315
  -3975.00   42251.46  0.0750041     8.3368   229.1361   109.7448    88.2935
  -3965.00   42250.86  0.0751842     8.3590   227.8668   109.9660    88.1901
  -3955.00   42251.40  0.0752706     8.3806   226.4611   110.3294    87.9915
  -3945.00   42252.73  0.0754272     8.3985   224.8516   110.8695    87.7529
  -3935.00   42252.43  0.0755622     8.4108   223.3375   111.2740    87.5815
  -3925.00   42250.04  0.0756803     8.4359   221.9180   111.7014    87.3861
  -3915.00   42249.60  0.0756715     8.4632   220.5801   112.2665    87.0980
  -3905.00   42250.04  0.0756369     8.4789   219.4212   112.7828    86.8354
  -3895.00   42248.32  0.0757062     8.5056   218.4121   113.2443    86.6335
  -3885.00   42246.23  0.0756270     8.5425   217.6733   113.6276    86.4058
  -3875.00   42246.41  0.0754920     8.5713   217.0388   114.0594    86.1418
  -3865.00   42247.24  0.0755042     8.6000   216.3985   114.4853    85.9278
  -3855.00   42246.04  0.0754882     8.6339   215.9100   114.6963    85.7927
  -3845.00   42245.43  0.0754444     8.6705   215.3873   114.9369    85.6239
  -3835.00   42247.32  0.0754648     8.7016   214.6629   115.2905    85.4217
  -3825.00   42249.14  0.0755240     8.7236   213.8623   115.4872    85.3043
  -3815.00   42248.82  0.0756790     8.7538   212.8954   115.6667    85.2132
  -3805.00   42249.63  0.0757531     8.7845   211.7529   115.9421    85.0489
  -3795.00   42252.16  0.0758529     8.7992   210.4405   116.2518    84.8788
  -3785.00   42253.12  0.0761069     8.8176   208.9638   116.5749    84.7532
  -3775.00   42251.67  0.0762633     8.8425   207.5342   116.8466    84.6186
  -3765.00   42251.37  0.0763626     8.8605   206.0730   117.2727    84.4017
  -3755.00   42251.83  0.0765730     8.8772   204.5816   117.8026    84.1759
  -3745.00   42250.61  0.0767031     8.8944   203.3151   118.1905    84.0091
  -3735.00   42247.79  0.0767752     8.9203   202.2012   118.6489    83.7966
  -3725.00   42247.07  0.0768182     8.9478   201.1525   119.2614    83.5128
  -3715.00   42247.78  0.0767996     8.9656   200.3189   119.7521    83.2782
  -3705.00   42246.27  0.0768235     8.9954   199.6067   120.1754    83.0943
  -3695.00   42245.16  0.0767079     9.0352   198.9776   120.6291    82.8566
  -3685.00   42246.35  0.0765707     9.0629   198.3705   121.0664    82.6133
  -3675.00   42248.10  0.0765606     9.0920   197.6889   121.4234    82.4424
  -3665.00   42247.60  0.0764660     9.1311   197.0161   121.6309    82.3089
  -3655.00   42247.70  0.0763723     9.1656   196.1971   121.8867    82.1418
  -3645.00   42250.03  0.0764132     9.1930   195.1439   122.1968    81.9696
  -3635.00   42251.58  0.0764416     9.2174   194.0261   122.3322    81.8755
  -3625.00   42250.77  0.0765316     9.2461   192.7710   122.4917    81.7797
  -3615.00   42251.00  0.0766325     9.2726   191.3544   122.8107    81.6026
  -3605.00   42252.71  0.0767466     9.2847   189.9347   123.0896    81.4427
  -3595.00   42252.66  0.0769628     9.3019   188.5143   123.3688    81.3195
  -3585.00   42250.42  0.0770714     9.3281   187.1980   123.7121    81.1405
  -3575.00   42249.56  0.0771685     9.3437   185.9788   124.1645    80.9035
  -3565.00   42249.92  0.0773589     9.3596   184.8561   124.6429    80.6849
  -3555.00   42248.24  0.0774130     9.3843   183.9712   125.0140    80.5024
  -3545.00   42245.76  0.0774247     9.4120   183.1993   125.4770    80.2705
  -3535.00   42245.54  0.0774897     9.4397   182.4479   126.0325    80.0026
  -3525.00   42246.86  0.0774461     9.4629   181.8418   126.4134    79.8046
  -3515.00   42245.97  0.0774165     9.4958   181.2399   126.7506    79.6400
  -3505.00   42245.78  0.0773437     9.5352   180.5291   127.1784    79.4178
  -3495.00   42247.95  0.0772613     9.5605   179.7675   127.5215    79.2153
  -3485.00   42250.15  0.0772738     9.5877   178.8670   127.7638    79.0897
  -3475.00   42250.05  0.0771977     9.6264   177.8469   127.9757    78.9555
  -3465.00   42250.24  0.0771725     9.6551   176.6719   128.2373    78.7888
  -3455.00   42252.41  0.0772881     9.6760   175.3404   128.4969    78.6416
  -3445.00   42253.02  0.0773267     9.7016   174.0104   128.6304    78.5458
  -3435.00   42251.28  0.0774209     9.7277   172.6392   128.8381    78.4262
  -3425.00   42250.51  0.0776064     9.7492   171.2333   129.1915    78.2405
  -3415.00   42251.31  0.0777450     9.7620   169.9855   129.4520    78.0903
  -3405.00   42250.42  0.0779355     9.7801   168.8454   129.7288    77.9646
  -3395.00   42247.91  0.0780746     9.8063   167.8035   130.1499    77.7627
  -3385.00   42247.18  0.0782164     9.8207   166.9164   130.6068    77.5301
  -3375.00   42248.12  0.0784029     9.8361   166.1248   131.0458    77.3356
  -3365.00   42246.85  0.0784283     9.8658   165.4380   131.4677    77.1418
  -3355.00   42245.26  0.0784506     9.8934   164.7547   131.9813    76.9010
  -3345.00   42246.17  0.0785361     9.9188   164.0117   132.5171    76.6546
  -3335.00   42248.06  0.0784410     9.9479   163.2773   132.8897    76.4761
  -3325.00   42247.78  0.0783441     9.9834   162.4218   133.2605    76.3103
  -3315.00   42247.92  0.0782861    10.0214   161.3717   133.7102    76.0974
  -3305.00   42250.42  0.0781643    10.0479   160.2700   134.0048    75.9280
  -3295.00   42252.30  0.0780898    10.0766   159.0479   134.2022    75.8282
  -3285.00   42251.80  0.0779786    10.1152   157.6999   134.4486    75.6931
  -3275.00   42251.36  0.0779534    10.1403   156.3351   134.6889    75.5340
  -3265.00   42252.85  0.0780402    10.1571   154.9779   134.8725    75.4157
  -3255.00   42252.42  0.0780233    10.1839   153.7045   135.0179    75.3113
  -3245.00   42249.85  0.0781081    10.2073   152.5058   135.2642    75.1652
  -3235.00   42248.63  0.0783282    10.2228   151.4027   135.5997    74.9750
  -3225.00   42249.03  0.0784217    10.2380   150.5076   135.8436    74.8217
  -3215.00   42247.95  0.0785468    10.2583   149.7097   136.1489    74.6718
  -3205.00   42245.79  0.0787028    10.2837   148.9465   136.6174    74.4441
  -3195.00   42245.86  0.0788142    10.2998   148.3111   137.0319    74.2167
  -3185.00   42247.61  0.0789158    10.3186   147.6780   137.4114    74.0386
  -3175.00   42247.10  0.0788909    10.3529   146.9686   137.8522    73.8359
  -3165.00   42246.44  0.0789095    10.3812   146.1837   138.3212    73.6023
  -3155.00   42248.46  0.0789719    10.4044   145.2826   138.7353    73.3972
  -3145.00   42250.43  0.0788291    10.4383   144.2665   139.0497    73.2416
  -3135.00   42250.28  0.0787374    10.4735   143.0830   139.3924    73.0826
  -3125.00   42250.18  0.0787579    10.5050   141.7511   139.7685    72.8910
  -3115.00   42252.17  0.0786437    10.5310   140.4210   139.9796    72.7545
  -3105.00   42253.21  0.0785687    10.5584   139.0455   140.1544    72.6629
  -3095.00   42251.66  0.0785468    10.5923   137.6333   140.4307    72.5193
  -3085.00   42250.50  0.0785818    10.6127   136.3802   140.6375    72.3656
  -3075.00   42251.26  0.0786765    10.6267   135.2588   140.7867    72.2598
  -3065.00   42250.30  0.0786770    10.6534   134.2404   140.9930    72.1397
  -3055.00   42247.53  0.0788235    10.6743   133.3634   141.2804    71.9706
  -3045.00   42246.61  0.0790866    10.6854   132.6222   141.5857    71.7892
  -3035.00   42247.35  0.0791593    10.7035   131.9960   141.8474    71.6367
  -3025.00   42246.80  0.0792904    10.7259   131.3569   142.2127    71.4692
  -3015.00   42245.42  0.0795187    10.7484   130.6614   142.7033    71.2378
  -3005.00   42246.52  0.0796167    10.7664   129.9841   143.0978    71.0281
  -2995.00   42248.96  0.0796719    10.7886   129.1669   143.4938    70.8604
  -2985.00   42249.05  0.0796682    10.8239   128.1313   144.0053    70.6534
  -2975.00   42248.89  0.0796938    10.8521   127.0053   144.4711    70.4297
  -2965.00   42251.13  0.0796981    10.8752   125.7601   144.8468    70.2564
  -2955.00   42252.67  0.0794932    10.9125   124.3619   145.2069    70.1091
  -2945.00   42251.91  0.0793879    10.9482   122.8857   145.5843    69.9473
  -2935.00   42251.05  0.0793943    10.9749   121.4351   145.9081    69.7787
  -2925.00   42251.97  0.0791940    11.0031   120.0830   146.0977    69.6637
  -2915.00   42252.07  0.0790582    11.0315   118.8003   146.2956    69.5712
  -2905.00   42249.59  0.0790751    11.0600   117.6202   146.5755    69.4221
  -2895.00   42248.23  0.0790638    11.0784   116.7087   146.7287    69.2814
  -2885.00   42248.86  0.0790914    11.0918   115.9488   146.8570    69.1801
  -2875.00   42248.06  0.0790992    11.1172   115.2207   147.1248    69.0398
  -2865.00   42245.93  0.0792584    11.1356   114.6326   147.4059    68.8518
  -2855.00   42245.87  0.0794859    11.1445   114.1091   147.6668    68.6743
  -2845.00   42247.44  0.0794923    11.1658   113.5147   147.9671    68.5123
  -2835.00   42247.52  0.0796184    11.1910   112.7898   148.3773    68.3184
  -2825.00   42246.87  0.0798543    11.2118   111.9493   148.8312    68.0878
  -2815.00   42248.63  0.0798575    11.2338   111.0196   149.1814    67.8967
  -2805.00   42251.18  0.0798392    11.2614   109.8642   149.5753    67.7357
  -2795.00   42251.20  0.0798600    11.2964   108.4887   150.0741    67.5345
  -2785.00   42250.87  0.0798474    11.3239   107.1157   150.4381    67.3397
  -2775.00   42252.53  0.0797844    11.3473   105.6927   150.7233    67.2018
  -2765.00   42253.30  0.0795857    11.3838   104.1724   151.0749    67.0679
  -2755.00   42251.68  0.0795409    11.4155   102.7542   151.3991    66.9093
  -2745.00   42250.05  0.0795735    11.4354   101.5266   151.6195    66.7653
  -2735.00   42250.19  0.0793768    11.4618   100.4344   151.7928    66.6597
  -2725.00   42249.79  0.0793107    11.4886    99.4570   152.0248    66.5500
  -2715.00   42247.14  0.0794394    11.5098    98.6556   152.2838    66.3926
  -2705.00   42246.11  0.0794324    11.5266    98.0758   152.4206    66.2570
  -2695.00   42247.25  0.0794572    11.5414    97.5421   152.5869    66.1492
  -2685.00   42247.07  0.0795614    11.5647    96.9241   152.9222    65.9902
  -2675.00   42246.06  0.0797400    11.5816    96.3784   153.1906    65.8016
  -2665.00   42246.95  0.0799383    11.5907    95.7721   153.4321    65.6372
  -2655.00   42249.30  0.0799487    11.6139    94.9060   153.8038    65.4747
  -2645.00   42249.88  0.0801259    11.6397    93.8642   154.2441    65.2701
  -2635.00   42249.48  0.0803828    11.6578    92.7009   154.6636    65.0539
  -2625.00   42251.11  0.0803310    11.6820    91.3868   155.0346    64.8798
  -2615.00   42253.02  0.0803169    11.7135    89.8622   155.4969    64.7150
  -2605.00   42252.28  0.0803965    11.7463    88.2502   156.0169    64.5162
  -2595.00   42251.11  0.0803182    11.7739    86.7786   156.3597    64.3433
  -2585.00   42251.75  0.0801673    11.8005    85.3554   156.6667    64.2230
  -2575.00   42251.77  0.0799731    11.8367    83.9415   157.0793    64.0920
  -2565.00   42249.67  0.0798991    11.8660    82.8094   157.3732    63.9408
  -2555.00   42247.82  0.0798392    11.8835    81.9458   157.5349    63.8205
  -2545.00   42248.02  0.0795728    11.9091    81.1663   157.7326    63.7234
  -2535.00   42247.87  0.0795247    11.9344    80.4946   157.9793    63.5985
  -2525.00   42245.84  0.0796613    11.9492    79.9866   158.1768    63.4418
  -2515.00   42245.55  0.0795857    11.9645    79.5447   158.2993    63.3090
  -2505.00   42247.44  0.0795929    11.9814    78.9795   158.5175    63.1837
  -2495.00   42247.93  0.0797768    12.0018    78.2423   158.8783    63.0017
  -2485.00   42247.75  0.0799082    12.0185    77.4862   159.1273    62.8106
  -2475.00   42249.14  0.0800174    12.0312    76.5626   159.3749    62.6492
  -2465.00   42251.61  0.0800361    12.0574    75.2886   159.8206    62.4770
  -2455.00   42252.20  0.0801900    12.0845    73.9262   160.2383    62.2701
  -2445.00   42251.35  0.0803688    12.1030    72.5329   160.5803    62.0758
  -2435.00   42252.29  0.0802183    12.1298    71.0129   160.9503    61.9241
  -2425.00   42253.13  0.0802066    12.1633    69.4367   161.3957    61.7622
  -2415.00   42251.54  0.0803169    12.1919    67.9745   161.8219    61.5798
  -2405.00   42249.60  0.0801605    12.2169    66.7560   162.0772    61.4364
  -2395.00   42249.53  0.0799974    12.2440    65.6289   162.3647    61.3271
  -2385.00   42249.33  0.0799177    12.2755    64.5776   162.7609    61.1938
  -2375.00   42247.41  0.0798648    12.2989    63.8580   162.9748    61.0501
  -2365.00   42246.03  0.0797866    12.3140    63.3223   163.0956    60.9409
  -2355.00   42246.94  0.0795828    12.3372    62.7179   163.3446    60.8386
  -2345.00   42247.54  0.0796280    12.3593    62.1687   163.5874    60.6960
  -2335.00   42246.47  0.0797948    12.3700    61.6825   163.7400    60.5419
  -2325.00   42246.96  0.0796968    12.3842    61.0705   163.8904    60.4132
  -2315.00   42249.35  0.0797709    12.4033    60.2088   164.1726    60.2717
  -2305.00   42250.30  0.0800536    12.4206    59.1636   164.5295    60.0828
  -2295.00   42250.17  0.0801641    12.4363    58.0579   164.7687    59.9011
  -2285.00   42251.28  0.0802464    12.4528    56.7437   165.0658    59.7459
  -2275.00   42253.13  0.0803657    12.4793    55.1461   165.5764    59.5677
  -2265.00   42253.14  0.0805317    12.5055    53.6140   165.9912    59.3666
  -2255.00   42251.38  0.0806498    12.5248    52.1772   166.3197    59.1919
  -2245.00   42251.31  0.0804872    12.5536    50.6671   166.7725    59.0502
  -2235.00   42251.35  0.0804966    12.5877    49.2796   167.2439    58.8869
  -2225.00   42249.40  0.0805961    12.6137    48.1442   167.6298    58.7183
  -2215.00   42247.26  0.0803249    12.6379    47.2338   167.8997    58.5971
  -2205.00   42247.19  0.0801354    12.6672    46.3898   168.2337    58.4895
  -2195.00   42247.50  0.0801058    12.6949    45.6291   168.6218    58.3549
  -2185.00   42246.32  0.0799638    12.7141    45.1326   168.7878    58.2244
  -2175.00   42245.86  0.0797914    12.7297    44.6478   168.9195    58.1237
  -2165.00   42247.60  0.0796298    12.7511    43.9522   169.2205    58.0120
  -2155.00   42249.00  0.0796753    12.7692    43.2722   169.4296    57.8591
  -2145.00   42248.64  0.0797760    12.7780    42.5526   169.5398    57.7078
  -2135.00   42249.43  0.0796298    12.7923    41.5551   169.7491    57.5762
  -2125.00   42251.62  0.0797474    12.8129    40.3270   170.0627    57.4128
  -2115.00   42252.42  0.0800562    12.8291    38.9991   170.3834    57.2173
  -2105.00   42251.59  0.0800679    12.8451    37.6458   170.6163    57.0440
  -2095.00   42251.86  0.0801165    12.8674    36.1386   170.9690    56.8873
  -2085.00   42252.78  0.0802958    12.8949    34.5402   171.4818    56.7062
  -2075.00   42252.08  0.0804009    12.9199    33.1846   171.8353    56.5201
  -2065.00   42249.76  0.0803943    12.9417    31.9940   172.1320    56.3705
  -2055.00   42249.10  0.0802419    12.9710    30.7783   172.6015    56.2403
  -2045.00   42249.09  0.0802528    13.0019    29.7986   173.0047    56.0856
  -2035.00   42247.45  0.0803041    13.0234    29.0873   173.2722    55.9381
  -2025.00   42245.78  0.0799837    13.0447    28.4424   173.5294    55.8345
  -2015.00   42246.22  0.0798531    13.0715    27.7910   173.8426    55.7219
  -2005.00   42247.44  0.0799329    13.0931    27.1606   174.1534    55.5826
  -1995.00   42247.13  0.0797673    13.1070    26.6285   174.2735    55.4593
  -1985.00   42247.47  0.0796271    13.1229    25.9190   174.4397    55.3540
  -1975.00   42249.71  0.0796204    13.1421    24.9233   174.7749    55.2261
  -1965.00   42251.53  0.0797095    13.1564    23.9360   174.9572    55.0684
  -1955.00   42251.27  0.0797812    13.1657    22.8529   175.0731    54.9234
  -1945.00   42251.54  0.0796894    13.1811    21.4645   175.3705    54.7899
  -1935.00   42252.88  0.0798731    13.2012    20.0062   175.6968    54.6184
  -1925.00   42253.01  0.0802014    13.2161    18.6027   175.9763    54.4297
  -1915.00   42251.19  0.0801598    13.2319    17.2264   176.2486    54.2709
  -1905.00   42250.38  0.0802549    13.2570    15.8206   176.6551    54.1124
  -1895.00   42250.63  0.0805311    13.2834    14.4902   177.1610    53.9305
  -1885.00   42249.66  0.0805916    13.3058    13.4701   177.4947    53.7586
  -1875.00   42247.48  0.0805362    13.3307    12.5477   177.8525    53.6219
  -1865.00   42246.94  0.0804542    13.3607    11.5838   178.3871    53.4923
  -1855.00   42247.67  0.0804592    13.3886    10.8532   178.7801    53.3436
  -1845.00   42246.89  0.0803961    13.4093    10.2732   179.0317    53.2154
  -1835.00   42246.05  0.0800262    13.4305     9.5608   179.3649    53.1225
  -1825.00   42247.15  0.0798843    13.4554     8.7879   179.6930    53.0078
  -1815.00   42249.13  0.0799403    13.4728     7.9986   179.9339    52.8722
  -1805.00   42249.38  0.0796590    13.4834     7.1493   180.0577    52.7593
  -1795.00   42249.81  0.0795002    13.4994     6.0581   180.2595    52.6475
  -1785.00   42251.84  0.0795869    13.5164     4.7402   180.5830    52.5033
  -1775.00   42253.37  0.0796336    13.5271     3.5034   180.7228    52.3422
  -1765.00   42252.59  0.0796432    13.5384     2.1860   180.8680    52.1965
  -1755.00   42251.82  0.0796237    13.5564     0.6566   181.2418    52.0505
  -1745.00   42252.19  0.0798223    13.5763   359.2768   181.5568    51.8704
  -1735.00   42251.68  0.0800722    13.5924   358.0865   181.7951    51.6908
  -1725.00   42249.28  0.0799596    13.6110   356.9206   182.1305    51.5445
  -1715.00   42247.93  0.0800449    13.6382   355.8444   182.5432    51.3884
  -1705.00   42248.21  0.0803188    13.6633   354.9305   182.9667    51.2164
  -1695.00   42247.60  0.0802417    13.6830   354.2487   183.2472    51.0697
  -1685.00   42246.17  0.0801466    13.7085   353.5384   183.6021    50.9469
  -1675.00   42246.26  0.0801427    13.7360   352.7265   184.0968    50.8197
  -1665.00   42248.02  0.0801280    13.7569   352.0877   184.3827    50.6807
  -1655.00   42248.18  0.0800053    13.7753   351.3945   184.5975    50.5661
  -1645.00   42247.97  0.0797128    13.7945   350.4172   184.9591    50.4716
  -1635.00   42249.46  0.0796583    13.8144   349.3762   185.2517    50.3477
  -1625.00   42251.59  0.0797227    13.8279   348.3055   185.4175    50.2137
  -1615.00   42251.81  0.0794457    13.8370   347.0811   185.5798    50.1035
  -1605.00   42251.49  0.0793633    13.8526   345.6884   185.8188    49.9822
  -1595.00   42252.59  0.0795682    13.8677   344.2411   186.1050    49.8286
  -1585.00   42253.38  0.0795910    13.8758   342.9736   186.2287    49.6732
  -1575.00   42251.80  0.0796079    13.8889   341.6924   186.4229    49.5308
  -1565.00   42250.01  0.0797232    13.9080   340.3334   186.8424    49.3778
  -1555.00   42249.84  0.0799560    13.9254   339.2804   187.1320    49.1992
  -1545.00   42249.24  0.0801555    13.9419   338.4186   187.3691    49.0326
  -1535.00   42247.04  0.0800885    13.9626   337.4956   187.7952    48.8927
  -1525.00   42245.86  0.0802227    13.9891   336.6819   188.2351    48.7371
  -1515.00   42246.83  0.0804919    14.0127   335.9954   188.6166    48.5744
  -1505.00   42247.18  0.0803371    14.0318   335.3269   188.9524    48.4454
  -1495.00   42246.62  0.0802378    14.0579   334.5097   189.3649    48.3294
  -1485.00   42247.38  0.0802982    14.0839   333.5328   189.8574    48.2026
  -1475.00   42249.89  0.0801828    14.1005   332.6439   190.1182    48.0771
  -1465.00   42250.62  0.0799817    14.1184   331.5641   190.3736    47.9739
  -1455.00   42250.37  0.0797381    14.1372   330.1755   190.7915    47.8764
  -1445.00   42251.57  0.0796752    14.1523   328.8481   191.0474    47.7486
  -1435.00   42253.09  0.0796382    14.1637   327.5370   191.1849    47.6202
  -1425.00   42252.72  0.0793386    14.1729   326.1040   191.4095    47.5087
  -1415.00   42251.22  0.0792927    14.1875   324.6896   191.6703    47.3743
  -1405.00   42251.28  0.0795019    14.2012   323.4265   191.8925    47.2134
  -1395.00   42251.54  0.0794426    14.2091   322.3809   192.0279    47.0607
  -1385.00   42249.51  0.0794449    14.2248   321.3664   192.2728    46.9161
  -1375.00   42247.46  0.0796550    14.2457   320.3617   192.6904    46.7545
  -1365.00   42247.54  0.0798260    14.2620   319.6809   192.9376    46.5824
  -1355.00   42247.50  0.0799192    14.2802   319.0660   193.1832    46.4317
  -1345.00   42246.04  0.0798907    14.3035   318.2586   193.6606    46.2989
  -1335.00   42245.53  0.0800168    14.3278   317.5390   194.0604    46.1505
  -1325.00   42247.36  0.0801789    14.3486   316.8457   194.3571    46.0067
  -1315.00   42248.65  0.0799598    14.3665   315.9545   194.7117    45.8955
  -1305.00   42248.55  0.0798672    14.3897   314.8732   195.1050    45.7849
  -1295.00   42249.58  0.0799713    14.4108   313.6578   195.4921    45.6593
  -1285.00   42252.18  0.0797850    14.4223   312.4616   195.7023    45.5438
  -1275.00   42252.82  0.0795968    14.4376   311.0787   195.9473    45.4424
  -1265.00   42251.81  0.0795107    14.4546   309.4811   196.3526    45.3327
  -1255.00   42252.07  0.0794778    14.4647   308.1149   196.5430    45.2000
  -1245.00   42252.64  0.0794373    14.4746   306.8310   196.6719    45.0735
  -1235.00   42251.52  0.0792393    14.4851   305.4868   196.9629    44.9572
  -1225.00   42249.06  0.0792936    14.4982   304.3479   197.2209    44.8138
  -1215.00   42248.52  0.0795052    14.5105   303.4434   197.4056    44.6560
  -1205.00   42248.88  0.0794271    14.5191   302.6884   197.5918    44.5118
  -1195.00   42247.11  0.0794860    14.5354   301.9482   197.8864    44.3680
  -1185.00   42245.59  0.0797876    14.5556   301.2200   198.2733    44.2057
  -1175.00   42246.53  0.0799130    14.5699   300.6860   198.5123    44.0442
  -1165.00   42247.53  0.0799822    14.5884   300.0391   198.8040    43.9054
  -1155.00   42246.99  0.0800785    14.6130   299.0761   199.3309    43.7727
  -1145.00   42247.12  0.0802217    14.6345   298.1531   199.7183    43.6289
  -1135.00   42249.46  0.0803079    14.6539   297.1334   200.0237    43.5001
  -1125.00   42251.15  0.0801047    14.6732   295.7851   200.4745    43.3984
  -1115.00   42250.74  0.0800376    14.6946   294.3214   200.9033    43.2896
  -1105.00   42251.24  0.0800965    14.7124   292.8343   201.2508    43.1708
  -1095.00   42253.20  0.0798033    14.7224   291.3703   201.5089    43.0670
  -1085.00   42253.17  0.0795734    14.7361   289.8627   201.7943    42.9681
  -1075.00   42251.18  0.0795464    14.7510   288.3467   202.1715    42.8500
  -1065.00   42250.51  0.0794193    14.7576   287.1903   202.3309    42.7172
  -1055.00   42250.64  0.0793048    14.7661   286.1797   202.4653    42.5912
  -1045.00   42249.22  0.0791921    14.7785   285.1316   202.8018    42.4640
  -1035.00   42246.61  0.0792636    14.7899   284.3863   203.0243    42.3105
  -1025.00   42246.26  0.0794160    14.8021   283.8099   203.1849    42.1543
  -1015.00   42247.32  0.0793208    14.8139   283.2019   203.4449    42.0144
  -1005.00   42246.20  0.0794202    14.8318   282.5616   203.7636    41.8688
   -995.00   42245.53  0.0797093    14.8518   281.8691   204.0992    41.7126
   -985.00   42247.45  0.0797193    14.8660   281.1784   204.3481    41.5683
   -975.00   42249.30  0.0797328    14.8850   280.2551   204.6679    41.4442
   -965.00   42249.31  0.0798832    14.9086   279.0070   205.1552    41.3171
   -955.00   42249.59  0.0799445    14.9257   277.7944   205.4727    41.1849
   -945.00   42251.83  0.0799275    14.9416   276.4586   205.7426    41.0721
   -935.00   42253.12  0.0797851    14.9599   274.8202   206.1995    40.9737
   -925.00   42251.71  0.0797561    14.9764   273.2562   206.5609    40.8610
   -915.00   42251.15  0.0797819    14.9895   271.8012   206.8249    40.7453
   -905.00   42252.18  0.0794966    14.9982   270.3983   207.1056    40.6439
   -895.00   42251.34  0.0793421    15.0100   269.1139   207.3901    40.5377
   -885.00   42248.77  0.0794043    15.0222   267.9733   207.6953    40.4118
   -875.00   42247.78  0.0792559    15.0269   267.1642   207.8510    40.2809
   -865.00   42248.29  0.0791509    15.0348   266.4765   208.0083    40.1569
   -855.00   42247.25  0.0791894    15.0479   265.7158   208.3513    40.0230
   -845.00   42245.24  0.0792775    15.0574   265.2056   208.5437    39.8693
   -835.00   42245.77  0.0794056    15.0680   264.7192   208.6982    39.7215
   -825.00   42247.73  0.0793924    15.0821   263.9892   209.0328    39.5862
   -815.00   42247.38  0.0795664    15.0991   263.1965   209.3481    39.4398
   -805.00   42247.24  0.0798640    15.1172   262.2629   209.6556    39.2912
   -795.00   42249.66  0.0798488    15.1320   261.1597   209.9714    39.1602
   -785.00   42251.69  0.0799078    15.1512   259.8279   210.3446    39.0418
   -775.00   42251.54  0.0801225    15.1736   258.2597   210.8154    38.9184
   -765.00   42251.15  0.0801176    15.1885   256.7587   211.1521    38.7973
   -755.00   42252.71  0.0800422    15.2033   255.2135   211.4759    38.6968
   -745.00   42253.14  0.0799738    15.2215   253.5136   211.9721    38.5996
   -735.00   42250.65  0.0799085    15.2347   252.0801   212.3206    38.4874
   -725.00   42249.25  0.0798341    15.2443   250.8564   212.5803    38.3789
   -715.00   42249.79  0.0795419    15.2532   249.6843   212.9354    38.2796
   -705.00   42248.73  0.0793949    15.2633   248.7523   213.2235    38.1653
   -695.00   42246.31  0.0794197    15.2726   247.9974   213.4753    38.0355
   -685.00   42245.87  0.0791950    15.2771   247.4162   213.6679    37.9062
   -675.00   42247.29  0.0790754    15.2856   246.8760   213.8593    37.7789
   -665.00   42247.06  0.0791822    15.2992   246.2098   214.1659    37.6375
   -655.00   42245.87  0.0792086    15.3084   245.6406   214.3436    37.4854
   -645.00   42247.47  0.0792625    15.3194   244.9521   214.5092    37.3466
   -635.00   42249.84  0.0793321    15.3366   243.8921   214.8828    37.2146
   -625.00   42249.76  0.0794883    15.3532   242.7885   215.1667    37.0724
   -615.00   42249.47  0.0797053    15.3691   241.5385   215.4310    36.9375
   -605.00   42251.63  0.0796577    15.3850   240.0438   215.8041    36.8227
   -595.00   42253.10  0.0797141    15.4029   238.4974   216.1600    36.7100
   -585.00   42252.02  0.0799020    15.4212   236.8935   216.5485    36.5933
   -575.00   42250.76  0.0797994    15.4329   235.4108   216.8740    36.4844
   -565.00   42251.53  0.0796996    15.4451   234.0283   217.1889    36.3886
   -555.00   42251.31  0.0797051    15.4602   232.6579   217.6188    36.2868
   -545.00   42248.22  0.0796081    15.4691   231.6183   217.9039    36.1724
   -535.00   42246.75  0.0795060    15.4755   230.7810   218.1315    36.0654
   -525.00   42247.50  0.0793307    15.4845   229.9198   218.4988    35.9612
   -515.00   42246.87  0.0792456    15.4927   229.2919   218.7443    35.8382
   -505.00   42245.10  0.0792836    15.4994   228.7376   218.9465    35.7080
   -495.00   42245.73  0.0790979    15.5048   228.1199   219.1917    35.5837
   -485.00   42248.12  0.0790531    15.5138   227.4679   219.3998    35.4546
   -475.00   42248.74  0.0792217    15.5260   226.6311   219.6623    35.3137
   -465.00   42248.10  0.0792228    15.5345   225.7314   219.8593    35.1703
   -455.00   42250.18  0.0792834    15.5455   224.6570   220.0620    35.0402
   -445.00   42252.36  0.0794668    15.5630   223.2470   220.4347    34.9105
   -435.00   42251.75  0.0796181    15.5780   221.8538   220.7064    34.7724
   -425.00   42250.67  0.0798004    15.5919   220.3914   220.9753    34.6487
   -415.00   42251.79  0.0798408    15.6093   218.7308   221.4206    34.5417
   -405.00   42252.39  0.0799307    15.6264   217.2306   221.7850    34.4300
   -395.00   42250.21  0.0800987    15.6414   215.8232   222.1555    34.3192
   -385.00   42248.59  0.0799639    15.6530   214.5176   222.5651    34.2224
   -375.00   42249.17  0.0798694    15.6645   213.4217   222.9295    34.1291
   -365.00   42249.07  0.0798813    15.6769   212.4147   223.3406    34.0262
   -355.00   42246.26  0.0796850    15.6831   211.6420   223.6528    33.9166
   -345.00   42245.56  0.0795114    15.6878   210.9937   223.9159    33.8127
   -335.00   42247.12  0.0793849    15.6964   210.2411   224.2899    33.7034
   -325.00   42247.10  0.0792416    15.7028   209.6260   224.5138    33.5743
   -315.00   42246.00  0.0792023    15.7077   208.9635   224.6937    33.4443
   -305.00   42247.45  0.0790508    15.7152   208.0491   224.9879    33.3209
   -295.00   42250.28  0.0790203    15.7254   207.0954   225.1849    33.1867
   -285.00   42250.99  0.0791673    15.7371   205.9564   225.3992    33.0468
   -275.00   42250.33  0.0791238    15.7470   204.6599   225.6401    32.9149
   -265.00   42252.08  0.0791846    15.7598   203.2819   225.8682    32.7923
   -255.00   42253.65  0.0793920    15.7772   201.7361   226.2000    32.6685
   -245.00   42251.95  0.0794509    15.7906   200.2913   226.4655    32.5423
   -235.00   42250.06  0.0795507    15.8026   198.9121   226.7366    32.4330
   -225.00   42250.15  0.0796404    15.8190   197.4653   227.1723    32.3328
   -215.00   42250.15  0.0796720    15.8327   196.3149   227.4859    32.2227
   -205.00   42247.39  0.0797560    15.8426   195.3194   227.7924    32.1173
   -195.00   42246.08  0.0796403    15.8527   194.3311   228.2163    32.0254
   -185.00   42247.18  0.0795692    15.8621   193.5770   228.5361    31.9263
   -175.00   42247.61  0.0795884    15.8705   192.8673   228.8599    31.8176
   -165.00   42245.82  0.0793785    15.8750   192.1701   229.1747    31.7111
   -155.00   42246.21  0.0792497    15.8792   191.4935   229.4315    31.6055
   -145.00   42248.75  0.0792246    15.8870   190.6389   229.7530    31.4905
   -135.00   42249.14  0.0790726    15.8920   189.7710   229.9628    31.3623
   -125.00   42248.39  0.0790338    15.8958   188.7826   230.1416    31.2375
   -115.00   42249.89  0.0790040    15.9044   187.4959   230.4529    31.1169
   -105.00   42252.41  0.0789980    15.9144   186.2349   230.6315    30.9823
    -95.00   42252.30  0.0791342    15.9239   184.8742   230.8181    30.8472
    -85.00   42251.00  0.0791401    15.9346   183.3694   231.1135    30.7258
    -75.00   42251.82  0.0792619    15.9481   181.9747   231.3494    30.6055
    -65.00   42252.72  0.0795033    15.9639   180.5920   231.6456    30.4836
    -55.00   42250.16  0.0795447    15.9762   179.3253   231.9563    30.3683
    -45.00   42247.95  0.0796712    15.9882   178.2149   232.2704    30.2669
    -35.00   42247.92  0.0798475    16.0038   177.1130   232.7067    30.1696
    -25.00   42248.01  0.0798342    16.0153   176.2568   233.0454    30.0638
    -15.00   42245.63  0.0798625    16.0227   175.4895   233.3869    29.9669
     -5.00   42245.05  0.0798028    16.0322   174.6037   233.8678    29.8797
      5.00   42247.11  0.0796991    16.0402   173.8870   234.1976    29.7782
     15.00   42248.02  0.0796362    16.0449   173.1157   234.5096    29.6689
     25.00   42247.33  0.0793916    16.0489   172.1492   234.8885    29.5672
     35.00   42248.41  0.0792507    16.0534   171.1774   235.1569    29.4582
     45.00   42251.42  0.0792049    16.0601   170.0397   235.4295    29.3362
     55.00   42251.57  0.0789783    16.0647   168.7862   235.6654    29.2109
     65.00   42250.48  0.0789121    16.0696   167.4744   235.8581    29.0891
     75.00   42251.38  0.0789527    16.0801   165.9923   236.1428    28.9676
     85.00   42252.90  0.0788890    16.0905   164.6285   236.3114    28.8353
     95.00   42251.61  0.0789634    16.0994   163.3009   236.4918    28.7087
    105.00   42249.63  0.0790220    16.1117   161.9129   236.8181    28.5982
    115.00   42249.84  0.0791269    16.1256   160.7996   237.0321    28.4823
    125.00   42250.41  0.0792992    16.1383   159.7935   237.2838    28.3659
    135.00   42247.79  0.0793006    16.1490   158.8229   237.6311    28.2651
    145.00   42245.96  0.0794157    16.1600   158.0416   237.9318    28.1693
    155.00   42246.83  0.0795836    16.1723   157.2706   238.2912    28.0708
    165.00   42247.25  0.0794849    16.1801   156.5508   238.6246    27.9701
    175.00   42245.75  0.0794797    16.1850   155.8206   238.9488    27.8763
    185.00   42245.92  0.0794994    16.1928   154.8867   239.3781    27.7861
    195.00   42248.79  0.0793579    16.1986   154.0019   239.6582    27.6794
    205.00   42249.98  0.0792637    16.2006   152.9720   239.9330    27.5697
    215.00   42249.66  0.0791035    16.2046   151.6522   240.3178    27.4697
    225.00   42250.76  0.0790140    16.2097   150.3833   240.5445    27.3571
    235.00   42253.35  0.0789749    16.2147   149.0206   240.7617    27.2322
    245.00   42252.82  0.0787765    16.2193   147.5300   241.0313    27.1144
    255.00   42250.85  0.0787738    16.2252   146.1441   241.2266    26.9970
    265.00   42250.90  0.0788932    16.2355   144.7870   241.4589    26.8744
    275.00   42251.40  0.0788114    16.2448   143.5833   241.6471    26.7482
    285.00   42249.42  0.0788974    16.2530   142.5175   241.8484    26.6299
    295.00   42247.14  0.0790753    16.2657   141.4663   242.1756    26.5239
    305.00   42247.52  0.0791801    16.2789   140.6992   242.3812    26.4098
    315.00   42248.33  0.0793291    16.2891   139.9871   242.6398    26.2985
    325.00   42246.51  0.0793988    16.2996   139.1635   243.0475    26.2076
    335.00   42245.65  0.0795540    16.3107   138.4735   243.3584    26.1146
    345.00   42247.73  0.0797035    16.3204   137.7060   243.7017    26.0154
    355.00   42248.62  0.0795805    16.3264   136.7492   244.1158    25.9244
    365.00   42247.81  0.0795775    16.3308   135.7172   244.4893    25.8358
    375.00   42248.38  0.0796274    16.3374   134.4884   244.9005    25.7427
    385.00   42251.19  0.0793824    16.3412   133.1991   245.2231    25.6372
    395.00   42252.03  0.0792141    16.3419   131.7938   245.5376    25.5300
    405.00   42251.05  0.0790986    16.3463   130.1920   245.9371    25.4296
    415.00   42251.56  0.0789391    16.3520   128.7820   246.1389    25.3122
    425.00   42253.18  0.0788124    16.3560   127.4080   246.3383    25.1852
    435.00   42251.93  0.0786258    16.3617   125.9760   246.6443    25.0727
    445.00   42249.32  0.0786393    16.3701   124.8340   246.8123    24.9572
    455.00   42249.05  0.0787390    16.3805   123.8543   246.9802    24.8330
    465.00   42249.19  0.0786207    16.3896   122.9486   247.2048    24.7173
    475.00   42247.25  0.0787139    16.3984   122.1975   247.4212    24.6103
    485.00   42245.39  0.0789465    16.4110   121.4780   247.7032    24.5085
    495.00   42246.45  0.0789607    16.4220   120.8929   247.9085    24.4013
    505.00   42247.82  0.0790366    16.4291   120.2402   248.1789    24.2993
    515.00   42246.92  0.0791452    16.4381   119.3602   248.5900    24.2149
    525.00   42247.03  0.0792432    16.4473   118.5513   248.8485    24.1211
    535.00   42249.86  0.0792956    16.4529   117.5743   249.1417    24.0194
    545.00   42251.05  0.0791709    16.4569   116.2686   249.5702    23.9326
    555.00   42250.35  0.0791929    16.4611   114.9341   249.8980    23.8425
    565.00   42250.80  0.0792471    16.4662   113.5051   250.2077    23.7406
    575.00   42252.71  0.0789815    16.4686   111.9629   250.5359    23.6372
    585.00   42252.75  0.0788536    16.4694   110.4308   250.8474    23.5330
    595.00   42250.64  0.0788616    16.4744   108.9051   251.1850    23.4301
    605.00   42250.35  0.0786766    16.4797   107.6492   251.3634    23.3128
    615.00   42251.16  0.0785457    16.4825   106.5187   251.5662    23.1897
    625.00   42249.55  0.0784715    16.4885   105.3890   251.8899    23.0830
    635.00   42247.07  0.0785144    16.4977   104.6324   252.0169    22.9687
    645.00   42247.13  0.0785954    16.5064   104.0208   252.1492    22.8442
    655.00   42247.81  0.0785187    16.5145   103.3211   252.4219    22.7370
    665.00   42246.62  0.0786882    16.5241   102.7231   252.6392    22.6367
    675.00   42245.67  0.0789775    16.5361   102.1044   252.8689    22.5334
    685.00   42247.49  0.0789723    16.5454   101.3800   253.1182    22.4329
    695.00   42249.43  0.0790815    16.5517   100.4623   253.4432    22.3406
    705.00   42248.99  0.0793004    16.5606    99.2806   253.8664    22.2597
    715.00   42249.44  0.0793512    16.5684    98.1037   254.1423    22.1677
    725.00   42252.08  0.0793401    16.5716    96.7229   254.4870    22.0702
    735.00   42252.93  0.0792561    16.5747    95.0308   254.9923    21.9888
    745.00   42251.67  0.0792600    16.5791    93.4715   255.3234    21.8980
    755.00   42251.37  0.0792164    16.5824    91.9731   255.6140    21.7901
    765.00   42252.19  0.0789008    16.5839    90.3979   256.0079    21.6896
    775.00   42251.47  0.0787742    16.5859    89.0104   256.3373    21.5872
    785.00   42248.70  0.0787861    16.5918    87.8421   256.6009    21.4770
    795.00   42248.03  0.0785101    16.5970    86.8970   256.7943    21.3610
    805.00   42248.78  0.0783516    16.6003    86.0875   257.0184    21.2436
    815.00   42247.35  0.0783781    16.6081    85.2997   257.3180    21.1403
    825.00   42245.75  0.0783564    16.6180    84.8081   257.4106    21.0289
    835.00   42246.58  0.0783650    16.6254    84.3314   257.5368    20.9097
    845.00   42248.10  0.0783340    16.6329    83.5846   257.8587    20.8136
    855.00   42247.80  0.0785067    16.6430    82.8932   258.0438    20.7204
    865.00   42247.58  0.0787311    16.6528    82.1097   258.2173    20.6169
    875.00   42249.81  0.0786579    16.6591    81.0259   258.5125    20.5240
    885.00   42251.77  0.0787709    16.6644    79.7457   258.8441    20.4396
    895.00   42251.16  0.0790145    16.6721    78.3064   259.1958    20.3550
    905.00   42251.16  0.0789532    16.6773    76.8639   259.4530    20.2618
    915.00   42252.90  0.0788935    16.6784    75.2940   259.7998    20.1666
    925.00   42253.00  0.0788959    16.6812    73.5742   260.2815    20.0842
    935.00   42251.03  0.0788694    16.6856    72.1688   260.5368    19.9887
    945.00   42249.90  0.0787678    16.6873    70.9237   260.7797    19.8771
    955.00   42250.15  0.0785089    16.6882    69.6292   261.1881    19.7788
    965.00   42249.23  0.0784643    16.6916    68.6318   261.4670    19.6784
    975.00   42246.64  0.0784888    16.6973    67.9042   261.6443    19.5630
    985.00   42246.21  0.0782139    16.7014    67.2373   261.8544    19.4509
    995.00   42247.52  0.0781291    16.7049    66.6146   262.0947    19.3419
   1005.00   42246.89  0.0782746    16.7134    65.9931   262.3350    19.2383
   1015.00   42246.31  0.0782239    16.7224    65.4724   262.4246    19.1297
   1025.00   42247.88  0.0782240    16.7282    64.8115   262.5796    19.0171
   1035.00   42250.02  0.0783322    16.7358    63.7833   262.9301    18.9275
   1045.00   42250.32  0.0785216    16.7461    62.7826   263.0939    18.8372
   1055.00   42250.14  0.0787112    16.7542    61.6547   263.2602    18.7344
   1065.00   42252.01  0.0786788    16.7590    60.1490   263.6418    18.6488
   1075.00   42253.27  0.0788637    16.7650    58.5745   263.9935    18.5713
   1085.00   42251.95  0.0791268    16.7721    57.0113   264.3189    18.4835
   1095.00   42250.92  0.0789935    16.7752    55.4680   264.6477    18.3922
   1105.00   42251.57  0.0789377    16.7757    53.9223   265.0669    18.3040
   1115.00   42251.08  0.0790127    16.7789    52.4305   265.5522    18.2196
   1125.00   42248.83  0.0788770    16.7827    51.3271   265.8137    18.1203
   1135.00   42247.54  0.0786671    16.7830    50.3858   266.0952    18.0089
   1145.00   42248.03  0.0784446    16.7842    49.3845   266.5477    17.9122
   1155.00   42247.63  0.0783723    16.7895    48.7120   266.7769    17.8103
   1165.00   42245.83  0.0782978    16.7951    48.2215   266.9051    17.6908
   1175.00   42246.10  0.0779868    16.7988    47.5811   267.1539    17.5826
   1185.00   42248.07  0.0779569    16.8043    46.9007   267.3803    17.4825
   1195.00   42248.27  0.0781268    16.8138    46.1856   267.5408    17.3783
   1205.00   42248.19  0.0780072    16.8218    45.3715   267.6447    17.2747
   1215.00   42250.00  0.0779976    16.8267    44.3157   267.8452    17.1745
   1225.00   42252.11  0.0782070    16.8345    42.9545   268.1803    17.0903
   1235.00   42252.39  0.0783228    16.8435    41.6489   268.3298    17.0021
   1245.00   42251.57  0.0783967    16.8487    40.2712   268.5066    16.9023
   1255.00   42252.50  0.0783932    16.8517    38.5974   268.9371    16.8214
   1265.00   42252.89  0.0785542    16.8574    37.0845   269.2393    16.7435
   1275.00   42250.87  0.0787339    16.8628    35.7556   269.4845    16.6485
   1285.00   42249.03  0.0785298    16.8637    34.4484   269.8366    16.5556
   1295.00   42249.02  0.0785103    16.8644    33.2565   270.2227    16.4701
   1305.00   42248.60  0.0786507    16.8684    32.2338   270.6013    16.3792
   1315.00   42246.70  0.0784501    16.8711    31.4956   270.8280    16.2758
   1325.00   42245.92  0.0782469    16.8708    30.8002   271.1135    16.1693
   1335.00   42247.15  0.0781720    16.8727    29.9876   271.5379    16.0745
   1345.00   42247.76  0.0781040    16.8785    29.4093   271.7071    15.9715
   1355.00   42246.93  0.0779891    16.8828    28.8412   271.8185    15.8533
   1365.00   42247.84  0.0777475    16.8855    27.9455   272.1171    15.7503
   1375.00   42250.13  0.0777977    16.8922    27.0012   272.3057    15.6555
   1385.00   42250.77  0.0779805    16.9015    26.0067   272.4053    15.5492
   1395.00   42250.42  0.0778430    16.9078    24.8091   272.5481    15.4477
   1405.00   42251.60  0.0779176    16.9128    23.4066   272.7816    15.3579
   1415.00   42253.04  0.0782498    16.9216    21.8808   273.0756    15.2741
   1425.00   42252.66  0.0783544    16.9298    20.4753   273.2379    15.1858
   1435.00   42250.91  0.0784138    16.9334    19.0649   273.4827    15.0932
   1445.00   42250.83  0.0785421    16.9364    17.5115   273.9664    15.0170
   1455.00   42250.76  0.0787048    16.9422    16.2618   274.2784    14.9390
   1465.00   42248.61  0.0787991    16.9459    15.2474   274.5415    14.8421
   1475.00   42246.72  0.0785844    16.9450    14.1747   275.0043    14.7513
   1485.00   42246.80  0.0785693    16.9465    13.2690   275.4062    14.6683
   1495.00   42247.13  0.0786713    16.9507    12.5330   275.7340    14.5710
   1505.00   42246.02  0.0783461    16.9522    11.8715   276.0106    14.4638
   1515.00   42246.03  0.0781226    16.9522    11.1260   276.3332    14.3631
   1525.00   42248.03  0.0781184    16.9561    10.2399   276.7088    14.2677
   1535.00   42249.47  0.0779651    16.9626     9.4631   276.8456    14.1617
   1545.00   42249.21  0.0777744    16.9663     8.5532   276.9771    14.0487
   1555.00   42250.14  0.0776219    16.9696     7.2721   277.3101    13.9531
   1565.00   42252.14  0.0776759    16.9779     6.0325   277.4520    13.8620
   1575.00   42252.56  0.0777935    16.9865     4.7941   277.5150    13.7571
   1585.00   42251.37  0.0776248    16.9908     3.3437   277.7339    13.6606
   1595.00   42251.44  0.0777388    16.9962     1.8796   277.9677    13.5799
   1605.00   42252.08  0.0780753    17.0047     0.5082   278.1969    13.4943
   1615.00   42251.02  0.0780688    17.0106   359.3087   278.3693    13.4021
   1625.00   42248.81  0.0780922    17.0124   358.1458   278.6544    13.3162
   1635.00   42248.26  0.0782827    17.0155   356.9814   279.0993    13.2388
   1645.00   42248.51  0.0783791    17.0207   356.1423   279.3546    13.1536
   1655.00   42246.88  0.0783613    17.0224   355.4372   279.6006    13.0554
   1665.00   42245.54  0.0782004    17.0208   354.5575   280.0802    12.9656
   1675.00   42246.27  0.0782024    17.0232   353.8132   280.4161    12.8808
   1685.00   42247.62  0.0782652    17.0273   353.1454   280.6464    12.7787
   1695.00   42247.36  0.0779245    17.0273   352.3060   280.9507    12.6709
   1705.00   42247.88  0.0777728    17.0280   351.3141   281.2553    12.5766
   1715.00   42250.21  0.0778630    17.0332   350.1965   281.5407    12.4804
   1725.00   42251.91  0.0776807    17.0389   349.0930   281.6615    12.3711
   1735.00   42251.50  0.0775145    17.0417   347.8150   281.8246    12.2660
   1745.00   42251.59  0.0775141    17.0459   346.2852   282.1509    12.1753
   1755.00   42252.75  0.0775908    17.0548   344.9396   282.2582    12.0824
   1765.00   42252.47  0.0776757    17.0621   343.6843   282.3189    11.9793
   1775.00   42250.35  0.0775945    17.0653   342.2766   282.6126    11.8879
   1785.00   42249.39  0.0777791    17.0718   341.0501   282.8379    11.8109
   1795.00   42249.65  0.0781327    17.0802   340.0367   283.0221    11.7232
   1805.00   42248.53  0.0780954    17.0839   339.1138   283.2686    11.6298
   1815.00   42246.60  0.0781811    17.0856   338.2106   283.6126    11.5517
   1825.00   42246.36  0.0784572    17.0893   337.3268   284.0465    11.4744
   1835.00   42247.55  0.0784890    17.0936   336.6498   284.3229    11.3828
   1845.00   42246.84  0.0784092    17.0936   335.9031   284.6548    11.2892
   1855.00   42246.23  0.0783168    17.0921   334.8935   285.1914    11.2024
   1865.00   42247.69  0.0782836    17.0956   333.9726   285.5227    11.1133
   1875.00   42249.65  0.0782120    17.0989   333.0258   285.7474    11.0088
   1885.00   42249.79  0.0778471    17.0981   331.7720   286.1279    10.9028
   1895.00   42250.07  0.0777002    17.1005   330.4345   286.4261    10.8117
   1905.00   42252.04  0.0777654    17.1074   329.0934   286.6240    10.7132
   1915.00   42253.34  0.0775019    17.1124   327.7483   286.7639    10.6020
   1925.00   42252.20  0.0773508    17.1156   326.3244   286.9526    10.5057
   1935.00   42251.18  0.0774532    17.1216   324.8606   287.2333    10.4196
   1945.00   42251.56  0.0774836    17.1305   323.7017   287.3159    10.3236
   1955.00   42250.74  0.0774978    17.1359   322.6676   287.4091    10.2258
   1965.00   42248.19  0.0774964    17.1384   321.5347   287.7535    10.1410
   1975.00   42246.89  0.0776618    17.1450   320.6798   287.9614    10.0630
   1985.00   42247.46  0.0779041    17.1518   320.0302   288.1047     9.9720
   1995.00   42246.93  0.0778076    17.1528   319.2959   288.4177     9.8779
   2005.00   42245.75  0.0778840    17.1542   318.5515   288.7488     9.8012
   2015.00   42246.29  0.0781498    17.1584   317.7909   289.0888     9.7192
   2025.00   42248.49  0.0780696    17.1611   317.0470   289.3453     9.6190
   2035.00   42248.72  0.0779814    17.1604   316.0850   289.6755     9.5287
   2045.00   42248.51  0.0779936    17.1601   314.8326   290.1568     9.4437
   2055.00   42250.27  0.0779479    17.1643   313.6547   290.4156     9.3475
   2065.00   42252.11  0.0778319    17.1667   312.3781   290.6242     9.2447
   2075.00   42251.92  0.0775694    17.1655   310.8087   291.0269     9.1438
   2085.00   42251.18  0.0774927    17.1692   309.3160   291.2869     9.0533
   2095.00   42252.16  0.0775407    17.1762   307.9653   291.4186     8.9532
   2105.00   42252.71  0.0772824    17.1796   306.6420   291.6004     8.8419
   2115.00   42250.74  0.0772035    17.1828   305.3890   291.7994     8.7509
   2125.00   42248.94  0.0773979    17.1903   304.2717   292.0135     8.6652
   2135.00   42249.15  0.0774037    17.1983   303.4632   292.0932     8.5636
   2145.00   42248.50  0.0774352    17.2025   302.7245   292.2285     8.4706
   2155.00   42246.30  0.0775869    17.2057   301.8747   292.5860     8.3918
   2165.00   42245.47  0.0777881    17.2128   301.2552   292.7878     8.3103
   2175.00   42246.86  0.0779830    17.2179   300.6862   292.9574     8.2196
   2185.00   42247.28  0.0779581    17.2175   299.8325   293.3711     8.1309
   2195.00   42246.75  0.0780783    17.2192   298.9125   293.7412     8.0560
   2205.00   42247.95  0.0783132    17.2234   297.9251   294.0641     7.9711
   2215.00   42250.70  0.0781547    17.2240   296.7740   294.4142     7.8679
   2225.00   42251.28  0.0780549    17.2229   295.3999   294.8019     7.7807
   2235.00   42250.77  0.0781075    17.2243   293.8331   295.2594     7.6962
   2245.00   42252.13  0.0779530    17.2286   292.3959   295.5185     7.5911
   2255.00   42253.24  0.0777618    17.2305   290.9119   295.7625     7.4900
   2265.00   42252.25  0.0775683    17.2305   289.2844   296.1779     7.3949
   2275.00   42250.39  0.0774839    17.2363   287.9404   296.3943     7.3006
   2285.00   42250.45  0.0774433    17.2431   286.8248   296.5033     7.2000
   2295.00   42250.59  0.0771938    17.2455   285.7473   296.7392     7.0934
   2305.00   42248.25  0.0771598    17.2497   284.8392   296.9391     7.0068
   2315.00   42246.54  0.0773444    17.2577   284.1199   297.0921     6.9207
   2325.00   42247.30  0.0772716    17.2638   283.5654   297.2109     6.8165
   2335.00   42247.38  0.0772848    17.2664   282.9748   297.3923     6.7279
   2345.00   42246.00  0.0774998    17.2701   282.2319   297.7195     6.6522
   2355.00   42246.06  0.0776212    17.2765   281.6014   297.9016     6.5629
   2365.00   42248.28  0.0777074    17.2795   280.8496   298.0901     6.4710
   2375.00   42249.44  0.0777274    17.2784   279.7107   298.5219     6.3863
   2385.00   42249.04  0.0778367    17.2808   278.5186   298.8471     6.3071
   2395.00   42250.33  0.0779791    17.2846   277.2515   299.1048     6.2169
   2405.00   42252.87  0.0778017    17.2836   275.7572   299.4809     6.1134
   2415.00   42252.96  0.0777315    17.2828   274.1713   299.8404     6.0269
   2425.00   42251.52  0.0778253    17.2859   272.5731   300.1964     5.9407
   2435.00   42251.90  0.0776257    17.2894   271.1532   300.4465     5.8298
   2445.00   42252.26  0.0774519    17.2904   269.8041   300.6887     5.7298
   2455.00   42250.52  0.0773909    17.2916   268.4552   301.0617     5.6400
   2465.00   42248.06  0.0773124    17.2982   267.4852   301.2341     5.5393
   2475.00   42247.86  0.0772542    17.3038   266.7169   301.3434     5.4378
   2485.00   42248.32  0.0771005    17.3054   265.9235   301.6161     5.3373
   2495.00   42246.33  0.0771430    17.3106   265.3089   301.7913     5.2504
   2505.00   42245.38  0.0773274    17.3185   264.7879   301.9090     5.1622
   2515.00   42247.13  0.0772668    17.3227   264.2168   302.0886     5.0585
   2525.00   42248.15  0.0773531    17.3248   263.5081   302.3060     4.9740
   2535.00   42247.57  0.0776550    17.3296   262.5966   302.5987     4.9001
   2545.00   42248.23  0.0777527    17.3350   261.6477   302.8177     4.8060
   2555.00   42250.82  0.0778328    17.3362   260.4795   303.0800     4.7155
   2565.00   42251.96  0.0779642    17.3354   258.9450   303.5481     4.6375
   2575.00   42250.98  0.0780668    17.3385   257.4388   303.8888     4.5536
   2585.00   42251.59  0.0781237    17.3412   255.9100   304.1892     4.4596
   2595.00   42253.32  0.0779616    17.3391   254.2188   304.6546     4.3599
   2605.00   42252.44  0.0778905    17.3391   252.6528   305.0327     4.2728
   2615.00   42250.19  0.0779174    17.3433   251.2559   305.3512     4.1814
   2625.00   42249.90  0.0776380    17.3457   250.0471   305.6597     4.0672
   2635.00   42250.15  0.0774363    17.3463   249.0090   305.9256     3.9678
   2645.00   42248.24  0.0774211    17.3500   248.0613   306.2391     3.8802
   2655.00   42246.02  0.0772713    17.3569   247.4239   306.4018     3.7738
   2665.00   42246.45  0.0771640    17.3613   246.8833   306.5284     3.6713
   2675.00   42247.55  0.0770994    17.3633   246.1985   306.8156     3.5800
   2685.00   42246.26  0.0771387    17.3694   245.6310   306.9624     3.4913
   2695.00   42246.12  0.0772600    17.3762   245.0046   307.0763     3.4004
   2705.00   42248.75  0.0771961    17.3783   244.1321   307.3286     3.3012
   2715.00   42250.28  0.0772918    17.3800   243.1180   307.5507     3.2185
   2725.00   42250.00  0.0775497    17.3850   241.9120   307.7941     3.1413
   2735.00   42250.62  0.0775515    17.3886   240.5966   308.0467     3.0418
   2745.00   42252.90  0.0775907    17.3882   239.1337   308.3252     2.9503
   2755.00   42253.32  0.0777562    17.3886   237.4741   308.7280     2.8733
   2765.00   42251.25  0.0777889    17.3922   235.9633   309.0231     2.7810
   2775.00   42250.84  0.0777866    17.3937   234.5303   309.3078     2.6818
   2785.00   42251.68  0.0777033    17.3916   233.0431   309.7587     2.5870
   2795.00   42250.03  0.0776576    17.3930   231.8390   310.0736     2.4969
   2805.00   42247.49  0.0776598    17.3971   230.8421   310.3382     2.4001
   2815.00   42247.34  0.0774151    17.3980   229.9418   310.6789     2.2872
   2825.00   42248.12  0.0772719    17.3983   229.2196   310.9323     2.1891
   2835.00   42246.88  0.0773028    17.4030   228.5542   311.1767     2.1000
   2845.00   42245.50  0.0771367    17.4090   228.0043   311.3576     1.9893
   2855.00   42247.09  0.0770474    17.4117   227.4264   311.5046     1.8856
   2865.00   42248.83  0.0771030    17.4146   226.6133   311.7640     1.8001
   2875.00   42248.11  0.0771484    17.4214   225.8199   311.8916     1.7076
   2885.00   42248.30  0.0772690    17.4270   224.8660   312.0170     1.6128
   2895.00   42251.05  0.0773157    17.4282   223.5757   312.3223     1.5215
   2905.00   42252.32  0.0774741    17.4307   222.2356   312.5399     1.4403
   2915.00   42251.45  0.0777390    17.4356   220.7686   312.7811     1.3599
   2925.00   42251.41  0.0777573    17.4374   219.1940   313.1288     1.2614
   2935.00   42252.91  0.0778392    17.4359   217.6480   313.4632     1.1719
   2945.00   42252.54  0.0780302    17.4371   216.0986   313.8586     1.0944
   2955.00   42249.61  0.0779946    17.4402   214.7528   314.2158     0.9955
   2965.00   42248.80  0.0779446    17.4398   213.5663   314.5680     0.8920
   2975.00   42249.36  0.0779080    17.4382   212.4026   315.0329     0.8009
   2985.00   42247.64  0.0777961    17.4410   211.5432   315.3445     0.7051
   2995.00   42245.48  0.0777114    17.4447   210.8237   315.6185     0.6009
   3005.00   42246.13  0.0774884    17.4448   210.0554   316.0042     0.4922
   3015.00   42247.68  0.0773432    17.4463   209.4243   316.2380     0.3952
   3025.00   42247.30  0.0773329    17.4519   208.7484   316.4378     0.3027
   3035.00   42246.82  0.0771368    17.4567   207.9718   316.6670     0.1918
   3045.00   42249.35  0.0770534    17.4582   207.1040   316.8352     0.0904
   3055.00   42251.31  0.0771445    17.4622   205.9950   317.0519     0.0078
   3065.00   42250.53  0.0771225    17.4687   204.8367   317.1981   359.9117
   3075.00   42250.52  0.0771865    17.4722   203.5467   317.3551   359.8122
   3085.00   42252.46  0.0772910    17.4731   202.0007   317.6691   359.7272
   3095.00   42252.88  0.0773892    17.4762   200.5690   317.8618   359.6430
   3105.00   42250.83  0.0775668    17.4804   199.1454   318.0841   359.5538
   3115.00   42250.10  0.0775850    17.4806   197.6709   318.4690   359.4565
   3125.00   42250.93  0.0776571    17.4791   196.4216   318.7652   359.3664
   3135.00   42250.13  0.0778085    17.4812   195.2787   319.0863   359.2831
   3145.00   42247.12  0.0777300    17.4833   194.2721   319.4567   359.1790
   3155.00   42246.72  0.0776928    17.4813   193.4359   319.7925   359.0733
   3165.00   42247.81  0.0777176    17.4807   192.6019   320.1836   358.9834
   3175.00   42246.64  0.0775740    17.4841   191.9269   320.4719   358.8822
   3185.00   42245.31  0.0774845    17.4862   191.2609   320.7389   358.7718
   3195.00   42246.91  0.0773683    17.4857   190.4021   321.1154   358.6684
   3205.00   42249.14  0.0772396    17.4882   189.6059   321.3109   358.5710
   3215.00   42249.21  0.0772206    17.4937   188.6708   321.4843   358.4726
   3225.00   42249.15  0.0770833    17.4969   187.5011   321.7568   358.3634
   3235.00   42251.70  0.0770609    17.4982   186.3007   321.9121   358.2649
   3245.00   42253.33  0.0771882    17.5030   184.9383   322.0828   358.1811
   3255.00   42251.74  0.0771709    17.5090   183.5244   322.2727   358.0825
   3265.00   42251.02  0.0772838    17.5106   182.1193   322.4615   357.9822
   3275.00   42251.82  0.0774985    17.5119   180.6251   322.7615   357.9016
   3285.00   42251.40  0.0775871    17.5156   179.3421   322.9784   357.8153
   3295.00   42248.51  0.0777580    17.5182   178.1559   323.2489   357.7189
   3305.00   42247.64  0.0778718    17.5170   176.9406   323.6963   357.6268
   3315.00   42248.55  0.0779454    17.5156   176.0174   324.0120   357.5370
   3325.00   42247.85  0.0780446    17.5176   175.1723   324.3539   357.4456
   3335.00   42245.72  0.0779576    17.5178   174.2966   324.8193   357.3399
   3345.00   42246.28  0.0779128    17.5148   173.5577   325.1836   357.2340
   3355.00   42248.31  0.0779049    17.5151   172.7545   325.5459   357.1412
   3365.00   42247.66  0.0776796    17.5185   171.9007   325.8882   357.0345
   3375.00   42247.06  0.0775529    17.5193   170.9840   326.1812   356.9198
   3385.00   42249.13  0.0774823    17.5194   169.8385   326.5265   356.8204
   3395.00   42251.37  0.0772847    17.5234   168.7005   326.7141   356.7217
   3405.00   42251.02  0.0772109    17.5286   167.4334   326.8924   356.6172
   3415.00   42250.75  0.0771322    17.5307   165.9492   327.1927   356.5131
   3425.00   42252.59  0.0770997    17.5324   164.5929   327.3256   356.4177
   3435.00   42253.49  0.0771727    17.5375   163.2129   327.4722   356.3299
   3445.00   42250.93  0.0771383    17.5419   161.8166   327.7281   356.2294
   3455.00   42249.56  0.0772482    17.5418   160.6197   327.9211   356.1294
   3465.00   42249.80  0.0774511    17.5431   159.4796   328.1703   356.0469
   3475.00   42248.92  0.0774470    17.5467   158.5160   328.4159   355.9547
   3485.00   42246.09  0.0775716    17.5472   157.6796   328.6939   355.8507
   3495.00   42245.57  0.0777288    17.5454   156.7976   329.1003   355.7593
   3505.00   42247.18  0.0777336    17.5450   156.1270   329.3719   355.6670
   3515.00   42246.96  0.0777749    17.5465   155.4155   329.6876   355.5657
   3525.00   42246.09  0.0777415    17.5452   154.5016   330.1529   355.4608
   3535.00   42247.61  0.0777150    17.5422   153.6673   330.4584   355.3564
   3545.00   42250.37  0.0776879    17.5432   152.6784   330.7582   355.2587
   3555.00   42250.03  0.0774818    17.5455   151.4626   331.1347   355.1492
   3565.00   42249.56  0.0774049    17.5447   150.2155   331.4131   355.0340
   3575.00   42251.33  0.0773951    17.5452   148.8123   331.6917   354.9353
   3585.00   42252.81  0.0771704    17.5498   147.3984   331.8987   354.8336
   3595.00   42251.46  0.0771119    17.5537   145.9826   332.0912   354.7232
   3605.00   42250.35  0.0771454    17.5552   144.4980   332.3725   354.6223
   3615.00   42251.31  0.0771141    17.5579   143.2832   332.4795   354.5285
   3625.00   42251.49  0.0771797    17.5630   142.1478   332.6255   354.4346
   3635.00   42248.64  0.0772437    17.5657   141.0104   332.9300   354.3353
   3645.00   42247.27  0.0774189    17.5648   140.1690   333.1113   354.2390
