  -7305.00   42255.99  0.0755770     8.5787   238.2039   322.0451   139.5505
  -7295.00   42255.35  0.0755177     8.6039   236.3244   322.4402   139.3171
  -7285.00   42255.92  0.0753728     8.6364   234.4707   322.9837   139.0328
  -7275.00   42254.27  0.0752809     8.6582   232.8201   323.4715   138.7536
  -7265.00   42251.52  0.0752414     8.6730   231.4297   323.7784   138.5568
  -7255.00   42250.75  0.0750022     8.6964   230.1204   324.1411   138.3520
  -7245.00   42251.71  0.0748584     8.7147   228.9403   324.5098   138.1160
  -7235.00   42250.75  0.0748764     8.7203   227.8393   324.8482   137.8655
  -7225.00   42250.04  0.0747371     8.7280   226.7338   325.1380   137.6358
  -7215.00   42251.59  0.0746731     8.7381   225.5801   325.4089   137.4140
  -7205.00   42254.05  0.0747112     8.7461   224.2325   325.8398   137.0965
  -7195.00   42254.05  0.0747417     8.7489   222.7571   326.2331   136.7762
  -7185.00   42253.99  0.0748380     8.7534   221.1653   326.5399   136.5142
  -7175.00   42256.15  0.0748549     8.7706   219.3131   327.0321   136.1893
  -7165.00   42257.36  0.0749396     8.7841   217.3596   327.5657   135.8169
  -7155.00   42256.15  0.0751169     8.7933   215.3973   328.0196   135.4966
  -7145.00   42255.09  0.0750860     8.8162   213.3817   328.5198   135.2067
  -7135.00   42255.88  0.0751007     8.8438   211.4445   329.0618   134.8913
  -7125.00   42255.69  0.0751839     8.8654   209.6274   329.6230   134.5649
  -7115.00   42253.15  0.0750983     8.8882   207.9681   330.1040   134.3064
  -7105.00   42251.63  0.0750218     8.9165   206.4907   330.5257   134.0996
  -7095.00   42252.38  0.0749256     8.9460   205.0979   331.0500   133.8402
  -7085.00   42251.73  0.0747809     8.9653   203.8448   331.4976   133.5929
  -7075.00   42249.88  0.0746798     8.9804   202.7001   331.8003   133.4259
  -7065.00   42250.01  0.0744649     9.0038   201.4639   332.1983   133.2312
  -7055.00   42252.32  0.0743061     9.0193   200.2118   332.5811   132.9842
  -7045.00   42252.90  0.0742595     9.0225   198.8949   332.8793   132.7548
  -7035.00   42252.76  0.0740717     9.0326   197.3812   333.1987   132.5364
  -7025.00   42254.45  0.0739982     9.0451   195.7496   333.5233   132.2888
  -7015.00   42256.97  0.0740264     9.0508   193.9788   333.9156   131.9719
  -7005.00   42256.89  0.0739722     9.0570   192.0977   334.2933   131.6634
  -6995.00   42255.49  0.0740230     9.0682   190.1987   334.6256   131.3990
  -6985.00   42256.09  0.0740823     9.0880   188.2529   335.1117   131.0664
  -6975.00   42256.33  0.0741138     9.1051   186.4008   335.6038   130.7042
  -6965.00   42254.26  0.0742205     9.1201   184.7011   336.0114   130.4143
  -6955.00   42251.98  0.0742081     9.1502   183.0557   336.5113   130.1441
  -6945.00   42252.13  0.0742243     9.1816   181.5952   337.0250   129.8344
  -6935.00   42252.39  0.0742701     9.2039   180.2854   337.4927   129.5515
  -6925.00   42250.55  0.0741380     9.2312   179.0102   337.9322   129.3405
  -6915.00   42249.72  0.0740756     9.2631   177.7984   338.3424   129.1433
  -6905.00   42251.58  0.0740152     9.2888   176.5699   338.7861   128.9058
  -6895.00   42252.56  0.0738241     9.3060   175.2733   339.1637   128.6934
  -6885.00   42251.91  0.0737144     9.3219   173.8920   339.4450   128.5397
  -6875.00   42252.60  0.0735962     9.3427   172.3197   339.8180   128.3387
  -6865.00   42255.24  0.0734607     9.3540   170.6571   340.1658   128.0801
  -6855.00   42256.22  0.0734159     9.3557   168.9045   340.4304   127.8542
  -6845.00   42255.24  0.0733086     9.3681   166.9761   340.7731   127.6306
  -6835.00   42255.66  0.0733241     9.3828   165.0749   341.1306   127.3419
  -6825.00   42257.00  0.0734032     9.3886   163.2257   341.4993   127.0227
  -6815.00   42256.05  0.0733612     9.4001   161.3911   341.8961   126.7333
  -6805.00   42253.46  0.0734698     9.4209   159.6967   342.2886   126.4619
  -6795.00   42252.85  0.0736091     9.4438   158.1419   342.7685   126.1396
  -6785.00   42253.04  0.0736156     9.4645   156.7213   343.2482   125.8190
  -6775.00   42251.44  0.0736870     9.4865   155.4210   343.6667   125.5764
  -6765.00   42249.51  0.0737279     9.5202   154.1308   344.1748   125.3385
  -6755.00   42250.27  0.0737268     9.5511   152.9213   344.6668   125.0607
  -6745.00   42251.95  0.0737131     9.5716   151.6968   345.0938   124.8301
  -6735.00   42251.52  0.0735642     9.5994   150.2914   345.5476   124.6604
  -6725.00   42251.57  0.0735130     9.6304   148.8182   345.9728   124.4638
  -6715.00   42254.05  0.0734428     9.6502   147.2337   346.3819   124.2415
  -6705.00   42255.88  0.0731889     9.6654   145.4482   346.7694   124.0557
  -6695.00   42255.39  0.0730626     9.6836   143.5550   347.1035   123.8979
  -6685.00   42255.14  0.0729776     9.7022   141.5968   347.4795   123.6851
  -6675.00   42256.55  0.0727812     9.7119   139.6526   347.8298   123.4317
  -6665.00   42256.74  0.0726570     9.7163   137.7620   348.1168   123.2171
  -6655.00   42254.39  0.0725643     9.7321   135.9026   348.4841   122.9926
  -6645.00   42253.18  0.0725460     9.7480   134.2812   348.8332   122.6901
  -6635.00   42253.69  0.0725572     9.7547   132.8499   349.1607   122.3840
  -6625.00   42252.81  0.0724719     9.7707   131.4539   349.5583   122.1194
  -6615.00   42250.57  0.0725826     9.7978   130.2295   349.9501   121.8347
  -6605.00   42250.21  0.0727235     9.8220   129.1196   350.3659   121.5182
  -6595.00   42251.63  0.0726728     9.8453   127.9630   350.8055   121.2331
  -6585.00   42251.58  0.0727296     9.8756   126.7324   351.2254   121.0113
  -6575.00   42250.74  0.0728170     9.9123   125.3893   351.6933   120.7855
  -6565.00   42252.17  0.0727789     9.9430   123.9558   352.1280   120.5366
  -6555.00   42254.70  0.0727083     9.9656   122.3391   352.5171   120.3488
  -6545.00   42254.92  0.0725804     9.9951   120.4632   352.9595   120.2065
  -6535.00   42254.61  0.0725286    10.0240   118.5655   353.3386   120.0120
  -6525.00   42256.15  0.0724292    10.0387   116.6345   353.6736   119.8046
  -6515.00   42257.37  0.0721581    10.0514   114.5744   354.0441   119.6399
  -6505.00   42256.12  0.0720815    10.0702   112.6041   354.3774   119.4601
  -6495.00   42254.29  0.0720639    10.0850   110.8209   354.6964   119.2201
  -6485.00   42254.33  0.0718821    10.0925   109.1733   355.0187   118.9633
  -6475.00   42254.12  0.0718117    10.1021   107.6604   355.3320   118.7405
  -6465.00   42251.65  0.0718504    10.1221   106.2879   355.7038   118.4942
  -6455.00   42250.19  0.0718785    10.1406   105.1413   356.0426   118.1849
  -6445.00   42251.12  0.0719053    10.1524   104.0695   356.3696   117.9020
  -6435.00   42251.53  0.0718933    10.1756   102.8643   356.8069   117.6692
  -6425.00   42250.75  0.0720430    10.2080   101.7066   357.2106   117.3947
  -6415.00   42251.20  0.0721809    10.2329   100.5073   357.5914   117.1109
  -6405.00   42253.75  0.0720964    10.2569    99.0274   358.0413   116.8869
  -6395.00   42254.92  0.0721692    10.2915    97.3548   358.4933   116.6909
  -6385.00   42254.40  0.0722817    10.3261    95.5612   358.9388   116.4805
  -6375.00   42255.29  0.0721845    10.3515    93.6493   359.3546   116.2661
  -6365.00   42257.07  0.0720840    10.3749    91.5739   359.7745   116.1073
  -6355.00   42256.79  0.0720002    10.4036    89.3992     0.2499   115.9693
  -6345.00   42255.06  0.0719215    10.4287    87.4127     0.6278   115.7713
  -6335.00   42254.80  0.0717602    10.4409    85.5593     0.9628   115.5760
  -6325.00   42255.13  0.0714798    10.4540    83.7058     1.3852   115.4256
  -6315.00   42253.73  0.0714027    10.4743    82.1189     1.7484   115.2298
  -6305.00   42251.36  0.0713430    10.4872    80.8306     2.0404   114.9788
  -6295.00   42251.27  0.0710863    10.4939    79.6154     2.3677   114.7401
  -6285.00   42251.94  0.0710038    10.5091    78.4494     2.7134   114.5174
  -6275.00   42250.85  0.0710585    10.5314    77.3641     3.0638   114.2553
  -6265.00   42250.26  0.0710202    10.5500    76.3280     3.3666   113.9536
  -6255.00   42252.03  0.0709927    10.5669    75.1422     3.6864   113.6930
  -6245.00   42253.87  0.0710239    10.5962    73.6697     4.1271   113.4703
  -6235.00   42254.21  0.0711550    10.6316    72.1502     4.4996   113.2013
  -6225.00   42254.52  0.0712323    10.6582    70.5160     4.8242   112.9420
  -6215.00   42256.66  0.0711327    10.6858    68.5310     5.2759   112.7614
  -6205.00   42257.73  0.0712170    10.7245    66.4615     5.7172   112.5786
  -6195.00   42256.33  0.0713202    10.7580    64.4535     6.0995   112.3769
  -6185.00   42255.52  0.0711445    10.7796    62.4498     6.4773   112.1994
  -6175.00   42255.71  0.0710440    10.8051    60.4585     6.8904   112.0582
  -6165.00   42254.99  0.0710149    10.8325    58.5949     7.3334   111.9118
  -6155.00   42252.61  0.0708970    10.8511    57.0678     7.6522   111.7081
  -6145.00   42251.62  0.0707092    10.8622    55.6893     7.9590   111.5177
  -6135.00   42252.16  0.0705043    10.8760    54.3017     8.3789   111.3597
  -6125.00   42251.96  0.0704885    10.8959    53.1560     8.7091   111.1339
  -6115.00   42250.57  0.0704363    10.9082    52.1700     8.9514   110.8676
  -6105.00   42251.19  0.0702158    10.9172    51.0183     9.2842   110.6399
  -6095.00   42253.13  0.0702414    10.9395    49.7518     9.6426   110.4106
  -6085.00   42253.55  0.0703831    10.9657    48.4434     9.9641   110.1375
  -6075.00   42253.49  0.0703440    10.9854    46.9997    10.2597   109.8617
  -6065.00   42255.05  0.0703595    11.0097    45.2806    10.6158   109.6381
  -6055.00   42257.00  0.0704931    11.0442    43.3166    11.0747   109.4337
  -6045.00   42257.17  0.0706307    11.0788    41.3876    11.4445   109.1893
  -6035.00   42256.17  0.0706537    11.1053    39.4355    11.7786   108.9737
  -6025.00   42256.49  0.0705812    11.1340    37.2914    12.2728   108.8308
  -6015.00   42256.70  0.0706802    11.1711    35.3033    12.7296   108.6610
  -6005.00   42254.63  0.0707405    11.1998    33.5822    13.0878   108.4657
  -5995.00   42252.60  0.0705045    11.2171    31.9169    13.4990   108.3158
  -5985.00   42252.12  0.0704101    11.2427    30.3534    13.9431   108.1790
  -5975.00   42252.16  0.0704160    11.2683    28.9682    14.3778   108.0130
  -5965.00   42250.75  0.0702225    11.2816    27.8029    14.7040   107.8101
  -5955.00   42250.36  0.0699981    11.2944    26.6091    15.0512   107.6281
  -5945.00   42251.85  0.0698367    11.3114    25.2723    15.5022   107.4632
  -5935.00   42253.37  0.0697938    11.3301    24.0428    15.8267   107.2240
  -5925.00   42253.28  0.0696564    11.3433    22.7670    16.0743   106.9652
  -5915.00   42253.99  0.0694084    11.3558    21.1677    16.4447   106.7556
  -5905.00   42256.11  0.0694401    11.3824    19.4511    16.8015   106.5237
  -5895.00   42256.98  0.0695445    11.4102    17.7325    17.0761   106.2457
  -5885.00   42256.25  0.0694277    11.4305    15.8818    17.3674   105.9952
  -5875.00   42256.11  0.0694432    11.4610    13.8897    17.7272   105.7925
  -5865.00   42256.87  0.0696223    11.5001    11.8978    18.1426   105.5871
  -5855.00   42256.35  0.0697153    11.5333    10.1139    18.4659   105.3579
  -5845.00   42254.23  0.0696888    11.5624     8.4044    18.7976   105.1764
  -5835.00   42253.14  0.0696555    11.5948     6.6476    19.2891   105.0528
  -5825.00   42253.27  0.0697555    11.6303     5.1587    19.7052   104.8882
  -5815.00   42252.08  0.0697389    11.6553     3.9083    20.0159   104.7058
  -5805.00   42250.45  0.0694731    11.6708     2.5676    20.4412   104.5774
  -5795.00   42250.50  0.0693900    11.6953     1.2562    20.8675   104.4386
  -5785.00   42252.07  0.0694009    11.7177     0.0345    21.2233   104.2467
  -5775.00   42252.32  0.0691568    11.7258   358.7760    21.5284   104.0409
  -5765.00   42252.59  0.0689615    11.7400   357.3170    21.8698   103.8548
  -5755.00   42254.37  0.0689096    11.7611   355.6546    22.2819   103.6618
  -5745.00   42256.54  0.0688962    11.7787   354.0406    22.5550   103.4035
  -5735.00   42256.74  0.0687927    11.7957   352.3004    22.8015   103.1534
  -5725.00   42256.19  0.0686572    11.8161   350.2868    23.1993   102.9564
  -5715.00   42256.88  0.0687854    11.8473   348.3523    23.5410   102.7260
  -5705.00   42257.11  0.0689102    11.8773   346.5719    23.7920   102.4667
  -5695.00   42255.38  0.0688106    11.8998   344.7535    24.1295   102.2594
  -5685.00   42253.54  0.0688867    11.9343   342.9897    24.5230   102.0881
  -5675.00   42253.34  0.0690984    11.9736   341.4207    24.9133   101.8929
  -5665.00   42253.09  0.0691347    12.0009   340.0663    25.2415   101.6913
  -5655.00   42251.37  0.0690958    12.0289   338.7169    25.6235   101.5417
  -5645.00   42250.35  0.0691113    12.0618   337.2959    26.1373   101.4214
  -5635.00   42251.44  0.0691905    12.0911   336.0546    26.5403   101.2519
  -5625.00   42252.13  0.0691082    12.1123   334.8183    26.8783   101.0796
  -5615.00   42251.70  0.0688617    12.1282   333.2814    27.3707   100.9594
  -5605.00   42252.29  0.0688022    12.1519   331.6785    27.8249   100.8125
  -5595.00   42254.70  0.0687624    12.1722   330.0836    28.1651   100.6075
  -5585.00   42255.91  0.0684685    12.1789   328.2963    28.5266   100.4123
  -5575.00   42255.69  0.0682721    12.1954   326.3322    28.9163   100.2348
  -5565.00   42256.19  0.0682325    12.2198   324.3297    29.3150   100.0235
  -5555.00   42257.49  0.0681370    12.2354   322.4883    29.5828    99.7659
  -5545.00   42256.99  0.0679898    12.2546   320.6531    29.8512    99.5321
  -5535.00   42254.82  0.0678921    12.2821   318.7533    30.2634    99.3381
  -5525.00   42253.91  0.0679949    12.3145   317.1645    30.5650    99.1033
  -5515.00   42253.82  0.0680485    12.3459   315.8089    30.7865    98.8586
  -5505.00   42252.40  0.0679444    12.3728   314.4014    31.1465    98.6788
  -5495.00   42250.40  0.0680476    12.4109   313.0875    31.5241    98.5205
  -5485.00   42250.49  0.0682229    12.4507   311.9263    31.8538    98.3299
  -5475.00   42251.71  0.0681854    12.4756   310.7619    32.1786    98.1548
  -5465.00   42251.47  0.0681502    12.5039   309.4222    32.5710    98.0314
  -5455.00   42251.22  0.0681962    12.5378   307.9077    33.0512    97.9063
  -5445.00   42253.15  0.0682077    12.5609   306.4244    33.4110    97.7337
  -5435.00   42255.07  0.0680761    12.5784   304.7687    33.7497    97.5715
  -5425.00   42255.18  0.0678818    12.5957   302.7693    34.2444    97.4465
  -5415.00   42255.10  0.0678504    12.6174   300.7918    34.6524    97.2752
  -5405.00   42256.58  0.0677658    12.6354   298.8889    34.9450    97.0549
  -5395.00   42257.39  0.0675017    12.6436   296.8701    35.3108    96.8600
  -5385.00   42255.79  0.0673998    12.6643   294.8903    35.6821    96.6776
  -5375.00   42254.46  0.0674160    12.6926   293.1159    36.0132    96.4446
  -5365.00   42254.63  0.0673273    12.7093   291.5832    36.2691    96.1948
  -5355.00   42253.95  0.0672509    12.7323   290.1346    36.5448    95.9885
  -5345.00   42251.60  0.0672839    12.7677   288.7106    36.9428    95.7989
  -5335.00   42250.44  0.0674105    12.8002   287.5707    37.2273    95.5756
  -5325.00   42251.22  0.0674578    12.8301   286.5134    37.4677    95.3649
  -5315.00   42251.34  0.0674294    12.8608   285.2309    37.8801    95.2172
  -5305.00   42250.37  0.0675838    12.8980   283.9415    38.2666    95.0707
  -5295.00   42251.21  0.0677210    12.9331   282.6308    38.5971    94.8909
  -5285.00   42253.74  0.0676508    12.9542   281.0796    38.9889    94.7404
  -5275.00   42254.64  0.0676524    12.9806   279.2854    39.4193    94.6307
  -5265.00   42254.47  0.0677151    13.0127   277.3275    39.8940    94.4906
  -5255.00   42255.77  0.0676593    13.0300   275.3648    40.2878    94.3148
  -5245.00   42257.41  0.0675158    13.0447   273.2887    40.6763    94.1629
  -5235.00   42256.90  0.0673815    13.0657   271.0568    41.1949    94.0279
  -5225.00   42255.09  0.0673320    13.0859   269.0554    41.6072    93.8391
  -5215.00   42254.80  0.0671864    13.1022   267.2604    41.9351    93.6210
  -5205.00   42254.99  0.0669307    13.1144   265.4802    42.3582    93.4371
  -5195.00   42252.91  0.0668500    13.1382   263.9258    42.7333    93.2502
  -5185.00   42250.95  0.0668100    13.1674   262.6327    43.0495    93.0112
  -5175.00   42251.20  0.0666494    13.1850   261.4779    43.3466    92.7758
  -5165.00   42251.77  0.0665721    13.2110   260.3492    43.6311    92.5905
  -5155.00   42250.79  0.0666142    13.2513   259.1750    43.9863    92.3949
  -5145.00   42250.37  0.0666700    13.2832   258.0758    44.2547    92.1766
  -5135.00   42252.43  0.0666730    13.3121   256.8455    44.4972    91.9938
  -5125.00   42253.97  0.0666915    13.3487   255.2590    44.8996    91.8595
  -5115.00   42253.66  0.0668392    13.3859   253.6003    45.2425    91.7135
  -5105.00   42254.23  0.0669179    13.4169   251.8301    45.5519    91.5456
  -5095.00   42256.49  0.0668443    13.4385   249.7685    45.9781    91.4175
  -5085.00   42257.18  0.0668724    13.4645   247.6396    46.3812    91.3119
  -5075.00   42255.86  0.0669113    13.4934   245.5294    46.8032    91.1569
  -5065.00   42255.38  0.0667946    13.5064   243.5057    47.2180    90.9789
  -5055.00   42256.01  0.0666634    13.5190   241.5864    47.5991    90.8311
  -5045.00   42254.98  0.0665753    13.5428   239.7495    48.0599    90.6707
  -5035.00   42252.18  0.0665029    13.5616   238.2315    48.4342    90.4555
  -5025.00   42251.32  0.0663626    13.5767   236.9167    48.7475    90.2363
  -5015.00   42251.96  0.0662011    13.5964   235.5902    49.1520    90.0533
  -5005.00   42250.89  0.0661916    13.6249   234.4532    49.4679    89.8540
  -4995.00   42249.69  0.0661818    13.6556   233.3904    49.7457    89.6193
  -4985.00   42250.91  0.0660832    13.6771   232.1976    50.0744    89.4126
  -4975.00   42253.04  0.0661086    13.7074   230.9112    50.3480    89.2530
  -4965.00   42253.55  0.0662052    13.7491   229.4549    50.6696    89.0674
  -4955.00   42253.41  0.0662583    13.7783   227.8717    50.9798    88.8701
  -4945.00   42255.67  0.0663007    13.8039   226.0974    51.2658    88.7250
  -4935.00   42257.32  0.0663819    13.8414   224.0517    51.6755    88.5981
  -4925.00   42256.35  0.0665107    13.8744   222.0280    52.0322    88.4469
  -4915.00   42255.38  0.0665614    13.8976   219.9959    52.3845    88.2892
  -4905.00   42256.04  0.0665351    13.9200   217.8402    52.8685    88.1696
  -4895.00   42255.94  0.0665813    13.9451   215.8841    53.2741    88.0524
  -4885.00   42253.63  0.0665899    13.9699   214.1013    53.6999    87.8825
  -4875.00   42252.08  0.0664682    13.9820   212.4086    54.1962    87.7093
  -4865.00   42252.63  0.0663721    13.9954   210.9218    54.6066    87.5681
  -4855.00   42252.48  0.0662884    14.0211   209.5401    55.0593    87.3923
  -4845.00   42250.33  0.0661602    14.0388   208.3036    55.4865    87.1693
  -4835.00   42250.27  0.0660079    14.0524   207.1174    55.8449    86.9658
  -4825.00   42252.18  0.0658714    14.0779   205.7944    56.2612    86.7850
  -4815.00   42252.64  0.0658073    14.1084   204.5133    56.5734    86.5744
  -4805.00   42252.22  0.0657372    14.1372   203.1244    56.8584    86.3461
  -4795.00   42253.75  0.0656456    14.1634   201.4574    57.2167    86.1608
  -4785.00   42256.29  0.0656668    14.1980   199.7385    57.4558    86.0071
  -4775.00   42256.95  0.0657166    14.2401   197.8857    57.7289    85.8237
  -4765.00   42255.72  0.0657352    14.2690   195.8990    58.0662    85.6443
  -4755.00   42256.54  0.0658040    14.2953   193.9180    58.3348    85.5253
  -4745.00   42257.25  0.0658934    14.3341   191.9026    58.6930    85.4008
  -4735.00   42255.22  0.0659625    14.3640   190.0397    59.0513    85.2442
  -4725.00   42252.94  0.0660025    14.3812   188.3030    59.4100    85.1020
  -4715.00   42252.63  0.0660175    14.4050   186.5809    59.8815    84.9830
  -4705.00   42252.78  0.0660333    14.4290   185.1361    60.2572    84.8444
  -4695.00   42250.87  0.0659928    14.4477   183.8088    60.6658    84.6581
  -4685.00   42249.92  0.0658989    14.4609   182.4230    61.1750    84.4841
  -4675.00   42251.46  0.0658382    14.4772   181.1788    61.5374    84.3328
  -4665.00   42252.86  0.0657491    14.5041   179.8983    61.9229    84.1333
  -4655.00   42251.99  0.0656256    14.5232   178.4858    62.3572    83.9060
  -4645.00   42252.63  0.0655491    14.5394   177.0084    62.6770    83.7192
  -4635.00   42255.10  0.0654957    14.5717   175.3358    63.0247    83.5401
  -4625.00   42256.10  0.0654408    14.6048   173.6035    63.3227    83.3278
  -4615.00   42255.23  0.0654218    14.6312   171.7588    63.6022    83.1236
  -4605.00   42255.66  0.0654430    14.6622   169.7306    63.9515    82.9668
  -4595.00   42257.16  0.0655089    14.6987   167.8357    64.1718    82.8217
  -4585.00   42256.84  0.0655621    14.7356   165.9630    64.4505    82.6462
  -4575.00   42254.39  0.0656377    14.7623   164.0607    64.8464    82.4912
  -4565.00   42253.75  0.0657736    14.7875   162.3929    65.1196    82.3868
  -4555.00   42254.15  0.0658742    14.8228   160.8274    65.4672    82.2569
  -4545.00   42252.28  0.0659226    14.8475   159.3418    65.9076    82.0934
  -4535.00   42250.20  0.0660029    14.8604   157.9801    66.3022    81.9619
  -4525.00   42250.38  0.0660668    14.8844   156.5867    66.7730    81.8380
  -4515.00   42251.88  0.0660443    14.9079   155.2898    67.1933    81.6772
  -4505.00   42251.39  0.0659874    14.9214   153.9100    67.6544    81.4884
  -4495.00   42251.47  0.0659400    14.9373   152.3071    68.1974    81.3208
  -4485.00   42253.73  0.0658794    14.9575   150.7471    68.5636    81.1628
  -4475.00   42255.96  0.0657362    14.9829   149.0323    68.9718    80.9526
  -4465.00   42255.57  0.0656053    15.0034   147.0717    69.4727    80.7354
  -4455.00   42255.39  0.0655452    15.0228   145.1534    69.7878    80.5640
  -4445.00   42256.84  0.0654644    15.0581   143.1894    70.1014    80.3832
  -4435.00   42257.09  0.0653378    15.0919   141.2196    70.4533    80.1692
  -4425.00   42255.00  0.0653083    15.1171   139.3531    70.7366    79.9852
  -4415.00   42253.77  0.0653506    15.1523   137.5465    71.0370    79.8421
  -4405.00   42254.27  0.0653597    15.1911   136.0119    71.2370    79.6922
  -4395.00   42253.66  0.0653702    15.2233   134.5626    71.5175    79.5223
  -4385.00   42251.41  0.0654806    15.2508   133.1086    71.8981    79.3870
  -4375.00   42250.77  0.0656261    15.2776   131.9087    72.1145    79.2874
  -4365.00   42252.12  0.0656827    15.3091   130.7011    72.4264    79.1483
  -4355.00   42251.72  0.0657337    15.3302   129.3178    72.9126    78.9863
  -4345.00   42250.75  0.0658439    15.3413   127.9613    73.2798    78.8612
  -4335.00   42251.75  0.0659105    15.3649   126.4665    73.6816    78.7270
  -4325.00   42254.24  0.0658350    15.3871   124.8127    74.1474    78.5401
  -4315.00   42254.63  0.0657812    15.3974   123.0012    74.6125    78.3479
  -4305.00   42254.54  0.0657790    15.4166   120.9971    75.0958    78.1791
  -4295.00   42256.11  0.0656928    15.4427   119.0795    75.4142    78.0014
  -4285.00   42257.67  0.0655353    15.4674   117.0698    75.8057    77.7826
  -4275.00   42256.64  0.0654753    15.4916   114.9551    76.2769    77.5802
  -4265.00   42254.86  0.0654821    15.5178   113.1348    76.5000    77.4231
  -4255.00   42254.85  0.0654251    15.5550   111.4463    76.7386    77.2460
  -4245.00   42254.59  0.0653625    15.5883   109.7708    77.1212    77.0475
  -4235.00   42252.25  0.0654358    15.6124   108.3387    77.3763    76.8940
  -4225.00   42250.59  0.0655595    15.6477   107.0423    77.6137    76.7674
  -4215.00   42251.34  0.0655777    15.6842   105.8724    77.8606    76.6146
  -4205.00   42251.81  0.0656389    15.7080   104.6592    78.1964    76.4557
  -4195.00   42250.91  0.0658238    15.7332   103.3356    78.5847    76.3323
  -4185.00   42251.09  0.0659688    15.7601   102.1208    78.8031    76.2236
  -4175.00   42253.48  0.0659982    15.7850   100.6853    79.1675    76.0699
  -4165.00   42254.52  0.0660979    15.8037    98.8978    79.7153    75.9102
  -4155.00   42254.11  0.0662432    15.8161    97.1142    80.0769    75.7872
  -4145.00   42254.78  0.0662823    15.8396    95.2006    80.4551    75.6417
  -4135.00   42256.77  0.0662089    15.8610    93.0310    81.0192    75.4458
  -4125.00   42256.84  0.0661921    15.8705    90.8550    81.5243    75.2632
  -4115.00   42255.29  0.0662144    15.8921    88.7279    81.9723    75.1017
  -4105.00   42255.09  0.0660655    15.9216    86.7983    82.3416    74.9101
  -4095.00   42255.58  0.0658863    15.9437    84.9328    82.7935    74.6937
  -4085.00   42254.17  0.0658507    15.9694    83.1507    83.2688    74.5055
  -4075.00   42251.79  0.0658065    16.0015    81.8054    83.4543    74.3497
  -4065.00   42251.45  0.0656673    16.0380    80.5872    83.6871    74.1685
  -4055.00   42251.98  0.0656123    16.0709    79.2770    84.0947    73.9814
  -4045.00   42250.97  0.0656968    16.0973    78.1737    84.2942    73.8466
  -4035.00   42250.10  0.0657797    16.1335    77.1047    84.4418    73.7259
  -4025.00   42251.68  0.0657656    16.1685    75.8598    84.7241    73.5708
  -4015.00   42253.58  0.0658621    16.1881    74.4244    85.0587    73.4263
  -4005.00   42253.72  0.0660794    16.2119    72.8044    85.3854    73.3144
  -3995.00   42254.01  0.0661626    16.2394    71.1672    85.5984    73.1914
  -3985.00   42256.13  0.0661683    16.2580    69.2348    86.0037    73.0274
  -3975.00   42257.24  0.0663056    16.2743    67.0230    86.5537    72.8681
  -3965.00   42256.22  0.0664312    16.2901    64.9895    86.8658    72.7358
  -3955.00   42255.36  0.0663852    16.3129    62.9816    87.2188    72.5675
  -3945.00   42255.81  0.0663296    16.3346    60.8361    87.8028    72.3624
  -3935.00   42255.37  0.0663540    16.3471    58.9295    88.2516    72.1841
  -3925.00   42252.92  0.0663620    16.3733    57.2997    88.5696    72.0225
  -3915.00   42251.80  0.0661956    16.4065    55.8181    88.9392    71.8209
  -3905.00   42252.29  0.0660797    16.4284    54.4315    89.3562    71.6173
  -3895.00   42251.80  0.0661445    16.4556    53.1384    89.7229    71.4539
  -3885.00   42250.43  0.0660977    16.4926    52.1275    89.8550    71.3009
  -3875.00   42250.76  0.0659838    16.5258    51.0339    90.0855    71.1270
  -3865.00   42252.61  0.0660502    16.5546    49.6615    90.4870    70.9613
  -3855.00   42253.23  0.0662045    16.5819    48.3758    90.6377    70.8425
  -3845.00   42253.02  0.0662800    16.6149    46.9753    90.7686    70.7214
  -3835.00   42254.51  0.0663190    16.6443    45.2042    91.1337    70.5650
  -3825.00   42256.62  0.0665045    16.6599    43.2747    91.4888    70.4306
  -3815.00   42256.65  0.0667583    16.6817    41.2767    91.7842    70.3214
  -3805.00   42255.78  0.0668030    16.7085    39.2775    92.0773    70.1792
  -3795.00   42256.18  0.0668382    16.7227    37.1453    92.5515    70.0100
  -3785.00   42256.43  0.0670402    16.7370    34.9793    93.1048    69.8559
  -3775.00   42254.80  0.0671330    16.7574    33.1830    93.4164    69.7138
  -3765.00   42252.68  0.0670338    16.7791    31.4996    93.8234    69.5327
  -3755.00   42252.28  0.0670117    16.7995    29.7587    94.4433    69.3309
  -3745.00   42252.39  0.0670618    16.8158    28.3248    94.8627    69.1625
  -3735.00   42250.80  0.0669961    16.8442    27.1210    95.1558    68.9979
  -3725.00   42250.08  0.0668016    16.8777    25.8457    95.5897    68.7945
  -3715.00   42251.46  0.0667065    16.8993    24.5512    96.0146    68.6041
  -3705.00   42252.66  0.0667653    16.9280    23.2666    96.3033    68.4568
  -3695.00   42252.75  0.0666327    16.9679    21.9985    96.4665    68.2986
  -3685.00   42253.31  0.0664800    16.9988    20.5035    96.7288    68.1283
  -3675.00   42255.51  0.0665897    17.0247    18.7087    97.0892    67.9818
  -3665.00   42256.67  0.0666993    17.0558    17.0081    97.1860    67.8675
  -3655.00   42255.97  0.0667018    17.0870    15.2057    97.3142    67.7411
  -3645.00   42255.85  0.0667658    17.1116    13.1083    97.7080    67.5876
  -3635.00   42256.70  0.0669863    17.1271    11.0968    98.0073    67.4622
  -3625.00   42256.13  0.0672065    17.1482     9.2320    98.2381    67.3486
  -3615.00   42254.12  0.0672105    17.1730     7.4151    98.5958    67.1878
  -3605.00   42253.06  0.0672672    17.1844     5.6418    99.0798    67.0137
  -3595.00   42253.16  0.0674916    17.1980     3.9994    99.5575    66.8612
  -3585.00   42252.29  0.0674960    17.2229     2.6838    99.8577    66.6985
  -3575.00   42250.48  0.0673496    17.2446     1.3786   100.2835    66.5025
  -3565.00   42250.50  0.0673587    17.2646   359.9447   100.8573    66.3056
  -3555.00   42251.91  0.0673919    17.2880   358.7311   101.1566    66.1431
  -3545.00   42252.03  0.0672725    17.3196   357.5237   101.3892    65.9752
  -3535.00   42252.03  0.0671167    17.3528   356.0210   101.8044    65.7802
  -3525.00   42253.74  0.0671145    17.3758   354.4259   102.1347    65.6139
  -3515.00   42255.83  0.0672107    17.4055   352.8038   102.3031    65.4845
  -3505.00   42256.43  0.0671192    17.4441   351.0507   102.4851    65.3302
  -3495.00   42255.89  0.0670601    17.4699   349.1134   102.7726    65.1703
  -3485.00   42256.78  0.0672845    17.4911   347.0802   103.0773    65.0441
  -3475.00   42257.23  0.0674043    17.5218   345.2595   103.1878    64.9260
  -3465.00   42255.57  0.0674150    17.5484   343.4690   103.3888    64.7874
  -3455.00   42253.69  0.0675616    17.5665   341.5646   103.8346    64.6351
  -3445.00   42253.34  0.0678004    17.5830   339.9544   104.1110    64.5099
  -3435.00   42253.06  0.0679774    17.6040   338.5539   104.3441    64.3836
  -3425.00   42251.42  0.0679926    17.6259   337.1055   104.7905    64.2107
  -3415.00   42250.35  0.0680953    17.6371   335.6940   105.2824    64.0405
  -3405.00   42251.34  0.0683205    17.6517   334.3655   105.7006    63.8942
  -3395.00   42252.32  0.0682756    17.6786   333.0929   106.0595    63.7210
  -3385.00   42251.71  0.0681380    17.6993   331.6338   106.5509    63.5229
  -3375.00   42252.26  0.0681911    17.7174   329.9526   107.1121    63.3405
  -3365.00   42254.42  0.0681563    17.7456   328.3753   107.3976    63.1803
  -3355.00   42255.64  0.0679723    17.7780   326.6755   107.6765    63.0068
  -3345.00   42255.39  0.0678254    17.8085   324.6634   108.1360    62.8184
  -3335.00   42255.90  0.0678091    17.8345   322.7102   108.4129    62.6675
  -3325.00   42257.28  0.0678230    17.8663   320.8697   108.5346    62.5419
  -3315.00   42257.37  0.0676993    17.9036   318.9868   108.7492    62.3870
  -3305.00   42255.21  0.0676657    17.9276   317.1276   109.0279    62.2371
  -3295.00   42254.35  0.0678832    17.9477   315.4327   109.2410    62.1254
  -3285.00   42254.31  0.0679446    17.9783   313.9980   109.3545    62.0024
  -3275.00   42252.84  0.0679420    18.0013   312.6197   109.5934    61.8542
  -3265.00   42250.72  0.0681423    18.0139   311.1682   110.0199    61.7076
  -3255.00   42250.50  0.0683265    18.0320   309.9654   110.2601    61.5773
  -3245.00   42251.67  0.0684204    18.0528   308.8136   110.5028    61.4320
  -3235.00   42251.52  0.0684424    18.0710   307.4015   110.9983    61.2470
  -3225.00   42251.31  0.0685409    18.0844   305.9375   111.4385    61.0773
  -3215.00   42253.06  0.0686894    18.1028   304.4404   111.7753    60.9271
  -3205.00   42255.34  0.0685871    18.1317   302.7802   112.1512    60.7422
  -3195.00   42255.37  0.0684742    18.1536   300.8918   112.6100    60.5473
  -3185.00   42255.23  0.0685603    18.1733   298.8663   113.0489    60.3834
  -3175.00   42256.52  0.0684745    18.2063   296.9653   113.2744    60.2275
  -3165.00   42257.44  0.0683063    18.2387   295.0363   113.5268    60.0564
  -3155.00   42255.98  0.0682710    18.2645   292.9789   113.9350    59.8859
  -3145.00   42254.69  0.0682894    18.2924   291.2078   114.1174    59.7517
  -3135.00   42254.83  0.0683071    18.3232   289.6693   114.2105    59.6281
  -3125.00   42254.66  0.0682568    18.3538   288.1446   114.4629    59.4728
  -3115.00   42252.23  0.0683273    18.3744   286.7436   114.7183    59.3332
  -3105.00   42250.89  0.0685681    18.3926   285.5224   114.8970    59.2252
  -3095.00   42251.60  0.0686296    18.4201   284.4002   115.0733    59.0917
  -3085.00   42251.65  0.0686803    18.4388   283.1875   115.3760    58.9350
  -3075.00   42250.56  0.0689474    18.4482   281.8097   115.7876    58.7937
  -3065.00   42251.10  0.0690973    18.4675   280.4805   116.0506    58.6584
  -3055.00   42253.64  0.0691557    18.4883   279.0088   116.3566    58.4985
  -3045.00   42254.75  0.0692379    18.5027   277.1662   116.8915    58.3143
  -3035.00   42254.67  0.0693372    18.5186   275.2612   117.3105    58.1514
  -3025.00   42255.75  0.0694245    18.5403   273.3182   117.6513    57.9989
  -3015.00   42257.70  0.0693158    18.5678   271.2220   118.0979    57.8101
  -3005.00   42257.19  0.0692320    18.5899   269.0814   118.5573    57.6240
  -2995.00   42255.28  0.0692985    18.6115   267.0305   118.9483    57.4725
  -2985.00   42254.86  0.0691441    18.6461   265.2086   119.2195    57.3165
  -2975.00   42255.17  0.0689527    18.6776   263.5202   119.5115    57.1446
  -2965.00   42253.29  0.0689445    18.7006   261.8854   119.8826    56.9887
  -2955.00   42251.33  0.0688886    18.7304   260.5832   120.0403    56.8617
  -2945.00   42251.45  0.0688285    18.7615   259.4612   120.1534    56.7332
  -2935.00   42252.34  0.0687911    18.7863   258.2609   120.4273    56.5800
  -2925.00   42251.22  0.0688540    18.8062   257.1144   120.6251    56.4494
  -2915.00   42250.55  0.0690347    18.8249   255.9752   120.7666    56.3408
  -2905.00   42252.47  0.0690632    18.8487   254.6888   120.9909    56.1968
  -2895.00   42253.95  0.0691339    18.8645   253.1844   121.2936    56.0377
  -2885.00   42253.65  0.0693991    18.8730   251.4621   121.6453    55.8985
  -2875.00   42253.97  0.0694817    18.8935   249.6714   121.9252    55.7539
  -2865.00   42256.33  0.0694999    18.9144   247.7263   122.2700    55.5781
  -2855.00   42257.33  0.0696051    18.9272   245.5552   122.7701    55.3947
  -2845.00   42256.07  0.0696455    18.9470   243.4869   123.1286    55.2348
  -2835.00   42255.39  0.0696527    18.9737   241.5273   123.4487    55.0742
  -2825.00   42256.18  0.0695529    19.0002   239.5816   123.8862    54.8857
  -2815.00   42255.10  0.0694805    19.0237   237.8219   124.2470    54.7141
  -2805.00   42252.30  0.0695248    19.0489   236.2797   124.5277    54.5751
  -2795.00   42251.24  0.0693790    19.0827   234.9258   124.7861    54.4235
  -2785.00   42251.98  0.0692519    19.1108   233.6917   125.0396    54.2606
  -2775.00   42251.20  0.0693256    19.1303   232.4769   125.3115    54.1229
  -2765.00   42249.91  0.0692899    19.1581   231.3879   125.4505    54.0025
  -2755.00   42250.96  0.0692734    19.1856   230.2635   125.5999    53.8667
  -2745.00   42253.33  0.0693456    19.2026   228.9058   125.8851    53.7169
  -2735.00   42253.64  0.0694385    19.2201   227.4752   126.0671    53.5894
  -2725.00   42253.33  0.0696117    19.2391   225.9075   126.2395    53.4712
  -2715.00   42255.34  0.0696856    19.2582   224.0943   126.5478    53.3164
  -2705.00   42256.98  0.0697925    19.2723   222.1418   126.8582    53.1579
  -2695.00   42256.26  0.0700476    19.2826   220.0952   127.1828    53.0209
  -2685.00   42255.01  0.0701120    19.3037   218.0495   127.5247    52.8697
  -2675.00   42255.77  0.0701510    19.3240   216.0310   127.9152    52.6902
  -2665.00   42256.05  0.0702898    19.3359   214.0342   128.3878    52.5160
  -2655.00   42253.72  0.0702889    19.3574   212.2676   128.7524    52.3621
  -2645.00   42251.97  0.0702704    19.3860   210.6720   129.1265    52.1949
  -2635.00   42252.56  0.0702099    19.4093   209.1420   129.5993    52.0105
  -2625.00   42252.35  0.0701074    19.4327   207.8104   129.9419    51.8501
  -2615.00   42250.39  0.0700802    19.4610   206.5872   130.2244    51.7129
  -2605.00   42250.04  0.0699177    19.4930   205.3571   130.5440    51.5601
  -2595.00   42252.02  0.0697752    19.5185   204.1238   130.7970    51.4046
  -2585.00   42252.87  0.0698001    19.5382   202.7906   131.0119    51.2787
  -2575.00   42252.29  0.0697000    19.5654   201.3696   131.1714    51.1605
  -2565.00   42253.54  0.0696653    19.5901   199.8046   131.3425    51.0204
  -2555.00   42256.26  0.0697575    19.6028   198.0154   131.5885    50.8778
  -2545.00   42256.66  0.0697904    19.6189   196.1740   131.7425    50.7541
  -2535.00   42255.40  0.0699169    19.6385   194.2535   131.9343    50.6233
  -2525.00   42255.96  0.0700271    19.6532   192.2270   132.2717    50.4601
  -2515.00   42256.69  0.0701095    19.6661   190.2917   132.5538    50.3004
  -2505.00   42255.17  0.0702917    19.6801   188.4468   132.8505    50.1576
  -2495.00   42252.62  0.0703327    19.7020   186.6941   133.2373    49.9938
  -2485.00   42252.33  0.0703621    19.7226   185.1113   133.6136    49.8115
  -2475.00   42252.88  0.0704673    19.7368   183.6380   134.0088    49.6452
  -2465.00   42250.95  0.0703937    19.7617   182.3096   134.3511    49.4953
  -2455.00   42249.72  0.0703603    19.7914   181.0487   134.6999    49.3269
  -2445.00   42251.20  0.0703456    19.8126   179.7454   135.1000    49.1548
  -2435.00   42252.57  0.0702142    19.8351   178.4804   135.3560    49.0124
  -2425.00   42252.06  0.0701756    19.8644   177.1166   135.5962    48.8781
  -2415.00   42252.30  0.0701007    19.8915   175.5745   135.9022    48.7286
  -2405.00   42254.86  0.0700160    19.9115   173.9648   136.0973    48.5846
  -2395.00   42256.30  0.0700555    19.9301   172.2116   136.2646    48.4651
  -2385.00   42255.27  0.0700051    19.9542   170.3300   136.4661    48.3425
  -2375.00   42255.25  0.0700468    19.9739   168.4244   136.6538    48.1973
  -2365.00   42256.81  0.0702002    19.9836   166.4833   136.8759    48.0582
  -2355.00   42256.37  0.0702184    19.9986   164.6247   137.0626    47.9337
  -2345.00   42253.94  0.0703662    20.0180   162.8492   137.3080    47.7894
  -2335.00   42253.02  0.0705598    20.0298   161.1414   137.6653    47.6235
  -2325.00   42253.53  0.0706322    20.0412   159.6376   137.9450    47.4687
  -2315.00   42252.42  0.0707800    20.0586   158.2188   138.2715    47.3215
  -2305.00   42250.09  0.0708695    20.0794   156.8180   138.7187    47.1523
  -2295.00   42250.26  0.0709197    20.0979   155.5271   139.0988    46.9748
  -2285.00   42252.08  0.0709965    20.1141   154.2041   139.4816    46.8175
  -2275.00   42251.65  0.0708946    20.1399   152.7846   139.8931    46.6681
  -2265.00   42251.29  0.0708617    20.1682   151.2931   140.2731    46.5007
  -2255.00   42253.36  0.0708581    20.1878   149.6568   140.6564    46.3389
  -2245.00   42255.60  0.0706429    20.2103   147.9317   140.9351    46.2072
  -2235.00   42255.61  0.0705484    20.2400   146.0668   141.2129    46.0711
  -2225.00   42254.95  0.0704978    20.2638   144.0885   141.5298    45.9233
  -2215.00   42256.46  0.0703567    20.2805   142.1886   141.6932    45.7904
  -2205.00   42257.13  0.0703146    20.3005   140.2786   141.8578    45.6722
  -2195.00   42254.97  0.0702600    20.3224   138.3875   142.1010    45.5429
  -2185.00   42253.31  0.0702989    20.3376   136.7133   142.2602    45.3968
  -2175.00   42253.75  0.0704207    20.3469   135.1608   142.4343    45.2602
  -2165.00   42253.34  0.0703887    20.3619   133.7034   142.6611    45.1301
  -2155.00   42251.12  0.0705318    20.3798   132.3716   142.9195    44.9735
  -2145.00   42250.25  0.0707545    20.3902   131.0946   143.2399    44.8050
  -2135.00   42251.75  0.0707562    20.4019   129.8862   143.5096    44.6530
  -2125.00   42252.14  0.0708525    20.4227   128.5810   143.8581    44.4971
  -2115.00   42250.91  0.0709707    20.4435   127.1354   144.3074    44.3236
  -2105.00   42251.84  0.0709804    20.4608   125.6884   144.6269    44.1547
  -2095.00   42254.39  0.0709856    20.4811   124.0471   144.9689    44.0058
  -2085.00   42254.90  0.0708738    20.5079   122.1762   145.3946    43.8587
  -2075.00   42254.31  0.0708473    20.5333   120.2825   145.7114    43.6992
  -2065.00   42255.53  0.0708428    20.5517   118.3193   145.9930    43.5529
  -2055.00   42257.18  0.0706046    20.5732   116.3086   146.2579    43.4310
  -2045.00   42256.63  0.0705429    20.5995   114.3303   146.5146    43.2953
  -2035.00   42254.42  0.0705942    20.6179   112.4589   146.7674    43.1502
  -2025.00   42254.42  0.0704662    20.6304   110.8243   146.8871    43.0253
  -2015.00   42254.56  0.0704535    20.6490   109.2677   147.0662    42.9019
  -2005.00   42252.30  0.0705146    20.6673   107.7845   147.3506    42.7619
  -1995.00   42250.35  0.0706042    20.6776   106.5846   147.4865    42.6149
  -1985.00   42250.92  0.0707344    20.6876   105.4173   147.6626    42.4779
  -1975.00   42251.83  0.0707395    20.7028   104.1496   147.9801    42.3404
  -1965.00   42251.02  0.0709244    20.7184   102.9084   148.2646    42.1789
  -1955.00   42251.00  0.0711713    20.7283   101.5841   148.5609    42.0150
  -1945.00   42253.44  0.0711368    20.7407   100.0994   148.8786    41.8692
  -1935.00   42255.16  0.0712367    20.7619    98.3820   149.2811    41.7112
  -1925.00   42254.46  0.0714181    20.7811    96.4770   149.7421    41.5392
  -1915.00   42254.83  0.0713859    20.7964    94.5752   150.0537    41.3819
  -1905.00   42256.56  0.0713520    20.8186    92.4893   150.4371    41.2368
  -1895.00   42256.77  0.0712764    20.8450    90.2597   150.9437    41.0878
  -1885.00   42254.91  0.0712336    20.8668    88.2544   151.2556    40.9335
  -1875.00   42254.36  0.0711627    20.8858    86.3575   151.5277    40.7962
  -1865.00   42254.98  0.0708772    20.9077    84.5154   151.8669    40.6759
  -1855.00   42254.27  0.0707945    20.9312    82.8888   152.1467    40.5388
  -1845.00   42251.70  0.0708220    20.9467    81.5004   152.3464    40.3981
  -1835.00   42251.32  0.0706025    20.9577    80.3074   152.4628    40.2789
  -1825.00   42252.26  0.0705476    20.9750    79.1121   152.6588    40.1514
  -1815.00   42251.40  0.0706650    20.9901    77.8888   152.9335    40.0040
  -1805.00   42250.37  0.0707049    20.9968    76.8251   153.0202    39.8589
  -1795.00   42251.59  0.0707825    21.0075    75.5780   153.1909    39.7194
  -1785.00   42253.83  0.0708326    21.0233    74.0036   153.5760    39.5713
  -1775.00   42254.16  0.0710222    21.0367    72.4067   153.8459    39.4056
  -1765.00   42254.20  0.0712158    21.0481    70.6637   154.1048    39.2451
  -1755.00   42256.08  0.0711259    21.0637    68.6715   154.4791    39.1004
  -1745.00   42257.68  0.0712106    21.0856    66.5545   154.8982    38.9412
  -1735.00   42256.45  0.0713912    21.1046    64.4402   155.2982    38.7751
  -1725.00   42255.16  0.0712533    21.1200    62.4789   155.5692    38.6314
  -1715.00   42255.27  0.0711722    21.1432    60.5074   155.9286    38.4924
  -1705.00   42255.08  0.0711684    21.1674    58.5680   156.4034    38.3453
  -1695.00   42252.74  0.0711041    21.1838    57.0450   156.6128    38.2015
  -1685.00   42251.43  0.0710111    21.2014    55.6499   156.8206    38.0719
  -1675.00   42252.03  0.0707978    21.2211    54.2349   157.1748    37.9497
  -1665.00   42252.38  0.0708050    21.2382    53.0265   157.4068    37.8104
  -1655.00   42251.04  0.0708654    21.2503    51.9245   157.5447    37.6725
  -1645.00   42251.16  0.0706590    21.2599    50.7720   157.6926    37.5527
  -1635.00   42253.26  0.0706744    21.2746    49.4448   157.9280    37.4186
  -1625.00   42254.02  0.0708982    21.2867    47.9733   158.1867    37.2669
  -1615.00   42253.68  0.0709184    21.2916    46.5167   158.2800    37.1252
  -1605.00   42254.59  0.0709851    21.3030    44.7790   158.4944    36.9855
  -1595.00   42256.78  0.0711496    21.3186    42.7007   158.9416    36.8317
  -1585.00   42257.12  0.0713626    21.3294    40.7390   159.2051    36.6693
  -1575.00   42255.95  0.0715193    21.3414    38.7426   159.4699    36.5155
  -1565.00   42255.85  0.0714510    21.3588    36.5907   159.9373    36.3712
  -1555.00   42256.44  0.0715803    21.3787    34.5646   160.3875    36.2127
  -1545.00   42254.86  0.0717606    21.3963    32.7410   160.7661    36.0529
  -1535.00   42252.52  0.0715489    21.4120    31.1093   161.0966    35.9163
  -1525.00   42251.91  0.0714383    21.4344    29.5350   161.5095    35.7793
  -1515.00   42252.40  0.0714887    21.4562    28.0235   161.9835    35.6323
  -1505.00   42251.33  0.0713335    21.4696    26.8477   162.1852    35.4965
  -1495.00   42250.57  0.0711517    21.4863    25.6401   162.4108    35.3716
  -1485.00   42251.86  0.0709686    21.5048    24.2176   162.8172    35.2457
  -1475.00   42253.79  0.0709571    21.5170    22.9254   163.0062    35.1076
  -1465.00   42253.85  0.0709449    21.5272    21.5565   163.1171    34.9735
  -1455.00   42253.99  0.0706954    21.5369    19.9422   163.3256    34.8516
  -1445.00   42256.00  0.0707377    21.5489    18.1603   163.5698    34.7118
  -1435.00   42257.15  0.0709681    21.5590    16.2927   163.7775    34.5587
  -1425.00   42256.45  0.0709156    21.5642    14.4526   163.8914    34.4178
  -1415.00   42255.67  0.0709446    21.5765    12.4547   164.1526    34.2751
  -1405.00   42256.38  0.0711846    21.5923    10.3424   164.5915    34.1153
  -1395.00   42256.31  0.0713475    21.6024     8.5541   164.8207    33.9562
  -1385.00   42254.17  0.0714058    21.6160     6.8537   165.0829    33.8082
  -1375.00   42252.71  0.0713598    21.6356     5.0558   165.6012    33.6626
  -1365.00   42253.03  0.0714820    21.6536     3.5378   165.9968    33.5083
  -1355.00   42252.46  0.0715877    21.6695     2.2117   166.2912    33.3591
  -1345.00   42250.83  0.0713143    21.6856     0.8792   166.6453    33.2299
  -1335.00   42250.62  0.0712074    21.7052   359.5241   167.0329    33.0968
  -1325.00   42252.34  0.0713014    21.7223   358.1459   167.3903    32.9544
  -1315.00   42253.18  0.0711003    21.7321   356.8620   167.5441    32.8264
  -1305.00   42253.05  0.0709142    21.7456   355.3708   167.7533    32.7045
  -1295.00   42254.31  0.0708772    21.7607   353.5625   168.1392    32.5727
  -1285.00   42256.70  0.0709072    21.7680   351.8838   168.2633    32.4354
  -1275.00   42257.08  0.0709154    21.7758   350.0991   168.3575    32.3025
  -1265.00   42256.09  0.0707616    21.7860   348.0557   168.6553    32.1745
  -1255.00   42256.34  0.0708960    21.7954   346.0888   168.8995    32.0306
  -1245.00   42256.68  0.0711570    21.8041   344.2237   169.0874    31.8791
  -1235.00   42255.47  0.0710927    21.8104   342.4677   169.2784    31.7400
  -1225.00   42253.11  0.0711600    21.8227   340.7251   169.6074    31.5965
  -1215.00   42252.61  0.0714588    21.8371   339.0468   170.0278    31.4375
  -1205.00   42253.02  0.0715748    21.8459   337.7047   170.2592    31.2848
  -1195.00   42251.57  0.0715885    21.8592   336.3662   170.5724    31.1427
  -1185.00   42250.35  0.0716299    21.8783   334.8262   171.1441    30.9956
  -1175.00   42251.36  0.0717473    21.8931   333.4959   171.5218    30.8455
  -1165.00   42252.66  0.0717873    21.9070   332.1643   171.8146    30.7043
  -1155.00   42252.55  0.0715225    21.9236   330.5404   172.2799    30.5766
  -1145.00   42252.61  0.0714309    21.9405   328.8334   172.7021    30.4445
  -1135.00   42254.68  0.0714854    21.9544   327.0672   173.0217    30.3071
  -1125.00   42256.45  0.0711921    21.9634   325.2596   173.2326    30.1844
  -1115.00   42255.94  0.0709624    21.9754   323.2899   173.4946    30.0639
  -1105.00   42255.64  0.0709646    21.9879   321.1777   173.8544    29.9297
  -1095.00   42256.84  0.0709066    21.9926   319.3548   173.9464    29.7948
  -1085.00   42256.75  0.0708399    21.9989   317.5844   174.0339    29.6637
  -1075.00   42254.63  0.0707628    22.0092   315.6758   174.3817    29.5282
  -1065.00   42253.14  0.0708969    22.0166   314.0872   174.5855    29.3807
  -1055.00   42253.13  0.0711101    22.0240   312.6920   174.7318    29.2298
  -1045.00   42252.60  0.0710282    22.0327   311.2991   175.0067    29.0888
  -1035.00   42250.40  0.0711253    22.0451   309.9422   175.3597    28.9424
  -1025.00   42249.99  0.0714075    22.0588   308.6027   175.7362    28.7858
  -1015.00   42251.74  0.0714072    22.0682   307.3869   175.9810    28.6402
  -1005.00   42252.02  0.0713668    22.0819   305.9896   176.3262    28.5042
   -995.00   42251.70  0.0714485    22.0997   304.2836   176.8621    28.3604
   -985.00   42253.06  0.0714839    22.1116   302.6858   177.1650    28.2188
   -975.00   42255.46  0.0714273    22.1229   300.9737   177.4056    28.0885
   -965.00   42256.08  0.0712335    22.1380   298.8836   177.8741    27.9624
   -955.00   42255.21  0.0711851    22.1507   296.8413   178.2182    27.8317
   -945.00   42255.94  0.0712266    22.1600   294.8693   178.4367    27.6993
   -935.00   42257.09  0.0709578    22.1677   292.8863   178.6727    27.5773
   -925.00   42255.64  0.0708217    22.1772   290.9633   178.9305    27.4533
   -915.00   42253.54  0.0709232    22.1863   289.1291   179.2249    27.3161
   -905.00   42253.39  0.0708502    22.1896   287.6518   179.3236    27.1814
   -895.00   42253.49  0.0707979    22.1949   286.2913   179.4445    27.0505
   -885.00   42251.75  0.0708684    22.2044   284.8146   179.8114    26.9098
   -875.00   42250.04  0.0710151    22.2102   283.6341   180.0022    26.7625
   -865.00   42250.89  0.0711911    22.2159   282.5265   180.1447    26.6170
   -855.00   42252.05  0.0711819    22.2255   281.1591   180.5155    26.4759
   -845.00   42251.15  0.0713388    22.2365   279.7491   180.8736    26.3302
   -835.00   42251.21  0.0716266    22.2476   278.2180   181.2248    26.1792
   -825.00   42253.79  0.0715808    22.2571   276.5568   181.5551    26.0396
   -815.00   42255.31  0.0715756    22.2700   274.6716   181.9532    25.9065
   -805.00   42255.03  0.0717144    22.2854   272.5151   182.4798    25.7656
   -795.00   42255.24  0.0716744    22.2956   270.4810   182.8075    25.6297
   -785.00   42256.99  0.0715546    22.3057   268.4270   183.1032    25.5056
   -775.00   42257.20  0.0714266    22.3195   266.1725   183.6082    25.3792
   -765.00   42254.73  0.0713455    22.3295   264.2000   183.9376    25.2493
   -755.00   42253.70  0.0712896    22.3361   262.4698   184.1458    25.1217
   -745.00   42254.13  0.0710133    22.3435   260.7657   184.4645    24.9989
   -735.00   42252.85  0.0708839    22.3510   259.2913   184.7165    24.8714
   -725.00   42250.48  0.0709620    22.3571   257.9604   184.9516    24.7336
   -715.00   42250.37  0.0708055    22.3599   256.8079   185.1000    24.5990
   -705.00   42251.84  0.0707339    22.3648   255.6790   185.2535    24.4663
   -695.00   42251.75  0.0708660    22.3730   254.3393   185.5827    24.3221
   -685.00   42250.79  0.0709467    22.3782   253.0920   185.7607    24.1753
   -675.00   42252.55  0.0710392    22.3837   251.7336   185.9180    24.0344
   -665.00   42254.83  0.0710974    22.3942   249.9528   186.3307    23.8931
   -655.00   42254.71  0.0712344    22.4047   248.1333   186.6508    23.7494
   -645.00   42254.18  0.0714452    22.4141   246.2050   186.9457    23.6066
   -635.00   42255.91  0.0713633    22.4244   244.0713   187.3477    23.4732
   -625.00   42257.19  0.0713539    22.4363   241.9499   187.7163    23.3437
   -615.00   42255.85  0.0714869    22.4484   239.7947   188.1425    23.2084
   -605.00   42254.33  0.0713537    22.4566   237.8443   188.4620    23.0791
   -595.00   42254.83  0.0712192    22.4645   236.0629   188.7438    22.9585
   -585.00   42254.86  0.0711730    22.4748   234.2709   189.1712    22.8317
   -575.00   42251.96  0.0710741    22.4812   232.8163   189.4258    22.7016
   -565.00   42250.49  0.0710035    22.4848   231.5653   189.6002    22.5759
   -555.00   42251.40  0.0708491    22.4906   230.2137   189.9369    22.4498
   -545.00   42251.62  0.0707885    22.4958   229.0293   190.1424    22.3181
   -535.00   42250.27  0.0708944    22.4992   227.8357   190.3214    22.1810
   -525.00   42250.96  0.0707818    22.5019   226.5033   190.5485    22.0469
   -515.00   42253.75  0.0707814    22.5065   225.0929   190.7314    21.9135
   -505.00   42255.05  0.0709806    22.5130   223.4157   191.0200    21.7709
   -495.00   42254.26  0.0710302    22.5174   221.6754   191.2355    21.6283
   -485.00   42255.45  0.0711243    22.5227   219.8172   191.4488    21.4926
   -475.00   42257.34  0.0712786    22.5322   217.6531   191.8710    21.3537
   -465.00   42256.70  0.0713944    22.5410   215.5980   192.1787    21.2128
   -455.00   42254.54  0.0715600    22.5485   213.5921   192.4803    21.0768
   -445.00   42254.46  0.0715498    22.5584   211.4809   192.9669    20.9458
   -435.00   42255.16  0.0715607    22.5687   209.6294   193.3421    20.8167
   -425.00   42253.35  0.0716695    22.5778   207.9037   193.7343    20.6849
   -415.00   42251.32  0.0715029    22.5850   206.2931   194.1514    20.5588
   -405.00   42251.73  0.0713754    22.5918   204.8902   194.4879    20.4387
   -395.00   42252.97  0.0713423    22.5993   203.4757   194.8899    20.3123
   -385.00   42251.23  0.0711456    22.6035   202.1961   195.1742    20.1839
   -375.00   42250.49  0.0710128    22.6057   200.9533   195.3892    20.0601
   -365.00   42252.43  0.0709065    22.6098   199.4682   195.7364    19.9328
   -355.00   42254.04  0.0707815    22.6131   198.0249   195.9162    19.7994
   -345.00   42253.44  0.0708046    22.6148   196.4665   196.0647    19.6640
   -335.00   42253.92  0.0707202    22.6177   194.6195   196.3493    19.5300
   -325.00   42256.50  0.0707250    22.6223   192.7814   196.5199    19.3949
   -315.00   42257.68  0.0708937    22.6278   190.8130   196.7438    19.2539
   -305.00   42255.89  0.0708904    22.6326   188.7927   197.0104    19.1149
   -295.00   42255.29  0.0709851    22.6387   186.8629   197.2506    18.9823
   -285.00   42256.12  0.0711699    22.6475   184.8860   197.6265    18.8466
   -275.00   42254.90  0.0711868    22.6551   183.1276   197.9262    18.7105
   -265.00   42251.95  0.0712769    22.6614   181.5278   198.2265    18.5812
   -255.00   42251.12  0.0713212    22.6697   179.8743   198.7043    18.4541
   -245.00   42252.30  0.0712820    22.6773   178.5047   199.0194    18.3269
   -235.00   42251.45  0.0713106    22.6827   177.1946   199.3318    18.1997
   -225.00   42250.34  0.0711690    22.6876   175.7580   199.7621    18.0758
   -215.00   42251.53  0.0710824    22.6920   174.4355   200.0451    17.9546
   -205.00   42254.21  0.0710686    22.6958   172.9893   200.3394    17.8282
   -195.00   42253.89  0.0708648    22.6979   171.4001   200.6296    17.7005
   -185.00   42253.43  0.0707914    22.6990   169.7586   200.8398    17.5762
   -175.00   42255.40  0.0708063    22.7015   167.8855   201.1303    17.4481
   -165.00   42257.05  0.0706732    22.7036   166.0134   201.3056    17.3150
   -155.00   42256.03  0.0706939    22.7046   164.1079   201.4648    17.1823
   -145.00   42254.91  0.0707344    22.7072   162.0380   201.7805    17.0499
   -135.00   42255.97  0.0707690    22.7112   160.1951   201.9404    16.9155
   -125.00   42256.40  0.0709134    22.7152   158.4211   202.1406    16.7784
   -115.00   42253.85  0.0709475    22.7195   156.6402   202.4802    16.6433
   -105.00   42252.12  0.0711026    22.7249   155.1133   202.7340    16.5122
    -95.00   42252.87  0.0713230    22.7316   153.6384   203.0655    16.3794
    -85.00   42252.49  0.0713060    22.7375   152.2261   203.4260    16.2469
    -75.00   42250.43  0.0714099    22.7426   150.8872   203.7767    16.1206
    -65.00   42250.20  0.0715442    22.7488   149.4054   204.2532    15.9955
    -55.00   42252.57  0.0714552    22.7542   147.9993   204.5958    15.8700
    -45.00   42253.32  0.0714162    22.7577   146.4722   204.9510    15.7464
    -35.00   42252.94  0.0713204    22.7609   144.6474   205.4460    15.6245
    -25.00   42254.20  0.0712119    22.7637   142.8999   205.7308    15.5031
    -15.00   42257.03  0.0711115    22.7655   141.0198   206.0068    15.3787
     -5.00   42256.92  0.0708614    22.7663   138.9291   206.3700    15.2526
      5.00   42255.39  0.0707793    22.7669   136.9530   206.5902    15.1277
     15.00   42255.90  0.0707844    22.7683   134.9892   206.8092    14.9995
     25.00   42256.51  0.0705718    22.7696   133.0928   207.0159    14.8670
     35.00   42254.88  0.0705532    22.7707   131.3544   207.1977    14.7352
     45.00   42252.45  0.0706702    22.7732   129.6602   207.4776    14.6034
     55.00   42252.59  0.0706524    22.7767   128.2589   207.6181    14.4697
     65.00   42253.33  0.0707268    22.7802   126.9388   207.8162    14.3361
     75.00   42251.49  0.0708048    22.7840   125.5162   208.1969    14.2047
     85.00   42250.26  0.0709489    22.7887   124.3118   208.4164    14.0761
     95.00   42251.92  0.0711058    22.7935   123.0470   208.6843    13.9479
    105.00   42253.06  0.0710428    22.7975   121.5490   209.0953    13.8209
    115.00   42252.37  0.0711353    22.8010   120.0195   209.4346    13.6979
    125.00   42252.56  0.0712833    22.8045   118.3086   209.8085    13.5758
    135.00   42255.17  0.0711113    22.8072   116.4784   210.1421    13.4532
    145.00   42256.56  0.0710355    22.8087   114.5070   210.4891    13.3318
    155.00   42255.59  0.0710302    22.8098   112.3310   210.9313    13.2105
    165.00   42255.54  0.0708983    22.8107   110.3561   211.1418    13.0884
    175.00   42257.10  0.0707724    22.8111   108.3870   211.3738    12.9645
    185.00   42256.44  0.0706021    22.8109   106.3207   211.7587    12.8387
    195.00   42253.83  0.0705888    22.8109   104.6109   211.9286    12.7127
    205.00   42252.92  0.0706193    22.8114   103.0901   212.0682    12.5851
    215.00   42253.25  0.0704384    22.8120   101.5874   212.3190    12.4546
    225.00   42252.29  0.0704888    22.8127   100.2701   212.5275    12.3244
    235.00   42250.14  0.0707001    22.8141    99.0303   212.7488    12.1946
    245.00   42250.61  0.0706678    22.8162    97.8796   212.9086    12.0640
    255.00   42252.63  0.0707444    22.8186    96.6330   213.1523    11.9341
    265.00   42252.39  0.0709324    22.8210    95.1301   213.5601    11.8059
    275.00   42252.05  0.0710702    22.8239    93.7090   213.7685    11.6797
    285.00   42254.02  0.0711871    22.8269    92.0889   214.0387    11.5550
    295.00   42256.01  0.0711689    22.8295    90.0631   214.5404    11.4315
    305.00   42255.77  0.0712931    22.8316    88.0514   214.9038    11.3101
    315.00   42254.94  0.0714247    22.8334    85.9854   215.2383    11.1903
    325.00   42256.11  0.0712086    22.8347    83.7881   215.6561    11.0703
    335.00   42256.87  0.0711277    22.8354    81.6274   216.0753    10.9499
    345.00   42254.83  0.0711656    22.8352    79.5439   216.4975    10.8291
    355.00   42253.22  0.0709283    22.8348    77.7824   216.7270    10.7077
    365.00   42253.65  0.0707227    22.8346    76.1498   216.9936    10.5844
    375.00   42253.33  0.0705975    22.8337    74.4952   217.4128    10.4585
    385.00   42251.26  0.0705258    22.8327    73.2664   217.5376    10.3323
    395.00   42250.33  0.0704675    22.8327    72.1711   217.6278    10.2056
    405.00   42251.58  0.0702821    22.8327    70.8769   217.9235    10.0769
    415.00   42252.25  0.0703620    22.8330    69.6641   218.1140     9.9480
    425.00   42251.25  0.0705655    22.8336    68.4266   218.2518     9.8208
    435.00   42252.06  0.0704767    22.8349    66.9999   218.4385     9.6945
    445.00   42254.72  0.0705558    22.8366    65.3381   218.7214     9.5686
    455.00   42255.41  0.0708121    22.8379    63.4199   219.1027     9.4441
    465.00   42254.93  0.0708607    22.8391    61.5538   219.2998     9.3223
    475.00   42255.65  0.0708847    22.8408    59.5400   219.5782     9.2019
    485.00   42257.00  0.0709053    22.8419    57.2308   220.1116     9.0812
    495.00   42256.38  0.0709924    22.8421    55.1838   220.4203     8.9614
    505.00   42254.07  0.0710314    22.8422    53.3057   220.6664     8.8431
    515.00   42253.56  0.0707932    22.8421    51.3660   221.0941     8.7240
    525.00   42253.88  0.0707562    22.8415    49.6397   221.4681     8.6027
    535.00   42252.10  0.0708390    22.8398    48.1412   221.7617     8.4813
    545.00   42250.36  0.0705714    22.8383    46.8388   221.9693     8.3605
    555.00   42250.85  0.0704050    22.8375    45.5753   222.2299     8.2371
    565.00   42251.96  0.0704374    22.8357    44.2075   222.6033     8.1115
    575.00   42251.66  0.0703632    22.8337    43.0762   222.6941     7.9874
    585.00   42251.33  0.0702902    22.8330    41.8784   222.7793     7.8633
    595.00   42253.31  0.0702087    22.8324    40.2705   223.1299     7.7374
    605.00   42255.15  0.0703445    22.8314    38.6923   223.2969     7.6117
    615.00   42254.78  0.0705449    22.8309    37.0452   223.3962     7.4882
    625.00   42254.68  0.0704545    22.8312    35.1110   223.6481     7.3658
    635.00   42256.29  0.0706050    22.8319    33.0450   223.9644     7.2424
    645.00   42256.78  0.0709446    22.8318    30.9327   224.3121     7.1201
    655.00   42255.36  0.0709592    22.8317    28.9637   224.5487     7.0014
    665.00   42254.11  0.0709739    22.8326    26.9995   224.8960     6.8826
    675.00   42254.40  0.0711009    22.8327    24.9448   225.4665     6.7620
    685.00   42253.94  0.0711611    22.8314    23.2829   225.7861     6.6434
    695.00   42251.50  0.0711127    22.8305    21.8226   226.0596     6.5264
    705.00   42250.57  0.0708778    22.8298    20.2262   226.5755     6.4075
    715.00   42251.51  0.0708360    22.8278    18.8404   226.9490     6.2862
    725.00   42251.52  0.0708568    22.8250    17.6010   227.1900     6.1661
    735.00   42250.80  0.0705040    22.8228    16.2809   227.4518     6.0469
    745.00   42251.74  0.0703235    22.8213    14.8532   227.7378     5.9240
    755.00   42254.08  0.0704041    22.8187    13.2745   228.0394     5.7996
    765.00   42255.15  0.0702532    22.8160    11.7407   228.1274     5.6787
    775.00   42254.69  0.0701218    22.8151    10.0582   228.2373     5.5573
    785.00   42255.82  0.0701345    22.8143     8.0022   228.6045     5.4332
    795.00   42257.19  0.0702418    22.8124     6.1039   228.7357     5.3111
    805.00   42256.57  0.0703812    22.8113     4.2661   228.8129     5.1914
    815.00   42254.79  0.0702871    22.8114     2.2205   229.1463     5.0720
    825.00   42254.60  0.0704486    22.8107     0.3180   229.4438     4.9508
    835.00   42254.80  0.0707686    22.8093   358.5884   229.7186     4.8305
    845.00   42253.29  0.0706881    22.8081   357.0070   229.9810     4.7146
    855.00   42251.42  0.0706770    22.8077   355.4711   230.3471     4.5964
    865.00   42251.56  0.0708465    22.8062   353.9169   230.8465     4.4751
    875.00   42252.40  0.0708252    22.8032   352.6464   231.1042     4.3581
    885.00   42251.34  0.0707027    22.8013   351.3870   231.3577     4.2421
    895.00   42250.91  0.0705358    22.7997   349.8217   231.8648     4.1222
    905.00   42252.63  0.0705035    22.7963   348.3726   232.1465     4.0017
    915.00   42254.38  0.0705022    22.7927   346.9194   232.2966     3.8839
    925.00   42254.44  0.0701862    22.7904   345.1689   232.5826     3.7665
    935.00   42254.87  0.0700952    22.7881   343.3109   232.8438     3.6450
    945.00   42256.79  0.0702529    22.7847   341.4032   233.0537     3.5231
    955.00   42257.89  0.0701185    22.7815   339.5308   233.1522     3.4060
    965.00   42256.35  0.0700359    22.7802   337.6123   233.3108     3.2870
    975.00   42255.33  0.0701815    22.7787   335.5717   233.6655     3.1638
    985.00   42255.42  0.0702903    22.7755   333.8540   233.7941     3.0446
    995.00   42254.73  0.0704065    22.7737   332.3203   233.8900     2.9277
   1005.00   42252.25  0.0704065    22.7732   330.6231   234.3014     2.8084
   1015.00   42251.29  0.0705869    22.7709   329.1738   234.5948     2.6881
   1025.00   42252.11  0.0708881    22.7679   327.8897   234.8346     2.5697
   1035.00   42252.08  0.0707968    22.7662   326.5304   235.1844     2.4551
   1045.00   42251.07  0.0708241    22.7644   325.0988   235.5982     2.3369
   1055.00   42251.69  0.0710304    22.7614   323.5581   236.0735     2.2159
   1065.00   42254.01  0.0709368    22.7575   322.0712   236.3669     2.1014
   1075.00   42254.41  0.0707766    22.7551   320.4009   236.6969     1.9868
   1085.00   42254.04  0.0706706    22.7529   318.3801   237.2389     1.8666
   1095.00   42255.28  0.0705722    22.7484   316.4854   237.5110     1.7484
   1105.00   42257.20  0.0704664    22.7445   314.6118   237.6588     1.6340
   1115.00   42257.01  0.0701624    22.7425   312.4896   238.0057     1.5178
   1125.00   42255.76  0.0700689    22.7393   310.4935   238.2437     1.3977
   1135.00   42255.93  0.0701789    22.7352   308.6852   238.3767     1.2787
   1145.00   42256.49  0.0699993    22.7320   306.9930   238.4992     1.1645
   1155.00   42254.38  0.0699425    22.7301   305.3884   238.6823     1.0465
   1165.00   42252.14  0.0701472    22.7273   303.8311   238.9857     0.9241
   1175.00   42251.93  0.0702016    22.7231   302.5664   239.1142     0.8076
   1185.00   42252.29  0.0702558    22.7206   301.3887   239.2473     0.6930
   1195.00   42250.85  0.0703309    22.7192   299.9518   239.6889     0.5730
   1205.00   42250.32  0.0704571    22.7151   298.6517   239.9682     0.4541
   1215.00   42252.23  0.0706420    22.7109   297.3659   240.1692     0.3388
   1225.00   42253.96  0.0705291    22.7090   295.7576   240.5682     0.2248
   1235.00   42253.89  0.0705392    22.7058   294.0196   240.9445     0.1070
   1245.00   42254.29  0.0707147    22.7013   292.1563   241.3135   359.9878
   1255.00   42256.74  0.0705488    22.6974   290.2437   241.5875   359.8759
   1265.00   42257.35  0.0704086    22.6945   288.1964   241.8897   359.7621
   1275.00   42255.98  0.0704078    22.6916   285.9742   242.3465   359.6419
   1285.00   42255.38  0.0703007    22.6865   284.0167   242.5576   359.5264
   1295.00   42256.16  0.0701915    22.6826   282.2122   242.6881   359.4146
   1305.00   42255.51  0.0700214    22.6808   280.3190   243.0390   359.2982
   1315.00   42253.02  0.0699868    22.6765   278.7257   243.2385   359.1792
   1325.00   42252.08  0.0700911    22.6714   277.3917   243.3343   359.0636
   1335.00   42253.01  0.0699517    22.6684   276.0981   243.5121   358.9510
   1345.00   42251.96  0.0699690    22.6653   274.8665   243.7069   358.8333
   1355.00   42250.23  0.0702322    22.6607   273.6207   243.9639   358.7123
   1365.00   42250.83  0.0702738    22.6555   272.4400   244.1234   358.5985
   1375.00   42252.77  0.0703448    22.6522   271.1385   244.3131   358.4850
   1385.00   42252.94  0.0705351    22.6495   269.4722   244.7566   358.3643
   1395.00   42252.67  0.0706659    22.6439   267.7976   245.0536   358.2468
   1405.00   42254.65  0.0708001    22.6392   266.0259   245.2967   358.1346
   1415.00   42256.95  0.0707595    22.6375   263.8930   245.7741   358.0200
   1425.00   42256.58  0.0707793    22.6333   261.7400   246.1736   357.9024
   1435.00   42255.44  0.0709085    22.6279   259.6127   246.5299   357.7865
   1445.00   42256.46  0.0707016    22.6248   257.5104   246.8930   357.6764
   1455.00   42256.51  0.0705492    22.6217   255.5090   247.2267   357.5630
   1465.00   42254.25  0.0705628    22.6176   253.5764   247.6381   357.4439
   1475.00   42252.26  0.0703722    22.6123   251.9805   247.8659   357.3314
   1485.00   42252.52  0.0702085    22.6082   250.5822   248.0299   357.2214
   1495.00   42252.63  0.0700992    22.6057   249.1399   248.3715   357.1044
   1505.00   42250.56  0.0700335    22.6000   247.9503   248.5382   356.9870
   1515.00   42250.02  0.0700681    22.5939   246.8608   248.6268   356.8750
   1525.00   42252.15  0.0699574    22.5908   245.5988   248.8594   356.7628
   1535.00   42252.82  0.0699880    22.5864   244.2888   249.0433   356.6451
   1545.00   42252.09  0.0702229    22.5799   242.8369   249.2491   356.5270
   1555.00   42253.08  0.0702163    22.5747   241.2327   249.4602   356.4158
   1565.00   42255.55  0.0702707    22.5709   239.4543   249.6827   356.3024
   1575.00   42256.26  0.0704816    22.5668   237.3947   250.0735   356.1818
   1585.00   42255.00  0.0705380    22.5606   235.3632   250.3556   356.0666
   1595.00   42255.52  0.0705943    22.5561   233.3292   250.6110   355.9564
   1605.00   42256.97  0.0705940    22.5545   231.1452   251.0687   355.8404
   1615.00   42255.67  0.0705819    22.5497   229.1721   251.4021   355.7227
   1625.00   42253.17  0.0706444    22.5438   227.3829   251.6868   355.6107
   1635.00   42252.95  0.0704691    22.5415   225.6709   252.0576   355.5008
   1645.00   42253.27  0.0703468    22.5382   224.1798   252.3381   355.3864
   1655.00   42251.55  0.0703925    22.5325   222.7895   252.6399   355.2698
   1665.00   42249.72  0.0702145    22.5271   221.5539   252.8671   355.1601
   1675.00   42250.70  0.0701008    22.5229   220.3817   253.0321   355.0508
   1685.00   42252.42  0.0701063    22.5190   219.0469   253.3265   354.9337
   1695.00   42251.64  0.0700532    22.5119   217.7662   253.4735   354.8187
   1705.00   42251.70  0.0700997    22.5053   216.3816   253.5821   354.7100
   1715.00   42254.40  0.0700977    22.5019   214.6924   253.8565   354.5974
   1725.00   42256.00  0.0701610    22.4962   212.9510   254.0290   354.4793
   1735.00   42255.28  0.0703843    22.4884   211.0711   254.2167   354.3651
   1745.00   42255.04  0.0704221    22.4836   209.0333   254.5023   354.2551
   1755.00   42256.53  0.0705217    22.4797   207.0057   254.7554   354.1401
   1765.00   42256.64  0.0707642    22.4741   204.9264   255.1128   354.0201
   1775.00   42253.96  0.0708029    22.4679   202.9778   255.4449   353.9070
   1785.00   42252.86  0.0708707    22.4638   201.1704   255.7644   353.7967
   1795.00   42253.73  0.0709431    22.4616   199.3704   256.2424   353.6788
   1805.00   42252.66  0.0708893    22.4561   197.8333   256.5935   353.5617
   1815.00   42250.47  0.0708911    22.4502   196.4249   256.9152   353.4529
   1825.00   42250.45  0.0707537    22.4481   194.9814   257.3547   353.3430
   1835.00   42252.20  0.0706005    22.4440   193.6875   257.6431   353.2277
   1845.00   42252.06  0.0705719    22.4368   192.3517   257.9123   353.1161
   1855.00   42251.03  0.0703617    22.4313   190.9183   258.1932   353.0097
   1865.00   42252.72  0.0702347    22.4268   189.4442   258.3707   352.9005
   1875.00   42255.21  0.0702465    22.4205   187.7558   258.6104   352.7853
   1885.00   42254.94  0.0701277    22.4124   186.0145   258.7640   352.6735
   1895.00   42254.31  0.0701508    22.4056   184.1775   258.8902   352.5664
   1905.00   42256.00  0.0702194    22.4014   182.1418   259.1656   352.4521
   1915.00   42257.10  0.0702361    22.3945   180.2226   259.3217   352.3332
   1925.00   42255.56  0.0703893    22.3865   178.3185   259.5066   352.2215
   1935.00   42253.65  0.0704598    22.3826   176.3887   259.8424   352.1107
   1945.00   42254.07  0.0705427    22.3787   174.6953   260.0844   351.9922
   1955.00   42254.01  0.0707173    22.3721   173.0858   260.3865   351.8741
   1965.00   42251.24  0.0707040    22.3667   171.5648   260.7443   351.7634
   1975.00   42249.95  0.0707576    22.3633   170.1994   261.0468   351.6520
   1985.00   42251.40  0.0708479    22.3598   168.8029   261.4444   351.5338
   1995.00   42251.77  0.0707279    22.3536   167.4860   261.7577   351.4197
   2005.00   42250.86  0.0707092    22.3478   166.1200   262.0446   351.3137
   2015.00   42251.55  0.0706682    22.3454   164.5553   262.4431   351.2035
   2025.00   42254.41  0.0705214    22.3401   163.0201   262.6722   351.0881
   2035.00   42255.48  0.0704811    22.3320   161.3149   262.8952   350.9809
   2045.00   42254.40  0.0703546    22.3268   159.4036   263.1993   350.8768
   2055.00   42255.38  0.0702934    22.3222   157.5392   263.3546   350.7654
   2065.00   42257.05  0.0703380    22.3142   155.5711   263.5459   350.6526
   2075.00   42256.22  0.0702252    22.3058   153.6105   263.7432   350.5440
   2085.00   42254.00  0.0702975    22.2997   151.7645   263.8876   350.4361
   2095.00   42254.02  0.0704598    22.2942   149.9343   264.1395   350.3200
   2105.00   42254.62  0.0704596    22.2862   148.3387   264.3093   350.2012
   2115.00   42253.04  0.0706110    22.2783   146.8311   264.5232   350.0905
   2125.00   42250.82  0.0707924    22.2744   145.3173   264.8926   349.9773
   2135.00   42251.44  0.0709005    22.2698   144.0382   265.1377   349.8552
   2145.00   42252.57  0.0710525    22.2624   142.7168   265.4527   349.7392
   2155.00   42251.11  0.0710814    22.2575   141.2545   265.9002   349.6302
   2165.00   42250.59  0.0711651    22.2546   139.8436   266.2356   349.5166
   2175.00   42252.80  0.0712522    22.2496   138.2624   266.6260   349.4001
   2185.00   42254.49  0.0710709    22.2430   136.5290   267.0217   349.2909
   2195.00   42254.17  0.0710192    22.2378   134.6873   267.3585   349.1873
   2205.00   42254.48  0.0710071    22.2341   132.6697   267.7494   349.0778
   2215.00   42256.81  0.0707714    22.2273   130.7100   267.9901   348.9649
   2225.00   42257.66  0.0706471    22.2186   128.6770   268.2294   348.8617
   2235.00   42255.48  0.0705603    22.2131   126.5845   268.5572   348.7584
   2245.00   42254.78  0.0704723    22.2074   124.7942   268.6766   348.6435
   2255.00   42255.17  0.0704662    22.1977   123.0683   268.8311   348.5321
   2265.00   42254.12  0.0703510    22.1892   121.3943   269.0880   348.4249
   2275.00   42251.37  0.0704396    22.1838   119.9998   269.2245   348.3121
   2285.00   42250.92  0.0706129    22.1766   118.6668   269.4285   348.1939
   2295.00   42252.17  0.0705516    22.1681   117.4320   269.6378   348.0759
   2305.00   42251.77  0.0706761    22.1614   116.1854   269.8809   347.9649
   2315.00   42250.62  0.0708972    22.1573   114.8241   270.2267   347.8493
   2325.00   42251.99  0.0709309    22.1520   113.5364   270.4454   347.7265
   2335.00   42254.40  0.0709981    22.1447   112.0160   270.7523   347.6142
   2345.00   42254.17  0.0710594    22.1406   110.1917   271.2122   347.5073
   2355.00   42253.78  0.0711216    22.1379   108.4239   271.4819   347.3921
   2365.00   42255.50  0.0711589    22.1316   106.4707   271.7921   347.2791
   2375.00   42257.17  0.0709741    22.1250   104.3083   272.2123   347.1749
   2385.00   42256.25  0.0709544    22.1208   102.2217   272.5148   347.0712
   2395.00   42255.07  0.0709900    22.1157   100.1709   272.8129   346.9614
   2405.00   42255.79  0.0707368    22.1077    98.2825   273.0428   346.8507
   2415.00   42256.08  0.0706320    22.0993    96.4830   273.2862   346.7487
   2425.00   42253.40  0.0706661    22.0935    94.7849   273.5842   346.6432
   2435.00   42251.78  0.0705857    22.0864    93.4840   273.6630   346.5254
   2445.00   42252.09  0.0705742    22.0759    92.2273   273.8011   346.4144
   2455.00   42252.16  0.0705627    22.0676    90.8783   274.1155   346.3076
   2465.00   42250.48  0.0707018    22.0622    89.7788   274.2314   346.1898
   2475.00   42250.62  0.0708956    22.0534    88.5899   274.3988   346.0706
   2485.00   42253.01  0.0708540    22.0443    87.2088   274.6852   345.9552
   2495.00   42254.11  0.0710403    22.0389    85.6965   274.9699   345.8424
   2505.00   42253.81  0.0713252    22.0338    83.9820   275.3033   345.7252
   2515.00   42254.87  0.0713240    22.0274    82.2148   275.5613   345.6037
   2525.00   42257.23  0.0713817    22.0210    80.1731   275.9414   345.4942
   2535.00   42257.02  0.0715279    22.0172    77.9019   276.4511   345.3878
   2545.00   42255.48  0.0715535    22.0139    75.8575   276.7308   345.2717
   2555.00   42255.42  0.0715098    22.0068    73.7806   277.0615   345.1622
   2565.00   42256.12  0.0713492    22.0003    71.5963   277.5774   345.0624
   2575.00   42254.71  0.0713196    21.9963    69.7563   277.8896   344.9572
   2585.00   42252.57  0.0712908    21.9890    68.1266   278.1426   344.8475
   2595.00   42252.45  0.0709647    21.9792    66.6258   278.4252   344.7403
   2605.00   42253.24  0.0708495    21.9709    65.2500   278.6937   344.6377
   2615.00   42251.68  0.0709077    21.9633    63.9783   278.9349   344.5284
   2625.00   42250.57  0.0707427    21.9539    62.9388   278.9978   344.4086
   2635.00   42251.75  0.0706691    21.9428    61.7597   279.1479   344.2968
   2645.00   42253.28  0.0707566    21.9348    60.3029   279.4770   344.1876
   2655.00   42252.99  0.0708711    21.9290    58.9868   279.5643   344.0645
   2665.00   42253.26  0.0709928    21.9198    57.4576   279.7002   343.9441
   2675.00   42255.63  0.0709723    21.9116    55.5412   280.0708   343.8321
   2685.00   42257.13  0.0711740    21.9081    53.5901   280.3569   343.7171
   2695.00   42256.42  0.0714241    21.9028    51.5543   280.6360   343.5996
   2705.00   42255.84  0.0713212    21.8960    49.5028   280.9266   343.4832
   2715.00   42256.80  0.0713572    21.8912    47.3805   281.3181   343.3764
   2725.00   42256.14  0.0715389    21.8873    45.2815   281.7645   343.2698
   2735.00   42253.74  0.0714778    21.8827    43.5721   281.9846   343.1541
   2745.00   42252.35  0.0713639    21.8750    41.9305   282.2788   343.0472
   2755.00   42252.75  0.0713016    21.8685    40.2200   282.7710   342.9482
   2765.00   42252.28  0.0713008    21.8640    38.9074   283.0030   342.8389
   2775.00   42250.67  0.0712471    21.8550    37.7169   283.1785   342.7280
   2785.00   42250.87  0.0709684    21.8442    36.3989   283.4983   342.6236
   2795.00   42252.86  0.0709459    21.8368    35.1103   283.7502   342.5178
   2805.00   42253.14  0.0710573    21.8279    33.7885   283.9309   342.4052
   2815.00   42252.79  0.0708637    21.8167    32.4446   284.0233   342.2865
   2825.00   42254.09  0.0708158    21.8062    30.8388   284.2178   342.1751
   2835.00   42256.10  0.0710242    21.7981    28.9515   284.5293   342.0631
   2845.00   42256.29  0.0711351    21.7913    27.2043   284.6099   341.9372
   2855.00   42255.37  0.0712141    21.7818    25.3015   284.7623   341.8168
   2865.00   42256.02  0.0713130    21.7744    23.0864   285.2006   341.7060
   2875.00   42256.82  0.0715778    21.7718    21.0900   285.4885   341.5870
   2885.00   42255.32  0.0718219    21.7661    19.2049   285.7519   341.4678
   2895.00   42253.27  0.0717152    21.7589    17.3172   286.1588   341.3563
   2905.00   42253.09  0.0717967    21.7555    15.5478   286.6057   341.2495
   2915.00   42252.92  0.0720063    21.7512    13.9122   287.0412   341.1419
   2925.00   42251.35  0.0718404    21.7443    12.5642   287.3198   341.0294
   2935.00   42250.11  0.0716555    21.7361    11.1910   287.6848   340.9259
   2945.00   42251.12  0.0716338    21.7285     9.6755   288.1805   340.8271
   2955.00   42252.48  0.0715560    21.7217     8.4275   288.3835   340.7155
   2965.00   42252.10  0.0713814    21.7102     7.1077   288.5516   340.6046
   2975.00   42252.56  0.0711291    21.6983     5.4365   288.9251   340.5016
   2985.00   42254.94  0.0711250    21.6905     3.7909   289.1397   340.3904
   2995.00   42256.15  0.0712046    21.6801     2.0838   289.2597   340.2726
   3005.00   42255.69  0.0709717    21.6679     0.2285   289.4222   340.1550
   3015.00   42255.57  0.0709559    21.6592   358.2439   289.6561   340.0410
   3025.00   42256.51  0.0712090    21.6518   356.2033   289.9246   339.9239
   3035.00   42256.43  0.0712460    21.6445   354.4181   290.0189   339.7969
   3045.00   42254.17  0.0712465    21.6364   352.6241   290.2239   339.6781
   3055.00   42253.08  0.0714045    21.6305   350.7134   290.6677   339.5672
   3065.00   42253.44  0.0716176    21.6282   349.1889   290.9063   339.4463
   3075.00   42252.47  0.0717387    21.6222   347.8174   291.1183   339.3277
   3085.00   42250.67  0.0716387    21.6150   346.2902   291.5760   339.2215
   3095.00   42250.50  0.0717239    21.6121   344.9040   291.9705   339.1141
   3105.00   42251.79  0.0719072    21.6068   343.5778   292.2888   339.0039
   3115.00   42252.09  0.0716780    21.5977   342.2171   292.5843   338.8955
   3125.00   42251.55  0.0715161    21.5895   340.6924   292.9444   338.7933
   3135.00   42252.91  0.0715757    21.5816   338.9553   293.3599   338.6913
   3145.00   42255.32  0.0714599    21.5726   337.3479   293.5131   338.5779
   3155.00   42255.59  0.0712707    21.5604   335.5797   293.6818   338.4673
   3165.00   42255.17  0.0711450    21.5487   333.4708   294.0665   338.3635
   3175.00   42256.19  0.0711841    21.5408   331.5557   294.2298   338.2472
   3185.00   42257.04  0.0712560    21.5297   329.7273   294.3045   338.1254
   3195.00   42255.89  0.0710909    21.5172   327.7897   294.5442   338.0096
   3205.00   42253.84  0.0711623    21.5100   325.9806   294.7882   337.8921
   3215.00   42253.50  0.0714636    21.5028   324.3273   295.0110   337.7690
   3225.00   42253.61  0.0714739    21.4943   322.9141   295.1557   337.6423
   3235.00   42251.53  0.0715148    21.4873   321.5051   295.4304   337.5241
   3245.00   42250.15  0.0717650    21.4821   319.9996   295.8806   337.4103
   3255.00   42251.10  0.0719447    21.4787   318.7778   296.1232   337.2876
   3265.00   42251.94  0.0720017    21.4720   317.5167   296.3848   337.1711
   3275.00   42251.56  0.0719873    21.4647   315.8850   296.9224   337.0681
   3285.00   42251.74  0.0720777    21.4612   314.3013   297.3284   336.9602
   3295.00   42254.07  0.0721767    21.4542   312.6806   297.6209   336.8491
   3305.00   42255.59  0.0719219    21.4428   310.7739   298.0261   336.7467
   3315.00   42255.01  0.0717683    21.4340   308.7530   298.4244   336.6457
   3325.00   42255.26  0.0718233    21.4248   306.6584   298.7894   336.5389
   3335.00   42256.91  0.0715879    21.4124   304.7027   298.9756   336.4251
   3345.00   42256.88  0.0713596    21.3993   302.7497   299.1776   336.3138
   3355.00   42254.98  0.0713087    21.3879   300.6858   299.5487   336.2041
   3365.00   42254.17  0.0712868    21.3787   299.0188   299.6731   336.0802
   3375.00   42254.56  0.0712758    21.3673   297.5636   299.7350   335.9535
   3385.00   42253.60  0.0711787    21.3560   296.0017   300.0327   335.8360
   3395.00   42251.09  0.0712763    21.3503   294.6640   300.2617   335.7129
   3405.00   42250.69  0.0715293    21.3439   293.4743   300.4354   335.5844
   3415.00   42251.92  0.0714774    21.3353   292.2653   300.6602   335.4615
   3425.00   42251.41  0.0715254    21.3301   290.9638   300.9627   335.3456
   3435.00   42250.68  0.0717839    21.3256   289.4726   301.3674   335.2305
   3445.00   42252.37  0.0718297    21.3203   288.0526   301.6003   335.1105
   3455.00   42254.71  0.0718081    21.3132   286.4427   301.8703   334.9990
   3465.00   42255.31  0.0718432    21.3058   284.4183   302.3706   334.8974
   3475.00   42254.91  0.0718937    21.3009   282.4635   302.6961   334.7876
   3485.00   42256.59  0.0719014    21.2921   280.5143   302.9243   334.6754
   3495.00   42257.78  0.0717111    21.2800   278.3108   303.3348   334.5744
   3505.00   42256.21  0.0716255    21.2715   276.2208   303.6751   334.4701
   3515.00   42254.47  0.0716987    21.2618   274.2915   303.9435   334.3559
   3525.00   42254.62  0.0714610    21.2477   272.5219   304.1705   334.2417
   3535.00   42254.48  0.0712956    21.2354   270.9310   304.3794   334.1290
   3545.00   42252.15  0.0713565    21.2248   269.3686   304.7013   334.0125
   3555.00   42250.85  0.0713005    21.2138   268.1517   304.8265   333.8842
   3565.00   42251.84  0.0712721    21.2021   267.0654   304.9168   333.7562
   3575.00   42252.44  0.0712932    21.1917   265.7551   305.2367   333.6363
   3585.00   42250.95  0.0714254    21.1858   264.5528   305.4430   333.5081
   3595.00   42251.22  0.0716509    21.1787   263.3262   305.6024   333.3759
   3605.00   42253.59  0.0716563    21.1699   261.7951   305.9182   333.2555
   3615.00   42254.50  0.0717785    21.1656   260.1101   306.2410   333.1396
   3625.00   42253.87  0.0720812    21.1615   258.2117   306.6203   333.0216
   3635.00   42255.00  0.0720792    21.1541   256.2414   306.9425   332.9055
   3645.00   42257.22  0.0720671    21.1468   254.1599   307.2855   332.7990
