  -7305.00   42252.89  0.0129665     6.8434   357.3430   263.8443    18.8830
  -7295.00   42250.92  0.0128221     6.8428   355.6910   264.3470    18.9072
  -7285.00   42250.49  0.0127907     6.8438   354.2737   264.6005    18.9629
  -7275.00   42252.44  0.0129058     6.8469   352.6058   265.0985    18.9792
  -7265.00   42253.28  0.0127828     6.8452   351.3321   265.1604    18.9399
  -7255.00   42253.13  0.0127312     6.8421   349.9145   265.1802    18.9348
  -7245.00   42254.43  0.0127291     6.8431   347.5688   265.9860    18.9207
  -7235.00   42257.19  0.0127010     6.8474   345.9823   265.9289    18.8476
  -7225.00   42257.60  0.0127234     6.8499   344.3343   265.7709    18.7868
  -7215.00   42256.54  0.0125977     6.8523   341.8713   266.3544    18.7380
  -7205.00   42256.97  0.0125949     6.8621   339.8871   266.4430    18.6925
  -7195.00   42257.56  0.0127225     6.8732   338.0653   266.4083    18.6404
  -7185.00   42256.24  0.0126069     6.8801   336.2664   266.4815    18.5813
  -7175.00   42253.77  0.0125780     6.8895   334.5910   266.5217    18.5846
  -7165.00   42253.38  0.0127108     6.9031   332.6645   266.9693    18.5931
  -7155.00   42253.81  0.0126920     6.9134   331.5314   266.8240    18.5635
  -7145.00   42252.13  0.0126955     6.9189   330.4791   266.6570    18.5882
  -7135.00   42250.67  0.0126922     6.9259   328.5545   267.4109    18.6442
  -7125.00   42251.79  0.0127110     6.9341   327.3875   267.4609    18.6616
  -7115.00   42253.09  0.0127965     6.9366   326.3782   267.2828    18.6781
  -7105.00   42252.78  0.0126747     6.9346   324.5936   267.7658    18.7103
  -7095.00   42252.92  0.0126401     6.9362   322.9607   267.9511    18.7445
  -7085.00   42255.33  0.0127733     6.9380   321.2132   268.1125    18.7397
  -7075.00   42257.18  0.0126717     6.9343   319.5029   268.1210    18.6981
  -7065.00   42256.69  0.0126225     6.9317   317.6978   268.0567    18.6938
  -7055.00   42256.50  0.0126924     6.9347   315.1535   268.6827    18.6720
  -7045.00   42257.94  0.0126843     6.9379   313.4148   268.5718    18.5835
  -7035.00   42257.70  0.0127313     6.9394   311.8788   268.2677    18.5296
  -7025.00   42255.34  0.0126878     6.9441   309.5093   268.9036    18.4996
  -7015.00   42253.94  0.0127160     6.9550   307.8404   269.0352    18.4392
  -7005.00   42253.99  0.0128733     6.9649   306.5457   268.9258    18.3910
  -6995.00   42253.29  0.0128055     6.9715   305.0501   269.1618    18.3607
  -6985.00   42250.99  0.0128027     6.9828   303.6419   269.3904    18.3721
  -6975.00   42250.79  0.0129705     6.9961   302.0701   269.8287    18.3858
  -6965.00   42252.62  0.0129561     7.0037   300.9233   269.8787    18.3718
  -6955.00   42252.75  0.0129498     7.0083   299.6751   269.8958    18.4220
  -6945.00   42252.37  0.0130004     7.0158   297.4388   270.7632    18.4913
  -6935.00   42253.97  0.0130039     7.0214   295.7380   271.0147    18.5007
  -6925.00   42256.36  0.0130549     7.0203   294.1891   270.9148    18.5272
  -6915.00   42256.82  0.0129626     7.0182   291.6468   271.6322    18.5785
  -6905.00   42256.08  0.0129110     7.0199   289.3431   272.0433    18.5917
  -6895.00   42257.12  0.0130092     7.0195   287.2631   272.1921    18.5712
  -6885.00   42258.29  0.0128853     7.0149   285.1354   272.4154    18.5372
  -6875.00   42256.70  0.0127941     7.0145   283.1686   272.5296    18.5249
  -6865.00   42254.72  0.0128666     7.0195   280.9124   273.0819    18.4858
  -6855.00   42254.68  0.0128066     7.0225   279.4083   273.1083    18.3916
  -6845.00   42254.56  0.0127852     7.0252   278.3485   272.7928    18.3488
  -6835.00   42252.54  0.0127694     7.0339   276.4455   273.4389    18.3339
  -6825.00   42250.94  0.0127538     7.0457   275.1790   273.6201    18.2692
  -6815.00   42251.83  0.0128515     7.0539   274.3498   273.3689    18.2340
  -6805.00   42252.83  0.0127723     7.0611   272.8999   273.6810    18.2460
  -6795.00   42251.90  0.0127380     7.0729   271.4823   273.8943    18.2611
  -6785.00   42252.30  0.0128767     7.0833   269.9118   274.1238    18.2748
  -6775.00   42255.02  0.0128168     7.0869   268.3951   274.1574    18.2834
  -6765.00   42256.39  0.0127705     7.0906   266.7959   274.0596    18.3400
  -6755.00   42256.15  0.0128416     7.0969   264.3431   274.6567    18.3963
  -6745.00   42256.56  0.0128203     7.0989   262.3157   274.8013    18.3888
  -6735.00   42258.22  0.0128394     7.0956   260.6753   274.4735    18.4118
  -6725.00   42258.14  0.0128013     7.0949   258.1681   275.0003    18.4601
  -6715.00   42255.70  0.0127647     7.0969   256.0551   275.2940    18.4439
  -6705.00   42254.73  0.0128700     7.0948   254.4458   275.2268    18.4098
  -6695.00   42255.08  0.0127869     7.0909   252.7140   275.4275    18.3928
  -6685.00   42253.59  0.0127211     7.0932   251.2947   275.4873    18.3709
  -6675.00   42251.38  0.0128402     7.0980   249.7311   275.8487    18.3207
  -6665.00   42251.34  0.0128058     7.0996   248.5778   275.9384    18.2401
  -6655.00   42252.67  0.0127893     7.1033   247.8072   275.6298    18.2103
  -6645.00   42252.51  0.0128517     7.1139   246.1340   276.1699    18.1981
  -6635.00   42251.76  0.0128651     7.1247   244.7137   276.4433    18.1315
  -6625.00   42253.57  0.0129681     7.1313   243.6317   276.1963    18.1098
  -6615.00   42255.80  0.0129567     7.1406   241.6290   276.6410    18.1508
  -6605.00   42255.72  0.0129462     7.1535   239.6192   276.9679    18.1643
  -6595.00   42255.44  0.0131080     7.1616   237.5284   277.2219    18.1807
  -6585.00   42257.17  0.0130654     7.1641   235.2672   277.5223    18.2297
  -6575.00   42258.25  0.0130139     7.1688   233.1885   277.5940    18.2963
  -6565.00   42256.99  0.0131060     7.1739   230.6106   278.1981    18.3465
  -6555.00   42255.42  0.0130724     7.1722   228.4042   278.5843    18.3505
  -6545.00   42255.73  0.0130527     7.1677   226.8382   278.4473    18.3815
  -6535.00   42255.46  0.0130355     7.1680   224.6835   279.0390    18.4210
  -6525.00   42252.69  0.0129746     7.1690   222.8847   279.5221    18.3817
  -6515.00   42251.27  0.0130388     7.1652   221.6977   279.5315    18.3371
  -6505.00   42252.09  0.0129596     7.1639   220.1558   279.9409    18.3293
  -6495.00   42252.24  0.0128534     7.1697   218.8715   280.1560    18.2889
  -6485.00   42251.19  0.0129455     7.1754   217.4769   280.4582    18.2253
  -6475.00   42251.92  0.0128825     7.1778   216.0319   280.7143    18.1735
  -6465.00   42254.59  0.0128043     7.1851   214.8777   280.5082    18.1602
  -6455.00   42255.90  0.0128511     7.1975   212.9522   280.8881    18.1523
  -6445.00   42255.33  0.0128232     7.2064   210.9955   281.1895    18.1054
  -6435.00   42256.50  0.0128574     7.2116   209.4837   280.8661    18.1111
  -6425.00   42258.18  0.0128528     7.2216   207.1657   281.1972    18.1694
  -6415.00   42257.67  0.0127926     7.2327   204.9677   281.4464    18.1764
  -6405.00   42255.62  0.0129162     7.2363   203.0600   281.4451    18.1878
  -6395.00   42255.38  0.0128784     7.2378   200.9227   281.7196    18.2565
  -6385.00   42255.76  0.0127927     7.2430   199.2813   281.6745    18.3058
  -6375.00   42254.08  0.0128811     7.2461   197.4509   281.9986    18.3237
  -6365.00   42251.90  0.0128510     7.2422   195.8088   282.3011    18.3372
  -6355.00   42252.04  0.0128245     7.2388   194.8508   282.0442    18.3644
  -6345.00   42252.99  0.0128405     7.2409   193.3519   282.3945    18.3818
  -6335.00   42251.65  0.0127942     7.2403   191.8797   282.7969    18.3352
  -6325.00   42251.03  0.0128700     7.2358   190.9225   282.6393    18.2952
  -6315.00   42252.83  0.0128587     7.2371   189.3477   282.9474    18.2952
  -6305.00   42254.73  0.0127654     7.2442   187.7778   283.1579    18.2432
  -6295.00   42254.58  0.0128825     7.2483   186.1191   283.3066    18.1725
  -6285.00   42255.07  0.0128762     7.2515   184.1205   283.5927    18.1506
  -6275.00   42257.36  0.0128161     7.2618   182.4321   283.4388    18.1420
  -6265.00   42258.54  0.0128911     7.2749   180.2182   283.7290    18.1234
  -6255.00   42256.90  0.0128958     7.2823   177.9091   284.1125    18.1026
  -6245.00   42255.98  0.0129464     7.2887   176.2622   283.8568    18.1332
  -6235.00   42256.24  0.0129969     7.3004   174.1136   284.1693    18.1966
  -6225.00   42255.38  0.0129439     7.3098   172.0416   284.6098    18.2092
  -6215.00   42252.56  0.0130699     7.3107   170.5314   284.6452    18.2376
  -6205.00   42251.57  0.0130909     7.3128   168.7061   285.0798    18.3274
  -6195.00   42252.52  0.0129958     7.3180   167.2809   285.2892    18.3692
  -6185.00   42252.07  0.0130797     7.3178   165.7496   285.6997    18.3684
  -6175.00   42251.00  0.0130590     7.3127   164.0615   286.2313    18.4031
  -6165.00   42251.87  0.0130099     7.3111   162.9225   286.1851    18.4261
  -6155.00   42254.35  0.0130110     7.3141   161.1966   286.6362    18.4088
  -6145.00   42254.54  0.0129399     7.3125   159.1777   287.2459    18.3670
  -6135.00   42254.21  0.0129713     7.3096   157.6868   287.1712    18.3344
  -6125.00   42255.79  0.0129580     7.3154   155.6230   287.4830    18.3270
  -6115.00   42257.75  0.0128155     7.3241   153.3623   287.9163    18.2702
  -6105.00   42257.21  0.0128757     7.3281   151.3599   288.0383    18.2071
  -6095.00   42256.06  0.0128664     7.3342   149.1305   288.3204    18.2165
  -6085.00   42256.56  0.0127501     7.3474   147.3507   288.2428    18.2153
  -6075.00   42256.94  0.0127754     7.3593   145.4128   288.4613    18.1887
  -6065.00   42254.58  0.0127566     7.3647   143.4471   288.8199    18.2051
  -6055.00   42252.45  0.0127600     7.3718   142.3616   288.4505    18.2544
  -6045.00   42252.47  0.0127882     7.3830   140.9520   288.5446    18.3007
  -6035.00   42252.54  0.0127125     7.3884   139.3104   289.0025    18.3166
  -6025.00   42250.83  0.0127987     7.3869   138.3456   288.8296    18.3528
  -6015.00   42250.45  0.0128454     7.3896   136.9785   288.9993    18.4328
  -6005.00   42252.64  0.0127283     7.3941   135.5700   289.2048    18.4513
  -5995.00   42254.04  0.0127972     7.3911   134.0619   289.4200    18.4335
  -5985.00   42254.01  0.0128106     7.3870   132.1578   289.8091    18.4750
  -5975.00   42254.86  0.0127551     7.3882   130.7104   289.6213    18.4886
  -5965.00   42257.49  0.0127674     7.3911   128.6818   289.9160    18.4406
  -5955.00   42257.89  0.0127221     7.3893   126.2378   290.4780    18.4151
  -5945.00   42256.50  0.0127623     7.3887   124.5474   290.2472    18.3978
  -5935.00   42256.24  0.0127859     7.3972   122.5509   290.3419    18.3739
  -5925.00   42256.95  0.0126750     7.4052   120.2440   290.8413    18.3222
  -5915.00   42255.85  0.0127505     7.4086   118.5143   290.9008    18.2747
  -5905.00   42253.37  0.0128077     7.4176   116.8012   291.0358    18.2963
  -5895.00   42252.79  0.0127132     7.4323   115.4107   291.0399    18.2938
  -5885.00   42253.52  0.0127668     7.4422   113.9516   291.2810    18.2634
  -5875.00   42252.22  0.0128061     7.4480   112.3391   291.6913    18.3105
  -5865.00   42250.72  0.0128211     7.4577   111.4979   291.3709    18.3760
  -5855.00   42251.67  0.0128705     7.4684   110.2187   291.4987    18.4066
  -5845.00   42253.38  0.0128372     7.4710   108.2876   292.1760    18.4456
  -5835.00   42253.32  0.0129242     7.4695   106.9482   292.1241    18.5068
  -5825.00   42253.35  0.0129955     7.4732   105.2230   292.2856    18.5773
  -5815.00   42255.66  0.0128806     7.4755   102.9905   292.8435    18.5885
  -5805.00   42257.63  0.0129342     7.4701   100.7860   293.2587    18.5728
  -5795.00   42257.21  0.0129707     7.4676    98.3132   293.7755    18.6139
  -5785.00   42256.51  0.0128652     7.4716    96.3072   293.8417    18.6099
  -5775.00   42257.62  0.0128455     7.4738    94.0121   294.2949    18.5350
  -5765.00   42257.34  0.0127935     7.4738    91.4129   295.0683    18.5180
  -5755.00   42254.94  0.0127747     7.4784    89.8949   294.9062    18.5114
  -5745.00   42253.22  0.0127516     7.4901    88.3628   294.9649    18.4643
  -5735.00   42253.34  0.0126235     7.4983    86.3914   295.5978    18.4284
  -5725.00   42253.02  0.0126577     7.5030    85.1468   295.6320    18.4138
  -5715.00   42251.01  0.0126934     7.5152    84.0526   295.5647    18.4427
  -5705.00   42250.84  0.0125560     7.5290    82.8529   295.6553    18.4463
  -5695.00   42252.87  0.0125782     7.5353    81.5604   295.8352    18.4287
  -5685.00   42253.42  0.0126231     7.5408    79.9723   296.1288    18.4953
  -5675.00   42253.04  0.0125746     7.5509    78.9252   295.7568    18.5579
  -5665.00   42254.40  0.0125828     7.5584    77.4017   295.7623    18.5610
  -5655.00   42256.75  0.0125580     7.5586    75.0257   296.4004    18.6059
  -5645.00   42257.31  0.0126109     7.5585    73.3406   296.1993    18.6714
  -5635.00   42256.33  0.0126554     7.5636    71.5172   296.0775    18.7054
  -5625.00   42256.93  0.0125469     7.5643    69.0273   296.6150    18.7070
  -5615.00   42258.00  0.0126019     7.5589    66.8735   296.8742    18.6993
  -5605.00   42256.55  0.0126744     7.5594    64.8101   297.0974    18.7309
  -5595.00   42254.30  0.0125566     7.5649    63.1187   297.1415    18.7127
  -5585.00   42254.02  0.0125511     7.5655    61.4192   297.4288    18.6330
  -5575.00   42254.03  0.0125639     7.5664    59.4172   298.0920    18.6249
  -5565.00   42252.35  0.0125418     7.5749    58.4782   297.8232    18.6226
  -5555.00   42250.82  0.0125307     7.5866    57.5120   297.7354    18.5548
  -5545.00   42251.72  0.0124537     7.5941    55.8018   298.3552    18.5293
  -5535.00   42253.19  0.0125213     7.6014    54.7152   298.2808    18.5431
  -5525.00   42252.64  0.0125882     7.6165    53.6681   298.0664    18.5611
  -5515.00   42253.01  0.0124842     7.6294    52.0624   298.2655    18.5714
  -5505.00   42255.56  0.0125475     7.6344    50.3123   298.4572    18.5818
  -5495.00   42257.07  0.0126624     7.6419    48.2469   298.7286    18.6627
  -5485.00   42256.70  0.0126201     7.6528    46.4645   298.5979    18.7269
  -5475.00   42256.63  0.0126401     7.6571    44.3894   298.7517    18.7286
  -5465.00   42257.87  0.0126726     7.6559    41.5565   299.5795    18.7879
  -5455.00   42257.82  0.0127208     7.6580    39.5834   299.5896    18.8591
  -5445.00   42255.37  0.0127440     7.6628    37.7674   299.6252    18.8606
  -5435.00   42254.15  0.0126427     7.6616    35.3063   300.4491    18.8570
  -5425.00   42254.51  0.0126863     7.6576    33.4498   300.8383    18.8600
  -5415.00   42253.39  0.0127476     7.6623    31.9172   301.0532    18.8654
  -5405.00   42251.41  0.0125916     7.6689    30.3735   301.4294    18.8315
  -5395.00   42251.23  0.0125508     7.6697    28.9505   301.8097    18.7585
  -5385.00   42252.71  0.0125838     7.6742    27.2229   302.4263    18.7577
  -5375.00   42252.87  0.0124933     7.6872    26.1532   302.3281    18.7544
  -5365.00   42252.24  0.0124280     7.6987    25.0052   302.2794    18.6838
  -5355.00   42253.83  0.0123529     7.7055    22.8889   302.9801    18.6774
  -5345.00   42256.22  0.0123727     7.7163    21.4358   302.8077    18.7198
  -5335.00   42256.41  0.0123966     7.7321    19.9993   302.5033    18.7257
  -5325.00   42256.01  0.0122627     7.7420    17.7973   302.8227    18.7387
  -5315.00   42257.29  0.0123011     7.7457    15.7658   302.8888    18.7780
  -5305.00   42258.26  0.0124125     7.7544    13.7156   302.9396    18.8481
  -5295.00   42257.03  0.0123311     7.7641    11.8382   302.8926    18.8923
  -5285.00   42254.99  0.0123155     7.7650    10.0238   302.9591    18.8900
  -5275.00   42254.87  0.0123673     7.7637     7.7300   303.6022    18.9441
  -5265.00   42254.69  0.0123765     7.7686     6.3476   303.4932    18.9976
  -5255.00   42252.34  0.0123703     7.7725     5.2260   303.3594    18.9686
  -5245.00   42250.87  0.0122813     7.7702     3.3126   304.1058    18.9581
  -5235.00   42251.83  0.0123206     7.7695     2.0731   304.2205    18.9728
  -5225.00   42252.54  0.0123882     7.7770     1.0717   304.1299    18.9514
  -5215.00   42252.02  0.0122524     7.7832   359.5630   304.4888    18.9084
  -5205.00   42252.50  0.0122327     7.7840   358.1026   304.7054    18.8586
  -5195.00   42255.07  0.0123211     7.7919   356.3554   305.0105    18.8572
  -5185.00   42256.51  0.0122510     7.8067   354.7964   304.9550    18.8461
  -5175.00   42255.91  0.0122105     7.8167   353.1934   304.8560    18.7814
  -5165.00   42256.44  0.0122100     7.8239   350.6568   305.5055    18.7905
  -5155.00   42257.87  0.0122419     7.8386   348.8658   305.3027    18.8427
  -5145.00   42257.61  0.0123023     7.8546   347.2813   304.9650    18.8375
  -5135.00   42255.50  0.0122188     7.8625   344.8870   305.4794    18.8561
  -5125.00   42254.90  0.0122881     7.8680   343.0333   305.5348    18.9284
  -5115.00   42255.24  0.0124376     7.8786   341.3956   305.5510    18.9885
  -5105.00   42254.02  0.0123808     7.8867   339.7152   305.7847    19.0193
  -5095.00   42251.70  0.0123829     7.8852   338.1620   306.0565    19.0389
  -5085.00   42251.56  0.0124716     7.8848   336.2535   306.7635    19.0920
  -5075.00   42252.59  0.0124617     7.8912   334.9331   306.9398    19.1226
  -5065.00   42251.89  0.0124337     7.8932   333.7548   307.0346    19.0782
  -5055.00   42251.23  0.0123611     7.8904   331.5606   308.0433    19.0633
  -5045.00   42252.98  0.0123595     7.8944   329.9869   308.2831    19.0753
  -5035.00   42255.22  0.0123895     7.9048   328.6199   308.2220    19.0247
  -5025.00   42255.56  0.0122406     7.9113   326.4042   308.8345    18.9708
  -5015.00   42255.65  0.0121986     7.9154   324.3522   309.1161    18.9509
  -5005.00   42257.50  0.0122678     7.9284   322.3053   309.2825    18.9452
  -4995.00   42258.60  0.0121734     7.9446   320.2589   309.3938    18.9274
  -4985.00   42256.99  0.0121044     7.9533   318.4024   309.3638    18.8903
  -4975.00   42255.49  0.0121162     7.9617   315.9661   309.9466    18.9185
  -4965.00   42255.35  0.0120893     7.9778   314.3140   309.8454    18.9685
  -4955.00   42254.92  0.0121020     7.9911   313.2052   309.4290    18.9553
  -4945.00   42252.32  0.0120208     7.9953   311.1901   310.0467    18.9758
  -4935.00   42251.24  0.0120333     8.0022   309.9220   310.0015    19.0534
  -4925.00   42252.17  0.0121368     8.0130   308.9807   309.7823    19.0834
  -4915.00   42252.46  0.0120530     8.0181   307.6144   310.0363    19.0844
  -4905.00   42251.42  0.0120386     8.0168   306.3256   310.1600    19.1167
  -4895.00   42252.01  0.0121244     8.0191   304.6701   310.5771    19.1536
  -4885.00   42254.37  0.0120920     8.0265   303.2237   310.6752    19.1515
  -4875.00   42255.19  0.0120565     8.0273   301.8330   310.5915    19.1097
  -4865.00   42254.74  0.0120295     8.0255   299.3463   311.4197    19.0986
  -4855.00   42255.86  0.0120175     8.0333   297.4119   311.5374    19.1020
  -4845.00   42257.89  0.0120494     8.0439   295.8924   311.2110    19.0364
  -4835.00   42257.72  0.0119484     8.0491   293.4629   311.7443    18.9786
  -4825.00   42256.16  0.0119332     8.0566   291.4301   311.8636    18.9792
  -4815.00   42256.01  0.0120283     8.0727   289.7035   311.8034    18.9605
  -4805.00   42256.32  0.0119734     8.0885   287.9703   311.8895    18.9249
  -4795.00   42254.32  0.0119479     8.0974   286.5462   311.8039    18.9172
  -4785.00   42251.96  0.0120227     8.1088   284.7105   312.2643    18.9545
  -4775.00   42251.62  0.0120269     8.1263   283.3994   312.3177    18.9936
  -4765.00   42252.37  0.0120577     8.1375   282.6625   311.9246    18.9894
  -4755.00   42251.14  0.0120528     8.1406   280.8142   312.6336    19.0268
  -4745.00   42250.83  0.0120744     8.1494   279.4295   312.7938    19.1085
  -4735.00   42252.82  0.0121827     8.1595   278.3403   312.6407    19.1227
  -4725.00   42254.77  0.0121278     8.1607   276.4432   313.1681    19.1127
  -4715.00   42254.79  0.0121251     8.1607   274.5753   313.4450    19.1580
  -4705.00   42255.14  0.0122217     8.1657   272.3762   313.9369    19.1764
  -4695.00   42257.32  0.0121798     8.1726   270.1998   314.3157    19.1361
  -4685.00   42258.09  0.0121340     8.1738   268.2113   314.4029    19.1030
  -4675.00   42256.66  0.0121314     8.1756   265.4085   315.2764    19.0917
  -4665.00   42255.86  0.0120945     8.1879   263.1553   315.6521    19.0707
  -4655.00   42256.52  0.0120801     8.1993   261.6577   315.4208    19.0006
  -4645.00   42255.85  0.0119869     8.2049   259.4100   316.0654    18.9525
  -4635.00   42253.39  0.0119397     8.2173   257.6791   316.2994    18.9660
  -4625.00   42252.29  0.0119953     8.2356   256.4626   316.2258    18.9406
  -4615.00   42253.07  0.0119119     8.2488   255.0811   316.4505    18.8975
  -4605.00   42252.26  0.0118559     8.2581   253.9795   316.4008    18.9209
  -4595.00   42250.76  0.0119157     8.2713   252.4928   316.7551    18.9597
  -4585.00   42251.34  0.0118900     8.2872   251.1651   316.9206    18.9716
  -4575.00   42253.57  0.0118612     8.2950   250.2988   316.5193    18.9775
  -4565.00   42254.06  0.0118566     8.2977   248.3056   317.0766    19.0181
  -4555.00   42254.09  0.0118423     8.3077   246.4680   317.2911    19.0757
  -4545.00   42255.93  0.0118960     8.3162   245.0975   316.9482    19.0673
  -4535.00   42258.15  0.0118379     8.3150   242.8544   317.3573    19.0482
  -4525.00   42257.79  0.0118057     8.3175   240.7750   317.4598    19.0883
  -4515.00   42256.44  0.0118960     8.3255   238.6588   317.6479    19.0836
  -4505.00   42256.90  0.0118556     8.3307   236.5587   317.9323    19.0163
  -4495.00   42256.80  0.0118090     8.3331   234.9410   317.7883    18.9945
  -4485.00   42254.65  0.0118388     8.3389   232.7832   318.3415    18.9836
  -4475.00   42252.55  0.0118272     8.3527   231.0513   318.6705    18.9347
  -4465.00   42252.71  0.0118212     8.3633   230.1707   318.3063    18.8714
  -4455.00   42253.03  0.0117790     8.3696   228.5592   318.7701    18.8369
  -4445.00   42251.43  0.0117590     8.3855   227.2138   318.9902    18.8446
  -4435.00   42250.93  0.0118402     8.4042   226.3443   318.7825    18.8121
  -4425.00   42253.00  0.0118044     8.4150   224.9770   319.0222    18.7717
  -4415.00   42254.01  0.0117765     8.4264   223.7156   318.9545    18.8130
  -4405.00   42253.63  0.0118824     8.4425   222.0123   319.1959    18.8505
  -4395.00   42254.41  0.0119047     8.4563   220.1388   319.4836    18.8438
  -4385.00   42256.80  0.0118981     8.4627   218.6354   319.2001    18.8715
  -4375.00   42257.70  0.0119378     8.4671   216.1877   319.7295    18.9230
  -4365.00   42256.59  0.0119601     8.4778   213.7512   320.1970    18.9557
  -4355.00   42256.64  0.0120142     8.4838   212.0111   320.0100    18.9431
  -4345.00   42257.72  0.0119887     8.4814   209.6007   320.5706    18.9274
  -4335.00   42256.58  0.0119488     8.4865   207.4475   320.9455    18.9526
  -4325.00   42253.99  0.0120372     8.4963   205.6445   321.1881    18.9211
  -4315.00   42253.30  0.0120094     8.5000   203.7552   321.7393    18.8362
  -4305.00   42253.51  0.0119375     8.5049   202.4301   321.7976    18.8155
  -4295.00   42252.27  0.0119666     8.5166   200.7116   322.3682    18.7965
  -4285.00   42250.61  0.0119516     8.5316   199.1185   322.9260    18.7220
  -4275.00   42251.49  0.0119146     8.5426   198.2382   322.7283    18.6731
  -4265.00   42253.47  0.0118663     8.5521   196.5548   323.2397    18.6610
  -4255.00   42253.35  0.0118195     8.5707   194.8383   323.6517    18.6590
  -4245.00   42253.46  0.0118566     8.5878   193.6020   323.4529    18.6302
  -4235.00   42255.83  0.0118067     8.5958   191.6943   323.7638    18.6070
  -4225.00   42257.57  0.0117228     8.6080   189.8539   323.7805    18.6521
  -4215.00   42257.11  0.0117862     8.6243   187.8576   323.8690    18.6744
  -4205.00   42256.43  0.0117890     8.6337   185.6563   324.1632    18.6471
  -4195.00   42257.32  0.0117353     8.6388   184.0249   323.8349    18.6756
  -4185.00   42257.50  0.0117459     8.6457   181.8162   324.1599    18.7159
  -4175.00   42255.03  0.0117544     8.6561   179.6858   324.5842    18.7052
  -4165.00   42253.45  0.0117777     8.6606   178.4821   324.2400    18.6863
  -4155.00   42253.87  0.0117558     8.6595   176.7503   324.5941    18.6739
  -4145.00   42253.30  0.0117019     8.6676   175.1499   324.9389    18.6740
  -4135.00   42251.38  0.0117765     8.6777   174.0954   324.8788    18.6268
  -4125.00   42251.02  0.0117801     8.6797   172.6955   325.2564    18.5437
  -4115.00   42252.71  0.0117011     8.6864   171.6233   325.2153    18.5242
  -4105.00   42253.34  0.0117502     8.7015   170.1542   325.5029    18.4938
  -4095.00   42252.67  0.0117737     8.7150   168.4524   325.9614    18.4035
  -4085.00   42253.94  0.0117580     8.7256   167.3348   325.6189    18.3644
  -4075.00   42256.58  0.0117514     8.7391   165.3261   325.9733    18.3640
  -4065.00   42256.96  0.0117365     8.7591   163.1077   326.4136    18.3416
  -4055.00   42256.25  0.0117990     8.7751   161.5226   326.1119    18.3178
  -4045.00   42257.04  0.0118046     8.7833   159.3400   326.3567    18.3181
  -4035.00   42258.02  0.0117404     8.7976   157.2369   326.5019    18.3604
  -4025.00   42256.79  0.0118244     8.8138   155.3585   326.5332    18.3737
  -4015.00   42254.38  0.0118836     8.8198   153.3469   326.8802    18.3501
  -4005.00   42254.00  0.0118526     8.8242   151.9824   326.6797    18.3838
  -3995.00   42254.17  0.0118964     8.8334   150.2044   327.0616    18.4123
  -3985.00   42252.09  0.0119437     8.8415   148.3689   327.7054    18.3709
  -3975.00   42250.63  0.0119830     8.8443   147.4271   327.5190    18.3474
  -3965.00   42251.71  0.0119910     8.8459   145.8426   328.0102    18.3362
  -3955.00   42252.86  0.0119492     8.8567   144.0270   328.7226    18.2999
  -3945.00   42252.58  0.0120053     8.8670   142.7615   328.8053    18.2394
  -3935.00   42252.80  0.0120231     8.8701   140.9715   329.3078    18.1663
  -3925.00   42255.36  0.0119166     8.8808   139.1754   329.6067    18.1418
  -3915.00   42256.92  0.0119388     8.8991   137.1878   329.9389    18.1006
  -3905.00   42256.21  0.0119554     8.9116   134.8425   330.5469    18.0129
  -3895.00   42256.29  0.0118914     8.9223   133.1864   330.3103    17.9892
  -3885.00   42257.70  0.0118691     8.9396   130.8652   330.6817    17.9957
  -3875.00   42257.50  0.0118265     8.9586   128.3539   331.3285    17.9572
  -3865.00   42255.30  0.0118401     8.9712   126.8838   331.0067    17.9359
  -3855.00   42254.30  0.0118269     8.9799   125.0277   331.1900    17.9528
  -3845.00   42254.67  0.0117258     8.9944   123.2075   331.5005    17.9722
  -3835.00   42253.70  0.0117618     9.0081   121.9259   331.4436    17.9632
  -3825.00   42251.28  0.0118072     9.0113   120.5363   331.6469    17.9406
  -3815.00   42251.08  0.0117313     9.0160   119.6322   331.4055    17.9617
  -3805.00   42252.44  0.0117548     9.0268   118.3310   331.5949    17.9631
  -3795.00   42252.19  0.0118000     9.0328   116.6774   332.1585    17.9000
  -3785.00   42251.65  0.0118104     9.0346   115.8620   331.7472    17.8701
  -3775.00   42253.42  0.0118212     9.0401   114.2335   332.0010    17.8572
  -3765.00   42255.86  0.0117881     9.0518   112.0340   332.7129    17.7922
  -3755.00   42256.39  0.0118344     9.0611   110.4696   332.6152    17.7236
  -3745.00   42255.95  0.0118702     9.0656   108.4455   332.8488    17.6688
  -3735.00   42257.44  0.0117739     9.0793   106.2710   333.1414    17.6314
  -3725.00   42258.32  0.0118005     9.0980   104.2207   333.2891    17.5784
  -3715.00   42256.65  0.0118574     9.1093   101.9257   333.7656    17.5001
  -3705.00   42254.75  0.0117968     9.1210   100.5001   333.4279    17.4838
  -3695.00   42254.62  0.0118141     9.1410    98.6991   333.5903    17.4848
  -3685.00   42254.45  0.0118238     9.1587    96.5711   334.2983    17.4362
  -3675.00   42252.16  0.0118582     9.1691    95.6930   333.8709    17.4211
  -3665.00   42251.03  0.0118942     9.1803    94.3933   333.9481    17.4521
  -3655.00   42252.10  0.0118421     9.1950    92.8089   334.4176    17.4542
  -3645.00   42252.80  0.0119132     9.2055    91.7149   334.4101    17.4334
  -3635.00   42251.74  0.0120029     9.2078    90.3446   334.6162    17.4278
  -3625.00   42252.24  0.0119465     9.2132    89.0873   334.5969    17.4387
  -3615.00   42254.59  0.0119965     9.2238    87.3883   334.8943    17.4138
  -3605.00   42255.67  0.0120888     9.2276    85.0885   335.6701    17.3440
  -3595.00   42255.15  0.0120887     9.2293    83.5785   335.4676    17.3088
  -3585.00   42256.09  0.0121106     9.2392    81.3514   335.8555    17.2808
  -3575.00   42258.00  0.0121006     9.2517    78.4337   336.9269    17.1915
  -3565.00   42257.96  0.0121324     9.2606    76.4283   337.0555    17.1142
  -3555.00   42255.99  0.0121507     9.2698    74.2632   337.3798    17.0754
  -3545.00   42255.53  0.0120348     9.2869    71.9726   337.9726    17.0247
  -3535.00   42255.65  0.0120272     9.3052    70.1259   338.2669    16.9621
  -3525.00   42253.85  0.0120756     9.3162    68.2511   338.7501    16.9081
  -3515.00   42251.44  0.0119567     9.3292    67.1546   338.5764    16.8982
  -3505.00   42251.18  0.0119325     9.3490    65.8998   338.6618    16.8888
  -3495.00   42252.29  0.0119521     9.3630    64.0525   339.4445    16.8373
  -3485.00   42251.51  0.0119274     9.3701    63.3797   339.0104    16.8250
  -3475.00   42251.32  0.0119322     9.3823    62.2229   338.9609    16.8483
  -3465.00   42253.32  0.0118690     9.3955    60.3666   339.5547    16.8223
  -3455.00   42255.56  0.0119096     9.4020    59.0232   339.4815    16.7823
  -3445.00   42255.48  0.0119724     9.4054    57.3515   339.5331    16.7801
  -3435.00   42255.54  0.0118752     9.4128    55.5764   339.5623    16.7682
  -3425.00   42257.26  0.0118960     9.4225    53.5820   339.7229    16.7152
  -3415.00   42258.13  0.0120009     9.4256    51.0975   340.3216    16.6496
  -3405.00   42256.56  0.0119611     9.4288    49.4908   340.0325    16.6117
  -3395.00   42255.47  0.0119675     9.4411    47.5486   340.1572    16.5666
  -3385.00   42255.96  0.0119921     9.4526    44.9322   341.1374    16.4676
  -3375.00   42255.58  0.0120251     9.4598    43.4806   341.0820    16.3896
  -3365.00   42253.10  0.0120497     9.4724    42.0223   341.1570    16.3550
  -3355.00   42251.90  0.0119535     9.4907    40.2622   341.7244    16.2891
  -3345.00   42252.67  0.0119678     9.5068    39.0007   341.8914    16.2144
  -3335.00   42252.34  0.0120516     9.5188    37.6787   342.1240    16.1805
  -3325.00   42251.04  0.0119426     9.5340    36.7301   341.9650    16.1692
  -3315.00   42251.56  0.0119283     9.5533    35.5886   341.9239    16.1469
  -3305.00   42254.06  0.0120252     9.5651    33.6354   342.5854    16.1075
  -3295.00   42254.84  0.0120222     9.5715    32.5695   342.1711    16.1061
  -3285.00   42254.87  0.0120567     9.5844    31.0494   342.0215    16.1231
  -3275.00   42256.31  0.0120621     9.5956    28.5328   342.7857    16.0853
  -3265.00   42258.43  0.0121461     9.5980    26.6658   342.7926    16.0421
  -3255.00   42257.93  0.0122525     9.6028    24.5847   342.9186    16.0397
  -3245.00   42256.27  0.0121799     9.6116    22.3034   343.3152    16.0049
  -3235.00   42256.21  0.0122200     9.6190    20.1500   343.7047    15.9252
  -3225.00   42256.26  0.0123615     9.6229    17.8010   344.3956    15.8633
  -3215.00   42254.29  0.0123071     9.6295    16.2410   344.4570    15.8161
  -3205.00   42252.19  0.0122847     9.6440    14.6174   344.7622    15.7466
  -3195.00   42252.31  0.0123344     9.6554    12.3503   345.8779    15.6479
  -3185.00   42253.00  0.0123378     9.6633    11.1913   345.9532    15.5784
  -3175.00   42251.73  0.0123284     9.6795     9.9806   346.0784    15.5431
  -3165.00   42251.17  0.0122230     9.6979     8.0844   346.9116    15.4719
  -3155.00   42253.17  0.0122157     9.7105     6.6970   347.1488    15.3985
  -3145.00   42254.52  0.0122742     9.7233     5.1914   347.3061    15.3813
  -3135.00   42254.32  0.0121275     9.7391     3.6063   347.4008    15.3642
  -3125.00   42254.79  0.0120657     9.7548     1.8804   347.4932    15.3210
  -3115.00   42257.09  0.0121635     9.7638   359.5737   348.0045    15.2913
  -3105.00   42258.13  0.0121175     9.7701   357.9936   347.6814    15.2860
  -3095.00   42256.97  0.0120902     9.7826   356.2515   347.4823    15.2767
  -3085.00   42256.39  0.0121046     9.7912   353.5970   348.2746    15.2247
  -3075.00   42257.21  0.0121496     9.7918   351.9306   348.1744    15.1763
  -3065.00   42256.15  0.0122260     9.7983   350.3638   348.0692    15.1604
  -3055.00   42253.50  0.0121385     9.8081   348.3941   348.5824    15.1026
  -3045.00   42252.46  0.0121514     9.8129   346.8734   348.8429    15.0082
  -3035.00   42252.88  0.0122871     9.8178   345.3253   349.2124    14.9503
  -3025.00   42252.26  0.0122102     9.8273   344.2047   349.2487    14.8943
  -3015.00   42250.83  0.0121619     9.8410   342.9884   349.4371    14.8040
  -3005.00   42251.67  0.0122397     9.8514   341.0616   350.2938    14.7133
  -2995.00   42254.01  0.0122336     9.8603   339.9839   350.1866    14.6516
  -2985.00   42254.33  0.0122205     9.8779   338.7416   350.0805    14.6060
  -2975.00   42254.19  0.0121646     9.8955   336.4482   350.8967    14.5318
  -2965.00   42256.09  0.0121765     9.9058   334.7434   350.9610    14.4669
  -2955.00   42257.79  0.0122666     9.9200   333.0036   350.8595    14.4559
  -2945.00   42257.43  0.0121661     9.9369   330.9164   351.0449    14.4326
  -2935.00   42256.21  0.0121406     9.9489   328.9038   351.1643    14.3808
  -2925.00   42256.71  0.0122890     9.9571   326.6807   351.4932    14.3651
  -2915.00   42257.10  0.0122794     9.9644   325.1320   351.2564    14.3598
  -2905.00   42254.88  0.0122690     9.9754   323.5976   351.1718    14.3267
  -2895.00   42253.00  0.0123588     9.9812   321.2943   352.0327    14.2753
  -2885.00   42253.25  0.0124215     9.9809   319.9899   352.0612    14.2275
  -2875.00   42253.13  0.0125039     9.9884   318.8863   351.9865    14.1920
  -2865.00   42251.45  0.0124717     9.9980   316.9221   352.8867    14.1146
  -2855.00   42250.84  0.0124912    10.0010   315.4252   353.3682    14.0129
  -2845.00   42252.54  0.0126290    10.0078   313.9326   353.7429    13.9524
  -2835.00   42253.80  0.0125438    10.0210   312.3023   354.1641    13.8835
  -2825.00   42253.32  0.0124788    10.0340   310.5315   354.6182    13.7794
  -2815.00   42254.28  0.0125641    10.0447   308.1450   355.4914    13.7016
  -2805.00   42256.96  0.0125149    10.0565   306.3970   355.5549    13.6505
  -2795.00   42257.70  0.0124591    10.0745   304.6046   355.5342    13.5952
  -2785.00   42256.73  0.0124293    10.0898   301.7886   356.4744    13.5273
  -2775.00   42256.78  0.0124042    10.0982   299.7723   356.6056    13.4766
  -2765.00   42257.53  0.0124536    10.1118   298.0974   356.4069    13.4619
  -2755.00   42256.52  0.0123530    10.1272   295.9402   356.8299    13.4240
  -2745.00   42253.80  0.0123002    10.1345   294.1657   357.0527    13.3632
  -2735.00   42252.97  0.0124151    10.1410   292.5079   357.2713    13.3433
  -2725.00   42253.52  0.0123530    10.1495   291.3339   357.1701    13.3213
  -2715.00   42252.06  0.0122933    10.1578   290.2315   357.1481    13.2581
  -2705.00   42250.66  0.0123759    10.1621   288.4270   357.8715    13.2026
  -2695.00   42251.58  0.0123807    10.1631   287.3903   357.8413    13.1530
  -2685.00   42253.33  0.0123968    10.1714   286.5254   357.5772    13.0941
  -2675.00   42253.44  0.0123896    10.1798   284.4666   358.4070    13.0086
  -2665.00   42253.30  0.0123860    10.1817   282.7801   358.7434    12.9120
  -2655.00   42255.45  0.0124957    10.1897   281.2026   358.7659    12.8485
  -2645.00   42257.36  0.0124212    10.2039   279.0707   359.2000    12.7689
  -2635.00   42256.74  0.0123603    10.2147   276.9905   359.5031    12.6596
  -2625.00   42256.10  0.0124695    10.2249   274.5249     0.0864    12.5892
  -2615.00   42257.26  0.0124129    10.2393   272.6220     0.1016    12.5396
  -2605.00   42257.39  0.0123585    10.2566   271.0091   359.9147    12.4700
  -2595.00   42255.30  0.0123913    10.2702   268.5692     0.6614    12.4080
  -2585.00   42253.62  0.0123808    10.2790   266.9794     0.7069    12.3718
  -2575.00   42253.87  0.0124357    10.2927   265.9640     0.3220    12.3505
  -2565.00   42253.47  0.0124067    10.3060   264.2603     0.7833    12.3069
  -2555.00   42251.15  0.0123956    10.3101   262.9315     0.9955    12.2538
  -2545.00   42250.57  0.0125494    10.3153   261.7060     1.1154    12.2345
  -2535.00   42252.31  0.0125227    10.3238   260.4607     1.2619    12.1995
  -2525.00   42252.75  0.0124952    10.3284   259.2150     1.3788    12.1206
  -2515.00   42252.38  0.0126323    10.3308   257.1810     2.1284    12.0617
  -2505.00   42253.73  0.0126459    10.3338   255.5381     2.3459    12.0073
  -2495.00   42256.40  0.0126496    10.3422   254.0459     2.2755    11.9219
  -2485.00   42257.29  0.0126944    10.3500   251.3896     3.2087    11.8298
  -2475.00   42256.30  0.0126929    10.3534   249.0587     3.7277    11.7404
  -2465.00   42257.09  0.0127727    10.3640   247.1117     3.7992    11.6685
  -2455.00   42257.99  0.0127265    10.3790   244.5316     4.5218    11.5827
  -2445.00   42256.57  0.0126514    10.3887   242.3540     4.9518    11.4803
  -2435.00   42254.15  0.0127578    10.3991   240.1698     5.4784    11.4200
  -2425.00   42253.84  0.0126790    10.4148   238.3057     5.8363    11.3701
  -2415.00   42254.07  0.0125830    10.4293   237.0265     5.8029    11.2925
  -2405.00   42252.37  0.0126239    10.4394   235.0980     6.5250    11.2357
  -2395.00   42250.78  0.0125734    10.4481   233.7517     6.7484    11.2054
  -2385.00   42251.78  0.0125628    10.4600   232.9852     6.4442    11.1654
  -2375.00   42253.10  0.0125368    10.4695   231.3386     6.9942    11.1099
  -2365.00   42252.31  0.0124841    10.4715   229.9125     7.2456    11.0585
  -2355.00   42252.37  0.0125879    10.4761   228.6079     7.2284    11.0262
  -2345.00   42254.77  0.0125407    10.4839   226.8137     7.5581    10.9712
  -2335.00   42256.45  0.0124615    10.4861   225.1642     7.6148    10.8833
  -2325.00   42256.05  0.0125773    10.4874   222.9012     8.1101    10.8196
  -2315.00   42256.25  0.0125521    10.4928   220.7982     8.3584    10.7576
  -2305.00   42257.93  0.0125078    10.5002   219.1394     8.1706    10.6558
  -2295.00   42258.23  0.0125508    10.5064   216.6454     8.8233    10.5597
  -2285.00   42255.72  0.0125288    10.5115   214.5200     9.2000    10.4791
  -2275.00   42254.56  0.0125807    10.5228   213.0618     9.0623    10.3953
  -2265.00   42254.61  0.0125724    10.5365   211.0300     9.6487    10.3032
  -2255.00   42253.52  0.0124891    10.5451   209.4859     9.9162    10.2104
  -2245.00   42251.03  0.0126039    10.5559   208.1078    10.1206    10.1523
  -2235.00   42250.80  0.0125688    10.5718   206.5971    10.5324    10.0978
  -2225.00   42252.41  0.0124777    10.5838   205.6826    10.4067    10.0195
  -2215.00   42252.46  0.0125585    10.5915   204.1002    10.8731     9.9709
  -2205.00   42251.95  0.0125369    10.6011   202.6116    11.1328     9.9460
  -2195.00   42253.62  0.0125423    10.6111   201.6177    10.7966     9.8959
  -2185.00   42256.17  0.0125755    10.6166   199.6462    11.2650     9.8391
  -2175.00   42256.17  0.0125478    10.6179   197.6891    11.5459     9.7978
  -2165.00   42255.61  0.0126719    10.6219   195.9692    11.4681     9.7543
  -2155.00   42256.89  0.0126962    10.6274   193.6047    11.9649     9.6841
  -2145.00   42258.12  0.0126272    10.6277   191.5544    12.1470     9.5952
  -2135.00   42256.71  0.0127656    10.6290   189.2677    12.5889     9.5251
  -2125.00   42255.11  0.0127787    10.6362   186.9792    13.1455     9.4480
  -2115.00   42255.30  0.0127383    10.6429   185.4234    13.1620     9.3344
  -2105.00   42255.46  0.0127976    10.6483   183.3173    13.8619     9.2356
  -2095.00   42252.85  0.0127785    10.6567   181.4265    14.4836     9.1598
  -2085.00   42251.29  0.0128177    10.6689   180.2933    14.5046     9.0677
  -2075.00   42252.00  0.0128344    10.6807   178.5601    15.1841     8.9745
  -2065.00   42252.47  0.0127274    10.6892   176.9965    15.6909     8.8998
  -2055.00   42251.33  0.0128096    10.7000   175.6716    15.9036     8.8439
  -2045.00   42251.80  0.0127999    10.7136   173.8333    16.5186     8.7844
  -2035.00   42254.56  0.0126614    10.7217   172.4076    16.5982     8.7114
  -2025.00   42255.99  0.0127060    10.7268   170.4515    17.0139     8.6658
  -2015.00   42255.72  0.0126659    10.7356   168.2486    17.5029     8.6317
  -2005.00   42256.47  0.0126167    10.7424   166.7168    17.2423     8.5659
  -1995.00   42258.48  0.0126201    10.7443   164.4340    17.6467     8.5014
  -1985.00   42257.94  0.0125390    10.7462   162.1220    18.0460     8.4566
  -1975.00   42255.74  0.0126014    10.7503   160.4849    17.8612     8.3937
  -1965.00   42255.04  0.0126259    10.7536   158.3967    18.2539     8.3085
  -1955.00   42255.46  0.0125014    10.7535   156.6610    18.4451     8.2227
  -1945.00   42253.94  0.0125896    10.7555   155.0809    18.6387     8.1461
  -1935.00   42251.78  0.0126158    10.7626   153.3496    19.1407     8.0568
  -1925.00   42251.79  0.0125422    10.7676   152.3967    19.0157     7.9420
  -1915.00   42253.19  0.0125859    10.7717   150.9178    19.4536     7.8459
  -1905.00   42252.19  0.0125697    10.7813   149.2733    20.0317     7.7683
  -1895.00   42251.45  0.0125978    10.7926   148.3882    19.8297     7.6693
  -1885.00   42253.23  0.0126332    10.8017   146.7749    20.2278     7.5758
  -1875.00   42255.14  0.0125327    10.8107   144.8707    20.7275     7.5134
  -1865.00   42255.03  0.0126103    10.8219   143.3069    20.7336     7.4555
  -1855.00   42255.05  0.0126608    10.8331   141.1792    21.1471     7.3921
  -1845.00   42257.16  0.0125274    10.8392   139.2767    21.2174     7.3334
  -1835.00   42258.43  0.0125793    10.8437   137.1131    21.4736     7.2940
  -1825.00   42257.06  0.0126007    10.8511   134.6826    21.9903     7.2546
  -1815.00   42255.77  0.0125640    10.8546   133.2141    21.6567     7.1871
  -1805.00   42256.38  0.0126016    10.8534   131.2459    21.9411     7.1243
  -1795.00   42255.54  0.0125624    10.8550   129.1118    22.5199     7.0741
  -1785.00   42252.87  0.0126429    10.8580   127.9656    22.3170     6.9947
  -1775.00   42251.52  0.0127254    10.8585   126.4515    22.6416     6.8978
  -1765.00   42252.37  0.0126308    10.8586   124.9084    23.0824     6.8126
  -1755.00   42252.36  0.0127327    10.8624   123.5923    23.3563     6.7250
  -1745.00   42251.16  0.0128228    10.8691   121.9270    23.9735     6.6229
  -1735.00   42251.88  0.0127465    10.8737   120.7353    24.0600     6.5139
  -1725.00   42254.62  0.0127938    10.8788   118.9439    24.6074     6.4245
  -1715.00   42255.20  0.0128047    10.8893   116.6437    25.4816     6.3463
  -1705.00   42254.77  0.0128044    10.8992   115.1627    25.4071     6.2502
  -1695.00   42256.19  0.0128231    10.9056   113.0242    25.8336     6.1665
  -1685.00   42257.91  0.0127166    10.9144   110.3344    26.6586     6.1130
  -1675.00   42257.57  0.0127520    10.9243   108.3153    26.7898     6.0508
  -1665.00   42255.82  0.0127934    10.9312   106.1018    27.1399     5.9805
  -1655.00   42255.97  0.0126217    10.9350   103.9775    27.4601     5.9290
  -1645.00   42256.49  0.0126281    10.9387   101.9866    27.7865     5.8821
  -1635.00   42254.45  0.0126581    10.9436    99.9131    28.3523     5.8239
  -1625.00   42252.24  0.0125492    10.9442    98.8708    28.0673     5.7522
  -1615.00   42252.46  0.0125410    10.9420    97.4973    28.2584     5.6850
  -1605.00   42252.81  0.0124975    10.9436    95.6655    28.9796     5.6218
  -1595.00   42251.50  0.0125120    10.9451    94.9553    28.6522     5.5301
  -1585.00   42250.83  0.0125565    10.9435    93.8585    28.7026     5.4294
  -1575.00   42252.74  0.0124407    10.9440    92.1999    29.2022     5.3455
  -1565.00   42254.58  0.0125076    10.9482    90.8210    29.3098     5.2500
  -1555.00   42254.29  0.0126033    10.9530    89.0644    29.6448     5.1403
  -1545.00   42254.85  0.0124890    10.9566    87.4635    29.6530     5.0406
  -1535.00   42257.36  0.0125229    10.9624    85.3758    30.0049     4.9541
  -1525.00   42258.12  0.0125720    10.9723    82.7202    30.8094     4.8704
  -1515.00   42256.75  0.0125397    10.9804    81.0968    30.5632     4.7790
  -1505.00   42256.12  0.0125508    10.9858    79.0891    30.7300     4.7050
  -1495.00   42256.60  0.0124814    10.9944    76.4583    31.5721     4.6544
  -1485.00   42255.87  0.0125201    11.0029    74.8587    31.5465     4.5902
  -1475.00   42253.05  0.0125755    11.0063    73.3617    31.5870     4.5233
  -1465.00   42252.14  0.0124306    11.0087    71.7086    31.9066     4.4811
  -1455.00   42253.03  0.0124668    11.0115    70.3246    32.1112     4.4311
  -1445.00   42252.15  0.0125662    11.0129    68.8571    32.4908     4.3620
  -1435.00   42250.86  0.0124639    11.0106    68.0322    32.2456     4.2954
  -1425.00   42251.71  0.0124855    11.0076    66.8306    32.3617     4.2263
  -1415.00   42253.80  0.0125353    11.0082    64.8118    33.1922     4.1479
  -1405.00   42254.19  0.0125550    11.0077    63.7646    32.9284     4.0500
  -1395.00   42253.86  0.0126184    11.0052    62.2787    32.9606     3.9488
  -1385.00   42255.69  0.0125566    11.0069    59.8378    33.7631     3.8610
  -1375.00   42257.79  0.0126426    11.0119    57.8589    33.9875     3.7583
  -1365.00   42257.19  0.0127673    11.0156    55.6561    34.3614     3.6475
  -1355.00   42256.13  0.0126457    11.0198    53.4298    34.7129     3.5594
  -1345.00   42256.84  0.0126796    11.0270    51.1136    35.2086     3.4772
  -1335.00   42256.99  0.0127744    11.0355    48.4464    36.1535     3.3906
  -1325.00   42254.91  0.0126926    11.0411    46.8636    36.1519     3.3109
  -1315.00   42252.81  0.0126648    11.0454    45.2003    36.3981     3.2467
  -1305.00   42252.88  0.0126151    11.0521    42.8562    37.4562     3.1919
  -1295.00   42252.99  0.0126079    11.0569    41.6852    37.4784     3.1232
  -1285.00   42251.02  0.0126150    11.0568    40.6138    37.4809     3.0570
  -1275.00   42250.50  0.0124445    11.0573    38.9919    38.0150     3.0100
  -1265.00   42252.54  0.0124494    11.0587    37.6979    38.1991     2.9465
  -1255.00   42253.62  0.0125346    11.0569    36.2482    38.4467     2.8652
  -1245.00   42253.56  0.0123776    11.0532    34.9478    38.3738     2.7974
  -1235.00   42254.46  0.0123510    11.0509    33.3623    38.4508     2.7230
  -1225.00   42257.02  0.0124210    11.0504    30.9551    39.2009     2.6301
  -1215.00   42257.92  0.0123759    11.0483    29.4210    38.9438     2.5332
  -1205.00   42256.57  0.0123846    11.0458    27.7055    38.8154     2.4365
  -1195.00   42256.52  0.0123297    11.0480    25.0171    39.6429     2.3435
  -1185.00   42257.34  0.0123745    11.0516    23.2188    39.6464     2.2380
  -1175.00   42256.15  0.0124836    11.0537    21.4693    39.7255     2.1304
  -1165.00   42253.65  0.0123461    11.0577    19.5441    40.1021     2.0473
  -1155.00   42253.06  0.0123677    11.0650    17.9181    40.3535     1.9638
  -1145.00   42253.57  0.0124981    11.0714    16.0657    40.9854     1.8738
  -1135.00   42252.53  0.0123978    11.0753    14.9785    40.9351     1.8047
  -1125.00   42250.82  0.0123615    11.0796    13.8434    40.9981     1.7487
  -1115.00   42251.66  0.0123698    11.0847    11.8450    41.9208     1.6901
  -1105.00   42253.42  0.0123530    11.0860    10.8668    41.7565     1.6280
  -1095.00   42253.13  0.0123690    11.0837     9.8197    41.5506     1.5726
  -1085.00   42253.01  0.0122436    11.0826     7.8154    42.1350     1.5251
  -1075.00   42255.27  0.0122742    11.0812     6.2658    42.1254     1.4565
  -1065.00   42257.19  0.0124105    11.0760     4.5328    42.1634     1.3741
  -1055.00   42257.09  0.0122988    11.0709     2.6221    42.2350     1.3053
  -1045.00   42256.49  0.0123112    11.0686     0.6510    42.3389     1.2227
  -1035.00   42257.66  0.0124622    11.0667   358.1165    43.0375     1.1164
  -1025.00   42257.93  0.0124461    11.0639   356.3542    43.0083     1.0193
  -1015.00   42255.39  0.0124714    11.0631   354.6898    43.0196     0.9250
  -1005.00   42253.64  0.0124821    11.0663   352.1354    44.0865     0.8237
   -995.00   42253.63  0.0125109    11.0691   350.6406    44.2466     0.7209
   -985.00   42253.14  0.0126185    11.0708   349.3408    44.3596     0.6251
   -975.00   42251.06  0.0124947    11.0753   347.4755    45.1188     0.5485
   -965.00   42250.75  0.0124913    11.0812   346.0815    45.4621     0.4676
   -955.00   42252.57  0.0126237    11.0843   344.4750    46.0155     0.3825
   -945.00   42253.50  0.0124985    11.0858   343.0752    46.2494     0.3235
   -935.00   42252.86  0.0124318    11.0887   341.5929    46.4481     0.2688
   -925.00   42254.11  0.0124619    11.0905   339.2203    47.4008     0.2000
   -915.00   42256.58  0.0123924    11.0881   337.6339    47.3825     0.1389
   -905.00   42257.04  0.0123696    11.0847   336.0608    47.2062     0.0846
   -895.00   42256.09  0.0122559    11.0828   333.3932    48.0253     0.0235
   -885.00   42256.75  0.0122266    11.0788   331.5305    48.0056   359.9466
   -875.00   42257.93  0.0123270    11.0722   329.7982    47.8905   359.8639
   -865.00   42257.00  0.0121947    11.0672   327.7740    48.1291   359.7906
   -855.00   42254.71  0.0121629    11.0647   326.0889    48.1852   359.6997
   -845.00   42254.33  0.0122926    11.0611   324.1744    48.6614   359.5885
   -835.00   42254.67  0.0122380    11.0573   322.8909    48.6331   359.4939
   -825.00   42252.61  0.0122188    11.0572   321.8310    48.5227   359.4010
   -815.00   42250.87  0.0122437    11.0595   319.8352    49.4677   359.2919
   -805.00   42251.44  0.0122229    11.0602   318.7282    49.5363   359.1928
   -795.00   42252.85  0.0122959    11.0615   317.8562    49.3370   359.1078
   -785.00   42252.33  0.0121984    11.0662   315.9378    50.0908   359.0307
   -775.00   42252.67  0.0121664    11.0701   314.4845    50.2434   358.9527
   -765.00   42255.16  0.0122974    11.0709   312.8497    50.4271   358.8786
   -755.00   42257.18  0.0121895    11.0716   311.0262    50.6020   358.8298
   -745.00   42256.63  0.0121330    11.0731   309.2293    50.6125   358.7787
   -735.00   42256.51  0.0122114    11.0717   306.6817    51.3098   358.7108
   -725.00   42257.84  0.0121587    11.0664   304.8517    51.2308   358.6586
   -715.00   42257.77  0.0121608    11.0619   303.3478    50.8584   358.6090
   -705.00   42255.43  0.0121351    11.0582   300.8044    51.6483   358.5372
   -695.00   42254.21  0.0121220    11.0509   299.2125    51.6279   358.4577
   -685.00   42254.64  0.0122516    11.0430   298.0322    51.3686   358.3774
   -675.00   42253.94  0.0121874    11.0386   296.3370    51.7769   358.2948
   -665.00   42251.75  0.0121855    11.0349   295.0604    51.9083   358.1951
   -655.00   42251.31  0.0123538    11.0303   293.5544    52.3806   358.0835
   -645.00   42252.98  0.0123283    11.0273   292.3129    52.5802   357.9923
   -635.00   42252.66  0.0123210    11.0283   291.1599    52.6460   357.9001
   -625.00   42251.89  0.0123959    11.0299   288.9510    53.7048   357.7908
   -615.00   42253.16  0.0123766    11.0293   287.2799    54.0571   357.7025
   -605.00   42255.71  0.0124192    11.0308   285.9090    53.9286   357.6326
   -595.00   42256.15  0.0123622    11.0349   283.3141    54.8768   357.5564
   -585.00   42255.86  0.0123055    11.0354   281.1525    55.2496   357.4835
   -575.00   42257.19  0.0124092    11.0335   279.1455    55.3862   357.4230
   -565.00   42258.67  0.0123036    11.0334   276.8517    55.7760   357.3749
   -555.00   42257.23  0.0122185    11.0321   274.8781    55.8930   357.3173
   -545.00   42255.10  0.0122979    11.0271   272.4941    56.5564   357.2466
   -535.00   42254.92  0.0122201    11.0202   270.7581    56.6983   357.1932
   -525.00   42254.69  0.0121700    11.0152   269.6442    56.3761   357.1360
   -515.00   42252.44  0.0121592    11.0098   267.5881    57.1869   357.0502
   -505.00   42250.84  0.0120997    11.0006   266.2937    57.3491   356.9675
   -495.00   42251.81  0.0121613    10.9928   265.5826    56.9984   356.8902
   -485.00   42252.83  0.0120901    10.9890   264.0703    57.4723   356.7979
   -475.00   42252.07  0.0120350    10.9836   262.8649    57.5859   356.6953
   -465.00   42252.27  0.0121677    10.9775   261.4353    57.8348   356.5918
   -455.00   42254.99  0.0121157    10.9754   259.9003    58.0259   356.5033
   -445.00   42256.08  0.0120677    10.9755   258.4764    57.9283   356.4108
   -435.00   42255.52  0.0121505    10.9751   256.0363    58.7220   356.3045
   -425.00   42255.90  0.0121238    10.9737   253.9527    59.0085   356.2262
   -415.00   42257.68  0.0121268    10.9752   252.4190    58.6487   356.1644
   -405.00   42257.77  0.0121016    10.9783   249.8344    59.3611   356.0871
   -395.00   42255.75  0.0120468    10.9763   247.7111    59.6563   356.0215
   -385.00   42255.08  0.0121402    10.9732   246.1542    59.4864   355.9779
   -375.00   42255.72  0.0120707    10.9727   244.3053    59.7703   355.9310
   -365.00   42254.25  0.0119919    10.9684   242.9205    59.7488   355.8733
   -355.00   42251.73  0.0121136    10.9597   241.3023    60.1240   355.8133
   -345.00   42251.44  0.0120821    10.9517   240.0258    60.2660   355.7633
   -335.00   42252.41  0.0120461    10.9449   239.3349    59.8786   355.7000
   -325.00   42251.86  0.0121088    10.9363   237.6122    60.5554   355.6081
   -315.00   42251.05  0.0121027    10.9253   236.2041    60.8453   355.5255
   -305.00   42252.82  0.0121786    10.9180   235.3055    60.5032   355.4474
   -295.00   42255.33  0.0121745    10.9144   233.3649    61.0797   355.3438
   -285.00   42255.50  0.0121444    10.9081   231.5279    61.3772   355.2397
   -275.00   42255.36  0.0123013    10.9025   229.6014    61.6117   355.1489
   -265.00   42257.36  0.0122875    10.9027   227.3667    62.0439   355.0626
   -255.00   42258.31  0.0122347    10.9025   225.4329    62.0998   354.9735
   -245.00   42256.92  0.0123437    10.9003   222.8132    62.8676   354.8816
   -235.00   42255.33  0.0123390    10.8991   220.5095    63.3759   354.8178
   -225.00   42255.52  0.0123180    10.8996   218.9899    63.2015   354.7621
   -215.00   42255.35  0.0123118    10.8997   216.7062    63.9808   354.6852
   -205.00   42252.70  0.0122605    10.8944   214.8125    64.5142   354.6265
   -195.00   42251.37  0.0123191    10.8897   213.6597    64.4260   354.5889
   -185.00   42252.40  0.0122570    10.8877   212.0614    64.9183   354.5312
   -175.00   42252.46  0.0121427    10.8800   210.7848    65.1295   354.4647
   -165.00   42251.25  0.0122392    10.8692   209.3999    65.4242   354.4104
   -155.00   42251.70  0.0121988    10.8618   207.9161    65.7589   354.3543
   -145.00   42254.09  0.0121018    10.8540   206.8826    65.5186   354.2796
   -135.00   42255.17  0.0121463    10.8430   204.9020    66.0869   354.1886
   -125.00   42254.62  0.0121189    10.8321   202.9413    66.4673   354.1100
   -115.00   42255.78  0.0121298    10.8254   201.5818    66.0939   354.0307
   -105.00   42258.03  0.0121117    10.8207   199.2767    66.5959   353.9222
    -95.00   42257.75  0.0120387    10.8130   197.1130    66.8977   353.8212
    -85.00   42256.03  0.0121482    10.8077   195.2916    66.8615   353.7418
    -75.00   42255.96  0.0121351    10.8086   193.1799    67.2241   353.6527
    -65.00   42256.24  0.0120371    10.8071   191.5906    67.1826   353.5618
    -55.00   42254.53  0.0121331    10.8032   189.6900    67.6032   353.4857
    -45.00   42252.01  0.0121432    10.8029   187.9763    67.9924   353.4305
    -35.00   42251.83  0.0121062    10.8026   187.0972    67.6656   353.3768
    -25.00   42252.74  0.0121217    10.7994   185.4643    68.2072   353.3082
    -15.00   42251.35  0.0120938    10.7926   183.9592    68.6352   353.2646
     -5.00   42250.76  0.0121527    10.7865   183.1261    68.3378   353.2355
      5.00   42252.76  0.0121392    10.7819   181.5768    68.7154   353.1757
     15.00   42254.55  0.0120449    10.7705   180.0607    68.9212   353.1122
     25.00   42254.63  0.0121562    10.7577   178.5312    68.9528   353.0687
     35.00   42254.85  0.0121782    10.7500   176.6014    69.2594   353.0073
     45.00   42257.15  0.0120991    10.7403   175.0377    69.0738   352.9206
     55.00   42258.27  0.0121848    10.7272   172.7786    69.4827   352.8359
     65.00   42256.71  0.0122122    10.7178   170.4472    69.9381   352.7595
     75.00   42255.90  0.0122425    10.7124   168.9208    69.6277   352.6726
     85.00   42256.66  0.0122837    10.7068   166.6597    70.1733   352.5639
     95.00   42255.88  0.0122420    10.6994   164.5475    70.6951   352.4725
    105.00   42253.37  0.0123558    10.6959   163.1045    70.6827   352.4040
    115.00   42252.27  0.0123977    10.6971   161.3189    71.2045   352.3163
    125.00   42253.02  0.0123034    10.6938   159.9219    71.4574   352.2299
    135.00   42252.57  0.0124015    10.6885   158.4039    71.8758   352.1760
    145.00   42250.83  0.0124412    10.6882   156.7579    72.4550   352.1280
    155.00   42251.45  0.0123871    10.6859   155.7586    72.3470   352.0697
    165.00   42253.73  0.0124132    10.6782   153.9356    72.9646   352.0122
    175.00   42254.04  0.0123819    10.6703   151.9221    73.6193   351.9765
    185.00   42253.86  0.0124040    10.6633   150.5645    73.4427   351.9417
    195.00   42255.72  0.0123936    10.6555   148.4182    73.9390   351.8740
    205.00   42257.85  0.0122673    10.6423   146.1689    74.4020   351.8112
    215.00   42257.84  0.0123155    10.6296   144.2201    74.4475   351.7691
    225.00   42256.38  0.0123297    10.6221   141.9756    74.8176   351.6977
    235.00   42256.92  0.0121994    10.6111   140.2075    74.7823   351.6019
    245.00   42257.15  0.0122363    10.5975   138.1979    75.0627   351.5267
    255.00   42254.78  0.0122445    10.5898   136.1401    75.5500   351.4527
    265.00   42252.59  0.0122193    10.5847   135.1303    75.1711   351.3566
    275.00   42252.71  0.0122492    10.5767   133.5396    75.5302   351.2548
    285.00   42252.90  0.0121886    10.5696   131.8733    76.0705   351.1750
    295.00   42251.41  0.0122537    10.5671   131.0084    75.8558   351.1095
    305.00   42250.89  0.0123048    10.5665   129.6560    76.1690   351.0223
    315.00   42252.89  0.0121965    10.5614   128.3283    76.3988   350.9443
    325.00   42254.33  0.0122684    10.5560   126.9199    76.5486   350.9080
    335.00   42253.68  0.0123317    10.5556   125.1209    76.9602   350.8654
    345.00   42254.43  0.0122636    10.5511   123.8209    76.7251   350.8064
    355.00   42256.77  0.0123061    10.5405   121.7529    77.0728   350.7702
    365.00   42257.53  0.0123023    10.5323   119.2855    77.6922   350.7481
    375.00   42256.35  0.0123211    10.5245   117.7186    77.3492   350.7094
    385.00   42256.46  0.0123522    10.5121   115.5245    77.6574   350.6469
    395.00   42257.49  0.0122587    10.4972   113.2100    78.1491   350.5927
    405.00   42256.86  0.0123148    10.4849   111.5158    78.1093   350.5496
    415.00   42254.12  0.0123854    10.4758   109.7281    78.3632   350.4676
    425.00   42253.42  0.0122901    10.4632   108.3793    78.3706   350.3662
    435.00   42253.79  0.0123523    10.4502   106.9504    78.5597   350.2974
    445.00   42252.31  0.0124324    10.4448   105.2839    79.1111   350.2218
    455.00   42250.59  0.0124277    10.4403   104.5613    78.8102   350.1165
    465.00   42251.32  0.0125028    10.4315   103.1972    79.1237   350.0297
    475.00   42253.24  0.0125008    10.4262   101.2784    79.9109   349.9683
    485.00   42253.33  0.0125717    10.4254   100.0908    79.8422   349.9064
    495.00   42253.46  0.0126557    10.4220    98.3177    80.2249   349.8299
    505.00   42255.74  0.0125654    10.4149    96.2270    80.7558   349.7710
    515.00   42257.85  0.0126211    10.4096    94.1538    81.0685   349.7483
    525.00   42257.15  0.0127041    10.4071    91.7418    81.6299   349.7052
    535.00   42256.41  0.0126055    10.3991    89.8439    81.6495   349.6431
    545.00   42257.15  0.0126237    10.3866    87.5483    82.0308   349.6176
    555.00   42257.28  0.0126331    10.3786    84.8485    82.8940   349.5941
    565.00   42254.91  0.0126000    10.3703    83.3579    82.7047   349.5366
    575.00   42253.43  0.0126102    10.3551    81.5451    82.9948   349.4771
    585.00   42253.78  0.0125048    10.3407    79.4952    83.6883   349.4282
    595.00   42253.67  0.0125156    10.3306    78.2335    83.7253   349.3760
    605.00   42251.56  0.0125587    10.3195    76.9451    83.9230   349.2898
    615.00   42251.10  0.0124180    10.3057    75.8396    84.0120   349.1936
    625.00   42252.76  0.0124240    10.2942    74.6292    84.1424   349.1325
    635.00   42253.20  0.0125035    10.2890    73.0231    84.6034   349.0553
    645.00   42252.58  0.0124389    10.2831    72.1396    84.2589   348.9459
    655.00   42253.65  0.0124682    10.2733    70.6524    84.3188   348.8736
    665.00   42256.34  0.0124855    10.2695    68.2786    85.0820   348.8254
    675.00   42257.04  0.0125218    10.2695    66.7199    84.8988   348.7587
    685.00   42256.41  0.0125914    10.2635    64.7491    85.0184   348.6948
    695.00   42257.05  0.0125033    10.2559    62.3404    85.5208   348.6589
    705.00   42258.21  0.0125467    10.2522    60.2374    85.7094   348.6444
    715.00   42256.78  0.0126485    10.2471    58.0729    86.0620   348.6064
    725.00   42254.36  0.0125346    10.2358    56.4664    86.0191   348.5566
    735.00   42253.71  0.0125383    10.2224    54.7765    86.1748   348.5460
    745.00   42253.93  0.0126065    10.2135    52.6900    86.8977   348.5239
    755.00   42252.10  0.0125681    10.2023    51.8038    86.6053   348.4555
    765.00   42250.74  0.0125913    10.1844    50.6722    86.6290   348.4038
    775.00   42251.70  0.0125468    10.1703    48.9385    87.2938   348.3610
    785.00   42253.20  0.0125923    10.1618    47.9197    87.2330   348.2914
    795.00   42252.76  0.0126777    10.1486    46.6838    87.3080   348.2054
    805.00   42252.84  0.0125757    10.1348    45.2383    87.4804   348.1202
    815.00   42255.24  0.0126195    10.1274    43.5850    87.6669   348.0623
    825.00   42256.65  0.0127678    10.1223    41.5129    88.1115   347.9870
    835.00   42256.15  0.0127246    10.1156    39.9345    87.9647   347.8860
    845.00   42256.04  0.0127533    10.1070    37.9139    88.1166   347.8353
    855.00   42257.57  0.0128488    10.1046    35.0858    89.0248   347.8011
    865.00   42257.73  0.0128971    10.1039    33.2070    89.0569   347.7327
    875.00   42255.66  0.0129587    10.0950    31.2478    89.2416   347.6849
    885.00   42254.39  0.0128944    10.0868    28.8074    90.0301   347.6702
    895.00   42254.77  0.0129344    10.0838    26.9624    90.3900   347.6493
    905.00   42253.64  0.0130342    10.0751    25.2513    90.7802   347.6089
    915.00   42251.29  0.0128898    10.0609    23.8308    91.0260   347.5687
    925.00   42250.79  0.0128480    10.0486    22.4052    91.3297   347.5581
    935.00   42252.20  0.0129325    10.0389    20.6080    92.0389   347.5254
    945.00   42252.32  0.0128459    10.0255    19.6410    91.9278   347.4486
    955.00   42251.88  0.0128032    10.0073    18.4042    91.9562   347.4019
    965.00   42253.45  0.0127689     9.9950    16.2840    92.7262   347.3631
    975.00   42256.11  0.0127725     9.9873    14.8558    92.6843   347.2784
    985.00   42256.53  0.0128171     9.9728    13.2193    92.6729   347.1971
    995.00   42255.99  0.0126841     9.9595    11.1197    92.9953   347.1309
   1005.00   42257.21  0.0126916     9.9552     9.1007    93.1512   347.0696
   1015.00   42258.04  0.0128234     9.9491     6.9485    93.4117   346.9965
   1025.00   42256.76  0.0127392     9.9406     5.2590    93.2881   346.9096
   1035.00   42254.73  0.0127133     9.9341     3.4210    93.3746   346.8734
   1045.00   42254.65  0.0128241     9.9319     1.1208    94.0511   346.8450
   1055.00   42254.75  0.0128451     9.9295   359.8170    93.9437   346.7771
   1065.00   42252.62  0.0128610     9.9192   358.5608    93.9024   346.7475
   1075.00   42251.13  0.0128238     9.9113   356.6243    94.6324   346.7537
   1085.00   42252.04  0.0128552     9.9081   355.3602    94.7990   346.7283
   1095.00   42252.65  0.0129501     9.8960   354.1838    94.8823   346.6944
   1105.00   42251.81  0.0128146     9.8794   352.7707    95.1430   346.6790
   1115.00   42252.01  0.0127731     9.8680   351.3072    95.3481   346.6698
   1125.00   42254.38  0.0128939     9.8561   349.5153    95.7500   346.6302
   1135.00   42255.91  0.0128199     9.8393   348.1740    95.5760   346.5576
   1145.00   42255.55  0.0127777     9.8217   346.5404    95.5063   346.5173
   1155.00   42256.18  0.0128256     9.8109   344.0531    96.1658   346.4749
   1165.00   42258.14  0.0128629     9.8030   342.3299    96.0497   346.3768
   1175.00   42258.07  0.0129422     9.7888   340.5884    95.9135   346.3000
   1185.00   42256.10  0.0128879     9.7784   338.2464    96.4180   346.2540
   1195.00   42255.33  0.0129370     9.7775   336.3288    96.6439   346.1870
   1205.00   42255.38  0.0131120     9.7714   334.5364    96.8793   346.1190
   1215.00   42254.13  0.0130568     9.7621   333.0165    97.0078   346.0620
   1225.00   42251.60  0.0130434     9.7585   331.4270    97.3305   346.0408
   1235.00   42251.25  0.0131832     9.7554   329.5475    98.0432   346.0174
   1245.00   42252.50  0.0131908     9.7492   328.4323    98.0985   345.9588
   1255.00   42251.89  0.0131747     9.7379   327.2031    98.2212   345.9466
   1265.00   42251.39  0.0131749     9.7297   325.1128    99.1123   345.9585
   1275.00   42253.12  0.0131848     9.7245   323.5777    99.3958   345.9192
   1285.00   42255.32  0.0132452     9.7096   322.0847    99.4712   345.8834
   1295.00   42255.67  0.0131229     9.6931   319.9295   100.0106   345.8819
   1305.00   42255.48  0.0130615     9.6839   317.8109   100.3927   345.8603
   1315.00   42257.13  0.0131613     9.6712   315.6251   100.7427   345.8077
   1325.00   42258.42  0.0130523     9.6531   313.7267   100.7567   345.7479
   1335.00   42257.01  0.0129634     9.6386   311.7545   100.8315   345.7134
   1345.00   42255.58  0.0130100     9.6291   309.3046   101.4608   345.6650
   1355.00   42255.92  0.0129863     9.6196   307.7534   101.3756   345.5650
   1365.00   42255.53  0.0129963     9.6057   306.4701   101.1416   345.4977
   1375.00   42253.28  0.0129531     9.5975   304.5298   101.6920   345.4644
   1385.00   42251.75  0.0129548     9.5971   303.1654   101.8654   345.3893
   1395.00   42252.39  0.0130825     9.5900   302.0661   101.8597   345.3207
   1405.00   42252.66  0.0130056     9.5807   300.8132   102.0192   345.2933
   1415.00   42251.27  0.0129684     9.5797   299.4508   102.2747   345.2778
   1425.00   42251.59  0.0130962     9.5761   297.7701   102.7674   345.2552
   1435.00   42254.08  0.0130605     9.5664   296.5320   102.7155   345.2200
   1445.00   42255.03  0.0130163     9.5561   295.0572   102.7045   345.2298
   1455.00   42254.94  0.0130464     9.5476   292.6898   103.3971   345.2502
   1465.00   42256.06  0.0130374     9.5389   290.8255   103.5118   345.2117
   1475.00   42258.13  0.0130725     9.5215   289.1509   103.3142   345.1874
   1485.00   42258.26  0.0130079     9.5051   286.7638   103.7352   345.2003
   1495.00   42256.38  0.0129682     9.4961   284.6245   103.9874   345.1661
   1505.00   42256.14  0.0130864     9.4814   282.7543   104.0792   345.1000
   1515.00   42256.44  0.0130148     9.4628   281.0771   104.0872   345.0560
   1525.00   42254.57  0.0129620     9.4521   279.5382   104.1161   345.0198
   1535.00   42252.22  0.0130739     9.4444   277.6985   104.6235   344.9577
   1545.00   42252.10  0.0130712     9.4336   276.5723   104.5938   344.8659
   1555.00   42252.78  0.0130904     9.4225   275.6909   104.3761   344.8157
   1565.00   42251.93  0.0131337     9.4177   273.9960   104.9713   344.7923
   1575.00   42251.09  0.0131608     9.4169   272.6407   105.2637   344.7194
   1585.00   42252.88  0.0132871     9.4086   271.4810   105.2592   344.6633
   1595.00   42254.75  0.0132602     9.4005   269.7143   105.6634   344.6680
   1605.00   42254.50  0.0132403     9.4004   267.8156   106.0665   344.6563
   1615.00   42254.73  0.0133860     9.3948   265.6373   106.5969   344.6266
   1625.00   42256.89  0.0133364     9.3821   263.6246   106.8026   344.6185
   1635.00   42258.05  0.0132809     9.3731   261.5785   106.9285   344.6360
   1645.00   42257.02  0.0133343     9.3650   258.8760   107.6695   344.6439
   1655.00   42256.23  0.0132969     9.3526   256.7269   107.9479   344.6041
   1665.00   42256.93  0.0132878     9.3353   255.0225   107.8630   344.5849
   1675.00   42256.53  0.0132423     9.3213   252.8168   108.3721   344.5965
   1685.00   42253.68  0.0131777     9.3123   250.9661   108.7568   344.5471
   1695.00   42252.40  0.0132512     9.2965   249.5690   108.8755   344.4733
   1705.00   42252.82  0.0131652     9.2794   248.1520   109.0933   344.4459
   1715.00   42252.27  0.0130689     9.2720   246.9399   109.2073   344.4067
   1725.00   42250.73  0.0131570     9.2646   245.4504   109.6545   344.3304
   1735.00   42251.37  0.0131008     9.2521   244.2851   109.7414   344.2582
   1745.00   42253.67  0.0130531     9.2438   243.3018   109.5231   344.2234
   1755.00   42254.51  0.0130867     9.2413   241.4772   109.9812   344.1986
   1765.00   42254.21  0.0130686     9.2381   239.7645   110.2146   344.1318
   1775.00   42255.90  0.0131314     9.2293   238.2677   110.0527   344.0938
   1785.00   42257.89  0.0131119     9.2234   236.0983   110.3538   344.1183
   1795.00   42257.47  0.0130606     9.2234   233.9385   110.5978   344.1093
   1805.00   42256.08  0.0131871     9.2156   231.7688   110.8510   344.0808
   1815.00   42256.39  0.0131348     9.2018   229.6658   111.0280   344.1053
   1825.00   42256.84  0.0130579     9.1942   227.9087   110.9693   344.1333
   1835.00   42254.89  0.0131288     9.1857   225.7751   111.4521   344.1284
   1845.00   42252.97  0.0130862     9.1688   224.1403   111.6221   344.1061
   1855.00   42253.08  0.0130725     9.1516   223.0572   111.3982   344.0985
   1865.00   42253.47  0.0130686     9.1398   221.5269   111.7175   344.1009
   1875.00   42251.56  0.0130262     9.1282   220.1792   111.9891   344.0419
   1885.00   42250.78  0.0131179     9.1115   219.1749   111.9608   343.9680
   1895.00   42252.31  0.0131011     9.0975   217.8380   112.1535   343.9493
   1905.00   42253.58  0.0130307     9.0929   216.5095   112.2593   343.9027
   1915.00   42253.14  0.0131633     9.0861   214.8486   112.5923   343.8161
   1925.00   42254.00  0.0131586     9.0745   213.1132   112.7964   343.7717
   1935.00   42256.67  0.0131274     9.0704   211.5448   112.6558   343.7564
   1945.00   42257.86  0.0132035     9.0705   209.2638   113.0986   343.7287
   1955.00   42256.82  0.0132074     9.0646   207.0267   113.4426   343.6839
   1965.00   42256.73  0.0132738     9.0561   205.1727   113.3775   343.6743
   1975.00   42257.50  0.0132988     9.0522   202.8756   113.7561   343.7076
   1985.00   42256.40  0.0132446     9.0497   200.7193   114.1488   343.6967
   1995.00   42253.65  0.0133663     9.0388   198.8529   114.4298   343.6703
   2005.00   42252.67  0.0133524     9.0252   196.9606   114.8341   343.7071
   2015.00   42253.26  0.0132540     9.0187   195.5104   114.9716   343.7267
   2025.00   42252.06  0.0133227     9.0092   193.8272   115.5013   343.6948
   2035.00   42250.75  0.0132725     8.9910   192.3148   115.9022   343.6845
   2045.00   42251.53  0.0132298     8.9763   191.2734   115.8454   343.6830
   2055.00   42253.57  0.0132139     8.9678   189.7014   116.2614   343.6636
   2065.00   42253.39  0.0131352     8.9542   188.0562   116.6644   343.6083
   2075.00   42253.21  0.0131819     8.9379   186.6713   116.6828   343.5474
   2085.00   42255.12  0.0131577     8.9278   184.8507   116.9181   343.5331
   2095.00   42257.04  0.0130294     8.9234   182.9156   117.1374   343.4829
   2105.00   42256.57  0.0131067     8.9154   180.8875   117.3747   343.3951
   2115.00   42256.00  0.0130903     8.9051   178.7413   117.6028   343.3725
   2125.00   42257.18  0.0129976     8.9039   176.9681   117.4498   343.3662
   2135.00   42257.59  0.0130305     8.9049   174.8381   117.7475   343.3251
   2145.00   42255.43  0.0130015     8.8972   172.8246   118.0296   343.3035
   2155.00   42253.64  0.0130291     8.8902   171.4675   117.7918   343.3215
   2165.00   42253.78  0.0130461     8.8889   169.8391   117.9666   343.3538
   2175.00   42253.22  0.0129658     8.8835   168.2492   118.2743   343.3518
   2185.00   42251.00  0.0130633     8.8701   167.0650   118.3029   343.3472
   2195.00   42250.37  0.0130866     8.8574   165.6942   118.5132   343.3985
   2205.00   42252.16  0.0129730     8.8501   164.4884   118.5834   343.4146
   2215.00   42252.80  0.0130406     8.8373   163.0308   118.8917   343.3722
   2225.00   42252.57  0.0130271     8.8179   161.3913   119.2113   343.3752
   2235.00   42253.77  0.0129892     8.8053   160.1340   119.0107   343.3775
   2245.00   42256.56  0.0129992     8.7982   158.2629   119.2997   343.3278
   2255.00   42257.06  0.0129413     8.7837   156.1617   119.6533   343.2792
   2265.00   42256.17  0.0130092     8.7695   154.4483   119.5255   343.2362
   2275.00   42256.81  0.0130360     8.7653   152.4209   119.6367   343.2139
   2285.00   42257.74  0.0129369     8.7613   150.2559   119.9075   343.1664
   2295.00   42256.54  0.0130340     8.7533   148.2954   120.0897   343.0950
   2305.00   42254.27  0.0130918     8.7466   146.3817   120.2866   343.0965
   2315.00   42253.98  0.0130211     8.7474   144.8574   120.2503   343.0992
   2325.00   42254.32  0.0130803     8.7470   143.1497   120.6086   343.0539
   2335.00   42252.48  0.0130975     8.7379   141.4552   121.0429   343.0577
   2345.00   42250.80  0.0131327     8.7322   140.4379   120.8791   343.0968
   2355.00   42251.68  0.0131718     8.7316   139.0530   121.1491   343.1106
   2365.00   42252.75  0.0131050     8.7226   137.3666   121.6993   343.1110
   2375.00   42252.17  0.0131927     8.7081   136.0339   121.8198   343.1228
   2385.00   42252.27  0.0132407     8.6982   134.4087   122.0746   343.1656
   2395.00   42254.75  0.0131124     8.6900   132.5568   122.4290   343.1668
   2405.00   42256.57  0.0131529     8.6754   130.5049   122.8705   343.1199
   2415.00   42256.28  0.0131564     8.6579   128.2260   123.3356   343.1285
   2425.00   42256.36  0.0130701     8.6485   126.3744   123.2880   343.1286
   2435.00   42258.05  0.0130479     8.6416   124.1089   123.6830   343.0572
   2445.00   42257.92  0.0129618     8.6272   121.6527   124.2500   343.0159
   2455.00   42255.68  0.0129722     8.6159   119.9796   124.1201   342.9948
   2465.00   42254.47  0.0129637     8.6151   118.2647   124.1903   342.9557
   2475.00   42254.54  0.0128236     8.6103   116.3970   124.5612   342.9107
   2485.00   42253.67  0.0128691     8.6019   114.9544   124.6852   342.8620
   2495.00   42251.28  0.0129125     8.5990   113.7041   124.6992   342.8725
   2505.00   42251.02  0.0127973     8.6001   112.6115   124.6411   342.8773
   2515.00   42252.61  0.0128233     8.5976   111.3053   124.8809   342.8367
   2525.00   42252.46  0.0128478     8.5887   109.8090   125.2084   342.8645
   2535.00   42251.91  0.0128338     8.5847   108.8645   124.8691   342.9216
   2545.00   42253.50  0.0128554     8.5832   107.4270   124.9469   342.9250
   2555.00   42255.78  0.0127931     8.5713   105.3558   125.4734   342.9380
   2565.00   42256.16  0.0128577     8.5566   103.7197   125.3835   342.9791
   2575.00   42255.69  0.0129090     8.5486   101.8843   125.3681   343.0121
   2585.00   42257.05  0.0127845     8.5379    99.6447   125.6933   343.0042
   2595.00   42258.36  0.0128283     8.5211    97.4294   126.0012   342.9676
   2605.00   42256.98  0.0128792     8.5062    95.2473   126.2676   342.9775
   2615.00   42255.26  0.0127853     8.4988    93.5694   126.1497   342.9640
   2625.00   42255.40  0.0127868     8.4913    91.7390   126.4070   342.8777
   2635.00   42255.12  0.0127643     8.4784    89.6990   126.9771   342.8415
   2645.00   42252.92  0.0127806     8.4722    88.6358   126.7036   342.8365
   2655.00   42251.32  0.0128083     8.4742    87.5525   126.6362   342.7831
   2665.00   42252.00  0.0127176     8.4696    86.0147   127.0741   342.7436
   2675.00   42252.67  0.0128038     8.4627    84.8545   127.1336   342.7347
   2685.00   42251.55  0.0128961     8.4636    83.7479   127.0787   342.7520
   2695.00   42251.97  0.0128092     8.4637    82.4115   127.1509   342.7595
   2705.00   42254.60  0.0128714     8.4579    80.7113   127.4840   342.7386
   2715.00   42255.82  0.0129570     8.4499    78.6769   127.9229   342.7830
   2725.00   42255.67  0.0129335     8.4463    77.0328   127.7938   342.8385
   2735.00   42256.41  0.0129578     8.4422    74.9903   128.0128   342.8245
   2745.00   42258.21  0.0129290     8.4286    72.2452   128.8192   342.8373
   2755.00   42258.18  0.0129712     8.4162    70.1788   128.8941   342.8873
   2765.00   42256.06  0.0130053     8.4105    68.2178   128.9665   342.8931
   2775.00   42255.39  0.0128679     8.3989    65.8812   129.5416   342.8696
   2785.00   42255.74  0.0128950     8.3825    63.8608   129.9526   342.8493
   2795.00   42254.12  0.0129450     8.3724    62.1052   130.2407   342.8535
   2805.00   42251.91  0.0128015     8.3661    60.7298   130.3231   342.8268
   2815.00   42251.79  0.0127668     8.3570    59.3150   130.6331   342.7433
   2825.00   42252.76  0.0127590     8.3460    57.5836   131.2688   342.7173
   2835.00   42252.26  0.0127024     8.3430    56.6754   131.0577   342.7167
   2845.00   42251.47  0.0126750     8.3447    55.6952   130.9406   342.6517
   2855.00   42253.16  0.0125657     8.3392    53.9140   131.4801   342.6150
   2865.00   42255.25  0.0126049     8.3346    52.5618   131.3858   342.6368
   2875.00   42255.16  0.0126626     8.3382    51.1869   131.1657   342.6503
   2885.00   42255.19  0.0125314     8.3376    49.3672   131.2301   342.6556
   2895.00   42257.13  0.0125769     8.3299    47.3338   131.3869   342.6689
   2905.00   42258.23  0.0126771     8.3243    45.0962   131.6365   342.7290
   2915.00   42257.21  0.0126182     8.3209    43.2698   131.4617   342.7846
   2925.00   42255.93  0.0126200     8.3130    41.3361   131.5332   342.7760
   2935.00   42256.33  0.0126253     8.2980    38.8509   132.2430   342.8006
   2945.00   42255.94  0.0126429     8.2871    37.2501   132.1834   342.8550
   2955.00   42253.23  0.0126623     8.2807    35.9603   132.0554   342.8381
   2965.00   42251.81  0.0125345     8.2669    34.1660   132.5982   342.8007
   2975.00   42252.43  0.0125682     8.2520    32.8390   132.7572   342.7951
   2985.00   42252.26  0.0126489     8.2462    31.7231   132.7739   342.7823
   2995.00   42251.12  0.0125136     8.2411    30.6016   132.8140   342.7360
   3005.00   42251.71  0.0125091     8.2318    29.3426   132.9593   342.6690
   3015.00   42254.12  0.0125850     8.2254    27.6289   133.3925   342.6561
   3025.00   42255.24  0.0125499     8.2261    26.3696   133.1893   342.6566
   3035.00   42254.83  0.0125539     8.2270    24.9652   133.0362   342.5979
   3045.00   42256.18  0.0125265     8.2214    22.5865   133.6679   342.5804
   3055.00   42257.98  0.0125859     8.2196    20.7460   133.5743   342.6275
   3065.00   42257.69  0.0126855     8.2238    18.9737   133.4002   342.6367
   3075.00   42256.03  0.0125795     8.2205    16.6862   133.7565   342.6342
   3085.00   42256.04  0.0126490     8.2120    14.5884   133.9574   342.6763
   3095.00   42256.39  0.0127930     8.2083    12.5055   134.2671   342.7306
   3105.00   42254.77  0.0127296     8.2048    10.8067   134.3588   342.7601
   3115.00   42252.54  0.0127281     8.1938     9.1513   134.6137   342.7554
   3125.00   42252.48  0.0127657     8.1801     7.0620   135.4301   342.7797
   3135.00   42253.04  0.0127578     8.1721     5.7356   135.5582   342.8181
   3145.00   42251.58  0.0127472     8.1649     4.6452   135.5737   342.7825
   3155.00   42250.82  0.0126187     8.1506     2.7646   136.3775   342.7397
   3165.00   42252.42  0.0126112     8.1388     1.3438   136.5954   342.7454
   3175.00   42254.16  0.0126701     8.1359     0.0443   136.6009   342.7175
   3185.00   42254.12  0.0124964     8.1306   358.3334   136.8856   342.6549
   3195.00   42254.72  0.0124546     8.1213   356.5467   137.0676   342.6131
   3205.00   42257.07  0.0125248     8.1188   354.4361   137.4003   342.6060
   3215.00   42258.35  0.0124466     8.1213   352.6458   137.2926   342.5947
   3225.00   42257.03  0.0124051     8.1203   350.8827   137.1523   342.5481
   3235.00   42256.36  0.0123828     8.1157   348.3637   137.7542   342.5501
   3245.00   42256.68  0.0123856     8.1166   346.6079   137.6120   342.6050
   3255.00   42255.96  0.0124524     8.1202   345.2436   137.2641   342.6117
   3265.00   42253.24  0.0123370     8.1146   343.2555   137.7073   342.6148
   3275.00   42252.22  0.0123626     8.1066   341.8101   137.7028   342.6847
   3285.00   42252.89  0.0124978     8.1041   340.5007   137.7295   342.7377
   3295.00   42252.33  0.0124047     8.0986   339.2711   137.8010   342.7465
   3305.00   42251.01  0.0123927     8.0846   338.0443   137.8990   342.7647
   3315.00   42251.59  0.0124490     8.0720   336.3114   138.4850   342.7936
   3325.00   42253.73  0.0124247     8.0655   335.0924   138.4725   342.8054
   3335.00   42253.93  0.0124087     8.0556   333.9111   138.3366   342.7639
   3345.00   42253.64  0.0123242     8.0414   331.7211   139.0626   342.7227
   3355.00   42255.24  0.0123167     8.0339   329.9847   139.1226   342.7247
   3365.00   42257.40  0.0123993     8.0330   328.4857   138.8451   342.6808
   3375.00   42257.21  0.0122733     8.0281   326.3473   139.1359   342.6092
   3385.00   42256.35  0.0122668     8.0217   324.3611   139.1869   342.5951
   3395.00   42256.99  0.0123984     8.0238   322.3326   139.3105   342.5949
   3405.00   42257.47  0.0123642     8.0279   320.6187   139.2235   342.5715
   3415.00   42255.28  0.0123687     8.0252   319.0542   139.1222   342.5542
   3425.00   42253.10  0.0124213     8.0221   316.9000   139.7503   342.5799
   3435.00   42252.82  0.0124467     8.0245   315.4735   139.7763   342.6292
   3445.00   42252.82  0.0125257     8.0250   314.5233   139.5004   342.6334
   3455.00   42250.95  0.0124663     8.0168   312.6884   140.1994   342.6422
   3465.00   42250.38  0.0124797     8.0096   311.3138   140.3982   342.7128
   3475.00   42252.23  0.0126184     8.0075   310.1034   140.4425   342.7446
   3485.00   42253.57  0.0125283     7.9997   308.5134   140.8138   342.7258
   3495.00   42253.48  0.0125086     7.9859   306.8669   141.0529   342.7519
   3505.00   42254.26  0.0125816     7.9766   304.6738   141.6975   342.7750
   3515.00   42256.88  0.0125319     7.9718   302.8122   141.8828   342.7518
   3525.00   42257.57  0.0124993     7.9610   300.9944   141.8876   342.7164
   3535.00   42256.49  0.0124377     7.9486   298.2475   142.7476   342.6869
   3545.00   42256.37  0.0123951     7.9449   296.0697   142.9923   342.6771
   3555.00   42257.36  0.0124309     7.9438   294.4755   142.7290   342.6262
   3565.00   42256.52  0.0123011     7.9380   292.2876   143.1870   342.5569
   3575.00   42254.16  0.0122465     7.9342   290.4971   143.3258   342.5567
   3585.00   42253.39  0.0123424     7.9385   289.0046   143.3423   342.5524
   3595.00   42253.96  0.0122629     7.9418   287.7234   143.3345   342.5124
   3605.00   42252.56  0.0122256     7.9387   286.6470   143.1943   342.5196
   3615.00   42250.76  0.0122776     7.9380   284.9841   143.6968   342.5639
   3625.00   42251.27  0.0122631     7.9415   283.8220   143.7166   342.5997
   3635.00   42252.90  0.0122890     7.9388   283.0455   143.3120   342.6167
   3645.00   42252.79  0.0122463     7.9294   281.1483   143.9209   342.6494
