  -7305.00   42256.35  0.0392292     8.9781    62.9413   314.4218   205.8046
  -7295.00   42258.20  0.0393350     8.9786    60.9973   314.9202   205.4435
  -7285.00   42258.14  0.0394193     8.9746    58.9671   315.3983   205.0310
  -7275.00   42258.37  0.0393441     8.9689    56.6831   315.9357   204.6856
  -7265.00   42260.07  0.0393720     8.9756    54.2367   316.5033   204.3999
  -7255.00   42260.22  0.0394302     8.9847    51.7167   317.2026   204.0426
  -7245.00   42258.39  0.0394186     8.9852    49.4906   317.6502   203.7188
  -7235.00   42257.14  0.0393353     8.9833    47.3022   318.0821   203.4890
  -7225.00   42257.05  0.0392628     8.9869    45.0020   318.7987   203.2242
  -7215.00   42256.29  0.0393010     8.9884    43.1526   319.2522   202.9523
  -7205.00   42253.98  0.0392284     8.9757    41.5886   319.5531   202.6962
  -7195.00   42253.35  0.0390589     8.9631    39.8419   320.1120   202.4565
  -7185.00   42254.60  0.0390532     8.9574    38.2547   320.5663   202.2250
  -7175.00   42254.69  0.0390742     8.9438    36.8068   320.9584   201.9055
  -7165.00   42254.25  0.0389436     8.9218    35.2806   321.3368   201.5998
  -7155.00   42255.43  0.0388776     8.9071    33.5873   321.7122   201.3454
  -7145.00   42257.73  0.0389170     8.8997    31.6090   322.3090   200.9938
  -7135.00   42258.58  0.0389628     8.8868    29.7385   322.6794   200.6068
  -7125.00   42258.19  0.0389347     8.8724    27.7210   323.0003   200.2747
  -7115.00   42259.11  0.0389130     8.8707    25.2430   323.6875   199.9276
  -7105.00   42260.41  0.0390640     8.8761    22.9101   324.2339   199.5520
  -7095.00   42259.49  0.0391549     8.8743    20.7208   324.6754   199.1676
  -7085.00   42257.62  0.0390810     8.8746    18.3617   325.3103   198.8415
  -7075.00   42257.16  0.0391330     8.8867    16.1108   325.9379   198.5620
  -7065.00   42257.01  0.0392364     8.8966    14.0284   326.6200   198.2167
  -7055.00   42255.39  0.0391865     8.8958    12.2197   327.1448   197.9089
  -7045.00   42253.51  0.0390828     8.8967    10.4651   327.6451   197.6995
  -7035.00   42253.73  0.0390277     8.9022     8.5647   328.4178   197.4322
  -7025.00   42254.81  0.0390402     8.9000     6.9986   328.9069   197.1429
  -7015.00   42254.26  0.0389118     8.8856     5.4874   329.2437   196.9035
  -7005.00   42254.35  0.0387209     8.8753     3.5644   329.8912   196.6484
  -6995.00   42256.44  0.0387081     8.8698     1.6730   330.3987   196.3764
  -6985.00   42258.27  0.0386925     8.8534   359.8347   330.7560   196.0433
  -6975.00   42258.53  0.0385263     8.8337   357.6990   331.2380   195.7136
  -6965.00   42258.49  0.0384402     8.8246   355.4477   331.6858   195.4253
  -6955.00   42259.86  0.0384934     8.8206   353.1141   332.2557   195.0364
  -6945.00   42260.29  0.0384905     8.8098   350.9518   332.6750   194.6223
  -6935.00   42258.45  0.0384272     8.8028   348.8448   333.0251   194.2884
  -6925.00   42256.96  0.0384150     8.8106   346.5251   333.7352   193.9239
  -6915.00   42256.91  0.0385418     8.8197   344.5976   334.2509   193.5260
  -6905.00   42256.22  0.0385903     8.8210   342.9376   334.6147   193.1706
  -6895.00   42254.17  0.0385067     8.8285   341.0622   335.2721   192.8634
  -6885.00   42253.26  0.0385587     8.8446   339.3348   335.8713   192.5821
  -6875.00   42254.31  0.0386523     8.8525   337.7670   336.4009   192.2604
  -6865.00   42254.74  0.0385655     8.8502   336.1322   336.9237   191.9790
  -6855.00   42254.04  0.0384607     8.8518   334.3830   337.4047   191.7804
  -6845.00   42254.88  0.0384416     8.8558   332.3778   338.0909   191.5094
  -6835.00   42257.21  0.0384211     8.8469   330.5121   338.5186   191.2037
  -6825.00   42258.18  0.0382999     8.8306   328.5534   338.8083   190.9650
  -6815.00   42257.85  0.0381570     8.8231   326.1317   339.4497   190.6888
  -6805.00   42258.71  0.0381911     8.8175   323.8654   339.9149   190.3584
  -6795.00   42260.09  0.0382009     8.8012   321.7703   340.1978   190.0120
  -6785.00   42259.61  0.0380961     8.7884   319.4592   340.7086   189.6688
  -6775.00   42257.50  0.0380912     8.7885   317.2495   341.2106   189.3438
  -6765.00   42256.78  0.0381971     8.7895   315.2532   341.7295   188.9454
  -6755.00   42256.60  0.0382138     8.7845   313.4460   342.2109   188.5427
  -6745.00   42254.99  0.0381897     8.7865   311.7727   342.6241   188.2287
  -6735.00   42252.90  0.0382368     8.8014   309.9417   343.3618   187.8781
  -6725.00   42253.05  0.0383471     8.8115   308.4200   343.9076   187.4907
  -6715.00   42254.32  0.0383787     8.8142   307.0052   344.2790   187.1799
  -6705.00   42254.09  0.0383248     8.8259   305.1445   344.9985   186.9007
  -6695.00   42254.05  0.0383976     8.8424   303.2817   345.6404   186.6089
  -6685.00   42256.08  0.0384651     8.8469   301.4320   346.1392   186.3083
  -6675.00   42258.05  0.0383780     8.8450   299.2470   346.7479   186.0451
  -6665.00   42258.08  0.0383005     8.8492   296.8925   347.3220   185.8335
  -6655.00   42257.80  0.0382981     8.8523   294.3865   348.0112   185.5516
  -6645.00   42259.00  0.0382269     8.8413   292.0016   348.5399   185.2377
  -6635.00   42259.72  0.0380875     8.8271   289.7111   348.9029   184.9945
  -6625.00   42257.93  0.0379641     8.8236   287.1998   349.6038   184.7019
  -6615.00   42256.62  0.0379520     8.8175   285.1023   350.1136   184.3261
  -6605.00   42256.75  0.0378996     8.8020   283.3555   350.4160   183.9714
  -6595.00   42256.32  0.0377770     8.7954   281.5013   350.9642   183.6224
  -6585.00   42254.08  0.0377834     8.8020   279.8443   351.5003   183.2454
  -6575.00   42252.98  0.0378479     8.8058   278.4094   351.9717   182.8331
  -6565.00   42253.77  0.0378314     8.8068   276.9452   352.4781   182.4404
  -6555.00   42254.26  0.0378121     8.8186   275.4493   352.9189   182.1213
  -6545.00   42253.43  0.0378790     8.8395   273.6820   353.5896   181.7754
  -6535.00   42254.32  0.0379392     8.8512   271.9311   354.1350   181.4065
  -6525.00   42257.00  0.0379294     8.8570   270.1186   354.4783   181.1348
  -6515.00   42258.14  0.0378941     8.8724   267.7813   355.1462   180.8875
  -6505.00   42257.92  0.0379510     8.8864   265.4514   355.7243   180.5913
  -6495.00   42258.70  0.0379678     8.8852   263.1831   356.1342   180.3147
  -6485.00   42259.99  0.0378794     8.8817   260.6751   356.6933   180.0736
  -6475.00   42259.30  0.0378397     8.8855   258.2510   357.2115   179.8295
  -6465.00   42257.02  0.0378497     8.8841   255.9647   357.7731   179.5227
  -6455.00   42256.22  0.0377851     8.8716   253.8651   358.3019   179.1949
  -6445.00   42256.46  0.0376868     8.8621   252.0477   358.6533   178.9252
  -6435.00   42254.80  0.0376458     8.8642   250.1799   359.2737   178.6022
  -6425.00   42253.14  0.0376508     8.8608   248.6302   359.7940   178.1956
  -6415.00   42253.40  0.0376229     8.8512   247.3139     0.1077   177.8450
  -6405.00   42254.76  0.0375653     8.8550   245.7438     0.6544   177.5159
  -6395.00   42254.27  0.0376287     8.8679   244.2153     1.1838   177.1203
  -6385.00   42253.99  0.0377070     8.8744   242.6645     1.6403   176.7313
  -6375.00   42255.88  0.0377181     8.8804   240.8213     2.1728   176.3920
  -6365.00   42257.87  0.0377556     8.8988   238.8271     2.6553   176.0816
  -6355.00   42257.83  0.0378514     8.9204   236.5710     3.2747   175.7542
  -6345.00   42257.83  0.0379158     8.9307   234.2072     3.8787   175.4192
  -6335.00   42259.41  0.0379190     8.9392   231.8670     4.2945   175.1733
  -6325.00   42260.21  0.0379250     8.9567   229.2713     4.9500   174.9410
  -6315.00   42258.50  0.0379740     8.9681   226.8489     5.5752   174.6372
  -6305.00   42256.87  0.0379733     8.9648   224.6646     6.0506   174.3729
  -6295.00   42256.97  0.0379029     8.9635   222.4393     6.6683   174.1504
  -6285.00   42256.22  0.0378735     8.9684   220.4863     7.2365   173.8723
  -6275.00   42253.84  0.0378518     8.9643   218.7305     7.8186   173.5468
  -6265.00   42252.85  0.0377776     8.9523   217.0293     8.4379   173.2235
  -6255.00   42254.08  0.0376812     8.9485   215.5214     8.8841   172.9267
  -6245.00   42254.59  0.0376254     8.9533   213.9142     9.4850   172.5717
  -6235.00   42254.12  0.0375901     8.9517   212.2985    10.0826   172.1488
  -6225.00   42255.02  0.0375351     8.9485   210.7089    10.4593   171.7953
  -6215.00   42257.83  0.0374821     8.9614   208.7762    10.9934   171.4661
  -6205.00   42258.53  0.0375049     8.9793   206.7794    11.5104   171.0534
  -6195.00   42257.94  0.0375390     8.9891   204.6951    11.9447   170.6787
  -6185.00   42258.82  0.0375475     9.0021   202.3445    12.4508   170.3872
  -6175.00   42260.02  0.0375863     9.0266   200.0366    12.8914   170.0772
  -6165.00   42259.34  0.0376394     9.0475   197.7018    13.4093   169.7643
  -6155.00   42257.26  0.0376887     9.0557   195.3773    13.9768   169.4765
  -6145.00   42256.83  0.0377023     9.0670   193.2931    14.3808   169.2454
  -6135.00   42257.22  0.0377056     9.0831   191.2377    14.9272   169.0154
  -6125.00   42255.38  0.0377241     9.0880   189.3688    15.5196   168.7085
  -6115.00   42253.36  0.0377151     9.0822   187.7291    15.9654   168.4448
  -6105.00   42253.85  0.0376795     9.0823   186.0240    16.5157   168.2195
  -6095.00   42254.75  0.0376517     9.0866   184.4686    17.0322   167.8977
  -6085.00   42254.17  0.0376207     9.0806   182.8986    17.5560   167.5452
  -6075.00   42254.04  0.0375946     9.0724   181.1272    18.1329   167.2294
  -6065.00   42256.25  0.0375613     9.0774   179.3806    18.5523   166.9032
  -6055.00   42258.35  0.0375250     9.0866   177.4273    19.0791   166.5276
  -6045.00   42258.30  0.0375280     9.0889   175.2692    19.6737   166.1249
  -6035.00   42258.31  0.0375379     9.0957   173.1307    20.0525   165.7945
  -6025.00   42260.11  0.0375471     9.1164   170.8168    20.5286   165.4850
  -6015.00   42260.32  0.0375778     9.1366   168.5249    21.0543   165.0975
  -6005.00   42258.32  0.0376304     9.1479   166.3279    21.4974   164.7639
  -5995.00   42256.94  0.0377060     9.1654   164.1080    21.9886   164.5225
  -5985.00   42256.94  0.0377710     9.1912   162.1469    22.4274   164.2258
  -5975.00   42256.27  0.0378123     9.2082   160.2680    22.9609   163.9238
  -5965.00   42253.85  0.0378959     9.2145   158.3978    23.5603   163.6778
  -5955.00   42253.22  0.0379616     9.2284   156.7635    24.0073   163.4462
  -5945.00   42254.63  0.0379715     9.2433   155.0915    24.5671   163.2018
  -5935.00   42254.74  0.0379845     9.2440   153.3327    25.2459   162.9000
  -5925.00   42254.11  0.0379915     9.2406   151.6017    25.7732   162.6355
  -5915.00   42255.31  0.0379847     9.2444   149.6808    26.3448   162.4015
  -5905.00   42257.69  0.0379260     9.2485   147.6892    26.9450   162.0566
  -5895.00   42258.36  0.0378563     9.2425   145.5474    27.5501   161.6930
  -5885.00   42257.82  0.0378394     9.2393   143.1993    28.1597   161.3886
  -5875.00   42258.85  0.0377927     9.2508   140.9776    28.6017   161.0385
  -5865.00   42260.21  0.0376979     9.2621   138.6687    29.1589   160.6398
  -5855.00   42259.19  0.0376737     9.2675   136.2973    29.7836   160.2584
  -5845.00   42257.26  0.0376845     9.2842   134.2244    30.1464   159.9338
  -5835.00   42257.01  0.0376715     9.3116   132.2524    30.5550   159.6212
  -5825.00   42256.96  0.0376604     9.3334   130.3669    31.0832   159.2555
  -5815.00   42255.05  0.0376978     9.3489   128.6745    31.4933   158.9576
  -5805.00   42253.22  0.0377902     9.3716   127.0467    31.8804   158.7482
  -5795.00   42253.65  0.0378290     9.3974   125.5766    32.2565   158.4682
  -5785.00   42254.61  0.0378397     9.4094   123.9902    32.7685   158.1815
  -5775.00   42253.85  0.0379350     9.4135   122.2333    33.3125   157.9720
  -5765.00   42254.01  0.0380075     9.4269   120.5770    33.6784   157.7358
  -5755.00   42256.33  0.0379853     9.4370   118.6762    34.2007   157.4611
  -5745.00   42258.02  0.0379887     9.4318   116.4699    34.8805   157.1602
  -5735.00   42257.99  0.0380125     9.4312   114.2708    35.3685   156.8793
  -5725.00   42258.19  0.0380109     9.4392   111.9742    35.8428   156.6111
  -5715.00   42259.77  0.0379442     9.4436   109.6051    36.4310   156.2434
  -5705.00   42259.91  0.0378911     9.4425   107.2330    37.0071   155.8794
  -5695.00   42257.89  0.0379284     9.4487   104.9246    37.5171   155.5894
  -5685.00   42256.64  0.0379078     9.4680   102.9668    37.8721   155.2398
  -5675.00   42256.75  0.0378393     9.4824   101.0349    38.3971   154.8543
  -5665.00   42255.79  0.0378802     9.4918    99.1239    38.9889   154.5291
  -5655.00   42253.62  0.0379528     9.5158    97.6240    39.2791   154.2361
  -5645.00   42253.11  0.0379637     9.5450    96.1739    39.6478   153.9362
  -5635.00   42254.35  0.0379911     9.5631    94.5895    40.2099   153.6133
  -5625.00   42254.42  0.0380810     9.5806    93.0476    40.6283   153.3528
  -5615.00   42253.78  0.0382066     9.6053    91.4388    40.9811   153.1563
  -5605.00   42255.00  0.0382494     9.6280    89.7237    41.3924   152.8859
  -5595.00   42257.25  0.0382859     9.6369    87.6796    41.9639   152.6125
  -5585.00   42257.82  0.0384274     9.6422    85.3781    42.5389   152.4217
  -5575.00   42257.43  0.0385073     9.6570    83.1964    42.9075   152.1836
  -5565.00   42258.63  0.0384766     9.6646    80.7528    43.5170   151.8859
  -5555.00   42259.87  0.0385053     9.6580    78.0885    44.2930   151.5993
  -5545.00   42258.94  0.0385512     9.6615    75.6888    44.8268   151.3170
  -5535.00   42257.09  0.0385129     9.6732    73.4476    45.3439   151.0156
  -5525.00   42256.83  0.0384214     9.6767    71.2701    46.0205   150.6419
  -5515.00   42256.51  0.0383640     9.6803    69.2685    46.6500   150.2831
  -5505.00   42254.60  0.0383836     9.6951    67.5051    47.1405   149.9885
  -5495.00   42252.86  0.0383032     9.7190    66.0830    47.4943   149.6327
  -5485.00   42253.33  0.0382035     9.7367    64.5805    48.0193   149.2560
  -5475.00   42254.28  0.0382577     9.7523    62.9634    48.5708   148.9683
  -5465.00   42253.73  0.0383046     9.7832    61.6295    48.7728   148.6977
  -5455.00   42254.08  0.0382688     9.8140    60.0938    49.1105   148.4017
  -5445.00   42256.40  0.0383028     9.8299    58.1774    49.6556   148.1228
  -5435.00   42257.96  0.0384091     9.8494    56.2108    50.0110   147.8981
  -5425.00   42257.81  0.0384999     9.8749    54.1336    50.3067   147.7009
  -5415.00   42258.05  0.0385064     9.8909    51.8874    50.7284   147.4361
  -5405.00   42259.31  0.0385454     9.8963    49.4268    51.2748   147.1749
  -5395.00   42259.55  0.0386954     9.9020    46.9223    51.7978   146.9807
  -5385.00   42257.61  0.0387259     9.9157    44.7638    52.1224   146.7216
  -5375.00   42256.73  0.0386730     9.9204    42.5277    52.7210   146.3943
  -5365.00   42256.91  0.0387281     9.9151    40.2733    53.4470   146.1082
  -5355.00   42256.02  0.0387893     9.9247    38.4889    53.8610   145.8237
  -5345.00   42253.92  0.0387202     9.9411    36.8597    54.3383   145.4858
  -5335.00   42253.37  0.0386475     9.9468    35.2154    54.9653   145.1230
  -5325.00   42254.19  0.0386518     9.9575    33.6642    55.4876   144.7983
  -5315.00   42254.24  0.0386924     9.9816    32.2018    55.8729   144.5116
  -5305.00   42253.66  0.0386238    10.0078    30.7890    56.1946   144.1774
  -5295.00   42254.91  0.0385734    10.0270    29.0798    56.6691   143.8446
  -5285.00   42257.33  0.0387078    10.0471    27.1115    57.1426   143.6038
  -5275.00   42258.11  0.0387854    10.0797    25.2941    57.3068   143.3636
  -5265.00   42258.09  0.0387697    10.1074    23.1792    57.6765   143.0793
  -5255.00   42259.18  0.0388700    10.1201    20.7205    58.2411   142.8392
  -5245.00   42260.23  0.0390376    10.1400    18.3961    58.5780   142.6439
  -5235.00   42259.18  0.0391308    10.1649    16.1236    58.9287   142.4287
  -5225.00   42257.29  0.0391542    10.1757    13.8386    59.4442   142.1666
  -5215.00   42256.67  0.0392319    10.1806    11.5985    60.0202   141.9207
  -5205.00   42256.55  0.0394036    10.1902     9.5269    60.5513   141.7169
  -5195.00   42254.80  0.0394163    10.2032     7.8188    60.9647   141.4410
  -5185.00   42253.46  0.0393582    10.2075     6.0448    61.6221   141.1082
  -5175.00   42253.88  0.0394384    10.2061     4.2065    62.3627   140.8307
  -5165.00   42254.97  0.0394826    10.2208     2.7269    62.7711   140.5468
  -5155.00   42254.44  0.0393725    10.2394     1.1381    63.3285   140.1843
  -5145.00   42254.55  0.0392894    10.2470   359.3140    64.0097   139.8333
  -5135.00   42256.52  0.0392971    10.2641   357.4811    64.4847   139.5382
  -5125.00   42258.04  0.0392844    10.2957   355.5851    64.8699   139.2389
  -5115.00   42258.07  0.0391792    10.3231   353.5938    65.2338   138.9143
  -5105.00   42258.35  0.0391199    10.3447   351.3498    65.6792   138.6212
  -5095.00   42259.80  0.0392454    10.3720   349.0243    66.0563   138.4059
  -5085.00   42260.33  0.0392927    10.4059   346.9621    66.1894   138.1816
  -5075.00   42258.71  0.0392523    10.4302   344.7779    66.5486   137.9141
  -5065.00   42257.39  0.0393725    10.4419   342.4907    67.0640   137.7060
  -5055.00   42257.39  0.0395305    10.4614   340.5895    67.3133   137.5308
  -5045.00   42256.30  0.0395817    10.4823   338.8171    67.6678   137.2910
  -5035.00   42254.15  0.0395991    10.4865   337.0240    68.2194   137.0226
  -5025.00   42253.30  0.0396739    10.4900   335.3230    68.7389   136.7837
  -5015.00   42254.26  0.0397973    10.5028   333.7290    69.2052   136.5463
  -5005.00   42254.61  0.0397725    10.5142   332.2435    69.6334   136.2383
  -4995.00   42254.38  0.0397004    10.5197   330.5154    70.2406   135.9031
  -4985.00   42255.42  0.0397878    10.5268   328.5872    70.8601   135.6301
  -4975.00   42258.00  0.0398106    10.5484   326.8405    71.1678   135.3453
  -4965.00   42258.68  0.0397115    10.5704   324.8209    71.6530   134.9895
  -4955.00   42258.38  0.0396902    10.5825   322.4957    72.2604   134.6760
  -4945.00   42259.25  0.0397446    10.6063   320.2829    72.5891   134.4315
  -4935.00   42260.18  0.0397596    10.6409   318.0752    72.9234   134.1452
  -4925.00   42259.47  0.0397173    10.6658   315.8871    73.2902   133.8491
  -4915.00   42257.59  0.0397346    10.6862   313.6883    73.6882   133.6106
  -4905.00   42257.03  0.0398849    10.7163   311.6530    74.0256   133.4102
  -4895.00   42257.13  0.0399543    10.7467   309.9833    74.1940   133.1897
  -4885.00   42255.46  0.0399517    10.7653   308.2580    74.5883   132.9385
  -4875.00   42253.61  0.0401245    10.7781   306.4742    75.0983   132.7465
  -4865.00   42253.90  0.0402878    10.7981   305.0120    75.3531   132.5750
  -4855.00   42254.68  0.0403404    10.8160   303.4944    75.7617   132.3190
  -4845.00   42254.30  0.0404115    10.8183   301.7187    76.3837   132.0541
  -4835.00   42254.25  0.0405171    10.8235   299.8888    76.9060   131.8339
  -4825.00   42256.24  0.0406175    10.8397   297.9727    77.4206   131.5741
  -4815.00   42258.23  0.0405958    10.8497   295.9524    77.9519   131.2513
  -4805.00   42258.43  0.0405408    10.8557   293.6411    78.6006   130.9318
  -4795.00   42258.46  0.0406140    10.8711   291.1963    79.2213   130.6587
  -4785.00   42259.96  0.0405895    10.8965   288.9886    79.5858   130.3627
  -4775.00   42260.27  0.0404640    10.9201   286.6860    80.0867   130.0138
  -4765.00   42258.51  0.0404586    10.9383   284.2983    80.6725   129.7252
  -4755.00   42257.03  0.0404739    10.9691   282.2784    80.9556   129.5038
  -4745.00   42256.82  0.0404457    11.0067   280.4332    81.2740   129.2257
  -4735.00   42256.19  0.0404059    11.0307   278.6925    81.6431   128.9526
  -4725.00   42253.93  0.0404318    11.0525   277.0501    81.9593   128.7619
  -4715.00   42253.12  0.0405400    11.0849   275.5232    82.2684   128.5676
  -4705.00   42254.23  0.0405726    11.1106   274.2002    82.4628   128.3452
  -4695.00   42254.53  0.0405707    11.1223   272.6631    82.8380   128.1157
  -4685.00   42253.98  0.0407318    11.1362   270.9224    83.2917   127.9252
  -4675.00   42254.94  0.0408443    11.1547   269.2772    83.5448   127.7348
  -4665.00   42257.27  0.0408486    11.1670   267.3990    83.9569   127.4573
  -4655.00   42258.18  0.0409344    11.1692   265.1681    84.5408   127.1865
  -4645.00   42257.76  0.0410194    11.1786   262.9000    84.9797   126.9653
  -4635.00   42258.62  0.0410691    11.1983   260.5780    85.4583   126.6782
  -4625.00   42259.99  0.0410466    11.2096   258.2418    85.9690   126.3466
  -4615.00   42259.25  0.0410148    11.2194   255.8720    86.4905   126.0580
  -4605.00   42257.29  0.0410810    11.2446   253.5963    87.0003   125.7920
  -4595.00   42256.75  0.0410556    11.2736   251.6963    87.3245   125.5022
  -4585.00   42256.74  0.0409597    11.2964   249.8741    87.7370   125.1907
  -4575.00   42254.97  0.0410164    11.3203   248.0847    88.1939   124.9439
  -4565.00   42252.99  0.0410589    11.3540   246.6264    88.4132   124.7474
  -4555.00   42253.16  0.0410563    11.3885   245.2318    88.7020   124.4905
  -4545.00   42254.24  0.0410961    11.4092   243.7518    89.0635   124.2468
  -4535.00   42253.69  0.0411741    11.4304   242.2368    89.3171   124.0889
  -4525.00   42253.66  0.0413087    11.4615   240.5821    89.6454   123.8960
  -4515.00   42255.87  0.0413742    11.4818   238.8798    89.9261   123.6652
  -4505.00   42257.82  0.0414240    11.4893   236.8788    90.2962   123.4579
  -4495.00   42257.88  0.0416027    11.5057   234.6174    90.7527   123.2645
  -4485.00   42257.90  0.0417198    11.5243   232.4132    91.0774   123.0537
  -4475.00   42259.42  0.0417387    11.5327   230.0576    91.5508   122.7751
  -4465.00   42259.73  0.0418599    11.5383   227.5658    92.1293   122.5117
  -4455.00   42257.83  0.0419427    11.5526   225.2497    92.5742   122.2892
  -4445.00   42256.37  0.0419777    11.5738   223.0531    93.1128   121.9904
  -4435.00   42256.52  0.0419818    11.5865   220.9958    93.6936   121.6619
  -4425.00   42255.80  0.0419475    11.6007   219.1151    94.1836   121.3988
  -4415.00   42253.59  0.0419806    11.6324   217.3577    94.7051   121.1325
  -4405.00   42252.91  0.0419321    11.6638   215.8717    95.1069   120.8372
  -4395.00   42254.16  0.0418236    11.6861   214.3920    95.5132   120.5581
  -4385.00   42254.29  0.0418483    11.7168   212.8294    95.9119   120.3357
  -4375.00   42253.54  0.0418450    11.7542   211.3633    96.1252   120.1444
  -4365.00   42254.55  0.0418057    11.7851   209.7421    96.4122   119.9047
  -4355.00   42256.87  0.0418545    11.8058   207.8828    96.7310   119.6911
  -4345.00   42257.61  0.0418949    11.8280   205.9258    96.9116   119.5515
  -4335.00   42257.13  0.0419922    11.8562   203.7669    97.2163   119.3574
  -4325.00   42258.40  0.0420610    11.8708   201.5444    97.5400   119.1179
  -4315.00   42259.84  0.0420957    11.8750   199.2462    97.8474   118.9233
  -4305.00   42259.05  0.0422265    11.8920   196.8806    98.2673   118.7173
  -4295.00   42257.11  0.0423088    11.9099   194.7461    98.6264   118.4658
  -4285.00   42256.82  0.0423192    11.9151   192.6834    99.0829   118.1820
  -4275.00   42256.59  0.0424110    11.9260   190.7046    99.5793   117.9194
  -4265.00   42254.62  0.0424489    11.9479   188.9897    99.9621   117.6805
  -4255.00   42252.70  0.0424616    11.9710   187.3681   100.4524   117.3781
  -4245.00   42253.19  0.0424996    11.9880   185.8041   100.9499   117.0732
  -4235.00   42254.22  0.0424600    12.0092   184.3179   101.3016   116.8456
  -4225.00   42253.68  0.0424865    12.0450   182.7353   101.7262   116.5995
  -4215.00   42253.93  0.0424896    12.0758   181.1437   102.0980   116.3219
  -4205.00   42256.34  0.0424344    12.0960   179.4113   102.4009   116.0938
  -4195.00   42258.05  0.0424755    12.1281   177.4511   102.7202   115.9017
  -4185.00   42257.75  0.0424998    12.1641   175.4610   102.9353   115.7090
  -4175.00   42257.93  0.0425147    12.1871   173.3109   103.2183   115.4873
  -4165.00   42259.25  0.0426172    12.2067   171.0419   103.5025   115.2950
  -4155.00   42259.53  0.0426621    12.2298   168.8368   103.6804   115.1538
  -4145.00   42257.51  0.0427688    12.2541   166.6172   104.0120   114.9501
  -4135.00   42256.62  0.0429137    12.2663   164.5136   104.3783   114.7110
  -4125.00   42256.95  0.0429730    12.2716   162.5789   104.6680   114.5286
  -4115.00   42256.28  0.0430951    12.2906   160.6835   105.1070   114.3198
  -4105.00   42253.93  0.0432140    12.3081   159.0050   105.5546   114.0449
  -4095.00   42253.44  0.0432702    12.3122   157.3995   106.0229   113.7746
  -4085.00   42254.50  0.0433562    12.3273   155.7693   106.5276   113.5244
  -4075.00   42254.32  0.0433748    12.3543   154.1967   106.9814   113.2658
  -4065.00   42253.58  0.0433883    12.3766   152.5088   107.5241   112.9646
  -4055.00   42254.88  0.0434378    12.3974   150.7066   108.0198   112.6812
  -4045.00   42257.36  0.0433515    12.4260   148.8193   108.3775   112.4668
  -4035.00   42258.03  0.0433161    12.4646   146.7117   108.8275   112.2272
  -4025.00   42257.84  0.0433262    12.4960   144.5450   109.2203   111.9641
  -4015.00   42259.14  0.0432434    12.5184   142.3545   109.4622   111.7738
  -4005.00   42260.45  0.0432155    12.5529   140.0580   109.7498   111.6054
  -3995.00   42259.05  0.0432075    12.5875   137.8790   109.9989   111.4053
  -3985.00   42257.16  0.0432182    12.6045   135.8082   110.2354   111.2037
  -3975.00   42256.77  0.0432918    12.6229   133.8476   110.4565   111.0296
  -3965.00   42256.66  0.0432861    12.6461   132.0757   110.6458   110.8706
  -3955.00   42254.58  0.0433625    12.6638   130.3742   110.9905   110.6478
  -3945.00   42253.30  0.0435216    12.6738   128.8164   111.3210   110.4047
  -3935.00   42254.04  0.0435435    12.6820   127.3676   111.5673   110.2150
  -3925.00   42255.15  0.0436047    12.7028   125.7828   112.0093   109.9855
  -3915.00   42254.30  0.0437296    12.7208   124.1989   112.4669   109.6906
  -3905.00   42254.53  0.0437737    12.7280   122.5562   112.8422   109.4331
  -3895.00   42256.93  0.0438058    12.7498   120.6885   113.2683   109.2013
  -3885.00   42258.07  0.0438024    12.7819   118.6838   113.7175   108.9313
  -3875.00   42257.73  0.0438231    12.8042   116.5298   114.1788   108.6523
  -3865.00   42258.18  0.0438726    12.8280   114.3087   114.5355   108.4129
  -3855.00   42259.84  0.0437733    12.8623   112.0553   114.8266   108.2162
  -3845.00   42260.03  0.0437427    12.8985   109.7160   115.2428   107.9922
  -3835.00   42258.20  0.0438176    12.9263   107.5494   115.5532   107.7578
  -3825.00   42257.23  0.0437617    12.9490   105.5987   115.6938   107.5977
  -3815.00   42257.60  0.0437402    12.9818   103.6792   115.9559   107.4418
  -3805.00   42256.10  0.0438013    13.0112   101.9467   116.2434   107.2325
  -3795.00   42253.82  0.0438673    13.0233   100.4298   116.4299   107.0448
  -3785.00   42253.39  0.0439580    13.0407    98.9756   116.6158   106.8849
  -3775.00   42254.51  0.0439809    13.0645    97.5175   116.8813   106.7020
  -3765.00   42254.37  0.0441037    13.0772    95.9691   117.2681   106.4708
  -3755.00   42254.17  0.0442995    13.0868    94.3975   117.5828   106.2382
  -3745.00   42255.69  0.0443202    13.1003    92.7144   117.8515   106.0455
  -3735.00   42258.20  0.0443866    13.1212    90.6816   118.3749   105.8035
  -3725.00   42258.49  0.0445560    13.1395    88.5426   118.8831   105.5109
  -3715.00   42258.13  0.0445964    13.1509    86.3666   119.2435   105.2701
  -3705.00   42259.46  0.0445868    13.1778    83.9893   119.7045   105.0484
  -3695.00   42260.09  0.0445917    13.2123    81.5490   120.2552   104.7705
  -3685.00   42258.82  0.0446094    13.2349    79.2125   120.7285   104.5079
  -3675.00   42257.12  0.0446021    13.2624    77.0659   121.0457   104.3018
  -3665.00   42257.04  0.0444542    13.3023    75.0389   121.3853   104.1032
  -3655.00   42256.93  0.0444006    13.3364    73.0904   121.8329   103.8860
  -3645.00   42254.98  0.0444521    13.3621    71.4600   122.0836   103.6803
  -3635.00   42253.56  0.0443279    13.3886    70.0500   122.1745   103.5360
  -3625.00   42254.33  0.0442523    13.4195    68.5587   122.4391   103.3815
  -3615.00   42254.78  0.0443309    13.4431    67.0963   122.7280   103.1706
  -3605.00   42254.06  0.0443639    13.4527    65.7128   122.8452   102.9931
  -3595.00   42254.36  0.0443891    13.4692    64.1735   122.9926   102.8371
  -3585.00   42256.61  0.0444125    13.4913    62.3713   123.3228   102.6226
  -3575.00   42258.05  0.0445389    13.4999    60.3860   123.7044   102.3782
  -3565.00   42258.02  0.0446943    13.5097    58.3386   123.9670   102.1513
  -3555.00   42258.54  0.0446560    13.5305    56.1482   124.2593   101.9378
  -3545.00   42260.13  0.0447064    13.5524    53.7059   124.8035   101.6804
  -3535.00   42260.03  0.0448732    13.5725    51.3581   125.2656   101.3986
  -3525.00   42258.09  0.0448475    13.5921    49.2145   125.5374   101.1780
  -3515.00   42257.09  0.0447810    13.6242    47.0607   125.9509   100.9691
  -3505.00   42256.93  0.0448083    13.6594    45.0185   126.4515   100.7075
  -3495.00   42255.81  0.0448302    13.6817    43.2606   126.7901   100.4794
  -3485.00   42253.63  0.0447846    13.7105    41.7223   126.9864   100.3120
  -3475.00   42253.33  0.0446586    13.7499    40.2027   127.2915   100.1192
  -3465.00   42254.49  0.0446698    13.7772    38.6630   127.6748    99.9132
  -3455.00   42254.45  0.0447559    13.7976    37.2774   127.8300    99.7361
  -3445.00   42254.10  0.0446396    13.8251    35.8542   127.9104    99.5916
  -3435.00   42255.54  0.0446073    13.8518    34.1228   128.2071    99.4265
  -3425.00   42257.68  0.0447689    13.8694    32.2694   128.4944    99.2171
  -3415.00   42258.14  0.0448175    13.8799    30.3903   128.6002    99.0459
  -3405.00   42257.83  0.0448323    13.8977    28.2917   128.7900    98.8884
  -3395.00   42258.93  0.0449180    13.9187    25.9641   129.1940    98.6598
  -3385.00   42259.96  0.0450895    13.9262    23.6393   129.5769    98.4195
  -3375.00   42258.84  0.0452368    13.9376    21.4380   129.8389    98.2109
  -3365.00   42257.15  0.0451980    13.9634    19.2460   130.2248    97.9842
  -3355.00   42256.92  0.0452819    13.9849    17.0413   130.8181    97.7212
  -3345.00   42256.70  0.0454674    14.0042    15.1121   131.2781    97.4579
  -3335.00   42254.80  0.0453924    14.0315    13.4295   131.5938    97.2449
  -3325.00   42253.25  0.0452924    14.0667    11.7122   132.0848    97.0345
  -3315.00   42253.67  0.0453250    14.1013    10.0568   132.6104    96.7840
  -3305.00   42254.47  0.0452932    14.1265     8.5763   132.9101    96.5809
  -3295.00   42253.83  0.0451629    14.1586     7.0769   133.1238    96.4337
  -3285.00   42254.11  0.0450046    14.1979     5.3780   133.4694    96.2454
  -3275.00   42256.39  0.0449992    14.2214     3.5514   133.8018    96.0521
  -3265.00   42257.95  0.0450310    14.2390     1.7414   133.8937    95.9035
  -3255.00   42257.97  0.0448674    14.2671   359.7614   134.0081    95.7532
  -3245.00   42258.31  0.0448320    14.2893   357.5080   134.3313    95.5733
  -3235.00   42259.76  0.0450004    14.3002   355.2886   134.5723    95.3674
  -3225.00   42259.79  0.0450030    14.3129   353.1772   134.6765    95.1901
  -3215.00   42257.89  0.0449778    14.3321   351.0119   134.9303    95.0112
  -3205.00   42256.68  0.0450754    14.3513   348.8615   135.3642    94.7639
  -3195.00   42256.71  0.0452024    14.3611   346.9582   135.6921    94.5240
  -3185.00   42255.71  0.0452755    14.3777   345.2668   135.9292    94.3235
  -3175.00   42253.71  0.0452074    14.4085   343.5686   136.3565    94.0861
  -3165.00   42253.23  0.0452677    14.4317   341.8952   136.8856    93.8287
  -3155.00   42254.38  0.0454078    14.4516   340.4133   137.2152    93.6015
  -3145.00   42254.51  0.0452805    14.4852   338.9234   137.4956    93.4035
  -3135.00   42253.98  0.0451793    14.5209   337.1988   137.9513    93.2020
  -3125.00   42255.19  0.0452422    14.5500   335.3923   138.3679    92.9791
  -3115.00   42257.36  0.0451814    14.5762   333.5917   138.5572    92.8055
  -3105.00   42258.00  0.0450647    14.6075   331.6082   138.7447    92.6693
  -3095.00   42257.70  0.0449768    14.6414   329.3835   139.0869    92.4845
  -3085.00   42258.82  0.0450040    14.6601   327.1621   139.3327    92.3023
  -3075.00   42259.98  0.0450572    14.6756   325.0560   139.3850    92.1684
  -3065.00   42259.25  0.0449479    14.7027   322.9050   139.5505    92.0089
  -3055.00   42257.30  0.0449789    14.7213   320.7244   139.8985    91.8137
  -3045.00   42256.89  0.0451784    14.7284   318.8116   140.1106    91.6196
  -3035.00   42256.66  0.0451879    14.7444   317.1050   140.2527    91.4404
  -3025.00   42254.77  0.0452003    14.7652   315.3872   140.5918    91.2445
  -3015.00   42253.04  0.0453507    14.7818   313.7100   141.0579    90.9971
  -3005.00   42253.46  0.0454534    14.7947   312.2067   141.3867    90.7688
  -2995.00   42254.48  0.0455084    14.8158   310.7195   141.6792    90.5731
  -2985.00   42254.24  0.0454781    14.8480   308.9993   142.1952    90.3326
  -2975.00   42254.41  0.0455310    14.8718   307.1588   142.7342    90.0831
  -2965.00   42256.64  0.0456229    14.8937   305.3297   143.0591    89.8835
  -2955.00   42258.47  0.0454732    14.9317   303.2949   143.4168    89.6920
  -2945.00   42258.19  0.0453721    14.9680   300.9895   143.9231    89.4893
  -2935.00   42258.28  0.0454125    14.9936   298.6766   144.3127    89.2924
  -2925.00   42259.45  0.0452741    15.0233   296.4405   144.5161    89.1372
  -2915.00   42259.76  0.0451281    15.0556   294.1904   144.7406    89.0011
  -2905.00   42257.93  0.0450603    15.0838   291.9326   145.0914    88.8190
  -2895.00   42256.81  0.0450170    15.1009   289.9283   145.2920    88.6493
  -2885.00   42256.98  0.0450110    15.1160   288.1942   145.3428    88.5200
  -2875.00   42256.54  0.0449066    15.1407   286.4977   145.5565    88.3462
  -2865.00   42254.15  0.0449266    15.1555   284.8555   145.8901    88.1350
  -2855.00   42253.44  0.0450769    15.1609   283.4292   146.0773    87.9449
  -2845.00   42254.53  0.0450383    15.1800   282.0316   146.2639    87.7556
  -2835.00   42254.54  0.0450445    15.2027   280.4551   146.6450    87.5330
  -2825.00   42253.88  0.0451863    15.2181   278.7589   147.0819    87.2872
  -2815.00   42255.03  0.0452071    15.2368   277.0204   147.3897    87.0718
  -2805.00   42257.56  0.0452070    15.2644   275.1252   147.6886    86.8777
  -2795.00   42258.60  0.0451906    15.2973   272.9284   148.1719    86.6446
  -2785.00   42258.26  0.0451946    15.3223   270.6327   148.6096    86.4210
  -2775.00   42259.22  0.0452290    15.3470   268.3973   148.8544    86.2539
  -2765.00   42260.57  0.0450911    15.3851   266.0773   149.1720    86.0786
  -2755.00   42259.29  0.0450171    15.4173   263.7333   149.5838    85.8834
  -2745.00   42257.14  0.0450706    15.4374   261.5997   149.8610    85.7151
  -2735.00   42256.46  0.0449430    15.4659   259.6731   150.0412    85.5729
  -2725.00   42256.54  0.0448496    15.4954   257.8890   150.2560    85.4249
  -2715.00   42254.73  0.0448663    15.5153   256.1940   150.5578    85.2428
  -2705.00   42253.26  0.0448317    15.5312   254.6917   150.7470    85.0795
  -2695.00   42253.85  0.0448478    15.5474   253.3302   150.8417    84.9445
  -2685.00   42255.31  0.0448241    15.5691   251.8514   151.1040    84.7577
  -2675.00   42254.61  0.0448663    15.5824   250.2641   151.4258    84.5460
  -2665.00   42254.54  0.0450206    15.5893   248.6545   151.6312    84.3671
  -2655.00   42256.75  0.0450121    15.6109   246.8457   151.9002    84.1776
  -2645.00   42258.28  0.0450521    15.6336   244.7794   152.3094    83.9447
  -2635.00   42257.96  0.0452151    15.6476   242.5536   152.7343    83.7128
  -2625.00   42258.00  0.0452236    15.6701   240.2464   153.0999    83.5120
  -2615.00   42259.62  0.0452314    15.7021   237.8907   153.4790    83.3121
  -2605.00   42260.13  0.0452492    15.7331   235.4608   153.9796    83.0837
  -2595.00   42258.21  0.0452158    15.7598   233.1270   154.4284    82.8796
  -2585.00   42256.84  0.0452116    15.7894   231.0243   154.7372    82.7264
  -2575.00   42257.15  0.0450842    15.8277   229.0219   155.1217    82.5562
  -2565.00   42256.08  0.0449710    15.8575   227.1647   155.5214    82.3696
  -2555.00   42253.66  0.0449704    15.8766   225.5351   155.7832    82.2240
  -2545.00   42252.90  0.0448128    15.9047   224.0006   156.0203    82.0920
  -2535.00   42254.31  0.0446954    15.9313   222.5252   156.2590    81.9321
  -2525.00   42254.45  0.0446933    15.9443   221.0059   156.5172    81.7546
  -2515.00   42254.09  0.0446074    15.9588   219.4182   156.7210    81.5951
  -2505.00   42255.38  0.0445989    15.9766   217.7600   156.8710    81.4429
  -2495.00   42258.12  0.0445918    15.9938   215.8685   157.1508    81.2382
  -2485.00   42258.62  0.0445797    16.0072   213.7916   157.4515    81.0232
  -2475.00   42257.94  0.0446849    16.0188   211.6486   157.6710    80.8434
  -2465.00   42258.96  0.0446803    16.0438   209.3598   157.9923    80.6447
  -2455.00   42259.94  0.0446765    16.0684   207.0296   158.3684    80.4089
  -2445.00   42258.74  0.0447828    16.0845   204.7577   158.7218    80.1954
  -2435.00   42256.62  0.0447557    16.1121   202.5601   159.0813    80.0150
  -2425.00   42256.48  0.0447491    16.1469   200.5435   159.4325    79.8174
  -2415.00   42256.69  0.0447598    16.1742   198.6499   159.8330    79.6081
  -2405.00   42254.76  0.0446857    16.2000   196.8854   160.1980    79.4340
  -2395.00   42253.03  0.0446854    16.2311   195.3031   160.4705    79.2914
  -2385.00   42253.86  0.0446176    16.2639   193.7464   160.8042    79.1257
  -2375.00   42254.76  0.0445041    16.2877   192.1868   161.1209    78.9513
  -2365.00   42254.01  0.0445123    16.3048   190.6277   161.3295    78.8178
  -2355.00   42254.03  0.0444284    16.3303   188.9182   161.5767    78.6860
  -2345.00   42256.50  0.0443548    16.3525   187.1174   161.8010    78.5141
  -2335.00   42258.23  0.0443778    16.3612   185.1610   162.0157    78.3419
  -2325.00   42257.94  0.0443217    16.3752   183.0182   162.2466    78.1890
  -2315.00   42258.09  0.0443679    16.3950   180.8434   162.4399    78.0210
  -2305.00   42259.81  0.0444204    16.4089   178.5872   162.7183    77.8130
  -2295.00   42259.80  0.0444037    16.4220   176.2994   163.0283    77.6071
  -2285.00   42257.53  0.0445247    16.4389   174.1278   163.2936    77.4292
  -2275.00   42256.33  0.0445961    16.4645   172.0301   163.6628    77.2260
  -2265.00   42256.47  0.0445978    16.4889   170.0757   164.0547    76.9960
  -2255.00   42255.57  0.0446871    16.5073   168.2655   164.4258    76.7987
  -2245.00   42253.18  0.0446933    16.5381   166.5024   164.8608    76.6276
  -2235.00   42252.94  0.0447026    16.5739   164.8882   165.2550    76.4293
  -2225.00   42254.55  0.0447047    16.5990   163.2784   165.6647    76.2351
  -2215.00   42254.52  0.0445906    16.6254   161.5601   166.0844    76.0836
  -2205.00   42253.95  0.0445786    16.6590   159.8328   166.4148    75.9412
  -2195.00   42255.46  0.0445204    16.6877   157.9798   166.7651    75.7789
  -2185.00   42257.83  0.0443420    16.7073   155.9593   167.0960    75.6201
  -2175.00   42258.13  0.0442904    16.7256   153.8389   167.3399    75.4932
  -2165.00   42257.46  0.0442179    16.7490   151.5863   167.6200    75.3552
  -2155.00   42258.64  0.0441046    16.7665   149.3546   167.8410    75.1764
  -2145.00   42259.83  0.0440676    16.7734   147.1205   168.0455    75.0065
  -2135.00   42258.39  0.0439883    16.7881   144.8568   168.3238    74.8512
  -2125.00   42256.50  0.0440216    16.8090   142.8347   168.5202    74.6606
  -2115.00   42256.53  0.0440642    16.8217   140.9477   168.7640    74.4465
  -2105.00   42256.49  0.0439910    16.8361   139.1055   169.0871    74.2487
  -2095.00   42254.42  0.0440875    16.8601   137.4445   169.3664    74.0641
  -2085.00   42252.86  0.0441784    16.8873   135.8751   169.7005    73.8588
  -2075.00   42253.72  0.0441347    16.9114   134.3337   170.0463    73.6449
  -2065.00   42254.69  0.0441753    16.9343   132.7392   170.3910    73.4698
  -2055.00   42253.82  0.0441942    16.9668   131.0015   170.8032    73.3113
  -2045.00   42254.18  0.0441870    16.9997   129.2620   171.1165    73.1257
  -2035.00   42256.80  0.0441671    17.0211   127.3464   171.4395    72.9551
  -2025.00   42258.23  0.0440445    17.0454   125.1425   171.8432    72.8248
  -2015.00   42257.90  0.0440493    17.0763   122.9419   172.1194    72.6807
  -2005.00   42258.16  0.0440343    17.0982   120.6947   172.3786    72.5192
  -1995.00   42259.72  0.0438560    17.1125   118.3410   172.6757    72.3724
  -1985.00   42259.55  0.0438328    17.1312   116.0472   172.9241    72.2409
  -1975.00   42257.17  0.0438445    17.1520   113.8744   173.1806    72.0897
  -1965.00   42256.11  0.0437622    17.1656   111.9315   173.3632    71.9092
  -1955.00   42256.45  0.0437492    17.1736   110.1001   173.5713    71.7441
  -1945.00   42255.28  0.0437390    17.1902   108.2938   173.9037    71.5867
  -1935.00   42253.26  0.0438087    17.2107   106.7947   174.0932    71.3886
  -1925.00   42253.23  0.0438848    17.2226   105.3619   174.3099    71.1808
  -1915.00   42254.77  0.0438328    17.2378   103.7388   174.6960    70.9987
  -1905.00   42254.86  0.0439615    17.2652   102.1381   175.0189    70.8105
  -1895.00   42254.20  0.0441033    17.2915   100.4672   175.3471    70.6052
  -1885.00   42255.80  0.0440510    17.3137    98.5900   175.7189    70.4088
  -1875.00   42258.00  0.0441008    17.3411    96.4690   176.1373    70.2447
  -1865.00   42258.07  0.0441628    17.3749    94.1417   176.6198    70.0875
  -1855.00   42257.52  0.0441340    17.4053    91.8581   176.9529    69.9112
  -1845.00   42258.77  0.0440814    17.4272    89.4551   177.3159    69.7592
  -1835.00   42259.73  0.0439522    17.4522    86.8732   177.8277    69.6401
  -1825.00   42258.57  0.0439224    17.4812    84.5710   178.1453    69.4952
  -1815.00   42256.61  0.0438661    17.4989    82.4918   178.3814    69.3372
  -1805.00   42256.62  0.0436297    17.5102    80.4289   178.7214    69.2023
  -1795.00   42256.53  0.0435766    17.5289    78.5755   179.0065    69.0626
  -1785.00   42254.27  0.0435904    17.5467    76.9543   179.2391    68.8944
  -1775.00   42252.89  0.0434485    17.5563    75.5183   179.3926    68.7118
  -1765.00   42253.82  0.0434081    17.5671    74.0413   179.6097    68.5437
  -1755.00   42254.70  0.0434333    17.5863    72.4084   179.9747    68.3728
  -1745.00   42254.29  0.0434700    17.6068    70.9256   180.1412    68.1671
  -1735.00   42254.81  0.0435053    17.6212    69.3015   180.3226    67.9673
  -1725.00   42257.35  0.0434518    17.6408    67.2404   180.7583    67.7985
  -1715.00   42258.94  0.0435591    17.6711    65.1493   181.0777    67.6133
  -1705.00   42258.24  0.0436772    17.6971    63.0071   181.3371    67.4185
  -1695.00   42258.51  0.0435618    17.7179    60.6536   181.6892    67.2510
  -1685.00   42259.59  0.0435959    17.7474    58.2100   182.0790    67.1010
  -1675.00   42259.30  0.0436866    17.7788    55.7784   182.5125    66.9479
  -1665.00   42257.11  0.0436096    17.8022    53.6334   182.7595    66.7857
  -1655.00   42256.22  0.0435473    17.8226    51.5441   183.0602    66.6477
  -1645.00   42256.53  0.0434760    17.8456    49.4117   183.5526    66.5288
  -1635.00   42255.82  0.0434690    17.8689    47.6931   183.8024    66.3779
  -1625.00   42253.71  0.0434212    17.8825    46.1907   183.9575    66.2216
  -1615.00   42253.61  0.0432196    17.8923    44.5506   184.2962    66.0914
  -1605.00   42255.02  0.0432211    17.9105    42.9985   184.5635    65.9433
  -1595.00   42254.88  0.0432985    17.9257    41.5121   184.7432    65.7658
  -1585.00   42254.43  0.0431593    17.9329    39.9451   184.8932    65.5912
  -1575.00   42255.86  0.0431589    17.9466    38.1376   185.1249    65.4264
  -1565.00   42258.22  0.0432839    17.9671    36.0444   185.5067    65.2489
  -1555.00   42258.77  0.0433415    17.9853    34.0350   185.6775    65.0472
  -1545.00   42258.37  0.0433863    18.0016    31.8667   185.8822    64.8602
  -1535.00   42259.33  0.0433995    18.0246    29.3262   186.3918    64.6984
  -1525.00   42260.30  0.0435415    18.0550    26.9604   186.7529    64.5155
  -1515.00   42258.72  0.0436700    18.0802    24.7631   187.0241    64.3294
  -1505.00   42256.67  0.0435446    18.1018    22.4857   187.4683    64.1802
  -1495.00   42256.12  0.0435791    18.1329    20.3468   187.9139    64.0366
  -1485.00   42256.13  0.0437027    18.1627    18.3766   188.3638    63.8830
  -1475.00   42254.30  0.0435618    18.1817    16.6792   188.6626    63.7350
  -1465.00   42253.21  0.0434608    18.2025    14.9916   189.0121    63.6065
  -1455.00   42254.13  0.0434073    18.2247    13.1625   189.5450    63.4838
  -1445.00   42255.48  0.0433521    18.2421    11.6177   189.7865    63.3302
  -1435.00   42255.05  0.0432434    18.2537    10.0418   189.9592    63.1780
  -1425.00   42255.27  0.0430230    18.2638     8.1015   190.3592    63.0462
  -1415.00   42257.49  0.0430088    18.2806     6.1673   190.6233    62.8864
  -1405.00   42258.83  0.0430645    18.2942     4.2233   190.7606    62.7008
  -1395.00   42258.42  0.0428821    18.3018     2.0852   190.9570    62.5296
  -1385.00   42258.37  0.0428651    18.3195   359.8046   191.2123    62.3629
  -1375.00   42259.70  0.0430246    18.3425   357.4477   191.5539    62.1766
  -1365.00   42259.84  0.0430407    18.3601   355.3294   191.7126    61.9826
  -1355.00   42257.85  0.0430456    18.3803   353.2280   191.9319    61.8111
  -1345.00   42256.46  0.0430796    18.4074   350.9691   192.4514    61.6560
  -1335.00   42256.62  0.0431891    18.4359   349.0956   192.7601    61.4824
  -1325.00   42255.66  0.0432627    18.4592   347.4481   192.9704    61.3154
  -1315.00   42253.55  0.0431178    18.4804   345.6320   193.4324    61.1843
  -1305.00   42253.00  0.0431261    18.5086   343.9427   193.8284    61.0485
  -1295.00   42254.54  0.0432458    18.5326   342.3434   194.1457    60.8972
  -1285.00   42255.01  0.0430757    18.5459   340.7134   194.4129    60.7613
  -1275.00   42254.87  0.0429766    18.5642   338.9131   194.7156    60.6365
  -1265.00   42256.15  0.0429944    18.5839   336.8339   195.1718    60.5031
  -1255.00   42258.73  0.0429434    18.5952   334.9053   195.3383    60.3480
  -1245.00   42259.24  0.0428701    18.6058   332.8322   195.4828    60.1987
  -1235.00   42258.44  0.0427377    18.6179   330.3781   195.9092    60.0629
  -1225.00   42258.96  0.0427697    18.6330   328.1110   196.1395    59.8971
  -1215.00   42259.70  0.0428591    18.6460   325.9922   196.2426    59.7152
  -1205.00   42258.58  0.0427286    18.6552   323.7931   196.4993    59.5528
  -1195.00   42256.33  0.0427569    18.6747   321.6966   196.7897    59.3882
  -1185.00   42255.89  0.0429616    18.6976   319.7609   197.0967    59.2008
  -1175.00   42256.24  0.0429786    18.7136   318.0960   197.2859    59.0186
  -1165.00   42254.67  0.0430051    18.7355   316.4417   197.5601    58.8586
  -1155.00   42253.06  0.0431109    18.7647   314.5913   198.1189    58.7025
  -1145.00   42253.81  0.0432114    18.7902   313.0136   198.4458    58.5350
  -1135.00   42255.05  0.0432679    18.8126   311.4366   198.7009    58.3825
  -1125.00   42254.79  0.0431667    18.8358   309.4256   199.2727    58.2597
  -1115.00   42254.73  0.0431701    18.8621   307.4078   199.7293    58.1272
  -1105.00   42256.93  0.0432460    18.8826   305.3760   200.0467    57.9825
  -1095.00   42258.91  0.0430453    18.8940   303.1278   200.4094    57.8581
  -1085.00   42258.67  0.0429171    18.9110   300.7477   200.7723    57.7367
  -1075.00   42258.31  0.0429346    18.9285   298.2494   201.2117    57.5939
  -1065.00   42259.61  0.0428088    18.9355   296.0111   201.4018    57.4397
  -1055.00   42259.65  0.0427000    18.9454   293.8422   201.5565    57.2908
  -1045.00   42257.49  0.0426134    18.9601   291.5028   202.0056    57.1423
  -1035.00   42255.78  0.0426076    18.9739   289.5867   202.2188    56.9673
  -1025.00   42255.76  0.0426528    18.9876   287.9356   202.3111    56.7866
  -1015.00   42255.41  0.0425375    19.0015   286.1895   202.6267    56.6272
  -1005.00   42253.21  0.0425652    19.0238   284.5790   202.9235    56.4616
   -995.00   42252.70  0.0427324    19.0474   283.0579   203.1881    56.2801
   -985.00   42254.50  0.0426898    19.0639   281.5555   203.4136    56.1159
   -975.00   42255.11  0.0426904    19.0873   279.9009   203.6908    55.9720
   -965.00   42254.68  0.0428095    19.1160   277.9157   204.1856    55.8214
   -955.00   42255.78  0.0428371    19.1365   276.0038   204.4724    55.6682
   -945.00   42258.23  0.0428423    19.1556   273.9751   204.6838    55.5338
   -935.00   42259.04  0.0427876    19.1778   271.4806   205.2100    55.4146
   -925.00   42258.00  0.0427847    19.1987   269.0680   205.5853    55.2813
   -915.00   42258.40  0.0428319    19.2140   266.7571   205.8197    55.1417
   -905.00   42259.63  0.0426655    19.2241   264.3441   206.1733    55.0206
   -895.00   42258.46  0.0425781    19.2394   262.0727   206.4793    54.8945
   -885.00   42256.13  0.0426397    19.2542   259.9241   206.8189    54.7441
   -875.00   42255.60  0.0425229    19.2595   258.0788   207.0250    54.5927
   -865.00   42255.92  0.0424461    19.2693   256.4327   207.1617    54.4480
   -855.00   42254.52  0.0424628    19.2856   254.6533   207.5637    54.2914
   -845.00   42252.67  0.0424696    19.2976   253.1727   207.7745    54.1171
   -835.00   42253.34  0.0425302    19.3104   251.7965   207.8758    53.9463
   -825.00   42255.11  0.0424992    19.3275   250.0953   208.2410    53.7908
   -815.00   42254.70  0.0425653    19.3495   248.3889   208.5294    53.6253
   -805.00   42254.66  0.0427488    19.3717   246.5602   208.7957    53.4522
   -795.00   42257.01  0.0427293    19.3893   244.5006   209.1248    53.3015
   -785.00   42258.94  0.0427624    19.4137   242.2946   209.4357    53.1649
   -775.00   42258.74  0.0429185    19.4415   239.8120   209.9106    53.0174
   -765.00   42258.06  0.0429236    19.4599   237.3810   210.2851    52.8755
   -755.00   42259.24  0.0429185    19.4780   235.0150   210.5698    52.7548
   -745.00   42259.55  0.0429120    19.5006   232.4437   211.1191    52.6351
   -735.00   42257.04  0.0428716    19.5177   230.1589   211.5263    52.5015
   -725.00   42255.30  0.0428732    19.5295   228.1344   211.8133    52.3689
   -715.00   42255.71  0.0427211    19.5402   226.0915   212.2646    52.2480
   -705.00   42255.27  0.0426038    19.5537   224.3332   212.5816    52.1133
   -695.00   42253.37  0.0426239    19.5657   222.6834   212.8940    51.9573
   -685.00   42252.88  0.0424752    19.5711   221.0926   213.1959    51.8062
   -675.00   42254.80  0.0423703    19.5822   219.6067   213.3620    51.6596
   -665.00   42255.62  0.0423964    19.5998   217.8701   213.7047    51.4937
   -655.00   42254.75  0.0423496    19.6121   216.1361   213.9430    51.3206
   -645.00   42255.85  0.0423729    19.6260   214.3515   214.0610    51.1615
   -635.00   42258.37  0.0423806    19.6479   212.1450   214.4349    51.0087
   -625.00   42258.86  0.0423925    19.6700   209.9526   214.6845    50.8480
   -615.00   42257.79  0.0425265    19.6903   207.6864   214.9116    50.6909
   -605.00   42258.41  0.0425092    19.7100   205.2272   215.2945    50.5564
   -595.00   42259.60  0.0425099    19.7333   202.9363   215.5534    50.4274
   -585.00   42258.70  0.0426250    19.7568   200.6353   215.9174    50.2871
   -575.00   42256.01  0.0425945    19.7716   198.4542   216.3040    50.1572
   -565.00   42255.63  0.0425847    19.7869   196.5567   216.5504    50.0437
   -555.00   42256.03  0.0426092    19.8062   194.6102   216.9880    49.9192
   -545.00   42254.20  0.0425333    19.8182   192.8774   217.3431    49.7829
   -535.00   42252.50  0.0425434    19.8263   191.3136   217.5815    49.6540
   -525.00   42253.55  0.0424792    19.8376   189.5603   218.0059    49.5284
   -515.00   42255.31  0.0423693    19.8492   187.9396   218.2611    49.3857
   -505.00   42255.26  0.0423990    19.8587   186.2166   218.5071    49.2307
   -495.00   42255.28  0.0423192    19.8657   184.2519   218.8513    49.0849
   -485.00   42257.78  0.0422615    19.8781   182.3313   219.0031    48.9391
   -475.00   42259.69  0.0423196    19.8950   180.1490   219.2746    48.7742
   -465.00   42258.68  0.0422822    19.9069   177.8566   219.5632    48.6095
   -455.00   42258.03  0.0423470    19.9216   175.6579   219.7008    48.4620
   -445.00   42258.92  0.0424385    19.9448   173.2506   220.0558    48.3110
   -435.00   42259.00  0.0424297    19.9655   171.0222   220.3282    48.1536
   -425.00   42256.51  0.0425704    19.9839   168.9287   220.5743    48.0088
   -415.00   42255.26  0.0426401    20.0059   166.7650   221.0262    47.8808
   -405.00   42255.91  0.0426529    20.0285   164.9373   221.3091    47.7527
   -395.00   42255.84  0.0427510    20.0482   163.1339   221.6836    47.6178
   -385.00   42253.60  0.0427451    20.0628   161.2722   222.1873    47.4978
   -375.00   42253.38  0.0427553    20.0773   159.6442   222.4887    47.3877
   -365.00   42255.24  0.0427808    20.0936   157.8495   222.9214    47.2610
   -355.00   42255.57  0.0426490    20.1025   155.9357   223.3875    47.1268
   -345.00   42254.81  0.0426323    20.1087   154.0572   223.6827    47.0019
   -335.00   42256.08  0.0425990    20.1203   151.8853   224.1181    46.8702
   -325.00   42258.77  0.0424120    20.1305   149.7215   224.4191    46.7197
   -315.00   42259.35  0.0423712    20.1382   147.4658   224.6846    46.5651
   -305.00   42258.31  0.0423131    20.1488   145.0111   225.0724    46.4197
   -295.00   42258.92  0.0422262    20.1639   142.8214   225.2082    46.2693
   -285.00   42259.93  0.0422304    20.1810   140.5978   225.4303    46.1057
   -275.00   42258.17  0.0421694    20.1953   138.3435   225.7854    45.9514
   -265.00   42255.63  0.0422263    20.2128   136.4749   225.9004    45.8137
   -255.00   42255.07  0.0423287    20.2364   134.6026   226.1687    45.6690
   -245.00   42255.60  0.0422538    20.2552   132.8357   226.4801    45.5221
   -235.00   42253.89  0.0423560    20.2710   131.2357   226.7098    45.3939
   -225.00   42252.87  0.0424637    20.2921   129.4995   227.1108    45.2730
   -215.00   42254.24  0.0424240    20.3107   127.9409   227.3467    45.1464
   -205.00   42256.17  0.0424658    20.3240   126.2064   227.6760    45.0186
   -195.00   42255.71  0.0424824    20.3368   124.1671   228.1699    44.9033
   -185.00   42255.77  0.0424911    20.3493   122.2815   228.3818    44.7896
   -175.00   42258.07  0.0424995    20.3612   120.1396   228.6992    44.6586
   -165.00   42259.41  0.0423742    20.3684   117.6729   229.1946    44.5266
   -155.00   42258.46  0.0423826    20.3746   115.3666   229.4417    44.4029
   -145.00   42257.91  0.0424118    20.3863   112.9636   229.7568    44.2671
   -135.00   42259.15  0.0422202    20.3955   110.6109   230.0701    44.1158
   -125.00   42259.20  0.0421937    20.4023   108.3884   230.3379    43.9683
   -115.00   42256.79  0.0422277    20.4152   106.2028   230.6925    43.8259
   -105.00   42255.37  0.0421553    20.4308   104.4609   230.7851    43.6744
    -95.00   42255.92  0.0421614    20.4455   102.7632   230.9813    43.5164
    -85.00   42255.18  0.0421715    20.4610   100.9462   231.3945    43.3715
    -75.00   42253.17  0.0422675    20.4797    99.5330   231.4850    43.2374
    -65.00   42252.98  0.0423999    20.5016    98.0288   231.6792    43.0959
    -55.00   42255.07  0.0423524    20.5190    96.2511   232.0941    42.9580
    -45.00   42255.66  0.0424893    20.5345    94.4923   232.3757    42.8398
    -35.00   42255.46  0.0426669    20.5549    92.4790   232.7591    42.7229
    -25.00   42256.82  0.0426042    20.5712    90.4067   233.0673    42.5986
    -15.00   42259.44  0.0426376    20.5810    88.0626   233.4903    42.4799
     -5.00   42259.49  0.0427009    20.5937    85.4220   234.0705    42.3682
      5.00   42258.22  0.0426730    20.6053    83.0831   234.3169    42.2506
     15.00   42258.59  0.0426160    20.6133    80.6572   234.6666    42.1182
     25.00   42259.08  0.0424933    20.6205    78.0108   235.2832    41.9876
     35.00   42257.61  0.0424744    20.6279    75.8301   235.5672    41.8601
     45.00   42255.25  0.0424569    20.6393    73.8539   235.8094    41.7169
     55.00   42255.07  0.0422195    20.6490    71.8881   236.2007    41.5647
     65.00   42255.69  0.0421726    20.6573    70.1528   236.4963    41.4210
     75.00   42254.14  0.0422295    20.6730    68.5078   236.7840    41.2789
     85.00   42252.93  0.0420844    20.6899    67.1213   236.8718    41.1279
     95.00   42254.26  0.0420428    20.7036    65.6065   237.0657    40.9803
    105.00   42255.65  0.0420981    20.7209    63.7533   237.4860    40.8476
    115.00   42255.44  0.0421522    20.7402    62.1525   237.5390    40.7194
    125.00   42255.52  0.0422121    20.7586    60.3391   237.6570    40.5861
    135.00   42257.79  0.0421718    20.7738    57.9988   238.1295    40.4620
    145.00   42259.47  0.0422983    20.7878    55.7318   238.3966    40.3518
    155.00   42258.74  0.0424613    20.8049    53.3796   238.6602    40.2366
    165.00   42258.13  0.0423339    20.8172    50.9434   238.9978    40.1144
    175.00   42259.14  0.0423532    20.8240    48.4878   239.3989    40.0000
    185.00   42258.74  0.0424672    20.8351    46.0032   239.9066    39.8867
    195.00   42256.39  0.0423836    20.8454    44.0018   240.0957    39.7616
    205.00   42254.82  0.0422928    20.8506    42.0712   240.3849    39.6286
    215.00   42254.99  0.0422359    20.8579    39.9679   240.9670    39.4994
    225.00   42254.83  0.0422415    20.8668    38.3717   241.1701    39.3687
    235.00   42253.01  0.0422102    20.8769    36.9214   241.3036    39.2236
    245.00   42253.04  0.0420156    20.8865    35.1900   241.7102    39.0775
    255.00   42255.16  0.0420285    20.8959    33.5512   241.9721    38.9404
    265.00   42255.88  0.0421487    20.9118    31.8658   242.1630    38.8004
    275.00   42255.65  0.0419995    20.9278    30.0984   242.2981    38.6540
    285.00   42256.77  0.0419844    20.9404    28.1010   242.5132    38.5166
    295.00   42258.90  0.0421424    20.9581    25.7407   242.9216    38.3914
    305.00   42259.38  0.0422026    20.9776    23.6168   242.9976    38.2647
    315.00   42258.04  0.0422466    20.9933    21.3842   243.1425    38.1371
    325.00   42258.09  0.0422810    21.0081    18.7437   243.6881    38.0224
    335.00   42258.91  0.0424466    21.0227    16.4376   243.9831    37.9148
    345.00   42257.54  0.0426097    21.0374    14.3062   244.2301    37.7990
    355.00   42255.32  0.0424841    21.0477    12.0832   244.7162    37.6812
    365.00   42254.85  0.0425107    21.0539    10.0415   245.1838    37.5699
    375.00   42255.24  0.0426613    21.0640     8.0911   245.6753    37.4539
    385.00   42254.25  0.0425002    21.0727     6.4258   245.9771    37.3236
    395.00   42252.87  0.0423515    21.0763     4.7410   246.3421    37.1907
    405.00   42253.80  0.0423144    21.0842     2.7616   246.9466    37.0612
    415.00   42255.75  0.0422518    21.0949     1.1208   247.1358    36.9242
    425.00   42255.70  0.0421411    21.1045   359.4195   247.2678    36.7774
    435.00   42255.82  0.0419451    21.1155   357.2196   247.7251    36.6370
    445.00   42257.91  0.0419488    21.1284   355.1211   247.9413    36.5046
    455.00   42259.60  0.0420492    21.1452   353.0218   248.0378    36.3673
    465.00   42259.27  0.0418808    21.1612   350.7254   248.2500    36.2304
    475.00   42258.22  0.0418582    21.1742   348.4091   248.4822    36.1061
    485.00   42258.75  0.0420491    21.1918   346.0333   248.8147    35.9890
    495.00   42258.81  0.0420462    21.2092   344.0001   248.9157    35.8665
    505.00   42256.43  0.0420340    21.2210   342.0527   249.0823    35.7467
    515.00   42254.60  0.0420853    21.2335   339.8676   249.6199    35.6384
    525.00   42254.91  0.0421902    21.2465   338.1471   249.8428    35.5287
    535.00   42254.90  0.0422790    21.2566   336.5995   250.0017    35.4092
    545.00   42253.64  0.0421570    21.2643   334.7361   250.5075    35.2927
    555.00   42253.33  0.0421731    21.2703   332.9927   250.8974    35.1803
    565.00   42255.31  0.0423206    21.2790   331.2532   251.2153    35.0587
    575.00   42256.65  0.0421466    21.2864   329.3909   251.5327    34.9274
    585.00   42256.17  0.0420193    21.2900   327.3810   251.8649    34.7982
    595.00   42256.85  0.0420607    21.2985   325.0364   252.3684    34.6713
    605.00   42259.05  0.0419736    21.3098   322.9191   252.5174    34.5338
    615.00   42259.68  0.0418827    21.3182   320.7686   252.6218    34.3916
    625.00   42258.44  0.0417752    21.3294   318.2040   253.0850    34.2592
    635.00   42258.23  0.0417990    21.3441   315.9892   253.2410    34.1297
    645.00   42258.98  0.0419087    21.3597   314.0007   253.2721    33.9937
    655.00   42258.30  0.0418043    21.3746   311.8847   253.5405    33.8636
    665.00   42255.61  0.0418368    21.3886   309.9533   253.7816    33.7462
    675.00   42254.76  0.0420720    21.4056   308.1413   254.0523    33.6303
    685.00   42255.31  0.0420707    21.4213   306.5235   254.2379    33.5105
    695.00   42254.41  0.0420898    21.4315   304.9295   254.4712    33.3973
    705.00   42252.99  0.0422202    21.4431   302.9984   255.0399    33.2930
    715.00   42253.92  0.0422869    21.4550   301.3170   255.3195    33.1818
    725.00   42256.11  0.0423397    21.4621   299.6059   255.5378    33.0628
    735.00   42256.77  0.0422646    21.4681   297.3443   256.1451    32.9492
    745.00   42256.54  0.0422631    21.4749   295.1220   256.5735    32.8350
    755.00   42258.37  0.0423484    21.4824   292.8988   256.8756    32.7078
    765.00   42260.21  0.0421586    21.4891   290.4199   257.3070    32.5763
    775.00   42259.49  0.0420237    21.4946   287.9623   257.6702    32.4487
    785.00   42258.05  0.0420705    21.5050   285.4424   258.1086    32.3196
    795.00   42258.27  0.0419056    21.5175   283.2076   258.3293    32.1816
    805.00   42258.58  0.0417833    21.5269   281.2113   258.4432    32.0445
    815.00   42256.45  0.0417324    21.5397   279.0132   258.8875    31.9194
    825.00   42254.70  0.0416899    21.5563   277.2771   259.0278    31.7930
    835.00   42255.00  0.0417353    21.5704   275.8121   259.0473    31.6621
    845.00   42255.63  0.0416493    21.5834   274.1171   259.3585    31.5425
    855.00   42253.91  0.0416686    21.5977   272.5519   259.5711    31.4321
    865.00   42253.34  0.0418556    21.6121   270.9846   259.7768    31.3176
    875.00   42255.18  0.0418084    21.6236   269.2751   260.0287    31.2021
    885.00   42256.56  0.0418035    21.6318   267.4649   260.2486    31.0945
    895.00   42256.13  0.0419476    21.6415   265.2504   260.7205    30.9897
    905.00   42256.82  0.0419348    21.6510   263.0825   261.0004    30.8751
    915.00   42259.25  0.0419365    21.6556   260.8971   261.1830    30.7564
    925.00   42260.35  0.0419077    21.6608   258.2669   261.7122    30.6438
    935.00   42258.79  0.0418813    21.6688   255.8219   262.0470    30.5264
    945.00   42258.15  0.0419334    21.6754   253.5609   262.2694    30.3965
    955.00   42258.73  0.0417940    21.6814   251.1945   262.6815    30.2679
    965.00   42257.60  0.0416969    21.6890   249.1059   262.9555    30.1436
    975.00   42254.79  0.0417746    21.6999   247.1478   263.2696    30.0135
    985.00   42253.82  0.0416375    21.7115   245.3751   263.5336    29.8785
    995.00   42254.85  0.0415508    21.7209   243.8805   263.6343    29.7486
   1005.00   42254.29  0.0415905    21.7340   242.1773   263.9889    29.6274
   1015.00   42253.25  0.0415460    21.7502   240.6571   264.1550    29.5028
   1025.00   42254.17  0.0416024    21.7623   239.2145   264.2021    29.3766
   1035.00   42256.79  0.0416050    21.7741   237.3527   264.5311    29.2642
   1045.00   42256.81  0.0416432    21.7890   235.4632   264.7299    29.1564
   1055.00   42256.29  0.0418373    21.8016   233.4378   264.9340    29.0424
   1065.00   42257.85  0.0418436    21.8105   231.1083   265.2903    28.9318
   1075.00   42259.63  0.0418674    21.8191   228.7696   265.5421    28.8288
   1085.00   42258.95  0.0420379    21.8284   226.2159   265.9769    28.7222
   1095.00   42257.56  0.0420183    21.8361   223.7163   266.3827    28.6062
   1105.00   42258.07  0.0420143    21.8401   221.4378   266.6571    28.4896
   1115.00   42258.67  0.0420226    21.8456   219.0225   267.1892    28.3761
   1125.00   42256.32  0.0419424    21.8543   216.9046   267.5782    28.2534
   1135.00   42254.18  0.0419459    21.8605   215.0701   267.8593    28.1210
   1145.00   42254.54  0.0418313    21.8668   213.1589   268.3294    27.9940
   1155.00   42254.76  0.0416916    21.8773   211.5176   268.5995    27.8697
   1165.00   42253.16  0.0417164    21.8892   209.9203   268.8668    27.7377
   1175.00   42252.71  0.0415812    21.9004   208.2034   269.2053    27.6072
   1185.00   42255.04  0.0414750    21.9113   206.6154   269.3174    27.4864
   1195.00   42256.66  0.0415064    21.9254   204.7390   269.5820    27.3695
   1205.00   42256.46  0.0414187    21.9402   202.7437   269.8015    27.2500
   1215.00   42256.98  0.0414464    21.9505   200.7624   269.8737    27.1332
   1225.00   42259.58  0.0414758    21.9610   198.4275   270.1703    27.0282
   1235.00   42259.85  0.0414409    21.9743   196.1204   270.3552    26.9220
   1245.00   42258.03  0.0415700    21.9839   193.8428   270.5316    26.8084
   1255.00   42257.37  0.0415958    21.9899   191.4268   270.9015    26.7005
   1265.00   42257.93  0.0415749    21.9983   189.2762   271.1017    26.5965
   1275.00   42257.01  0.0416875    22.0065   187.1707   271.4205    26.4839
   1285.00   42254.32  0.0416603    22.0120   185.1257   271.8340    26.3649
   1295.00   42253.76  0.0416578    22.0164   183.4085   272.0555    26.2497
   1305.00   42255.08  0.0416874    22.0228   181.6174   272.4551    26.1339
   1315.00   42254.28  0.0415814    22.0313   179.9065   272.8141    26.0084
   1325.00   42252.93  0.0415969    22.0370   178.3208   273.0465    25.8791
   1335.00   42254.13  0.0415675    22.0433   176.4946   273.4441    25.7571
   1345.00   42256.29  0.0414262    22.0547   174.7077   273.6676    25.6344
   1355.00   42256.52  0.0414455    22.0659   172.7987   273.8803    25.5041
   1365.00   42256.07  0.0413937    22.0753   170.5981   274.2254    25.3795
   1375.00   42257.90  0.0413244    22.0872   168.5132   274.3127    25.2649
   1385.00   42259.87  0.0413667    22.1013   166.2409   274.5076    25.1484
   1395.00   42258.97  0.0413096    22.1144   163.8461   274.7836    25.0309
   1405.00   42257.41  0.0413829    22.1243   161.6870   274.8627    24.9211
   1415.00   42258.02  0.0414861    22.1352   159.4540   275.1137    24.8181
   1425.00   42257.96  0.0414465    22.1477   157.3501   275.3523    24.7109
   1435.00   42255.66  0.0415870    22.1556   155.4350   275.5694    24.5989
   1445.00   42253.72  0.0417084    22.1606   153.4866   275.9697    24.4936
   1455.00   42254.20  0.0416960    22.1690   151.7879   276.2191    24.3880
   1465.00   42254.85  0.0417858    22.1762   150.0626   276.5802    24.2708
   1475.00   42253.26  0.0417985    22.1798   148.1829   277.1043    24.1509
   1485.00   42253.22  0.0417990    22.1851   146.4944   277.3762    24.0362
   1495.00   42255.75  0.0418126    22.1927   144.5898   277.7770    23.9165
   1505.00   42256.98  0.0416634    22.2008   142.4624   278.2536    23.7879
   1515.00   42256.55  0.0416467    22.2075   140.3826   278.5277    23.6626
   1525.00   42257.18  0.0416337    22.2158   138.0813   278.8905    23.5440
   1535.00   42259.31  0.0414269    22.2288   135.7559   279.1588    23.4220
   1545.00   42259.75  0.0413825    22.2400   133.4183   279.3939    23.2959
   1555.00   42257.77  0.0413629    22.2490   130.9841   279.7350    23.1794
   1565.00   42257.29  0.0412586    22.2622   128.8851   279.8026    23.0701
   1575.00   42258.13  0.0412484    22.2755   126.8243   279.9684    22.9550
   1585.00   42256.84  0.0411902    22.2854   124.7263   280.3097    22.8406
   1595.00   42254.44  0.0412381    22.2946   123.0622   280.3594    22.7364
   1605.00   42254.04  0.0413300    22.3044   121.4271   280.5270    22.6323
   1615.00   42255.06  0.0412401    22.3141   119.7442   280.8175    22.5211
   1625.00   42254.48  0.0413423    22.3198   118.1794   281.0179    22.4102
   1635.00   42253.22  0.0414850    22.3241   116.4841   281.3307    22.3046
   1645.00   42254.51  0.0414225    22.3319   114.7967   281.5401    22.1949
   1655.00   42256.91  0.0414706    22.3380   112.8768   281.8637    22.0749
   1665.00   42256.90  0.0415177    22.3406   110.6349   282.3591    21.9566
   1675.00   42256.71  0.0415055    22.3471   108.5428   282.5431    21.8433
   1685.00   42258.57  0.0415074    22.3555   106.2303   282.8456    21.7221
   1695.00   42260.08  0.0413790    22.3625   103.6377   283.3506    21.5943
   1705.00   42259.25  0.0413772    22.3699   101.2996   283.5734    21.4749
   1715.00   42257.58  0.0414068    22.3795    99.0127   283.8120    21.3588
   1725.00   42257.91  0.0412066    22.3919    96.7968   284.0825    21.2362
   1735.00   42257.94  0.0411856    22.4022    94.7608   284.3081    21.1142
   1745.00   42255.47  0.0412509    22.4111    92.8214   284.5906    21.0024
   1755.00   42253.78  0.0411621    22.4243    91.2687   284.6192    20.8934
   1765.00   42254.56  0.0411731    22.4363    89.7128   284.7670    20.7779
   1775.00   42255.00  0.0412054    22.4440    87.9595   285.1568    20.6661
   1785.00   42254.05  0.0412831    22.4532    86.5310   285.1974    20.5644
   1795.00   42254.07  0.0414035    22.4627    84.9720   285.3243    20.4588
   1805.00   42256.47  0.0413595    22.4700    83.0205   285.7270    20.3453
   1815.00   42257.85  0.0414933    22.4750    81.0554   285.9799    20.2375
   1825.00   42257.16  0.0416859    22.4798    78.8954   286.2894    20.1321
   1835.00   42257.70  0.0416051    22.4873    76.6109   286.5900    20.0180
   1845.00   42259.58  0.0416562    22.4927    74.1223   286.9986    19.8979
   1855.00   42259.73  0.0417526    22.4958    71.4346   287.5740    19.7810
   1865.00   42257.99  0.0416957    22.5039    69.1109   287.8039    19.6664
   1875.00   42257.53  0.0416478    22.5135    66.7812   288.1432    19.5426
   1885.00   42258.11  0.0415295    22.5202    64.3188   288.7499    19.4158
   1895.00   42257.26  0.0414924    22.5290    62.3514   288.9917    19.3001
   1905.00   42254.66  0.0414708    22.5407    60.6104   289.1691    19.1849
   1915.00   42254.20  0.0412281    22.5522    58.8535   289.4909    19.0624
   1925.00   42255.12  0.0411864    22.5615    57.2562   289.7097    18.9466
   1935.00   42254.47  0.0412680    22.5707    55.6813   289.9215    18.8400
   1945.00   42253.51  0.0411180    22.5826    54.2485   289.9476    18.7311
   1955.00   42254.88  0.0410974    22.5920    52.6055   290.0908    18.6177
   1965.00   42257.21  0.0411807    22.5975    50.5698   290.4873    18.5098
   1975.00   42257.85  0.0412182    22.6056    48.7284   290.5195    18.4082
   1985.00   42257.54  0.0412764    22.6140    46.6994   290.6127    18.2994
   1995.00   42259.11  0.0412370    22.6186    44.2015   291.0702    18.1840
   2005.00   42260.44  0.0413399    22.6233    41.8459   291.3017    18.0767
   2015.00   42259.19  0.0415064    22.6294    39.5195   291.5189    17.9691
   2025.00   42257.43  0.0413707    22.6363    37.1743   291.8335    17.8501
   2035.00   42257.28  0.0414022    22.6415    34.9061   292.1753    17.7313
   2045.00   42257.33  0.0415483    22.6458    32.6543   292.6541    17.6167
   2055.00   42255.31  0.0414545    22.6547    30.8597   292.8250    17.5003
   2065.00   42253.85  0.0413970    22.6638    29.1047   293.0949    17.3770
   2075.00   42254.47  0.0413506    22.6695    27.1598   293.6585    17.2540
   2085.00   42255.42  0.0413359    22.6784    25.6250   293.8294    17.1411
   2095.00   42254.24  0.0413122    22.6903    24.1384   293.9351    17.0257
   2105.00   42254.16  0.0411054    22.6995    22.3467   294.2831    16.9038
   2115.00   42256.14  0.0411006    22.7077    20.5743   294.4670    16.7925
   2125.00   42257.54  0.0412394    22.7175    18.7011   294.5974    16.6878
   2135.00   42257.19  0.0410983    22.7283    16.7493   294.6637    16.5770
   2145.00   42257.59  0.0411089    22.7361    14.5804   294.8152    16.4659
   2155.00   42259.44  0.0412998    22.7414    12.1040   295.1919    16.3616
   2165.00   42260.08  0.0413714    22.7496     9.9105   295.2549    16.2588
   2175.00   42258.24  0.0414429    22.7574     7.6873   295.3982    16.1477
   2185.00   42257.23  0.0414831    22.7607     5.1696   295.9483    16.0329
   2195.00   42257.40  0.0416122    22.7656     3.0311   296.2386    15.9252
   2205.00   42256.36  0.0417788    22.7729     1.0995   296.4810    15.8137
   2215.00   42253.91  0.0416402    22.7789   359.0992   296.9542    15.6903
   2225.00   42253.13  0.0416445    22.7842   357.2595   297.3612    15.5720
   2235.00   42254.30  0.0417994    22.7903   355.4365   297.8179    15.4581
   2245.00   42254.31  0.0416389    22.7999   353.8175   298.0767    15.3379
   2255.00   42253.76  0.0415298    22.8088   352.0821   298.3852    15.2163
   2265.00   42254.80  0.0415031    22.8146   349.9960   298.9481    15.0988
   2275.00   42257.39  0.0414401    22.8244   348.1707   299.0965    14.9882
   2285.00   42257.74  0.0413683    22.8359   346.2249   299.2038    14.8742
   2295.00   42257.25  0.0411760    22.8433   343.8537   299.6162    14.7564
   2305.00   42258.23  0.0411585    22.8505   341.6085   299.7866    14.6500
   2315.00   42259.59  0.0412757    22.8605   339.4139   299.8528    14.5459
   2325.00   42258.86  0.0411176    22.8693   337.1721   300.0004    14.4327
   2335.00   42257.09  0.0411038    22.8751   334.9708   300.1783    14.3227
   2345.00   42256.88  0.0413041    22.8805   332.7642   300.4875    14.2188
   2355.00   42257.29  0.0413201    22.8882   330.9540   300.5550    14.1106
   2365.00   42255.36  0.0413405    22.8948   329.2056   300.7065    13.9959
   2375.00   42253.36  0.0413997    22.8976   327.2077   301.2442    13.8813
   2385.00   42253.63  0.0414832    22.9027   325.5878   301.4786    13.7720
   2395.00   42254.48  0.0415883    22.9105   324.0603   301.6412    13.6569
   2405.00   42253.80  0.0414645    22.9154   322.1859   302.1314    13.5330
   2415.00   42253.59  0.0414520    22.9201   320.3390   302.4892    13.4171
   2425.00   42255.75  0.0415993    22.9275   318.4100   302.7984    13.3046
   2435.00   42257.82  0.0414382    22.9364   316.3958   303.0526    13.1828
   2445.00   42257.82  0.0413387    22.9440   314.2075   303.3161    13.0639
   2455.00   42257.71  0.0413838    22.9502   311.7001   303.7880    12.9518
   2465.00   42259.49  0.0413188    22.9601   309.4966   303.8925    12.8403
   2475.00   42259.76  0.0412744    22.9706   307.3058   303.9600    12.7264
   2485.00   42257.96  0.0411825    22.9769   304.8365   304.3773    12.6116
   2495.00   42256.49  0.0412001    22.9840   302.7502   304.5181    12.5062
   2505.00   42256.70  0.0413315    22.9940   300.9112   304.5430    12.3999
   2515.00   42256.37  0.0412404    23.0013   299.0552   304.7555    12.2842
   2525.00   42254.05  0.0412767    23.0059   297.3268   304.9669    12.1746
   2535.00   42253.20  0.0415191    23.0120   295.6290   305.2430    12.0699
   2545.00   42254.63  0.0415409    23.0191   294.1204   305.3933    11.9566
   2555.00   42254.80  0.0415832    23.0243   292.5099   305.6193    11.8397
   2565.00   42253.90  0.0417240    23.0273   290.4800   306.1954    11.7269
   2575.00   42254.69  0.0417933    23.0330   288.6138   306.4979    11.6153
   2585.00   42257.08  0.0418598    23.0407   286.6627   306.7293    11.4972
   2595.00   42258.06  0.0417850    23.0452   284.2091   307.3208    11.3746
   2605.00   42257.42  0.0417596    23.0503   281.7916   307.7375    11.2609
   2615.00   42258.34  0.0418453    23.0593   279.3987   308.0384    11.1482
   2625.00   42260.14  0.0416594    23.0677   276.9452   308.3877    11.0257
   2635.00   42259.48  0.0415302    23.0745   274.5663   308.6776    10.9092
   2645.00   42257.35  0.0415806    23.0821   272.1637   309.0818    10.8007
   2655.00   42256.97  0.0414544    23.0916   270.1692   309.2319    10.6876
   2665.00   42257.10  0.0413684    23.1005   268.3875   309.3023    10.5727
   2675.00   42255.51  0.0413335    23.1059   266.4207   309.7047    10.4612
   2685.00   42253.30  0.0413159    23.1124   264.8395   309.8463    10.3547
   2695.00   42253.58  0.0413901    23.1211   263.4227   309.8791    10.2448
   2705.00   42255.10  0.0413118    23.1262   261.7768   310.1637    10.1276
   2715.00   42254.42  0.0413293    23.1295   260.1493   310.3714    10.0176
   2725.00   42254.18  0.0415215    23.1358   258.3911   310.5988     9.9102
   2735.00   42256.43  0.0414867    23.1420   256.5305   310.8144     9.7926
   2745.00   42258.43  0.0414889    23.1458   254.5104   311.0224     9.6747
   2755.00   42258.30  0.0416372    23.1499   252.0827   311.4862     9.5637
   2765.00   42257.90  0.0416496    23.1562   249.7572   311.7614     9.4501
   2775.00   42259.36  0.0416717    23.1633   247.4573   311.9498     9.3305
   2785.00   42260.14  0.0416514    23.1676   244.8407   312.4641     9.2114
   2795.00   42258.01  0.0416240    23.1731   242.4822   312.7924     9.0992
   2805.00   42256.47  0.0416911    23.1822   240.3364   313.0239     8.9850
   2815.00   42256.99  0.0415522    23.1893   238.2221   313.3901     8.8627
   2825.00   42256.57  0.0414502    23.1947   236.3756   313.6236     8.7475
   2835.00   42254.39  0.0415305    23.2027   234.5849   313.9190     8.6388
   2845.00   42253.43  0.0414228    23.2113   233.0070   314.1161     8.5227
   2855.00   42254.84  0.0413565    23.2178   231.5736   314.1862     8.4060
   2865.00   42255.38  0.0414092    23.2230   229.8366   314.5169     8.2965
   2875.00   42254.23  0.0414065    23.2294   228.2158   314.6635     8.1879
   2885.00   42254.95  0.0415001    23.2367   226.5520   314.7179     8.0747
   2895.00   42257.69  0.0415187    23.2407   224.4577   315.0553     7.9587
   2905.00   42258.38  0.0415679    23.2438   222.3467   315.2582     7.8489
   2915.00   42257.71  0.0417771    23.2504   220.0704   315.4932     7.7391
   2925.00   42258.53  0.0417905    23.2560   217.6227   315.8496     7.6195
   2935.00   42260.14  0.0418163    23.2589   215.2446   316.1154     7.5016
   2945.00   42259.57  0.0419808    23.2642   212.7216   316.5571     7.3904
   2955.00   42257.02  0.0419761    23.2713   210.3754   316.9510     7.2737
   2965.00   42256.58  0.0419827    23.2774   208.2802   317.2340     7.1520
   2975.00   42257.01  0.0419981    23.2822   206.0809   317.7617     7.0353
   2985.00   42255.11  0.0419184    23.2886   204.1922   318.1240     6.9225
   2995.00   42253.09  0.0419370    23.2970   202.4980   318.3933     6.8060
   3005.00   42253.78  0.0418285    23.3028   200.6919   318.8396     6.6854
   3015.00   42255.24  0.0416910    23.3073   199.0822   319.0750     6.5720
   3025.00   42254.96  0.0417234    23.3149   197.3769   319.3241     6.4622
   3035.00   42254.52  0.0416091    23.3219   195.5446   319.6136     6.3447
   3045.00   42256.87  0.0415216    23.3259   193.7519   319.7153     6.2278
   3055.00   42258.81  0.0415710    23.3309   191.6194   319.9799     6.1188
   3065.00   42258.10  0.0415106    23.3370   189.4435   320.1721     6.0074
   3075.00   42257.61  0.0415627    23.3426   187.2886   320.2513     5.8903
   3085.00   42259.07  0.0416140    23.3463   184.8338   320.5837     5.7755
   3095.00   42259.55  0.0415867    23.3499   182.5679   320.7599     5.6644
   3105.00   42257.52  0.0417259    23.3566   180.3645   320.9510     5.5506
   3115.00   42256.11  0.0417580    23.3616   178.1075   321.3408     5.4301
   3125.00   42256.69  0.0417534    23.3642   176.1883   321.5473     5.3127
   3135.00   42256.52  0.0418696    23.3701   174.2761   321.8717     5.2003
   3145.00   42253.85  0.0418525    23.3770   172.4200   322.2781     5.0811
   3155.00   42253.14  0.0418691    23.3813   170.8188   322.5114     4.9590
   3165.00   42254.61  0.0419220    23.3858   169.0384   322.9201     4.8442
   3175.00   42254.92  0.0418124    23.3921   167.2886   323.2601     4.7302
   3185.00   42254.01  0.0418356    23.3988   165.5542   323.4890     4.6114
   3195.00   42255.15  0.0418185    23.4033   163.5069   323.8964     4.4930
   3205.00   42257.91  0.0416790    23.4072   161.5216   324.0896     4.3805
   3215.00   42258.88  0.0416983    23.4140   159.3697   324.2883     4.2684
   3225.00   42257.78  0.0416556    23.4198   156.9935   324.6162     4.1501
   3235.00   42258.59  0.0416109    23.4226   154.8179   324.6906     4.0337
   3245.00   42259.74  0.0416845    23.4277   152.5018   324.8824     3.9234
   3255.00   42258.45  0.0416391    23.4338   150.1923   325.1468     3.8087
   3265.00   42255.96  0.0417360    23.4380   148.1796   325.2407     3.6888
   3275.00   42255.58  0.0418799    23.4419   146.0867   325.5430     3.5739
   3285.00   42256.15  0.0418480    23.4463   144.2233   325.7787     3.4605
   3295.00   42254.51  0.0419922    23.4523   142.4806   326.0229     3.3421
   3305.00   42253.01  0.0421185    23.4568   140.6176   326.4796     3.2217
   3315.00   42253.94  0.0421246    23.4592   139.0144   326.7279     3.1049
   3325.00   42255.67  0.0422088    23.4650   137.2545   327.0926     2.9902
   3335.00   42254.72  0.0422169    23.4711   135.2448   327.6327     2.8699
   3345.00   42254.49  0.0422335    23.4739   133.3927   327.9080     2.7492
   3355.00   42256.59  0.0422674    23.4781   131.2628   328.2929     2.6354
   3365.00   42258.31  0.0421053    23.4842   128.9004   328.7615     2.5201
   3375.00   42257.67  0.0420893    23.4891   126.6108   329.0392     2.4000
   3385.00   42257.50  0.0420947    23.4927   124.1369   329.4138     2.2834
   3395.00   42259.09  0.0418868    23.4967   121.7917   329.6458     2.1704
   3405.00   42259.67  0.0418361    23.5026   119.4829   329.8758     2.0547
   3415.00   42257.27  0.0418241    23.5073   117.1510   330.2313     1.9351
   3425.00   42255.81  0.0417460    23.5095   115.2829   330.2754     1.8182
   3435.00   42256.08  0.0417609    23.5144   113.4485   330.4201     1.7045
   3445.00   42255.35  0.0417086    23.5201   111.5463   330.7789     1.5857
   3455.00   42253.01  0.0417803    23.5230   110.0538   330.8524     1.4638
   3465.00   42252.54  0.0419138    23.5266   108.4732   331.0545     1.3478
   3475.00   42254.42  0.0418239    23.5314   106.8147   331.3448     1.2321
   3485.00   42254.98  0.0419255    23.5360   105.1473   331.5880     1.1106
   3495.00   42254.60  0.0420768    23.5397   103.2200   331.9688     0.9913
   3505.00   42255.79  0.0420270    23.5423   101.3596   332.1579     0.8758
   3515.00   42258.58  0.0420602    23.5473    99.1989   332.4862     0.7592
   3525.00   42258.71  0.0421072    23.5522    96.6859   333.0172     0.6395
   3535.00   42257.66  0.0421161    23.5541    94.4396   333.2018     0.5206
   3545.00   42258.14  0.0421263    23.5578    92.0529   333.4715     0.4065
   3555.00   42259.21  0.0419941    23.5632    89.4279   333.9932     0.2891
   3565.00   42258.08  0.0420007    23.5665    87.1652   334.2460     0.1676
   3575.00   42255.92  0.0420481    23.5694    85.0195   334.4969     0.0503
   3585.00   42255.75  0.0418364    23.5734    83.0320   334.7460   359.9347
   3595.00   42256.41  0.0418041    23.5781    81.2028   334.9882   359.8144
   3605.00   42254.68  0.0418788    23.5817    79.4167   335.3005   359.6930
   3615.00   42253.06  0.0418015    23.5838    78.0353   335.3017   359.5749
   3625.00   42253.87  0.0418144    23.5880    76.5518   335.4215   359.4577
   3635.00   42255.20  0.0418636    23.5928    74.7221   335.8422   359.3362
   3645.00   42254.76  0.0419758    23.5948    73.1682   335.9098   359.2142
