  -7305.00   42257.67  0.0408153     0.0862   246.1614   277.9029    66.0453
  -7295.00   42259.73  0.0408543     0.1064   243.8260   267.4247    76.8416
  -7285.00   42259.68  0.0409241     0.1356   241.4222   260.5638    83.9191
  -7275.00   42259.92  0.0410641     0.1603   238.9481   257.8469    86.7792
  -7265.00   42262.10  0.0410363     0.1745   236.1779   254.8719    90.0925
  -7255.00   42262.68  0.0410453     0.1954   233.4248   251.2695    93.9642
  -7245.00   42260.89  0.0411526     0.2166   230.6361   250.0714    95.5120
  -7235.00   42259.59  0.0410920     0.2280   227.9758   250.7273    95.1804
  -7225.00   42259.72  0.0410318     0.2412   225.5562   250.3757    95.7434
  -7215.00   42259.15  0.0410017     0.2566   223.1202   250.2240    96.3001
  -7205.00   42256.42  0.0409225     0.2740   220.9802   252.2447    94.5501
  -7195.00   42255.48  0.0408708     0.2900   219.1088   254.1801    92.7311
  -7185.00   42256.84  0.0407470     0.3036   217.1330   255.1860    92.0269
  -7175.00   42256.89  0.0406534     0.3288   215.3001   256.2252    91.1477
  -7165.00   42256.03  0.0406722     0.3560   213.4759   257.9298    89.5328
  -7155.00   42256.99  0.0405751     0.3755   211.4548   259.2069    88.4365
  -7145.00   42259.59  0.0405151     0.4023   209.4042   258.9596    88.7306
  -7135.00   42260.55  0.0405719     0.4353   207.0790   258.9253    88.9233
  -7125.00   42259.85  0.0405551     0.4625   204.6188   259.4175    88.5809
  -7115.00   42260.81  0.0405812     0.4869   202.1641   258.8246    89.2035
  -7105.00   42262.58  0.0406182     0.5128   199.4512   257.7571    90.5207
  -7095.00   42261.73  0.0406252     0.5414   196.8283   257.3022    91.1588
  -7085.00   42259.57  0.0407176     0.5631   194.3569   256.9872    91.5922
  -7075.00   42259.17  0.0407241     0.5769   191.8361   256.3008    92.5967
  -7065.00   42259.39  0.0407037     0.5980   189.5966   255.5619    93.5271
  -7055.00   42257.72  0.0407742     0.6182   187.4667   255.6714    93.6555
  -7045.00   42255.46  0.0407419     0.6269   185.3787   256.1275    93.5311
  -7035.00   42255.76  0.0407121     0.6405   183.5281   256.0517    93.7660
  -7025.00   42257.23  0.0407010     0.6593   181.5626   256.4331    93.6754
  -7015.00   42256.51  0.0406177     0.6751   179.5744   257.6590    92.7102
  -7005.00   42256.34  0.0406029     0.6917   177.6174   258.4690    92.0075
  -6995.00   42258.64  0.0405533     0.7100   175.3808   258.9989    91.7288
  -6985.00   42260.75  0.0404547     0.7373   173.1001   259.8388    91.0178
  -6975.00   42260.82  0.0404721     0.7656   170.7159   260.7294    90.1958
  -6965.00   42260.37  0.0404608     0.7868   168.0998   261.2611    89.8697
  -6955.00   42261.89  0.0404392     0.8175   165.6124   261.1440    90.0148
  -6945.00   42262.43  0.0405020     0.8531   163.0540   261.3200    89.9497
  -6935.00   42260.18  0.0405237     0.8784   160.4722   261.6475    89.8484
  -6925.00   42258.42  0.0406164     0.9034   158.1868   261.1535    90.4074
  -6915.00   42258.64  0.0407095     0.9325   155.8970   260.7087    91.0884
  -6905.00   42258.21  0.0407068     0.9578   153.7306   260.7848    91.2822
  -6895.00   42256.09  0.0408137     0.9764   151.7519   260.6706    91.5975
  -6885.00   42255.25  0.0408912     0.9910   149.7007   260.4120    92.2229
  -6875.00   42256.84  0.0408535     1.0112   147.7775   260.3848    92.5052
  -6865.00   42257.63  0.0408798     1.0289   145.7561   260.8505    92.3290
  -6855.00   42256.75  0.0408719     1.0367   143.4968   261.4134    92.1948
  -6845.00   42257.60  0.0408383     1.0522   141.3361   261.5834    92.2087
  -6835.00   42260.17  0.0407940     1.0744   138.9101   262.2512    91.8228
  -6825.00   42261.05  0.0406679     1.0902   136.2517   263.3576    91.0784
  -6815.00   42260.25  0.0406463     1.1087   133.6962   263.8717    90.7013
  -6805.00   42260.76  0.0406042     1.1340   131.0193   264.2713    90.5192
  -6795.00   42262.08  0.0404456     1.1625   128.4029   264.9986    89.9678
  -6785.00   42261.48  0.0404129     1.1899   125.9137   265.5334    89.5451
  -6775.00   42258.82  0.0404273     1.2136   123.4817   265.6983    89.5825
  -6765.00   42258.04  0.0403733     1.2451   121.4223   265.5934    89.6910
  -6755.00   42258.18  0.0403761     1.2780   119.4262   265.7508    89.6200
  -6745.00   42256.76  0.0403891     1.2996   117.3708   265.9756    89.6762
  -6735.00   42254.84  0.0404688     1.3232   115.6763   265.5342    90.1287
  -6725.00   42255.42  0.0405375     1.3522   113.8749   265.3379    90.4657
  -6715.00   42257.34  0.0404930     1.3728   111.8665   265.6287    90.4781
  -6705.00   42257.56  0.0405855     1.3884   109.8696   265.5727    90.7096
  -6695.00   42257.50  0.0406825     1.4059   107.6530   265.4403    91.1010
  -6685.00   42259.59  0.0406162     1.4252   105.3269   265.6514    91.1004
  -6675.00   42261.65  0.0406194     1.4408   102.7709   266.1220    90.8929
  -6665.00   42261.26  0.0406589     1.4505    99.9597   266.5734    90.8422
  -6655.00   42260.27  0.0406302     1.4684    97.3980   266.7436    90.7731
  -6645.00   42260.89  0.0405833     1.4916    94.7296   267.3689    90.3547
  -6635.00   42261.35  0.0404880     1.5071    91.9307   268.3270    89.8107
  -6625.00   42259.33  0.0405000     1.5272    89.5787   268.6454    89.5882
  -6615.00   42257.59  0.0404855     1.5581    87.3716   268.9809    89.3737
  -6605.00   42257.73  0.0403387     1.5868    85.2695   269.6543    88.8901
  -6595.00   42257.95  0.0403444     1.6136    83.3502   270.0286    88.6449
  -6585.00   42256.06  0.0404235     1.6435    81.5154   270.0438    88.7721
  -6575.00   42255.29  0.0403886     1.6771    79.8965   269.9769    88.8138
  -6565.00   42256.66  0.0404115     1.7082    78.1020   270.1098    88.7766
  -6555.00   42257.96  0.0405168     1.7303    75.9554   270.2585    88.9732
  -6545.00   42257.59  0.0406332     1.7547    73.9963   269.8981    89.3587
  -6535.00   42258.37  0.0407164     1.7826    71.7510   269.8613    89.5361
  -6525.00   42260.92  0.0407157     1.7991    69.0323   270.3248    89.5251
  -6515.00   42262.17  0.0408434     1.8120    66.3571   270.4115    89.7129
  -6505.00   42261.22  0.0409467     1.8319    63.6120   270.5191    89.8835
  -6495.00   42260.81  0.0408462     1.8495    60.8412   271.0385    89.6790
  -6485.00   42261.38  0.0408317     1.8627    58.0755   271.6582    89.4224
  -6475.00   42260.50  0.0408900     1.8772    55.3607   272.1802    89.3382
  -6465.00   42257.88  0.0408041     1.8991    53.1353   272.5102    89.1334
  -6455.00   42256.69  0.0407000     1.9238    50.9838   273.1410    88.7098
  -6445.00   42257.24  0.0406285     1.9417    48.7139   273.9694    88.3516
  -6435.00   42256.76  0.0406238     1.9655    46.9318   274.1624    88.2446
  -6425.00   42255.60  0.0405679     1.9998    45.2022   274.4196    88.0567
  -6415.00   42256.10  0.0403977     2.0271    43.2753   275.0018    87.7222
  -6405.00   42258.39  0.0404115     2.0510    41.3472   275.2061    87.6662
  -6395.00   42258.86  0.0404747     2.0838    39.3218   275.1692    87.8059
  -6385.00   42258.68  0.0403769     2.1154    37.2559   275.1827    87.7893
  -6375.00   42259.95  0.0403550     2.1403    34.8898   275.3288    87.7650
  -6365.00   42261.94  0.0404814     2.1628    32.1864   275.4333    87.9800
  -6355.00   42261.96  0.0405566     2.1871    29.7389   275.1920    88.2218
  -6345.00   42260.76  0.0405721     2.2121    27.1906   275.2422    88.2550
  -6335.00   42260.73  0.0405879     2.2265    24.3276   275.7041    88.2495
  -6325.00   42261.19  0.0407227     2.2391    21.8256   275.7737    88.3979
  -6315.00   42259.43  0.0408073     2.2610    19.5181   275.9165    88.4294
  -6305.00   42257.10  0.0406872     2.2776    17.2368   276.4922    88.1753
  -6295.00   42256.69  0.0406851     2.2886    15.0933   277.0189    87.9739
  -6285.00   42257.10  0.0407756     2.3077    13.0388   277.4451    87.8838
  -6275.00   42256.24  0.0406715     2.3321    11.2773   277.8244    87.6064
  -6265.00   42255.61  0.0405485     2.3555     9.4122   278.3941    87.2117
  -6255.00   42257.15  0.0405378     2.3767     7.2221   279.0421    86.9792
  -6245.00   42259.34  0.0405523     2.4051     5.2983   279.1715    86.8766
  -6235.00   42259.66  0.0404985     2.4415     3.2257   279.3787    86.6731
  -6225.00   42259.75  0.0403794     2.4694     0.7166   279.8878    86.4466
  -6215.00   42261.65  0.0404545     2.4945   358.2456   279.9502    86.4979
  -6205.00   42262.56  0.0405716     2.5308   355.7347   279.8923    86.6146
  -6195.00   42261.60  0.0405114     2.5618   353.2053   280.0024    86.5768
  -6185.00   42260.19  0.0405434     2.5821   350.6039   280.1544    86.6173
  -6175.00   42260.22  0.0407355     2.6065   347.9832   280.2558    86.8327
  -6165.00   42260.08  0.0408363     2.6308   345.7824   280.1951    86.9588
  -6155.00   42257.83  0.0408418     2.6507   343.6233   280.4351    86.8958
  -6145.00   42256.26  0.0409107     2.6647   341.2511   280.9665    86.8975
  -6135.00   42256.80  0.0410431     2.6785   339.2805   281.1593    86.9604
  -6125.00   42257.03  0.0410901     2.7010   337.4170   281.4759    86.8330
  -6115.00   42256.11  0.0409747     2.7176   335.2651   282.2255    86.5432
  -6105.00   42256.20  0.0409617     2.7295   333.1295   282.7731    86.3682
  -6095.00   42258.32  0.0410242     2.7543   330.9393   283.1998    86.2361
  -6085.00   42259.96  0.0408808     2.7820   328.7109   283.6988    85.9172
  -6075.00   42259.84  0.0407312     2.8044   326.2575   284.2533    85.5983
  -6065.00   42260.44  0.0407293     2.8303   323.5156   284.7501    85.4881
  -6055.00   42262.35  0.0407027     2.8622   321.0636   284.8628    85.4007
  -6045.00   42262.59  0.0406093     2.8966   318.5966   285.0524    85.2150
  -6035.00   42260.82  0.0405251     2.9230   315.8419   285.4860    85.1170
  -6025.00   42259.73  0.0405742     2.9480   313.4499   285.4824    85.2195
  -6015.00   42259.67  0.0406530     2.9826   311.2871   285.4244    85.2866
  -6005.00   42258.74  0.0405784     3.0097   309.1507   285.6367    85.2208
  -5995.00   42256.24  0.0405983     3.0258   307.1160   285.7696    85.2854
  -5985.00   42255.50  0.0407514     3.0505   305.1323   285.8639    85.4440
  -5975.00   42256.72  0.0407867     3.0744   303.4154   285.9135    85.4502
  -5965.00   42256.70  0.0407638     3.0895   301.5629   286.1903    85.3418
  -5955.00   42256.20  0.0408431     3.1050   299.3325   286.6468    85.3488
  -5945.00   42257.39  0.0409339     3.1218   297.2786   286.8274    85.3528
  -5935.00   42259.83  0.0409389     3.1433   295.1246   287.1505    85.1457
  -5925.00   42260.64  0.0408793     3.1605   292.4635   287.8441    84.8968
  -5915.00   42260.10  0.0408857     3.1746   289.8133   288.2826    84.7665
  -5905.00   42261.00  0.0409358     3.2026   287.1821   288.6446    84.6015
  -5895.00   42262.34  0.0408138     3.2315   284.5138   289.1734    84.2749
  -5885.00   42261.38  0.0407119     3.2532   281.8859   289.6237    84.0254
  -5875.00   42259.32  0.0407485     3.2837   279.2606   289.9950    83.9581
  -5865.00   42258.92  0.0407155     3.3197   277.0864   290.1270    83.8451
  -5855.00   42259.05  0.0406442     3.3519   275.0970   290.2912    83.6683
  -5845.00   42257.37  0.0406551     3.3802   272.9368   290.6019    83.6587
  -5835.00   42255.38  0.0407366     3.4085   271.1370   290.5616    83.7794
  -5825.00   42255.73  0.0408267     3.4419   269.4746   290.5353    83.8043
  -5815.00   42256.94  0.0408357     3.4661   267.5565   290.8125    83.7653
  -5805.00   42256.39  0.0409238     3.4808   265.5945   290.9365    83.8611
  -5795.00   42256.23  0.0411066     3.5051   263.4548   291.1054    83.9650
  -5785.00   42258.56  0.0411425     3.5274   261.2412   291.3897    83.8779
  -5775.00   42260.62  0.0411535     3.5380   258.7999   291.7744    83.7430
  -5765.00   42260.74  0.0412606     3.5552   255.9719   292.2868    83.7107
  -5755.00   42260.52  0.0413155     3.5763   253.2945   292.6368    83.6153
  -5745.00   42261.95  0.0412809     3.5965   250.6365   293.1156    83.3309
  -5735.00   42262.29  0.0412544     3.6163   247.7248   293.8024    83.1078
  -5725.00   42260.10  0.0412461     3.6366   245.0990   294.2089    82.9968
  -5715.00   42258.26  0.0412439     3.6679   242.7247   294.6001    82.8022
  -5705.00   42258.24  0.0411341     3.6977   240.4060   295.1685    82.5295
  -5695.00   42257.80  0.0410382     3.7197   238.3536   295.5043    82.3827
  -5685.00   42255.67  0.0410607     3.7526   236.3604   295.7820    82.3593
  -5675.00   42255.04  0.0409892     3.7888   234.5909   296.0066    82.2465
  -5665.00   42256.69  0.0408987     3.8150   232.8923   296.1818    82.1104
  -5655.00   42257.58  0.0409152     3.8419   230.8956   296.4049    82.1487
  -5645.00   42256.91  0.0409438     3.8715   228.9804   296.4014    82.2339
  -5635.00   42257.84  0.0409699     3.8998   226.9713   296.4663    82.1900
  -5625.00   42260.24  0.0409914     3.9209   224.5416   296.7510    82.1605
  -5615.00   42261.15  0.0410418     3.9363   222.0827   296.8102    82.2435
  -5605.00   42260.21  0.0411701     3.9604   219.4747   296.9662    82.2733
  -5595.00   42260.70  0.0411942     3.9814   216.7602   297.3440    82.1411
  -5585.00   42261.94  0.0412025     3.9902   214.1362   297.6429    82.0226
  -5575.00   42261.36  0.0412945     4.0088   211.4279   298.0320    81.9808
  -5565.00   42258.77  0.0413231     4.0336   208.9847   298.4285    81.8241
  -5555.00   42258.03  0.0413018     4.0511   206.7657   298.8994    81.5359
  -5545.00   42258.26  0.0413115     4.0719   204.4975   299.4591    81.3498
  -5535.00   42256.78  0.0412919     4.0985   202.5309   299.7906    81.2331
  -5525.00   42254.90  0.0412829     4.1305   200.7033   300.1821    81.0034
  -5515.00   42255.43  0.0412445     4.1609   198.7370   300.7085    80.7748
  -5505.00   42257.37  0.0411750     4.1863   196.9034   300.9111    80.6898
  -5495.00   42257.53  0.0411977     4.2224   194.9193   301.0967    80.6636
  -5485.00   42257.60  0.0411763     4.2595   192.7764   301.3749    80.5527
  -5475.00   42259.74  0.0411505     4.2831   190.5969   301.4907    80.4758
  -5465.00   42262.01  0.0412108     4.3104   188.1030   301.6046    80.5506
  -5455.00   42261.44  0.0412544     4.3423   185.5831   301.6680    80.5976
  -5445.00   42260.52  0.0413284     4.3654   183.0486   301.8175    80.5249
  -5435.00   42261.12  0.0414386     4.3837   180.3181   302.1030    80.5126
  -5425.00   42261.42  0.0414972     4.4013   177.8020   302.2055    80.5628
  -5415.00   42259.21  0.0416139     4.4241   175.3640   302.4868    80.4961
  -5405.00   42257.51  0.0417121     4.4434   172.9334   303.0147    80.3281
  -5395.00   42257.74  0.0417511     4.4532   170.8176   303.3506    80.2068
  -5385.00   42258.09  0.0418144     4.4749   168.7133   303.7713    80.1193
  -5375.00   42256.08  0.0418407     4.5031   166.6696   304.3466    79.8997
  -5365.00   42255.43  0.0418440     4.5206   164.7691   304.8573    79.6297
  -5355.00   42257.25  0.0418553     4.5436   162.7045   305.3447    79.4910
  -5345.00   42258.17  0.0417843     4.5772   160.6276   305.7330    79.3637
  -5335.00   42257.72  0.0417476     4.6086   158.4624   306.1679    79.1400
  -5325.00   42258.53  0.0417437     4.6373   156.0248   306.6300    78.9827
  -5315.00   42261.13  0.0416394     4.6658   153.6308   306.7719    78.9555
  -5305.00   42262.20  0.0415867     4.7012   151.0786   306.9733    78.9140
  -5295.00   42261.14  0.0415781     4.7345   148.3837   307.3088    78.8118
  -5285.00   42260.82  0.0415507     4.7549   145.9141   307.3658    78.7807
  -5275.00   42261.74  0.0415549     4.7807   143.4205   307.4266    78.8471
  -5265.00   42260.40  0.0415447     4.8117   141.0136   307.6115    78.8292
  -5255.00   42257.67  0.0416035     4.8299   138.8674   307.7791    78.7328
  -5245.00   42256.64  0.0417123     4.8457   136.7644   307.9699    78.7228
  -5235.00   42257.27  0.0417082     4.8668   134.8626   308.0885    78.7259
  -5225.00   42256.52  0.0417719     4.8880   132.9821   308.4137    78.5912
  -5215.00   42255.41  0.0419050     4.9056   131.0018   308.8815    78.4247
  -5205.00   42256.31  0.0419372     4.9185   129.1776   309.0976    78.3262
  -5195.00   42258.80  0.0419535     4.9425   127.1185   309.4808    78.2000
  -5185.00   42258.99  0.0420032     4.9713   124.7951   310.0788    77.9651
  -5175.00   42258.73  0.0420403     4.9890   122.5127   310.4758    77.7363
  -5165.00   42260.43  0.0420505     5.0143   120.0162   310.8155    77.6259
  -5155.00   42262.02  0.0419731     5.0525   117.3358   311.2538    77.4734
  -5145.00   42261.50  0.0419554     5.0832   114.6766   311.6795    77.2549
  -5135.00   42260.15  0.0420028     5.1111   112.0166   311.9890    77.1499
  -5125.00   42260.54  0.0418990     5.1455   109.5649   312.0760    77.1395
  -5115.00   42260.86  0.0418429     5.1810   107.1636   312.3031    77.0732
  -5105.00   42258.84  0.0419142     5.2113   104.8434   312.6072    76.9888
  -5095.00   42256.77  0.0419326     5.2327   102.9579   312.5451    77.0062
  -5085.00   42256.97  0.0419510     5.2583   101.1020   312.5714    77.0546
  -5075.00   42257.16  0.0420089     5.2870    99.1539   312.8766    76.9936
  -5065.00   42255.85  0.0421370     5.3014    97.4004   313.0537    76.8975
  -5055.00   42255.39  0.0422907     5.3154    95.5666   313.1982    76.8825
  -5045.00   42257.39  0.0423103     5.3393    93.5576   313.4758    76.8176
  -5035.00   42259.11  0.0424070     5.3585    91.3306   313.9652    76.6187
  -5025.00   42259.14  0.0425929     5.3749    88.8910   314.4665    76.4434
  -5015.00   42259.67  0.0426059     5.3945    86.4837   314.7215    76.3377
  -5005.00   42261.86  0.0425894     5.4219    83.7783   315.2321    76.1600
  -4995.00   42262.47  0.0426623     5.4517    80.8579   315.9232    75.9242
  -4985.00   42260.97  0.0426832     5.4727    78.2280   316.2636    75.7543
  -4975.00   42259.96  0.0426289     5.5017    75.6505   316.5498    75.6687
  -4965.00   42260.10  0.0425417     5.5410    73.0187   317.0625    75.5215
  -4955.00   42259.35  0.0425253     5.5689    70.6735   317.4809    75.3422
  -4945.00   42256.80  0.0425461     5.5942    68.6030   317.6552    75.2952
  -4935.00   42255.89  0.0423988     5.6301    66.7090   317.7669    75.2810
  -4925.00   42256.81  0.0423230     5.6614    64.8213   318.0594    75.1876
  -4915.00   42256.70  0.0424123     5.6850    62.9517   318.3349    75.1106
  -4905.00   42255.81  0.0423721     5.7077    61.3332   318.2367    75.1328
  -4895.00   42256.63  0.0423197     5.7325    59.5090   318.2955    75.1322
  -4885.00   42258.92  0.0423874     5.7574    57.3153   318.6702    75.0282
  -4875.00   42259.81  0.0424896     5.7708    55.1877   318.7925    74.9416
  -4865.00   42259.48  0.0425734     5.7856    52.9119   318.8493    74.9186
  -4855.00   42260.56  0.0425663     5.8111    50.3180   319.1787    74.8090
  -4845.00   42262.27  0.0426704     5.8287    47.5997   319.6546    74.5971
  -4835.00   42261.83  0.0428609     5.8436    44.8974   320.0375    74.4427
  -4825.00   42260.10  0.0428284     5.8688    42.3838   320.2611    74.3291
  -4815.00   42259.68  0.0428017     5.8973    39.8057   320.7761    74.1218
  -4805.00   42259.72  0.0429220     5.9251    37.2577   321.4195    73.8909
  -4795.00   42258.15  0.0429291     5.9505    35.1940   321.6463    73.7601
  -4785.00   42255.98  0.0428327     5.9833    33.2504   321.8829    73.6675
  -4775.00   42255.84  0.0427747     6.0230    31.1990   322.3780    73.5152
  -4765.00   42256.88  0.0427959     6.0505    29.3711   322.6785    73.3769
  -4755.00   42256.30  0.0428068     6.0769    27.6642   322.7150    73.3658
  -4745.00   42256.12  0.0426738     6.1147    25.8109   322.8212    73.3452
  -4735.00   42258.00  0.0426550     6.1431    23.7477   323.0898    73.2476
  -4725.00   42260.09  0.0428215     6.1617    21.5564   323.2603    73.1982
  -4715.00   42260.51  0.0428081     6.1865    19.3890   323.1761    73.2147
  -4705.00   42260.37  0.0427868     6.2106    16.9430   323.3180    73.1676
  -4695.00   42261.75  0.0429580     6.2298    14.1919   323.7539    73.0307
  -4685.00   42262.45  0.0431054     6.2442    11.6572   323.8958    72.9444
  -4675.00   42260.92  0.0431896     6.2618     9.1652   324.0381    72.8835
  -4665.00   42259.22  0.0432231     6.2881     6.5343   324.5365    72.7160
  -4655.00   42259.11  0.0433580     6.3062     4.0872   325.0494    72.4990
  -4645.00   42258.75  0.0435463     6.3229     1.8759   325.4147    72.3587
  -4635.00   42256.90  0.0434817     6.3543   359.8326   325.7591    72.2256
  -4625.00   42255.62  0.0434380     6.3847   357.7612   326.3364    72.0099
  -4615.00   42256.49  0.0435677     6.4098   355.7001   326.9231    71.8148
  -4605.00   42257.28  0.0435166     6.4399   353.9070   327.1216    71.7249
  -4595.00   42256.67  0.0433678     6.4747   351.9755   327.4024    71.6327
  -4585.00   42257.08  0.0433136     6.5097   349.7232   327.9184    71.4868
  -4575.00   42259.39  0.0433044     6.5354   347.5602   328.1219    71.3986
  -4565.00   42260.84  0.0432672     6.5613   345.3423   328.1390    71.3974
  -4555.00   42260.77  0.0431207     6.5965   342.8485   328.3303    71.3516
  -4545.00   42261.03  0.0430935     6.6204   340.2496   328.5978    71.2469
  -4535.00   42262.33  0.0432332     6.6351   337.7208   328.6994    71.2082
  -4525.00   42262.40  0.0431842     6.6606   335.3304   328.6746    71.1962
  -4515.00   42260.07  0.0431309     6.6843   332.9011   328.8933    71.0996
  -4505.00   42258.77  0.0432934     6.6985   330.4846   329.2886    70.9537
  -4495.00   42258.58  0.0433792     6.7152   328.4629   329.3820    70.8709
  -4485.00   42257.67  0.0434097     6.7361   326.5617   329.5319    70.7784
  -4475.00   42255.70  0.0434473     6.7608   324.5050   330.0515    70.5816
  -4465.00   42255.50  0.0435457     6.7795   322.6152   330.4531    70.3882
  -4455.00   42257.03  0.0436860     6.7987   320.8051   330.7093    70.2633
  -4445.00   42257.80  0.0436201     6.8328   318.8404   331.0760    70.1107
  -4435.00   42257.41  0.0435823     6.8635   316.6534   331.6052    69.8968
  -4425.00   42258.75  0.0437095     6.8872   314.3346   332.0537    69.7379
  -4415.00   42261.01  0.0436353     6.9215   312.0582   332.2113    69.6617
  -4405.00   42261.44  0.0435031     6.9588   309.5629   332.4851    69.5550
  -4395.00   42260.65  0.0435031     6.9901   306.8110   332.9406    69.4194
  -4385.00   42261.12  0.0434835     7.0172   304.3004   333.0288    69.3718
  -4375.00   42262.01  0.0434585     7.0452   301.9094   333.0033    69.3698
  -4365.00   42261.08  0.0433917     7.0777   299.4386   333.2174    69.2994
  -4355.00   42258.85  0.0434165     7.0988   297.1423   333.4159    69.2097
  -4345.00   42258.22  0.0435787     7.1120   295.1057   333.4658    69.1812
  -4335.00   42258.55  0.0435847     7.1374   293.2313   333.5203    69.1352
  -4325.00   42256.76  0.0436045     7.1594   291.3241   333.8203    68.9940
  -4315.00   42255.21  0.0438225     7.1702   289.3848   334.2274    68.8423
  -4305.00   42255.79  0.0439101     7.1895   287.6161   334.4063    68.7450
  -4295.00   42257.44  0.0439484     7.2148   285.7345   334.6893    68.6027
  -4285.00   42257.49  0.0440419     7.2383   283.4835   335.2969    68.3804
  -4275.00   42257.85  0.0441145     7.2601   281.2133   335.7106    68.2106
  -4265.00   42260.04  0.0441976     7.2851   278.8643   336.0009    68.0962
  -4255.00   42262.17  0.0441400     7.3209   276.2532   336.4557    67.9310
  -4245.00   42261.67  0.0440947     7.3514   273.5069   336.9542    67.7470
  -4235.00   42260.85  0.0441811     7.3747   270.7786   337.3291    67.6393
  -4225.00   42261.38  0.0440721     7.4099   268.2091   337.5346    67.5762
  -4215.00   42261.32  0.0439360     7.4453   265.7021   337.8236    67.4618
  -4205.00   42258.98  0.0439524     7.4698   263.2224   338.2256    67.3439
  -4195.00   42257.24  0.0438801     7.4956   261.1238   338.3207    67.3127
  -4185.00   42257.45  0.0438124     7.5235   259.2471   338.3621    67.2842
  -4175.00   42257.51  0.0437616     7.5501   257.3348   338.6325    67.1752
  -4165.00   42255.93  0.0437450     7.5689   255.5565   338.8007    67.0910
  -4155.00   42255.44  0.0438366     7.5832   253.8570   338.8624    67.0571
  -4145.00   42257.36  0.0438129     7.6079   252.0712   339.0048    66.9700
  -4135.00   42258.27  0.0438064     7.6285   250.0924   339.2782    66.8139
  -4125.00   42257.88  0.0439825     7.6384   247.9003   339.5991    66.6766
  -4115.00   42258.58  0.0440203     7.6597   245.6407   339.7905    66.5763
  -4105.00   42261.07  0.0440280     7.6871   243.2084   340.0773    66.4066
  -4095.00   42261.87  0.0441300     7.7078   240.4878   340.5925    66.1855
  -4085.00   42260.85  0.0441646     7.7312   237.8238   340.9263    66.0386
  -4075.00   42260.57  0.0442145     7.7614   235.2331   341.2030    65.9201
  -4065.00   42261.39  0.0441861     7.7963   232.6322   341.6447    65.7374
  -4055.00   42260.20  0.0441351     7.8269   230.1909   342.0260    65.5766
  -4045.00   42257.47  0.0442013     7.8532   227.9472   342.3015    65.4992
  -4035.00   42256.48  0.0441153     7.8898   225.9158   342.5218    65.4323
  -4025.00   42257.07  0.0440034     7.9239   224.0353   342.7550    65.3178
  -4015.00   42256.20  0.0440469     7.9452   222.1658   343.0229    65.2282
  -4005.00   42254.98  0.0439911     7.9708   220.4335   343.0948    65.2114
  -3995.00   42256.03  0.0439648     7.9991   218.6939   343.1670    65.1597
  -3985.00   42258.36  0.0439937     8.0193   216.7297   343.4187    65.0341
  -3975.00   42258.81  0.0440059     8.0363   214.6730   343.5502    64.9548
  -3965.00   42258.57  0.0441289     8.0531   212.4636   343.6612    64.9022
  -3955.00   42260.41  0.0441867     8.0760   210.0407   343.9246    64.7654
  -3945.00   42262.03  0.0442182     8.0959   207.4843   344.2191    64.5955
  -3935.00   42261.39  0.0443973     8.1083   204.8206   344.5417    64.4613
  -3925.00   42259.89  0.0444630     8.1335   202.1833   344.8568    64.3396
  -3915.00   42260.26  0.0444907     8.1633   199.6330   345.2315    64.1501
  -3905.00   42260.49  0.0445951     8.1837   197.1135   345.7252    63.9455
  -3895.00   42258.29  0.0445945     8.2097   194.8056   346.0807    63.8263
  -3885.00   42256.33  0.0446306     8.2446   192.6825   346.4268    63.7054
  -3875.00   42256.71  0.0446276     8.2764   190.6304   346.8947    63.5288
  -3865.00   42257.05  0.0445355     8.3041   188.7158   347.2358    63.4024
  -3855.00   42255.70  0.0445525     8.3323   186.8319   347.5038    63.3468
  -3845.00   42255.34  0.0444853     8.3661   184.9129   347.7984    63.2679
  -3835.00   42257.47  0.0443607     8.3951   182.9583   348.0422    63.1537
  -3825.00   42259.15  0.0443541     8.4130   180.8309   348.2648    63.0819
  -3815.00   42258.91  0.0442652     8.4373   178.5821   348.4048    63.0557
  -3805.00   42259.50  0.0442241     8.4640   176.2429   348.5437    62.9704
  -3795.00   42261.78  0.0442372     8.4792   173.7339   348.7798    62.8366
  -3785.00   42262.36  0.0441687     8.4947   171.2037   348.9095    62.7576
  -3775.00   42260.65  0.0442360     8.5153   168.6789   349.0555    62.6809
  -3765.00   42259.78  0.0443040     8.5360   166.1946   349.3374    62.5165
  -3755.00   42260.06  0.0442862     8.5543   163.8658   349.5754    62.3493
  -3745.00   42259.17  0.0443878     8.5702   161.6348   349.8370    62.2260
  -3735.00   42256.46  0.0444540     8.5972   159.5295   350.1681    62.0848
  -3725.00   42255.68  0.0444840     8.6268   157.6050   350.4934    61.8921
  -3715.00   42256.87  0.0445656     8.6468   155.7008   350.8766    61.7110
  -3705.00   42256.54  0.0445336     8.6750   153.7968   351.2114    61.6042
  -3695.00   42255.71  0.0445747     8.7125   151.8935   351.5319    61.4730
  -3685.00   42256.86  0.0446151     8.7420   149.8692   351.9207    61.3050
  -3675.00   42259.34  0.0444935     8.7682   147.7358   352.1885    61.2076
  -3665.00   42259.97  0.0444922     8.8004   145.4229   352.4276    61.1568
  -3655.00   42259.46  0.0444862     8.8327   142.9701   352.7053    61.0671
  -3645.00   42260.79  0.0443862     8.8572   140.5027   352.8739    60.9641
  -3635.00   42262.39  0.0443706     8.8755   137.9256   353.0314    60.9123
  -3625.00   42261.44  0.0443198     8.8996   135.3306   353.2093    60.8710
  -3615.00   42259.64  0.0443361     8.9235   132.9200   353.3404    60.7606
  -3605.00   42259.62  0.0444076     8.9355   130.6103   353.5192    60.6280
  -3595.00   42259.75  0.0443530     8.9504   128.4100   353.6932    60.5427
  -3585.00   42257.89  0.0444628     8.9740   126.3608   353.9130    60.4263
  -3575.00   42255.84  0.0446265     8.9935   124.4468   354.2206    60.2362
  -3565.00   42256.27  0.0446305     9.0108   122.6393   354.4762    60.0700
  -3555.00   42257.21  0.0447328     9.0332   120.7443   354.8128    59.9444
  -3545.00   42256.21  0.0448517     9.0629   118.7680   355.2467    59.7828
  -3535.00   42256.11  0.0448987     9.0919   116.7996   355.5894    59.5979
  -3525.00   42258.45  0.0449558     9.1141   114.6226   355.9632    59.4544
  -3515.00   42260.25  0.0449042     9.1445   112.1785   356.3984    59.3601
  -3505.00   42260.38  0.0449250     9.1810   109.6748   356.7614    59.2322
  -3495.00   42260.41  0.0449633     9.2065   107.0943   357.1022    59.0883
  -3485.00   42262.15  0.0447840     9.2295   104.4124   357.3955    59.0183
  -3475.00   42262.59  0.0447397     9.2614   101.7065   357.6957    58.9583
  -3465.00   42260.39  0.0447536     9.2892    99.1240   357.9993    58.8495
  -3455.00   42258.98  0.0446120     9.3075    96.8073   358.1403    58.7506
  -3445.00   42259.07  0.0445462     9.3266    94.5588   358.3206    58.6960
  -3435.00   42258.30  0.0444940     9.3500    92.4052   358.5980    58.6215
  -3425.00   42256.15  0.0444802     9.3703    90.5874   358.7286    58.4893
  -3415.00   42255.52  0.0445042     9.3818    88.8700   358.8481    58.3648
  -3405.00   42256.92  0.0444034     9.3977    87.0543   359.0736    58.2743
  -3395.00   42257.56  0.0444759     9.4221    85.2400   359.3131    58.1334
  -3385.00   42256.72  0.0446291     9.4401    83.4027   359.5410    57.9425
  -3375.00   42257.77  0.0445698     9.4560    81.4167   359.7367    57.7936
  -3365.00   42260.13  0.0446409     9.4824    79.1181     0.0638    57.6639
  -3355.00   42260.80  0.0447877     9.5125    76.6129     0.4935    57.4883
  -3345.00   42260.20  0.0448104     9.5389    74.1404     0.7520    57.3126
  -3335.00   42260.92  0.0448357     9.5645    71.4906     1.0604    57.1931
  -3325.00   42262.19  0.0448052     9.5973    68.6599     1.5328    57.0944
  -3315.00   42261.71  0.0448297     9.6325    66.0394     1.8747    56.9632
  -3305.00   42259.37  0.0448547     9.6571    63.6453     2.0991    56.8448
  -3295.00   42258.79  0.0446593     9.6804    61.3018     2.3684    56.7934
  -3285.00   42258.84  0.0446192     9.7121    59.1165     2.6494    56.7250
  -3275.00   42257.21  0.0446877     9.7363    57.1749     2.8787    56.6104
  -3265.00   42255.38  0.0445310     9.7501    55.4746     2.9360    56.5256
  -3255.00   42255.69  0.0444872     9.7701    53.7020     3.0808    56.4639
  -3245.00   42257.23  0.0445383     9.7922    51.8005     3.3853    56.3572
  -3235.00   42257.25  0.0445707     9.8078    50.0488     3.4863    56.2075
  -3225.00   42257.38  0.0446232     9.8210    48.1344     3.5882    56.0846
  -3215.00   42259.39  0.0445957     9.8397    45.8448     3.9073    55.9743
  -3205.00   42261.53  0.0447321     9.8646    43.4517     4.2190    55.8052
  -3195.00   42261.30  0.0449262     9.8836    41.0126     4.4579    55.6198
  -3185.00   42260.67  0.0448568     9.9019    38.4163     4.7306    55.4870
  -3175.00   42261.32  0.0449404     9.9325    35.6710     5.1394    55.3527
  -3165.00   42261.71  0.0451436     9.9627    32.9512     5.6222    55.1778
  -3155.00   42259.82  0.0451242     9.9861    30.5246     5.8963    55.0269
  -3145.00   42258.14  0.0451092    10.0143    28.1287     6.2397    54.9301
  -3135.00   42258.08  0.0450993    10.0467    25.7231     6.7757    54.8293
  -3125.00   42258.14  0.0451120    10.0756    23.6721     7.1211    54.6968
  -3115.00   42256.34  0.0450766    10.0980    21.8209     7.3290    54.6012
  -3105.00   42255.44  0.0448486    10.1201    19.8684     7.6584    54.5502
  -3095.00   42256.60  0.0447873    10.1479    17.9377     7.9789    54.4606
  -3085.00   42257.79  0.0448472    10.1677    16.0727     8.1754    54.3403
  -3075.00   42257.51  0.0446253    10.1789    14.1438     8.2709    54.2593
  -3065.00   42258.15  0.0445306    10.1992    11.9607     8.4554    54.1823
  -3055.00   42260.61  0.0446093    10.2201     9.5431     8.7739    54.0503
  -3045.00   42261.96  0.0445944    10.2318     7.2298     8.8633    53.8984
  -3035.00   42261.38  0.0445871    10.2470     4.7755     8.9689    53.7805
  -3025.00   42260.96  0.0445558    10.2685     2.0684     9.3326    53.6561
  -3015.00   42261.64  0.0446715    10.2909   359.5412     9.6163    53.4751
  -3005.00   42260.97  0.0448270    10.3104   357.2097     9.7926    53.3042
  -2995.00   42258.50  0.0447215    10.3313   354.8762    10.0865    53.1811
  -2985.00   42257.09  0.0447765    10.3627   352.6317    10.4759    53.0388
  -2975.00   42257.48  0.0449882    10.3920   350.5634    10.8647    52.8673
  -2965.00   42257.02  0.0449244    10.4138   348.7192    11.0955    52.7373
  -2955.00   42255.73  0.0448801    10.4443   346.8018    11.4099    52.6483
  -2945.00   42255.91  0.0449015    10.4769   344.7212    11.9076    52.5414
  -2935.00   42257.98  0.0448966    10.5005   342.8197    12.1597    52.4170
  -2925.00   42258.62  0.0448427    10.5232   340.8240    12.3181    52.3401
  -2915.00   42258.36  0.0446451    10.5463   338.4838    12.6574    52.2873
  -2905.00   42259.50  0.0446115    10.5697   336.0920    12.9352    52.1830
  -2895.00   42261.58  0.0446860    10.5867   333.7294    13.0377    52.0697
  -2885.00   42261.89  0.0445036    10.5974   331.2478    13.1430    51.9907
  -2875.00   42260.72  0.0444528    10.6175   328.6563    13.3521    51.8926
  -2865.00   42260.75  0.0446166    10.6370   326.0980    13.6263    51.7401
  -2855.00   42261.33  0.0446389    10.6466   323.8291    13.7178    51.5868
  -2845.00   42259.84  0.0446746    10.6648   321.6086    13.8713    51.4626
  -2835.00   42257.40  0.0447446    10.6900   319.2924    14.3200    51.3158
  -2825.00   42256.80  0.0448840    10.7109   317.3050    14.6325    51.1298
  -2815.00   42257.16  0.0450357    10.7322   315.4867    14.8431    50.9757
  -2805.00   42256.25  0.0449673    10.7576   313.4935    15.2593    50.8605
  -2795.00   42255.24  0.0450212    10.7885   311.4818    15.7199    50.7176
  -2785.00   42256.56  0.0451988    10.8155   309.4904    16.0919    50.5658
  -2775.00   42258.80  0.0450924    10.8359   307.4125    16.3816    50.4631
  -2765.00   42259.17  0.0450200    10.8651   305.0803    16.7464    50.3802
  -2755.00   42259.22  0.0450565    10.8943   302.4848    17.2482    50.2681
  -2745.00   42261.14  0.0449888    10.9113   300.0009    17.4996    50.1547
  -2735.00   42262.46  0.0449069    10.9317   297.4371    17.6802    50.0813
  -2725.00   42261.66  0.0447510    10.9547   294.6302    18.0841    50.0090
  -2715.00   42260.18  0.0446971    10.9726   292.0269    18.3766    49.8868
  -2705.00   42260.26  0.0447165    10.9876   289.6749    18.4920    49.7740
  -2695.00   42260.32  0.0445267    10.9998   287.3881    18.6691    49.6891
  -2685.00   42258.00  0.0444600    11.0192   285.2209    18.9250    49.5688
  -2675.00   42256.26  0.0445783    11.0373   283.2442    19.1711    49.4120
  -2665.00   42256.78  0.0445243    11.0464   281.5106    19.2873    49.2691
  -2655.00   42257.15  0.0445116    11.0658   279.7719    19.4460    49.1433
  -2645.00   42256.09  0.0446014    11.0919   277.8053    19.8652    48.9842
  -2635.00   42255.93  0.0446740    11.1100   275.9475    20.1407    48.8054
  -2625.00   42258.06  0.0447668    11.1313   274.0201    20.3153    48.6662
  -2615.00   42259.72  0.0447301    11.1601   271.6767    20.7359    48.5484
  -2605.00   42259.36  0.0447745    11.1892   269.2137    21.1492    48.4012
  -2595.00   42259.86  0.0449083    11.2146   266.6930    21.4559    48.2663
  -2585.00   42261.99  0.0447898    11.2368   264.0395    21.7544    48.1811
  -2575.00   42262.41  0.0447210    11.2658   261.3242    22.0751    48.0964
  -2565.00   42260.73  0.0447778    11.2926   258.5814    22.4789    47.9853
  -2555.00   42259.76  0.0446759    11.3067   256.1062    22.7056    47.8896
  -2545.00   42260.04  0.0445964    11.3257   253.8271    22.8404    47.8212
  -2535.00   42259.16  0.0445246    11.3481   251.5189    23.1896    47.7306
  -2525.00   42256.40  0.0444836    11.3610   249.5228    23.4257    47.6005
  -2515.00   42255.55  0.0445225    11.3738   247.7514    23.5266    47.4880
  -2505.00   42256.81  0.0444154    11.3886   245.9241    23.7472    47.3885
  -2495.00   42256.51  0.0444164    11.4065   244.1218    23.9935    47.2415
  -2485.00   42255.81  0.0445739    11.4240   242.2685    24.2300    47.0804
  -2475.00   42257.02  0.0445563    11.4358   240.3170    24.4419    46.9437
  -2465.00   42259.64  0.0445883    11.4579   238.1979    24.6654    46.8096
  -2455.00   42260.49  0.0447433    11.4850   235.7448    25.0770    46.6465
  -2445.00   42259.81  0.0448042    11.5026   233.2339    25.4143    46.4857
  -2435.00   42261.05  0.0448861    11.5247   230.6682    25.6591    46.3677
  -2425.00   42262.51  0.0449087    11.5552   227.8286    26.1329    46.2504
  -2415.00   42261.37  0.0449266    11.5804   225.1074    26.5478    46.1091
  -2405.00   42259.27  0.0450217    11.6020   222.5309    26.8760    45.9951
  -2395.00   42259.10  0.0449168    11.6246   219.9933    27.2764    45.9180
  -2385.00   42259.32  0.0448342    11.6497   217.7000    27.6144    45.8217
  -2375.00   42257.56  0.0448661    11.6713   215.5314    27.9863    45.7074
  -2365.00   42255.51  0.0447332    11.6832   213.5294    28.3007    45.6186
  -2355.00   42256.15  0.0446367    11.7001   211.7067    28.4957    45.5414
  -2345.00   42257.34  0.0445863    11.7204   209.7611    28.8460    45.4289
  -2335.00   42256.41  0.0444808    11.7299   207.8697    29.1104    45.2959
  -2325.00   42256.19  0.0444799    11.7409   205.9574    29.2554    45.1860
  -2315.00   42258.57  0.0443938    11.7581   203.7558    29.5479    45.0731
  -2305.00   42260.49  0.0443324    11.7738   201.5051    29.7736    44.9148
  -2295.00   42260.41  0.0444216    11.7893   199.1017    29.9860    44.7587
  -2285.00   42260.27  0.0443830    11.8042   196.5202    30.2583    44.6314
  -2275.00   42261.99  0.0443879    11.8265   193.9823    30.4634    44.4895
  -2265.00   42262.49  0.0445018    11.8522   191.3545    30.7827    44.3267
  -2255.00   42260.04  0.0445035    11.8698   188.7965    31.1138    44.1826
  -2245.00   42258.50  0.0445760    11.8928   186.4532    31.3417    44.0734
  -2235.00   42258.57  0.0446388    11.9236   184.0868    31.7544    43.9520
  -2225.00   42257.99  0.0445962    11.9461   181.9537    32.1086    43.8171
  -2215.00   42255.59  0.0446668    11.9655   179.9772    32.3899    43.7201
  -2205.00   42255.14  0.0446222    11.9898   177.9324    32.7967    43.6447
  -2195.00   42256.89  0.0445344    12.0118   176.0624    33.0761    43.5416
  -2185.00   42257.60  0.0445404    12.0284   174.1140    33.3677    43.4327
  -2175.00   42256.78  0.0444318    12.0406   171.9952    33.6984    43.3527
  -2165.00   42257.93  0.0443772    12.0562   169.9102    33.8661    43.2653
  -2155.00   42260.44  0.0443717    12.0730   167.5815    34.1369    43.1390
  -2145.00   42260.98  0.0442542    12.0810   165.1119    34.4051    43.0073
  -2135.00   42259.93  0.0442962    12.0919   162.6456    34.5452    42.8952
  -2125.00   42260.62  0.0443256    12.1110   159.9949    34.8395    42.7632
  -2115.00   42262.00  0.0442701    12.1259   157.4739    35.0640    42.5964
  -2105.00   42261.13  0.0443689    12.1406   155.0041    35.2924    42.4457
  -2095.00   42258.76  0.0444243    12.1608   152.5310    35.6431    42.3204
  -2085.00   42258.33  0.0444806    12.1839   150.3809    35.8680    42.1741
  -2075.00   42258.75  0.0445963    12.2072   148.2820    36.1875    42.0191
  -2065.00   42256.90  0.0446053    12.2263   146.1674    36.6199    41.8978
  -2055.00   42255.05  0.0447099    12.2492   144.2870    36.8941    41.7969
  -2045.00   42255.62  0.0448128    12.2766   142.3012    37.2951    41.6776
  -2035.00   42257.46  0.0447134    12.2946   140.2420    37.7244    41.5562
  -2025.00   42257.19  0.0447554    12.3106   138.1359    38.0591    41.4714
  -2015.00   42257.42  0.0447644    12.3331   135.7675    38.5055    41.3885
  -2005.00   42259.78  0.0446369    12.3502   133.4198    38.8107    41.2754
  -1995.00   42261.96  0.0445797    12.3614   130.8741    39.1417    41.1676
  -1985.00   42261.30  0.0444802    12.3745   128.0959    39.5662    41.0835
  -1975.00   42260.47  0.0444159    12.3890   125.5422    39.7504    40.9792
  -1965.00   42261.25  0.0443716    12.4023   122.9521    40.0021    40.8440
  -1955.00   42261.34  0.0441944    12.4106   120.3114    40.3707    40.7176
  -1945.00   42258.94  0.0442008    12.4223   117.9989    40.5408    40.6031
  -1935.00   42257.29  0.0442418    12.4411   115.7885    40.7900    40.4616
  -1925.00   42257.74  0.0441062    12.4545   113.7793    41.0245    40.2982
  -1915.00   42257.87  0.0441392    12.4677   111.8689    41.2606    40.1585
  -1905.00   42256.04  0.0442184    12.4900   109.9287    41.5946    40.0310
  -1895.00   42255.56  0.0442367    12.5120   108.2358    41.7437    39.8815
  -1885.00   42257.49  0.0442938    12.5315   106.3722    42.0027    39.7355
  -1875.00   42258.27  0.0443113    12.5528   104.1620    42.4602    39.6264
  -1865.00   42257.71  0.0444160    12.5760   102.0620    42.6764    39.5253
  -1855.00   42258.44  0.0445132    12.6001    99.7375    42.9607    39.4078
  -1845.00   42261.03  0.0443897    12.6169    97.0651    43.4231    39.3036
  -1835.00   42261.83  0.0444256    12.6322    94.3817    43.7586    39.2280
  -1825.00   42260.81  0.0444862    12.6530    91.6082    44.1282    39.1413
  -1815.00   42260.69  0.0443186    12.6667    88.9833    44.3954    39.0287
  -1805.00   42261.69  0.0442408    12.6743    86.3676    44.7133    38.9283
  -1795.00   42260.43  0.0442068    12.6878    83.7522    45.1385    38.8366
  -1785.00   42257.77  0.0441487    12.7010    81.6571    45.2483    38.7154
  -1775.00   42256.86  0.0441037    12.7107    79.6789    45.4150    38.5735
  -1765.00   42257.40  0.0439930    12.7207    77.5682    45.8226    38.4467
  -1755.00   42256.59  0.0440605    12.7345    75.8063    45.9786    38.3211
  -1745.00   42255.32  0.0441700    12.7528    74.0823    46.1407    38.1700
  -1735.00   42256.28  0.0440640    12.7667    72.2104    46.4183    38.0155
  -1725.00   42258.66  0.0441539    12.7812    70.2032    46.7084    37.8881
  -1715.00   42258.93  0.0443311    12.8048    67.9767    47.0623    37.7624
  -1705.00   42258.72  0.0443392    12.8256    65.7995    47.2387    37.6203
  -1695.00   42260.46  0.0443815    12.8414    63.3129    47.5538    37.4949
  -1685.00   42262.02  0.0444619    12.8629    60.4227    48.1096    37.3973
  -1675.00   42261.57  0.0445628    12.8842    57.7879    48.3709    37.2954
  -1665.00   42260.12  0.0446064    12.9020    55.1553    48.6445    37.1806
  -1655.00   42260.38  0.0444877    12.9168    52.2728    49.2105    37.0869
  -1645.00   42260.73  0.0445277    12.9305    49.6797    49.6133    37.0070
  -1635.00   42258.72  0.0445951    12.9475    47.3172    49.9506    36.9063
  -1625.00   42256.69  0.0443626    12.9580    45.1294    50.2880    36.7922
  -1615.00   42256.88  0.0442559    12.9639    43.0430    50.6549    36.6923
  -1605.00   42257.19  0.0442663    12.9769    40.9474    51.1050    36.5896
  -1595.00   42256.12  0.0441358    12.9887    39.2385    51.2352    36.4571
  -1585.00   42255.58  0.0440076    12.9954    37.4634    51.4059    36.3182
  -1575.00   42257.40  0.0439090    13.0063    35.2797    51.8614    36.1948
  -1565.00   42259.34  0.0439465    13.0209    33.2820    52.0110    36.0627
  -1555.00   42259.26  0.0439924    13.0365    31.1954    52.1036    35.9102
  -1545.00   42259.62  0.0438406    13.0503    28.7153    52.4226    35.7685
  -1535.00   42261.68  0.0439167    13.0659    26.1510    52.6973    35.6477
  -1525.00   42262.44  0.0441165    13.0887    23.5039    52.9802    35.5208
  -1515.00   42261.13  0.0440559    13.1080    20.9757    53.1607    35.3854
  -1505.00   42259.90  0.0440587    13.1228    18.3851    53.4595    35.2749
  -1495.00   42259.99  0.0441845    13.1443    15.6587    53.9827    35.1820
  -1485.00   42259.60  0.0442577    13.1644    13.4188    54.1984    35.0775
  -1475.00   42257.08  0.0442371    13.1779    11.3319    54.4231    34.9705
  -1465.00   42255.92  0.0441375    13.1920     9.0128    54.9813    34.8860
  -1455.00   42256.83  0.0441832    13.2050     7.0225    55.3206    34.8020
  -1445.00   42256.95  0.0442377    13.2175     5.1984    55.5386    34.6931
  -1435.00   42256.19  0.0439956    13.2260     3.1874    55.9009    34.5837
  -1425.00   42256.67  0.0439008    13.2314     1.1324    56.2267    34.4830
  -1415.00   42258.98  0.0439909    13.2433   358.9257    56.5669    34.3679
  -1405.00   42260.24  0.0438502    13.2538   356.7913    56.6942    34.2286
  -1395.00   42259.77  0.0437382    13.2599   354.4785    56.8537    34.0926
  -1385.00   42260.46  0.0437492    13.2726   351.7395    57.2948    33.9687
  -1375.00   42262.24  0.0438266    13.2888   349.2795    57.4110    33.8298
  -1365.00   42262.04  0.0439049    13.3030   346.8694    57.4843    33.6809
  -1355.00   42260.23  0.0438347    13.3181   344.1621    57.8919    33.5537
  -1345.00   42259.47  0.0439626    13.3355   341.6964    58.1850    33.4396
  -1335.00   42259.66  0.0442129    13.3561   339.4266    58.4378    33.3153
  -1325.00   42258.52  0.0441534    13.3728   337.2561    58.7415    33.1940
  -1315.00   42256.10  0.0441616    13.3861   335.1438    59.1178    33.0971
  -1305.00   42255.66  0.0443259    13.4046   332.9492    59.6545    33.0057
  -1295.00   42256.95  0.0443354    13.4205   331.0822    59.9178    32.8983
  -1285.00   42256.71  0.0442733    13.4292   329.1598    60.2046    32.7963
  -1275.00   42256.29  0.0441949    13.4408   326.7851    60.8227    32.7110
  -1265.00   42257.89  0.0442017    13.4523   324.5831    61.1608    32.6153
  -1255.00   42260.33  0.0442047    13.4603   322.3705    61.3654    32.4985
  -1245.00   42261.11  0.0439779    13.4675   319.7263    61.8177    32.3903
  -1235.00   42260.48  0.0438745    13.4739   317.0674    62.1772    32.2864
  -1225.00   42261.55  0.0439501    13.4842   314.4228    62.4669    32.1620
  -1215.00   42262.50  0.0437622    13.4933   311.8449    62.6818    32.0252
  -1205.00   42261.12  0.0436269    13.4996   309.3535    62.8787    31.8964
  -1195.00   42258.90  0.0436566    13.5126   306.7402    63.3069    31.7725
  -1185.00   42258.64  0.0436367    13.5279   304.6089    63.4244    31.6318
  -1175.00   42258.78  0.0436499    13.5399   302.7113    63.4755    31.4895
  -1165.00   42257.16  0.0436010    13.5548   300.5503    63.8946    31.3706
  -1155.00   42255.55  0.0436798    13.5730   298.6751    64.1359    31.2562
  -1145.00   42256.40  0.0438673    13.5906   296.9288    64.2982    31.1325
  -1135.00   42257.75  0.0437971    13.6056   294.9549    64.6321    31.0232
  -1125.00   42257.08  0.0438073    13.6194   292.8782    64.9735    30.9345
  -1115.00   42257.00  0.0439805    13.6358   290.5631    65.4200    30.8432
  -1105.00   42259.24  0.0439205    13.6485   288.2636    65.6975    30.7416
  -1095.00   42261.08  0.0438503    13.6552   285.8238    65.9540    30.6497
  -1085.00   42260.84  0.0438279    13.6651   282.9268    66.5177    30.5663
  -1075.00   42260.65  0.0437841    13.6748   280.2669    66.7994    30.4639
  -1065.00   42262.01  0.0437532    13.6793   277.7524    66.9472    30.3464
  -1055.00   42262.48  0.0435936    13.6853   274.9954    67.3655    30.2383
  -1045.00   42259.93  0.0435257    13.6932   272.5099    67.6471    30.1258
  -1035.00   42258.23  0.0436117    13.7020   270.2928    67.8426    29.9912
  -1025.00   42258.13  0.0434747    13.7108   268.1632    68.0938    29.8561
  -1015.00   42257.65  0.0434113    13.7194   266.2638    68.2585    29.7308
  -1005.00   42255.41  0.0435432    13.7334   264.2746    68.6149    29.6043
   -995.00   42255.04  0.0435267    13.7482   262.5019    68.8010    29.4685
   -985.00   42256.94  0.0435668    13.7593   260.8031    68.8955    29.3403
   -975.00   42258.02  0.0436274    13.7741   258.6424    69.3344    29.2331
   -965.00   42257.51  0.0437022    13.7912   256.5217    69.6085    29.1230
   -955.00   42258.57  0.0438629    13.8045   254.3292    69.8145    29.0076
   -945.00   42261.14  0.0438370    13.8163   251.7154    70.2494    28.9114
   -935.00   42261.64  0.0438553    13.8290   249.0492    70.6003    28.8250
   -925.00   42260.36  0.0440213    13.8413   246.2526    71.0197    28.7283
   -915.00   42260.52  0.0439339    13.8500   243.4534    71.4232    28.6291
   -905.00   42261.65  0.0438609    13.8554   240.8217    71.7147    28.5384
   -895.00   42260.76  0.0438796    13.8637   238.0659    72.2354    28.4466
   -885.00   42258.27  0.0437742    13.8712   235.6516    72.5833    28.3366
   -875.00   42257.59  0.0437106    13.8740   233.5495    72.8015    28.2198
   -865.00   42258.38  0.0435905    13.8791   231.3373    73.2484    28.1116
   -855.00   42256.79  0.0434770    13.8875   229.4049    73.5275    27.9926
   -845.00   42255.03  0.0435028    13.8943   227.6193    73.7374    27.8564
   -835.00   42255.66  0.0433674    13.9016   225.6655    74.0741    27.7279
   -825.00   42257.77  0.0432676    13.9113   223.8071    74.2311    27.6064
   -815.00   42257.78  0.0433595    13.9241   221.7162    74.5024    27.4777
   -805.00   42257.84  0.0432888    13.9370   219.4778    74.7545    27.3486
   -795.00   42259.97  0.0432923    13.9479   217.2341    74.8565    27.2322
   -785.00   42262.29  0.0433654    13.9626   214.5960    75.2013    27.1290
   -775.00   42261.58  0.0433636    13.9784   211.9693    75.4478    27.0219
   -765.00   42260.26  0.0434794    13.9895   209.4032    75.6348    26.9162
   -755.00   42260.90  0.0434970    14.0001   206.6373    76.0477    26.8301
   -745.00   42260.92  0.0434727    14.0124   204.1171    76.3170    26.7448
   -735.00   42258.52  0.0435924    14.0217   201.7140    76.6396    26.6473
   -725.00   42256.57  0.0435279    14.0275   199.3490    77.0737    26.5547
   -715.00   42257.06  0.0434633    14.0325   197.3211    77.3176    26.4661
   -705.00   42257.55  0.0434883    14.0390   195.2623    77.7056    26.3657
   -695.00   42255.90  0.0433617    14.0439   193.2862    78.0607    26.2529
   -685.00   42255.38  0.0433255    14.0459   191.4706    78.2586    26.1382
   -675.00   42257.73  0.0432882    14.0513   189.4039    78.6214    26.0262
   -665.00   42258.71  0.0431600    14.0596   187.3372    78.8541    25.9013
   -655.00   42258.15  0.0431993    14.0658   185.1993    79.0286    25.7670
   -645.00   42258.69  0.0431794    14.0733   182.7250    79.3635    25.6462
   -635.00   42261.18  0.0431157    14.0851   180.3137    79.4939    25.5285
   -625.00   42262.02  0.0432151    14.0974   177.7523    79.7079    25.4024
   -615.00   42260.54  0.0432090    14.1086   175.0368    80.0381    25.2856
   -605.00   42260.08  0.0432710    14.1199   172.5655    80.1711    25.1834
   -595.00   42261.11  0.0433919    14.1333   170.0297    80.4799    25.0831
   -585.00   42259.90  0.0433682    14.1457   167.6043    80.8095    24.9809
   -575.00   42257.06  0.0434936    14.1538   165.4321    81.0555    24.8851
   -565.00   42256.23  0.0435920    14.1622   163.2153    81.4854    24.8011
   -555.00   42257.04  0.0435310    14.1717   161.2128    81.7991    24.7107
   -545.00   42256.54  0.0436013    14.1770   159.2394    82.1522    24.6099
   -535.00   42255.20  0.0435912    14.1801   157.0851    82.6620    24.5180
   -525.00   42256.39  0.0435261    14.1848   155.0986    82.9305    24.4251
   -515.00   42259.12  0.0435137    14.1894   152.9011    83.3038    24.3158
   -505.00   42259.48  0.0433637    14.1922   150.4478    83.7648    24.2034
   -495.00   42259.03  0.0433252    14.1945   148.0714    83.9996    24.0936
   -485.00   42260.73  0.0433015    14.2000   145.4783    84.3281    23.9788
   -475.00   42262.24  0.0430941    14.2071   142.8138    84.6288    23.8547
   -465.00   42261.43  0.0430683    14.2123   140.2251    84.8468    23.7278
   -455.00   42259.49  0.0430801    14.2199   137.5795    85.1614    23.6131
   -445.00   42259.64  0.0429549    14.2316   135.2222    85.2846    23.4968
   -435.00   42260.10  0.0429633    14.2423   132.9616    85.4769    23.3728
   -425.00   42257.88  0.0429613    14.2518   130.6759    85.8306    23.2646
   -415.00   42256.00  0.0429991    14.2637   128.8098    85.9026    23.1686
   -405.00   42256.65  0.0430925    14.2759   126.9418    86.1057    23.0675
   -395.00   42257.39  0.0430296    14.2854   124.9444    86.4675    22.9707
   -385.00   42256.35  0.0431401    14.2926   123.0873    86.6705    22.8862
   -375.00   42255.97  0.0432786    14.3001   121.0563    86.9865    22.8041
   -365.00   42258.15  0.0431767    14.3068   118.9119    87.2839    22.7140
   -355.00   42260.04  0.0432115    14.3094   116.5766    87.6238    22.6193
   -345.00   42259.54  0.0432592    14.3112   113.9465    88.0947    22.5312
   -335.00   42259.78  0.0431784    14.3151   111.4532    88.2965    22.4350
   -325.00   42261.90  0.0431364    14.3177   108.7876    88.6070    22.3213
   -315.00   42262.39  0.0430134    14.3192   105.8960    89.1027    22.2098
   -305.00   42260.62  0.0429919    14.3229   103.3769    89.2702    22.1008
   -295.00   42259.40  0.0430006    14.3293   100.9604    89.4663    21.9803
   -285.00   42259.71  0.0428079    14.3358    98.5602    89.7773    21.8566
   -275.00   42259.09  0.0428244    14.3419    96.4261    89.9817    21.7389
   -265.00   42256.38  0.0429377    14.3509    94.4292    90.2004    21.6288
   -255.00   42255.55  0.0428460    14.3620    92.6503    90.3026    21.5170
   -245.00   42256.97  0.0428872    14.3706    90.8338    90.5125    21.4030
   -235.00   42257.02  0.0429962    14.3787    88.8011    90.9088    21.3070
   -225.00   42256.42  0.0430562    14.3892    86.9936    90.9956    21.2172
   -215.00   42257.46  0.0431562    14.3980    84.9849    91.1916    21.1177
   -205.00   42260.09  0.0431333    14.4034    82.5032    91.6854    21.0268
   -195.00   42261.02  0.0432470    14.4089    80.0768    91.9443    20.9474
   -185.00   42260.18  0.0433993    14.4147    77.5064    92.2347    20.8602
   -175.00   42260.97  0.0432646    14.4181    74.7472    92.6193    20.7657
   -165.00   42262.34  0.0432900    14.4190    71.9294    93.0271    20.6743
   -155.00   42261.38  0.0433849    14.4207    69.0696    93.5222    20.5836
   -145.00   42259.21  0.0432560    14.4239    66.5800    93.7527    20.4818
   -135.00   42258.77  0.0431730    14.4250    64.1481    94.0896    20.3681
   -125.00   42259.07  0.0430871    14.4258    61.6252    94.6686    20.2599
   -115.00   42257.79  0.0430272    14.4301    59.6364    94.8555    20.1516
   -105.00   42255.71  0.0429773    14.4356    57.8241    95.0084    20.0292
    -95.00   42256.10  0.0427501    14.4402    55.8385    95.3849    19.9090
    -85.00   42257.54  0.0427380    14.4462    54.0041    95.5908    19.7999
    -75.00   42257.07  0.0428329    14.4554    52.1690    95.7390    19.6907
    -65.00   42256.81  0.0426674    14.4646    50.2572    95.8359    19.5809
    -55.00   42258.84  0.0426702    14.4717    48.0993    96.0272    19.4777
    -45.00   42260.95  0.0428202    14.4799    45.6016    96.3848    19.3892
    -35.00   42261.24  0.0428358    14.4894    43.2416    96.4478    19.3032
    -25.00   42260.62  0.0428789    14.4960    40.7323    96.5902    19.2095
    -15.00   42261.79  0.0428922    14.4996    37.8108    97.1007    19.1280
     -5.00   42262.30  0.0429850    14.5046    35.1793    97.3348    19.0538
      5.00   42260.26  0.0431135    14.5088    32.7018    97.5418    18.9650
     15.00   42258.28  0.0429468    14.5092    30.1675    97.9522    18.8713
     25.00   42258.06  0.0429598    14.5093    27.8360    98.3042    18.7846
     35.00   42257.98  0.0430938    14.5111    25.6231    98.7055    18.6897
     45.00   42256.16  0.0429173    14.5129    23.7319    98.9066    18.5811
     55.00   42255.35  0.0428206    14.5130    21.8360    99.1796    18.4702
     65.00   42256.76  0.0428146    14.5145    19.7097    99.6847    18.3638
     75.00   42258.13  0.0427643    14.5199    17.8999    99.8002    18.2535
     85.00   42257.56  0.0427173    14.5249    16.0243    99.8798    18.1335
     95.00   42258.04  0.0425607    14.5289    13.6908   100.2627    18.0219
    105.00   42260.25  0.0426036    14.5360    11.4085   100.4143    17.9228
    115.00   42261.48  0.0427677    14.5451     9.0605   100.5013    17.8181
    125.00   42260.70  0.0426362    14.5520     6.5329   100.6659    17.7149
    135.00   42260.59  0.0426926    14.5577     3.9085   100.8811    17.6265
    145.00   42261.61  0.0429370    14.5653     1.1856   101.2326    17.5433
    155.00   42261.52  0.0429722    14.5724   358.7677   101.3652    17.4560
    165.00   42258.97  0.0430089    14.5756   356.4121   101.5829    17.3679
    175.00   42257.60  0.0430771    14.5775   353.8667   102.1527    17.2893
    185.00   42257.70  0.0431573    14.5812   351.7427   102.4371    17.2105
    195.00   42257.01  0.0432549    14.5831   349.8182   102.6585    17.1164
    205.00   42255.20  0.0430912    14.5813   347.6651   103.1789    17.0222
    215.00   42255.25  0.0430717    14.5811   345.6385   103.5563    16.9359
    225.00   42257.33  0.0432050    14.5829   343.5934   103.9125    16.8363
    235.00   42258.26  0.0429932    14.5830   341.5057   104.2015    16.7247
    245.00   42258.22  0.0428674    14.5824   339.2339   104.5106    16.6213
    255.00   42259.45  0.0428835    14.5847   336.6347   105.0007    16.5186
    265.00   42261.83  0.0427845    14.5897   334.2403   105.1433    16.4065
    275.00   42261.90  0.0426938    14.5933   331.7789   105.2486    16.2935
    285.00   42260.54  0.0425547    14.5969   328.9592   105.6772    16.1906
    295.00   42260.39  0.0425450    14.6045   326.4451   105.8194    16.0949
    305.00   42261.02  0.0426616    14.6128   324.1459   105.8478    15.9921
    315.00   42259.77  0.0425192    14.6179   321.7959   106.0621    15.8940
    325.00   42257.54  0.0425404    14.6235   319.6124   106.2486    15.8149
    335.00   42257.02  0.0427680    14.6311   317.5240   106.5059    15.7337
    345.00   42257.87  0.0427570    14.6360   315.6837   106.6339    15.6452
    355.00   42256.64  0.0427719    14.6374   313.8167   106.8376    15.5674
    365.00   42255.38  0.0428680    14.6388   311.6447   107.3616    15.4943
    375.00   42256.37  0.0429046    14.6412   309.6809   107.6188    15.4121
    385.00   42258.34  0.0429512    14.6405   307.6865   107.7949    15.3208
    395.00   42258.57  0.0428271    14.6373   305.2033   108.3180    15.2310
    405.00   42258.62  0.0427819    14.6371   302.7316   108.6578    15.1443
    415.00   42260.61  0.0428824    14.6385   300.2404   108.8954    15.0411
    425.00   42262.56  0.0426859    14.6375   297.6152   109.1758    14.9285
    435.00   42261.85  0.0425792    14.6378   294.9655   109.4142    14.8307
    445.00   42260.40  0.0426552    14.6420   292.2331   109.7815    14.7296
    455.00   42260.75  0.0425668    14.6471   289.8634   109.8927    14.6149
    465.00   42260.47  0.0425265    14.6505   287.6601   109.9502    14.5117
    475.00   42258.20  0.0425172    14.6550   285.2877   110.3376    14.4195
    485.00   42256.20  0.0425461    14.6629   283.3151   110.4811    14.3259
    495.00   42256.60  0.0426778    14.6690   281.5744   110.5133    14.2293
    505.00   42257.28  0.0426260    14.6718   279.6442   110.8016    14.1409
    515.00   42256.10  0.0426812    14.6764   277.7589   111.0301    14.0677
    525.00   42255.87  0.0429173    14.6818   275.7979   111.2945    13.9858
    535.00   42258.30  0.0429001    14.6831   273.7581   111.5374    13.8955
    545.00   42259.65  0.0429256    14.6826   271.5268   111.7900    13.8227
    555.00   42259.33  0.0430661    14.6837   268.8809   112.3091    13.7488
    565.00   42259.69  0.0430720    14.6846   266.3012   112.6363    13.6577
    575.00   42261.67  0.0430882    14.6822   263.6987   112.8670    13.5689
    585.00   42262.43  0.0430218    14.6792   260.7508   113.4065    13.4830
    595.00   42260.64  0.0429643    14.6799   257.9910   113.7821    13.3925
    605.00   42259.73  0.0430127    14.6803   255.4472   114.0429    13.2890
    615.00   42260.45  0.0428275    14.6783   252.9489   114.4102    13.1805
    625.00   42259.49  0.0426976    14.6792   250.6902   114.6669    13.0871
    635.00   42256.88  0.0427539    14.6838   248.5264   114.9953    12.9862
    645.00   42256.03  0.0426138    14.6871   246.6366   115.2008    12.8704
    655.00   42257.01  0.0425285    14.6896   244.9100   115.2801    12.7746
    665.00   42257.01  0.0425371    14.6949   242.9351   115.6126    12.6890
    675.00   42255.82  0.0425076    14.7023   241.0966   115.7710    12.5929
    685.00   42256.86  0.0425763    14.7064   239.2486   115.8168    12.5030
    695.00   42259.67  0.0425458    14.7085   237.0063   116.1042    12.4260
    705.00   42260.25  0.0425639    14.7135   234.6902   116.2893    12.3563
    715.00   42259.72  0.0427496    14.7173   232.2158   116.4951    12.2776
    725.00   42260.98  0.0427240    14.7161   229.5656   116.7880    12.1941
    735.00   42262.46  0.0427246    14.7150   226.9233   116.9933    12.1281
    745.00   42261.69  0.0428586    14.7161   224.1202   117.3905    12.0548
    755.00   42259.40  0.0428288    14.7149   221.4946   117.7287    11.9591
    765.00   42259.08  0.0428265    14.7112   219.1066   117.9414    11.8738
    775.00   42259.57  0.0428016    14.7092   216.6518   118.3861    11.7903
    785.00   42257.45  0.0427216    14.7106   214.4969   118.6984    11.6912
    795.00   42255.55  0.0427534    14.7101   212.5640   118.9103    11.5887
    805.00   42256.20  0.0426386    14.7082   210.5844   119.2627    11.4861
    815.00   42257.39  0.0425285    14.7112   208.7637   119.4472    11.3942
    825.00   42256.81  0.0426031    14.7159   206.8614   119.6609    11.2957
    835.00   42256.40  0.0425245    14.7180   204.8566   119.9015    11.1859
    845.00   42258.68  0.0424922    14.7203   202.8430   119.9714    11.1011
    855.00   42260.72  0.0425781    14.7264   200.4769   120.2205    11.0230
    865.00   42260.15  0.0425701    14.7320   198.0415   120.4175    10.9276
    875.00   42259.92  0.0426776    14.7335   195.5793   120.5138    10.8462
    885.00   42261.65  0.0427434    14.7351   192.8407   120.8300    10.7792
    895.00   42262.13  0.0427542    14.7395   190.2276   121.0418    10.7057
    905.00   42260.18  0.0429226    14.7407   187.6734   121.2761    10.6260
    915.00   42258.55  0.0429594    14.7375   185.1068   121.6725    10.5470
    925.00   42258.92  0.0429647    14.7366   182.8342   121.9151    10.4789
    935.00   42258.53  0.0430789    14.7373   180.5906   122.2857    10.3998
    945.00   42255.90  0.0430455    14.7342   178.4368   122.7247    10.3009
    955.00   42255.05  0.0430558    14.7299   176.5103   122.9935    10.2173
    965.00   42256.74  0.0430641    14.7291   174.4366   123.4268    10.1351
    975.00   42257.21  0.0429314    14.7301   172.3954   123.8009    10.0299
    985.00   42256.66  0.0429329    14.7283   170.3417   124.0660     9.9308
    995.00   42257.69  0.0428658    14.7265   168.0227   124.4636     9.8382
   1005.00   42260.49  0.0427047    14.7306   165.7239   124.6773     9.7447
   1015.00   42261.48  0.0427002    14.7344   163.2610   124.8903     9.6487
   1025.00   42260.25  0.0426171    14.7349   160.6098   125.2047     9.5481
   1035.00   42260.73  0.0425565    14.7381   158.1295   125.2758     9.4695
   1045.00   42261.78  0.0425970    14.7445   155.5369   125.4568     9.3940
   1055.00   42260.69  0.0425157    14.7486   152.9918   125.6985     9.3002
   1065.00   42258.10  0.0425946    14.7490   150.7199   125.7771     9.2266
   1075.00   42257.67  0.0426888    14.7514   148.4295   126.0192     9.1676
   1085.00   42258.28  0.0426331    14.7554   146.3617   126.2164     9.0903
   1095.00   42257.10  0.0427468    14.7543   144.3975   126.4262     9.0126
   1105.00   42255.23  0.0428338    14.7500   142.3573   126.7958     8.9443
   1115.00   42256.04  0.0428241    14.7495   140.5201   126.9872     8.8742
   1125.00   42257.80  0.0428909    14.7489   138.5195   127.2938     8.7910
   1135.00   42257.34  0.0428613    14.7437   136.2752   127.7598     8.6960
   1145.00   42257.00  0.0428785    14.7395   134.1317   127.9710     8.6148
   1155.00   42259.12  0.0429004    14.7400   131.7153   128.2939     8.5310
   1165.00   42261.23  0.0427334    14.7406   129.1075   128.6845     8.4222
   1175.00   42261.05  0.0427319    14.7385   126.5246   128.9144     8.3266
   1185.00   42260.32  0.0427438    14.7389   123.8227   129.2078     8.2444
   1195.00   42261.45  0.0425856    14.7447   121.2780   129.3764     8.1483
   1205.00   42261.91  0.0425777    14.7480   118.7768   129.5571     8.0550
   1215.00   42259.40  0.0425913    14.7480   116.2823   129.8644     7.9698
   1225.00   42257.45  0.0425862    14.7524   114.2336   129.8841     7.8955
   1235.00   42257.35  0.0426632    14.7578   112.2163   130.0125     7.8205
   1245.00   42257.37  0.0426307    14.7590   110.1347   130.3566     7.7319
   1255.00   42255.44  0.0427572    14.7580   108.3616   130.4584     7.6637
   1265.00   42255.12  0.0429169    14.7600   106.4875   130.6685     7.6051
   1275.00   42257.14  0.0428582    14.7619   104.5236   130.9609     7.5208
   1285.00   42258.63  0.0429710    14.7583   102.4383   131.2575     7.4416
   1295.00   42258.12  0.0431199    14.7542   100.1059   131.6447     7.3792
   1305.00   42258.87  0.0430942    14.7544    97.8067   131.8660     7.3022
   1315.00   42261.20  0.0431255    14.7526    95.2173   132.2225     7.2133
   1325.00   42261.82  0.0431315    14.7468    92.2956   132.7925     7.1266
   1335.00   42260.46  0.0431389    14.7440    89.6521   133.0281     7.0473
   1345.00   42260.19  0.0431366    14.7451    86.9477   133.3334     6.9608
   1355.00   42261.14  0.0429483    14.7444    84.1280   133.8534     6.8536
   1365.00   42260.54  0.0429237    14.7420    81.6322   134.1564     6.7623
   1375.00   42258.01  0.0429321    14.7440    79.3288   134.4105     6.6850
   1385.00   42257.15  0.0427059    14.7495    77.2620   134.6210     6.5847
   1395.00   42257.86  0.0426345    14.7512    75.2911   134.8486     6.4904
   1405.00   42256.90  0.0426653    14.7517    73.3147   135.1455     6.4179
   1415.00   42255.40  0.0425952    14.7573    71.6986   135.1252     6.3433
   1425.00   42255.92  0.0425985    14.7617    69.9386   135.1967     6.2664
   1435.00   42258.22  0.0425835    14.7609    67.7705   135.5818     6.1892
   1445.00   42258.71  0.0426879    14.7603    65.7728   135.6469     6.1283
   1455.00   42258.78  0.0428226    14.7621    63.5567   135.7546     6.0714
   1465.00   42260.40  0.0427344    14.7617    61.0003   136.0875     5.9884
   1475.00   42262.58  0.0428424    14.7564    58.3371   136.3972     5.9140
   1485.00   42262.03  0.0430118    14.7530    55.5710   136.7203     5.8570
   1495.00   42260.52  0.0429259    14.7532    52.9666   136.9290     5.7742
   1505.00   42260.54  0.0429107    14.7498    50.2967   137.2803     5.6799
   1515.00   42260.65  0.0429653    14.7443    47.5364   137.8247     5.6008
   1525.00   42258.81  0.0429447    14.7439    45.3162   137.9991     5.5193
   1535.00   42256.77  0.0428944    14.7458    43.2277   138.2045     5.4257
   1545.00   42256.87  0.0427440    14.7442    40.9851   138.7102     5.3239
   1555.00   42257.73  0.0427569    14.7431    39.0954   138.9391     5.2387
   1565.00   42256.61  0.0427921    14.7469    37.3213   139.0604     5.1635
   1575.00   42256.01  0.0425768    14.7515    35.4658   139.2628     5.0646
   1585.00   42257.81  0.0425555    14.7513    33.4909   139.4786     4.9755
   1595.00   42259.38  0.0426894    14.7526    31.3286   139.7036     4.9148
   1605.00   42259.38  0.0426395    14.7581    29.2679   139.6957     4.8402
   1615.00   42259.49  0.0426418    14.7601    26.9400   139.8011     4.7592
   1625.00   42261.43  0.0427396    14.7576    24.1544   140.2259     4.6939
   1635.00   42262.60  0.0428859    14.7577    21.6294   140.3319     4.6339
   1645.00   42261.39  0.0430138    14.7592    19.0884   140.4466     4.5692
   1655.00   42260.10  0.0429543    14.7563    16.2954   140.9060     4.4876
   1665.00   42260.45  0.0430883    14.7507    13.7251   141.2670     4.4144
   1675.00   42259.74  0.0432840    14.7487    11.3236   141.5822     4.3545
   1685.00   42257.42  0.0431580    14.7485     9.1168   141.8997     4.2655
   1695.00   42255.97  0.0431161    14.7436     6.9513   142.3246     4.1684
   1705.00   42256.59  0.0432070    14.7390     4.7278   142.8628     4.0952
   1715.00   42257.12  0.0431457    14.7402     2.8798   143.0784     4.0108
   1725.00   42256.18  0.0430242    14.7412     0.9693   143.3319     3.9106
   1735.00   42256.66  0.0428894    14.7384   358.6508   143.8918     3.8188
   1745.00   42259.17  0.0428741    14.7386   356.5293   144.1188     3.7384
   1755.00   42260.30  0.0428586    14.7433   354.3571   144.2182     3.6604
   1765.00   42259.99  0.0426070    14.7460   351.8486   144.5207     3.5660
   1775.00   42260.49  0.0425559    14.7452   349.2888   144.7515     3.4843
   1785.00   42261.95  0.0426788    14.7479   346.6950   144.9070     3.4291
   1795.00   42262.04  0.0425746    14.7535   344.2542   144.9364     3.3542
   1805.00   42259.98  0.0425239    14.7535   341.7757   145.0759     3.2733
   1815.00   42259.15  0.0426424    14.7510   339.1591   145.4405     3.2200
   1825.00   42259.57  0.0427481    14.7522   337.0166   145.5061     3.1611
   1835.00   42258.40  0.0428129    14.7529   335.0141   145.5900     3.0882
   1845.00   42256.26  0.0427812    14.7477   332.7371   146.0831     3.0154
   1855.00   42255.86  0.0428880    14.7422   330.7515   146.3962     2.9456
   1865.00   42256.96  0.0430486    14.7412   328.8780   146.6105     2.8791
   1875.00   42257.01  0.0428977    14.7394   326.8269   146.9937     2.7879
   1885.00   42256.25  0.0428399    14.7334   324.6764   147.4044     2.6921
   1895.00   42257.54  0.0429356    14.7304   322.3441   147.8262     2.6213
   1905.00   42260.09  0.0428244    14.7333   320.1154   148.0086     2.5330
   1915.00   42260.54  0.0426925    14.7336   317.7043   148.2303     2.4291
   1925.00   42260.13  0.0426303    14.7314   314.8820   148.7111     2.3491
   1935.00   42261.18  0.0426202    14.7342   312.3525   148.8417     2.2742
   1945.00   42262.27  0.0426240    14.7398   309.9278   148.8575     2.1919
   1955.00   42261.23  0.0424797    14.7409   307.2566   149.1804     2.1072
   1965.00   42258.93  0.0424980    14.7401   304.8342   149.3800     2.0355
   1975.00   42258.39  0.0426673    14.7435   302.6368   149.4803     1.9796
   1985.00   42258.60  0.0426010    14.7475   300.5996   149.6017     1.9023
   1995.00   42256.68  0.0426074    14.7449   298.6221   149.8103     1.8221
   2005.00   42255.09  0.0427808    14.7422   296.5434   150.1780     1.7713
   2015.00   42255.94  0.0428565    14.7438   294.7669   150.3106     1.7066
   2025.00   42257.32  0.0429016    14.7428   292.9443   150.4723     1.6218
   2035.00   42257.26  0.0429404    14.7368   290.6272   151.0114     1.5543
   2045.00   42257.16  0.0430312    14.7326   288.3999   151.3515     1.4863
   2055.00   42259.41  0.0431441    14.7327   286.1300   151.5757     1.4086
   2065.00   42261.26  0.0430297    14.7295   283.4291   152.0707     1.3203
   2075.00   42260.72  0.0429888    14.7234   280.6766   152.5086     1.2311
   2085.00   42260.16  0.0430765    14.7223   277.8608   152.9123     1.1600
   2095.00   42261.37  0.0429153    14.7251   275.1569   153.2144     1.0694
   2105.00   42261.64  0.0427735    14.7242   272.5587   153.4875     0.9651
   2115.00   42259.67  0.0427364    14.7226   269.8465   153.9511     0.8919
   2125.00   42258.01  0.0426464    14.7272   267.5926   154.1250     0.8179
   2135.00   42258.31  0.0425766    14.7325   265.6307   154.1804     0.7268
   2145.00   42258.15  0.0424578    14.7325   263.4970   154.5212     0.6498
   2155.00   42255.87  0.0424365    14.7329   261.6380   154.6886     0.5870
   2165.00   42255.15  0.0425388    14.7373   259.9142   154.7556     0.5265
   2175.00   42256.84  0.0424488    14.7391   258.0395   154.9572     0.4517
   2185.00   42257.66  0.0424480    14.7352   256.1107   155.1313     0.3803
   2195.00   42257.27  0.0426134    14.7328   253.9022   155.4199     0.3330
   2205.00   42258.30  0.0426189    14.7339   251.6680   155.6066     0.2663
   2215.00   42261.00  0.0426307    14.7304   249.3077   155.7836     0.1781
   2225.00   42262.18  0.0426975    14.7238   246.4907   156.2453     0.1155
   2235.00   42260.83  0.0427330    14.7212   243.7821   156.5453     0.0489
   2245.00   42260.96  0.0427795    14.7215   241.1758   156.7579   359.9575
   2255.00   42261.67  0.0427045    14.7175   238.3331   157.2391   359.8717
   2265.00   42260.56  0.0426529    14.7131   235.7733   157.5641   359.7890
   2275.00   42257.80  0.0427188    14.7150   233.4013   157.8474   359.7108
   2285.00   42257.12  0.0425716    14.7175   231.1338   158.1913   359.6195
   2295.00   42257.82  0.0424638    14.7161   229.1706   158.3929   359.5204
   2305.00   42256.94  0.0424876    14.7163   227.1551   158.7068   359.4526
   2315.00   42255.38  0.0424015    14.7218   225.3232   158.8917   359.3793
   2325.00   42256.29  0.0423708    14.7252   223.6109   158.9663   359.2849
   2335.00   42258.46  0.0423613    14.7239   221.5528   159.2646   359.2159
   2345.00   42258.29  0.0423610    14.7253   219.5170   159.4052   359.1597
   2355.00   42257.93  0.0424787    14.7293   217.3919   159.4966   359.0899
   2365.00   42259.79  0.0424753    14.7283   214.8875   159.8036   359.0164
   2375.00   42261.89  0.0425027    14.7239   212.3888   159.9740   358.9515
   2385.00   42261.52  0.0426746    14.7229   209.7075   160.2285   358.8988
   2395.00   42260.46  0.0426883    14.7231   206.9594   160.5568   358.8261
   2405.00   42261.17  0.0427280    14.7180   204.3786   160.7988   358.7364
   2415.00   42261.74  0.0428247    14.7121   201.6870   161.2213   358.6734
   2425.00   42259.14  0.0428202    14.7116   199.2161   161.5839   358.6036
   2435.00   42257.01  0.0428635    14.7109   197.0061   161.8878   358.5025
   2445.00   42256.96  0.0428517    14.7062   194.6926   162.4064   358.4176
   2455.00   42257.30  0.0427620    14.7037   192.6682   162.7397   358.3410
   2465.00   42255.58  0.0427789    14.7068   190.7266   163.0504   358.2531
   2475.00   42255.33  0.0426624    14.7078   188.6041   163.5151   358.1621
   2485.00   42257.55  0.0425418    14.7058   186.6546   163.7439   358.0713
   2495.00   42259.30  0.0425158    14.7081   184.5070   164.0117   358.0035
   2505.00   42258.93  0.0423787    14.7133   182.1773   164.3030   357.9298
   2515.00   42259.41  0.0423301    14.7148   179.8944   164.4257   357.8376
   2525.00   42261.80  0.0423207    14.7135   177.3249   164.6638   357.7757
   2535.00   42262.18  0.0422260    14.7164   174.7443   164.8140   357.7240
   2545.00   42260.45  0.0422833    14.7196   172.2285   164.9155   357.6488
   2555.00   42259.77  0.0423209    14.7166   169.5534   165.2143   357.5797
   2565.00   42260.62  0.0422963    14.7128   167.1625   165.3309   357.5240
   2575.00   42259.90  0.0423930    14.7129   164.8457   165.5230   357.4642
   2585.00   42257.36  0.0424182    14.7111   162.5109   165.9029   357.3876
   2595.00   42256.54  0.0424669    14.7043   160.5274   166.1019   357.3020
   2605.00   42257.74  0.0425427    14.6996   158.5087   166.4153   357.2362
   2615.00   42256.86  0.0424897    14.6998   156.4539   166.8144   357.1593
   2625.00   42255.42  0.0425339    14.6977   154.5431   167.0998   357.0528
   2635.00   42256.19  0.0425732    14.6928   152.4045   167.5074   356.9685
   2645.00   42258.64  0.0424348    14.6932   150.2373   167.8047   356.8950
   2655.00   42259.09  0.0424193    14.6974   147.9661   168.0782   356.7993
   2665.00   42258.92  0.0423869    14.6976   145.3701   168.5001   356.7100
   2675.00   42260.56  0.0422877    14.6966   142.9297   168.6357   356.6330
   2685.00   42262.63  0.0422520    14.7011   140.3450   168.8226   356.5634
   2695.00   42261.82  0.0421670    14.7055   137.5796   169.1556   356.4897
   2705.00   42259.89  0.0421888    14.7049   135.1436   169.2367   356.4053
   2715.00   42259.95  0.0422414    14.7040   132.7295   169.3806   356.3463
   2725.00   42259.87  0.0421554    14.7072   130.3599   169.6065   356.2911
   2735.00   42257.78  0.0422445    14.7084   128.2581   169.7636   356.2083
   2745.00   42255.69  0.0423844    14.7036   126.1744   170.0357   356.1382
   2755.00   42256.23  0.0423630    14.7009   124.3079   170.1850   356.0831
   2765.00   42257.32  0.0424422    14.7016   122.4077   170.4416   356.0095
   2775.00   42256.35  0.0425361    14.6982   120.2874   170.9020   355.9271
   2785.00   42256.06  0.0426052    14.6911   118.3717   171.0952   355.8480
   2795.00   42258.40  0.0426650    14.6885   116.2157   171.4003   355.7766
   2805.00   42259.95  0.0426163    14.6886   113.6655   171.9343   355.6940
   2815.00   42259.58  0.0426743    14.6850   111.1877   172.2706   355.5902
   2825.00   42259.53  0.0427309    14.6805   108.5358   172.6265   355.5084
   2835.00   42261.36  0.0425522    14.6826   105.7259   173.0339   355.4343
   2845.00   42262.06  0.0424979    14.6863   102.9504   173.4168   355.3329
   2855.00   42260.23  0.0425006    14.6854   100.1459   173.8518   355.2438
   2865.00   42259.05  0.0423381    14.6861    97.7221   173.9983   355.1759
   2875.00   42259.62  0.0422272    14.6920    95.3846   174.2211   355.0998
   2885.00   42258.88  0.0421404    14.6956    92.9932   174.6374   355.0226
   2895.00   42256.45  0.0421190    14.6941    91.1403   174.6715   354.9500
   2905.00   42255.57  0.0421136    14.6944    89.3823   174.7199   354.8924
   2915.00   42256.65  0.0419945    14.6972    87.4268   175.0015   354.8341
   2925.00   42257.02  0.0420679    14.6958    85.6212   175.1544   354.7530
   2935.00   42256.04  0.0422145    14.6896    83.7378   175.3041   354.6870
   2945.00   42257.03  0.0421449    14.6873    81.7201   175.4493   354.6325
   2955.00   42259.77  0.0421973    14.6869    79.4463   175.7313   354.5496
   2965.00   42260.53  0.0423364    14.6812    76.8350   176.1812   354.4633
   2975.00   42260.02  0.0423563    14.6749    74.3897   176.3207   354.3905
   2985.00   42260.83  0.0423591    14.6743    71.7477   176.5855   354.3103
   2995.00   42262.11  0.0423268    14.6743    68.7461   177.1716   354.2191
   3005.00   42261.46  0.0423752    14.6705    66.1022   177.4551   354.1211
   3015.00   42259.11  0.0423971    14.6687    63.6263   177.6664   354.0405
   3025.00   42258.51  0.0422106    14.6725    61.0858   178.0699   353.9625
   3035.00   42258.93  0.0421824    14.6755    58.7953   178.4177   353.8601
   3045.00   42257.32  0.0422518    14.6741    56.6918   178.7067   353.7752
   3055.00   42255.60  0.0420806    14.6765    54.8662   178.8062   353.7126
   3065.00   42256.03  0.0419944    14.6822    53.0478   178.9927   353.6313
   3075.00   42257.45  0.0420305    14.6833    50.9892   179.3981   353.5492
   3085.00   42257.39  0.0420299    14.6813    49.2570   179.3902   353.4866
   3095.00   42257.03  0.0420334    14.6822    47.4028   179.4019   353.4254
   3105.00   42258.88  0.0419836    14.6839    45.0294   179.7707   353.3565
   3115.00   42261.05  0.0421138    14.6801    42.7051   179.9403   353.2780
   3125.00   42260.86  0.0422916    14.6743    40.2890   180.0582   353.2121
   3135.00   42260.36  0.0422216    14.6730    37.6432   180.2980   353.1509
   3145.00   42261.47  0.0423051    14.6715    34.8898   180.6512   353.0605
   3155.00   42262.01  0.0425211    14.6649    32.0536   181.1170   352.9716
   3165.00   42260.48  0.0425155    14.6605    29.5535   181.3234   352.9010
   3175.00   42258.45  0.0424882    14.6610    27.1094   181.6490   352.8125
   3185.00   42258.33  0.0425068    14.6599    24.4847   182.3143   352.7122
   3195.00   42258.32  0.0425416    14.6561    22.3619   182.6181   352.6210
   3205.00   42256.32  0.0425107    14.6562    20.4405   182.8380   352.5389
   3215.00   42255.30  0.0423023    14.6601    18.2913   183.3384   352.4531
   3225.00   42256.68  0.0422622    14.6614    16.2968   183.7042   352.3528
   3235.00   42257.86  0.0423134    14.6603    14.3504   183.9387   352.2722
   3245.00   42257.88  0.0420813    14.6637    12.3152   184.1137   352.2100
   3255.00   42258.32  0.0419455    14.6684    10.1224   184.3329   352.1264
   3265.00   42260.73  0.0420119    14.6674     7.6213   184.6917   352.0453
   3275.00   42262.12  0.0419468    14.6659     5.2998   184.6918   351.9917
   3285.00   42261.19  0.0418883    14.6673     2.9004   184.6991   351.9297
   3295.00   42260.79  0.0418583    14.6669     0.0739   185.1057   351.8531
   3305.00   42261.54  0.0419559    14.6615   357.5687   185.2139   351.7830
   3315.00   42261.16  0.0421071    14.6563   355.2216   185.2675   351.7177
   3325.00   42258.88  0.0420139    14.6550   352.7533   185.5788   351.6458
   3335.00   42257.67  0.0420851    14.6512   350.4592   185.9022   351.5522
   3345.00   42258.04  0.0423062    14.6440   348.2777   186.2676   351.4613
   3355.00   42257.79  0.0422484    14.6415   346.3275   186.4919   351.3857
   3365.00   42255.91  0.0421822    14.6423   344.3700   186.8181   351.2883
   3375.00   42255.87  0.0422269    14.6402   342.1448   187.4225   351.1816
   3385.00   42257.67  0.0422080    14.6377   340.2168   187.6409   351.0965
   3395.00   42258.34  0.0421446    14.6402   338.2489   187.7887   351.0130
   3405.00   42258.04  0.0419711    14.6440   335.7836   188.2838   350.9209
   3415.00   42259.34  0.0419448    14.6439   333.4097   188.5308   350.8299
   3425.00   42261.69  0.0420201    14.6438   331.0360   188.6264   350.7557
   3435.00   42262.42  0.0418426    14.6477   328.4497   188.8108   350.6908
   3445.00   42261.07  0.0417724    14.6502   325.8366   189.0136   350.6068
   3455.00   42261.01  0.0419203    14.6473   323.1891   189.2854   350.5277
   3465.00   42261.38  0.0418900    14.6461   320.8272   189.3267   350.4729
   3475.00   42259.87  0.0418752    14.6474   318.6158   189.3818   350.4024
   3485.00   42257.25  0.0419416    14.6447   316.1806   189.8373   350.3155
   3495.00   42256.55  0.0420281    14.6388   314.1897   189.9759   350.2463
   3505.00   42257.26  0.0421747    14.6351   312.4038   190.0433   350.1756
   3515.00   42256.43  0.0421320    14.6338   310.3234   190.4764   350.0893
   3525.00   42255.54  0.0422064    14.6284   308.3403   190.8209   349.9964
   3535.00   42256.71  0.0424175    14.6216   306.3154   191.1602   349.9067
   3545.00   42259.01  0.0423505    14.6204   304.1683   191.4874   349.8242
   3555.00   42259.02  0.0422989    14.6201   301.8216   191.8788   349.7233
   3565.00   42258.79  0.0423763    14.6165   299.1133   192.4869   349.6166
   3575.00   42260.39  0.0423055    14.6151   296.5504   192.7761   349.5341
   3585.00   42262.06  0.0422133    14.6185   293.9781   192.9777   349.4473
   3595.00   42261.35  0.0420822    14.6213   291.0175   193.5350   349.3487
   3605.00   42260.12  0.0420014    14.6207   288.3703   193.7934   349.2653
   3615.00   42260.48  0.0420084    14.6220   285.9865   193.8794   349.1946
   3625.00   42260.83  0.0418226    14.6264   283.5650   194.1298   349.1227
   3635.00   42258.44  0.0417351    14.6267   281.3713   194.3184   349.0426
   3645.00   42256.40  0.0418471    14.6229   279.3250   194.5219   348.9701
