  -7305.00   42252.70  0.0933526     4.7136   214.0930   338.6210   322.2136
  -7295.00   42251.89  0.0933065     4.6895   212.4485   338.9304   322.2115
  -7285.00   42252.47  0.0933121     4.6642   210.9615   339.1595   322.2664
  -7275.00   42251.25  0.0934103     4.6437   209.6364   339.4077   322.2952
  -7265.00   42248.31  0.0932237     4.6249   208.5062   339.7596   322.1927
  -7255.00   42247.82  0.0930697     4.6010   207.5059   340.0708   322.1204
  -7245.00   42249.09  0.0929794     4.5814   206.5474   340.3725   322.0987
  -7235.00   42247.96  0.0927826     4.5713   205.7445   340.6051   322.0141
  -7225.00   42246.99  0.0926420     4.5571   204.9227   340.8291   321.9154
  -7215.00   42248.84  0.0924440     4.5420   203.9512   341.0933   321.8540
  -7205.00   42251.08  0.0923429     4.5344   202.9516   341.1687   321.8689
  -7195.00   42251.18  0.0923686     4.5269   201.8117   341.2240   321.8733
  -7185.00   42251.08  0.0922379     4.5173   200.4765   341.3817   321.8317
  -7175.00   42253.52  0.0922546     4.5047   199.0154   341.4053   321.9070
  -7165.00   42254.91  0.0924409     4.4941   197.4248   341.3911   322.0370
  -7155.00   42253.32  0.0924560     4.4853   195.8178   341.4573   322.0726
  -7145.00   42252.37  0.0925622     4.4671   194.1933   341.5409   322.1329
  -7135.00   42253.33  0.0927316     4.4465   192.5512   341.6442   322.2738
  -7125.00   42252.75  0.0928102     4.4320   191.1153   341.7148   322.3685
  -7115.00   42250.01  0.0929241     4.4116   189.8048   341.8853   322.3900
  -7105.00   42248.88  0.0929141     4.3854   188.5518   342.1852   322.4017
  -7095.00   42249.76  0.0929194     4.3633   187.5133   342.3635   322.4578
  -7085.00   42249.07  0.0929666     4.3440   186.5832   342.5808   322.4556
  -7075.00   42246.93  0.0927791     4.3234   185.6755   342.9595   322.3365
  -7065.00   42247.49  0.0926692     4.3006   184.7972   343.2353   322.2828
  -7055.00   42249.66  0.0926363     4.2835   183.8513   343.4546   322.2787
  -7045.00   42249.52  0.0924086     4.2739   182.8683   343.7047   322.1688
  -7035.00   42249.11  0.0922901     4.2586   181.7396   343.9295   322.0764
  -7025.00   42251.37  0.0922080     4.2435   180.4012   344.1209   322.0743
  -7015.00   42253.67  0.0921067     4.2387   179.0353   344.1561   322.0989
  -7005.00   42253.56  0.0921171     4.2301   177.5339   344.2035   322.1103
  -6995.00   42252.67  0.0920718     4.2170   175.8924   344.3447   322.1198
  -6985.00   42254.12  0.0921557     4.2059   174.3124   344.2951   322.2546
  -6975.00   42254.53  0.0923481     4.1946   172.7620   344.2296   322.4108
  -6965.00   42251.93  0.0923753     4.1814   171.2739   344.3328   322.4595
  -6955.00   42250.17  0.0925465     4.1603   169.9158   344.3991   322.5719
  -6945.00   42250.47  0.0927899     4.1384   168.6574   344.4419   322.7611
  -6935.00   42249.95  0.0928220     4.1221   167.5873   344.5636   322.8386
  -6925.00   42247.48  0.0929155     4.0974   166.5889   344.8009   322.8506
  -6915.00   42247.08  0.0929742     4.0683   165.5788   345.0949   322.9041
  -6905.00   42248.93  0.0929320     4.0483   164.6955   345.2890   322.9511
  -6895.00   42249.25  0.0928801     4.0283   163.7581   345.5707   322.9079
  -6885.00   42248.18  0.0926834     4.0050   162.6636   346.0009   322.7938
  -6875.00   42249.68  0.0925570     3.9853   161.5346   346.2468   322.7692
  -6865.00   42252.19  0.0924605     3.9716   160.2710   346.4240   322.7698
  -6855.00   42252.32  0.0921592     3.9619   158.8556   346.7122   322.6555
  -6845.00   42251.56  0.0920352     3.9472   157.3367   346.9047   322.6059
  -6835.00   42253.15  0.0919983     3.9343   155.7160   346.9687   322.6904
  -6825.00   42254.66  0.0918260     3.9312   154.1531   346.9749   322.7391
  -6815.00   42253.45  0.0917976     3.9210   152.5815   347.0208   322.7730
  -6805.00   42251.69  0.0918233     3.9041   151.0283   347.0805   322.8777
  -6795.00   42252.15  0.0918847     3.8942   149.7179   346.9611   323.0606
  -6785.00   42252.15  0.0919941     3.8815   148.5215   346.8940   323.2145
  -6775.00   42249.29  0.0920107     3.8623   147.3850   347.0299   323.2778
  -6765.00   42247.68  0.0921796     3.8405   146.4378   347.0489   323.4252
  -6755.00   42248.35  0.0923754     3.8196   145.5630   347.0385   323.6142
  -6745.00   42248.60  0.0923152     3.8015   144.7006   347.2217   323.6463
  -6735.00   42247.07  0.0923910     3.7757   143.8018   347.4638   323.6498
  -6725.00   42247.68  0.0924937     3.7481   142.7901   347.6615   323.7417
  -6715.00   42250.46  0.0923865     3.7316   141.7507   347.8369   323.7675
  -6705.00   42251.56  0.0922990     3.7120   140.5161   348.1389   323.6957
  -6695.00   42251.02  0.0921884     3.6873   139.0500   348.5094   323.6321
  -6685.00   42252.48  0.0920883     3.6715   137.5774   348.6665   323.6465
  -6675.00   42254.56  0.0919668     3.6597   135.9909   348.8134   323.6444
  -6665.00   42254.02  0.0917001     3.6471   134.2758   349.1224   323.5445
  -6655.00   42252.22  0.0916423     3.6328   132.6502   349.2442   323.5521
  -6645.00   42252.43  0.0916464     3.6218   131.1073   349.2018   323.6907
  -6635.00   42253.03  0.0914452     3.6181   129.7011   349.2237   323.7441
  -6625.00   42250.99  0.0914568     3.6059   128.4174   349.2631   323.8050
  -6615.00   42249.03  0.0915888     3.5879   127.2652   349.1897   324.0180
  -6605.00   42249.40  0.0916470     3.5794   126.3710   349.0080   324.2466
  -6595.00   42249.97  0.0917472     3.5653   125.5135   348.9616   324.4075
  -6585.00   42247.91  0.0918691     3.5402   124.6096   349.0544   324.5563
  -6575.00   42247.24  0.0920870     3.5183   123.8197   349.0005   324.7753
  -6565.00   42248.92  0.0922537     3.4974   122.9496   348.9855   324.9741
  -6555.00   42249.98  0.0921924     3.4736   121.8553   349.2645   325.0025
  -6545.00   42249.26  0.0922939     3.4457   120.6528   349.5232   325.0348
  -6535.00   42250.21  0.0923912     3.4197   119.2946   349.6781   325.1581
  -6525.00   42253.06  0.0921700     3.4039   117.7976   349.9436   325.1474
  -6515.00   42253.94  0.0920261     3.3841   116.1247   350.3273   325.0496
  -6505.00   42252.97  0.0919400     3.3606   114.3449   350.6197   325.0598
  -6495.00   42253.45  0.0917501     3.3502   112.6988   350.7142   325.1123
  -6485.00   42254.59  0.0915302     3.3416   111.0607   350.8673   325.1102
  -6475.00   42253.13  0.0912987     3.3269   109.4268   351.1223   325.0921
  -6465.00   42250.56  0.0912519     3.3152   108.0928   351.0955   325.2117
  -6455.00   42249.96  0.0912152     3.3069   106.9480   350.9389   325.4186
  -6445.00   42250.34  0.0909874     3.2998   105.8883   350.9766   325.5078
  -6435.00   42248.44  0.0910351     3.2846   104.9879   350.9609   325.6397
  -6425.00   42247.10  0.0911886     3.2664   104.1984   350.7523   325.9506
  -6415.00   42248.16  0.0911493     3.2574   103.5067   350.5765   326.1869
  -6405.00   42249.67  0.0912002     3.2407   102.6941   350.6012   326.3194
  -6395.00   42248.89  0.0913537     3.2130   101.7322   350.6067   326.5481
  -6385.00   42249.07  0.0915005     3.1938   100.7824   350.4789   326.7983
  -6375.00   42251.54  0.0915525     3.1756    99.6154   350.4950   326.9520
  -6365.00   42252.84  0.0915101     3.1486    98.1151   350.7694   327.0073
  -6355.00   42252.22  0.0916284     3.1228    96.5653   350.9282   327.0949
  -6345.00   42252.52  0.0916895     3.1017    94.9331   350.9792   327.2446
  -6335.00   42254.43  0.0914330     3.0853    93.1504   351.2821   327.2218
  -6325.00   42254.45  0.0913406     3.0652    91.3625   351.6453   327.1461
  -6315.00   42252.50  0.0913249     3.0440    89.6813   351.7841   327.2476
  -6305.00   42251.80  0.0910814     3.0365    88.2386   351.8349   327.3225
  -6295.00   42252.29  0.0908552     3.0284    86.8924   352.0250   327.3028
  -6285.00   42250.65  0.0907308     3.0118    85.6481   352.1686   327.3880
  -6275.00   42248.22  0.0906954     3.0032    84.7637   351.9927   327.6062
  -6265.00   42247.91  0.0906229     2.9980    84.0082   351.7808   327.8413
  -6255.00   42248.92  0.0904642     2.9868    83.1727   351.7958   327.9976
  -6245.00   42248.13  0.0906022     2.9710    82.4396   351.6394   328.2543
  -6235.00   42247.69  0.0907951     2.9549    81.6989   351.2749   328.6752
  -6225.00   42249.55  0.0907378     2.9438    80.8078   351.1126   328.9500
  -6215.00   42251.75  0.0908676     2.9232    79.6756   351.1435   329.1333
  -6205.00   42251.76  0.0911091     2.8944    78.3499   351.0219   329.4934
  -6195.00   42251.92  0.0912049     2.8762    76.9754   350.8617   329.7963
  -6185.00   42254.11  0.0912067     2.8572    75.3459   351.0016   329.9066
  -6175.00   42254.78  0.0912258     2.8270    73.4728   351.2500   330.0465
  -6165.00   42253.48  0.0913232     2.8036    71.7259   351.3378   330.2094
  -6155.00   42252.59  0.0912584     2.7882    70.0492   351.4082   330.3429
  -6145.00   42253.17  0.0909745     2.7699    68.2960   351.7677   330.3422
  -6135.00   42252.58  0.0908956     2.7513    66.7513   352.0704   330.3404
  -6125.00   42250.14  0.0908418     2.7366    65.4855   352.0411   330.5481
  -6115.00   42249.12  0.0904845     2.7314    64.4029   352.0824   330.6633
  -6105.00   42249.81  0.0902529     2.7234    63.4150   352.2650   330.6841
  -6095.00   42248.93  0.0901967     2.7079    62.5323   352.1951   330.9447
  -6085.00   42247.45  0.0900844     2.7027    61.8876   351.8622   331.2887
  -6075.00   42248.03  0.0899342     2.6990    61.1908   351.6529   331.5407
  -6065.00   42249.85  0.0898507     2.6832    60.2498   351.5773   331.8217
  -6055.00   42250.21  0.0899998     2.6678    59.3369   351.2504   332.2227
  -6045.00   42250.25  0.0901121     2.6555    58.3161   350.7998   332.6947
  -6035.00   42252.20  0.0900080     2.6407    56.9637   350.6934   332.9857
  -6025.00   42254.35  0.0901662     2.6184    55.4269   350.6732   333.2339
  -6015.00   42254.19  0.0904022     2.5933    53.8056   350.4047   333.6893
  -6005.00   42253.49  0.0903604     2.5780    52.1668   350.2433   333.9995
  -5995.00   42254.40  0.0903329     2.5590    50.4005   350.4391   334.0810
  -5985.00   42254.26  0.0904048     2.5306    48.6058   350.5438   334.3312
  -5975.00   42252.29  0.0904505     2.5125    47.1151   350.4677   334.5916
  -5965.00   42250.50  0.0903015     2.5014    45.7670   350.5568   334.6906
  -5955.00   42250.39  0.0900860     2.4820    44.3914   350.8343   334.7767
  -5945.00   42250.09  0.0900796     2.4653    43.3009   350.9527   334.9072
  -5935.00   42248.15  0.0899959     2.4571    42.4678   350.7822   335.1832
  -5925.00   42247.66  0.0896334     2.4511    41.6055   350.8199   335.3417
  -5915.00   42249.15  0.0894892     2.4419    40.7528   350.9358   335.4385
  -5905.00   42249.58  0.0895140     2.4301    39.9335   350.6372   335.8643
  -5895.00   42249.23  0.0893395     2.4282    39.1318   350.2114   336.3031
  -5885.00   42250.35  0.0891965     2.4245    38.1242   350.0205   336.5767
  -5875.00   42252.55  0.0892437     2.4080    36.8269   349.7559   337.0445
  -5865.00   42253.37  0.0894165     2.3959    35.5461   349.1970   337.6439
  -5855.00   42252.97  0.0894869     2.3875    34.1381   348.7025   338.1670
  -5845.00   42253.87  0.0894690     2.3688    32.3996   348.5495   338.5808
  -5835.00   42255.12  0.0897307     2.3458    30.6650   348.3633   339.0097
  -5825.00   42254.19  0.0899804     2.3256    29.0308   347.9532   339.5873
  -5815.00   42252.42  0.0898779     2.3095    27.4008   347.8633   339.9284
  -5805.00   42252.11  0.0898880     2.2885    25.8133   348.0975   340.0505
  -5795.00   42251.73  0.0900068     2.2635    24.3709   348.0736   340.4336
  -5785.00   42249.95  0.0899157     2.2514    23.2483   347.9478   340.7648
  -5775.00   42248.20  0.0896669     2.2432    22.2127   348.1548   340.8144
  -5765.00   42248.38  0.0894726     2.2259    21.1297   348.3258   341.0297
  -5755.00   42249.08  0.0894298     2.2154    20.2921   348.2007   341.3542
  -5745.00   42248.26  0.0892167     2.2155    19.5488   347.9685   341.6696
  -5735.00   42248.49  0.0888510     2.2099    18.5597   347.9282   341.9506
  -5725.00   42250.64  0.0887741     2.2013    17.5099   347.8300   342.2473
  -5715.00   42252.03  0.0887975     2.1964    16.4466   347.2746   342.8574
  -5705.00   42252.22  0.0885530     2.1958    15.2017   346.8100   343.3866
  -5695.00   42252.93  0.0884330     2.1898    13.7441   346.6149   343.7222
  -5685.00   42254.62  0.0885591     2.1749    12.1272   346.1387   344.3810
  -5675.00   42255.07  0.0886391     2.1677    10.6048   345.4493   345.1035
  -5665.00   42253.62  0.0886047     2.1617     9.0472   345.0482   345.5772
  -5655.00   42253.00  0.0886201     2.1427     7.3282   344.8126   346.1048
  -5645.00   42253.26  0.0888682     2.1241     5.8440   344.4032   346.7063
  -5635.00   42251.96  0.0890068     2.1128     4.5881   343.9197   347.2987
  -5625.00   42249.81  0.0888672     2.0977     3.2957   343.8244   347.6886
  -5615.00   42249.10  0.0889256     2.0777     2.1301   343.9081   347.9401
  -5605.00   42249.40  0.0890761     2.0605     1.1490   343.6429   348.4662
  -5595.00   42248.70  0.0888938     2.0534     0.2766   343.4711   348.8490
  -5585.00   42247.69  0.0886648     2.0452   359.3511   343.6926   348.9093
  -5575.00   42248.64  0.0885742     2.0309   358.2964   343.6814   349.2751
  -5565.00   42250.46  0.0884951     2.0275   357.3611   343.3402   349.7576
  -5555.00   42250.67  0.0882324     2.0321   356.3303   343.1619   350.0295
  -5545.00   42251.02  0.0879354     2.0276   354.9520   343.0395   350.4191
  -5535.00   42253.03  0.0879399     2.0228   353.5532   342.6622   350.9463
  -5525.00   42254.53  0.0879429     2.0270   352.1745   341.9731   351.6312
  -5515.00   42254.27  0.0877189     2.0288   350.5759   341.4670   352.2502
  -5505.00   42253.64  0.0877116     2.0224   348.9163   341.1232   352.7597
  -5495.00   42254.18  0.0879428     2.0141   347.3372   340.3749   353.6336
  -5485.00   42253.95  0.0879937     2.0124   345.9089   339.5965   354.4742
  -5475.00   42251.69  0.0879898     2.0062   344.5344   339.2389   354.9828
  -5465.00   42250.10  0.0881315     1.9886   343.1399   338.8476   355.7023
  -5455.00   42250.11  0.0883726     1.9763   342.0553   338.2399   356.4975
  -5445.00   42249.41  0.0884276     1.9707   341.1320   337.8538   357.0390
  -5435.00   42247.81  0.0883165     1.9565   340.0485   337.7780   357.5068
  -5425.00   42247.62  0.0884117     1.9399   339.0605   337.6918   357.9471
  -5415.00   42249.10  0.0884891     1.9336   338.1830   337.3496   358.5100
  -5405.00   42249.68  0.0882180     1.9314   337.1312   337.2570   358.8990
  -5395.00   42249.41  0.0879979     1.9248   335.9289   337.4489   359.0427
  -5385.00   42250.80  0.0879555     1.9188   334.6050   337.2281   359.5692
  -5375.00   42252.98  0.0877476     1.9251   333.2753   336.8064     0.1337
  -5365.00   42253.48  0.0874365     1.9330   331.8074   336.6937     0.3823
  -5355.00   42253.01  0.0872186     1.9313   330.0715   336.4566     0.9074
  -5345.00   42254.01  0.0872115     1.9344   328.4884   335.8028     1.6565
  -5335.00   42254.88  0.0871361     1.9457   327.0256   335.1496     2.2940
  -5325.00   42253.72  0.0869254     1.9490   325.4250   334.6815     2.9353
  -5315.00   42251.84  0.0869882     1.9444   323.9700   334.1486     3.6363
  -5305.00   42251.52  0.0871892     1.9448   322.7793   333.3072     4.5434
  -5295.00   42251.18  0.0871509     1.9481   321.6899   332.6349     5.3245
  -5285.00   42249.05  0.0871468     1.9420   320.6616   332.3125     5.8489
  -5275.00   42247.49  0.0873355     1.9304   319.6656   331.7914     6.6597
  -5265.00   42248.13  0.0874603     1.9280   318.8691   331.1359     7.4704
  -5255.00   42248.75  0.0874263     1.9266   318.0602   330.8814     7.8949
  -5245.00   42248.10  0.0873639     1.9158   316.9588   330.7641     8.4105
  -5235.00   42248.69  0.0874726     1.9073   315.8854   330.4386     9.0186
  -5225.00   42251.11  0.0874722     1.9102   314.7919   330.1315     9.4862
  -5215.00   42252.51  0.0872201     1.9115   313.3508   330.0932     9.8454
  -5205.00   42252.26  0.0870987     1.9069   311.7613   330.1265    10.1370
  -5195.00   42253.10  0.0870997     1.9102   310.1611   329.7853    10.6935
  -5185.00   42254.60  0.0868556     1.9232   308.5113   329.4552    11.1874
  -5175.00   42254.51  0.0865909     1.9319   306.8371   329.3999    11.4118
  -5165.00   42252.62  0.0865094     1.9353   305.1186   329.0571    12.0132
  -5155.00   42252.29  0.0864707     1.9488   303.7023   328.3334    12.7978
  -5145.00   42252.59  0.0863697     1.9654   302.4974   327.8176    13.3081
  -5135.00   42250.99  0.0862587     1.9711   301.2218   327.3825    13.9545
  -5125.00   42248.88  0.0864151     1.9739   300.2007   326.6287    14.8407
  -5115.00   42248.67  0.0866079     1.9835   299.4240   325.8238    15.6795
  -5105.00   42249.18  0.0865948     1.9902   298.5711   325.3025    16.3776
  -5095.00   42247.96  0.0867086     1.9852   297.6748   324.9040    17.0361
  -5085.00   42247.15  0.0869751     1.9811   296.7564   324.3309    17.8800
  -5075.00   42248.70  0.0870386     1.9860   295.7993   323.8585    18.5711
  -5065.00   42250.45  0.0869903     1.9855   294.6579   323.7882    18.9114
  -5055.00   42250.38  0.0870060     1.9785   293.1828   323.7109    19.4323
  -5045.00   42251.15  0.0870497     1.9809   291.7177   323.4011    20.0236
  -5035.00   42253.59  0.0869274     1.9910   290.1925   323.3372    20.2827
  -5025.00   42254.86  0.0866730     1.9962   288.3556   323.4470    20.5490
  -5015.00   42253.80  0.0865863     1.9994   286.5517   323.3384    20.9620
  -5005.00   42253.40  0.0865177     2.0139   284.9232   323.0465    21.4089
  -4995.00   42253.84  0.0862342     2.0326   283.3001   322.8867    21.7691
  -4985.00   42252.97  0.0860213     2.0427   281.8081   322.7926    22.0601
  -4975.00   42250.20  0.0860149     2.0530   280.4866   322.3651    22.6833
  -4965.00   42249.17  0.0859085     2.0740   279.4406   321.7862    23.3414
  -4955.00   42249.68  0.0857689     2.0909   278.5818   321.4578    23.7145
  -4945.00   42248.50  0.0857446     2.0971   277.6380   321.0879    24.3200
  -4935.00   42247.16  0.0858611     2.1083   276.8974   320.3613    25.1523
  -4925.00   42247.82  0.0859455     2.1233   276.2476   319.8021    25.7438
  -4915.00   42249.64  0.0859095     2.1306   275.3261   319.5249    26.2476
  -4905.00   42249.48  0.0860551     2.1309   274.2895   319.0850    26.9257
  -4895.00   42249.33  0.0862749     2.1358   273.1696   318.5927    27.6124
  -4885.00   42251.34  0.0862642     2.1459   271.8325   318.3701    28.0672
  -4875.00   42253.35  0.0862395     2.1468   270.2772   318.3389    28.3817
  -4865.00   42252.99  0.0863343     2.1452   268.5061   318.2199    28.8744
  -4855.00   42252.85  0.0863258     2.1565   266.7831   318.0195    29.3213
  -4845.00   42254.29  0.0861738     2.1686   265.0766   318.1185    29.4291
  -4835.00   42254.74  0.0860089     2.1745   263.2324   318.2909    29.6292
  -4825.00   42252.59  0.0859619     2.1860   261.6284   318.1231    30.0415
  -4815.00   42251.07  0.0858513     2.2072   260.3056   317.9912    30.2942
  -4805.00   42251.16  0.0855976     2.2277   259.0254   318.0291    30.4774
  -4795.00   42250.19  0.0854833     2.2414   257.9444   317.8680    30.8224
  -4785.00   42247.65  0.0855169     2.2603   257.0824   317.4561    31.3525
  -4775.00   42246.97  0.0854148     2.2871   256.3221   317.0840    31.8210
  -4765.00   42248.46  0.0853343     2.3045   255.6081   316.8342    32.1552
  -4755.00   42248.32  0.0854526     2.3142   254.7489   316.4351    32.7599
  -4745.00   42247.94  0.0855819     2.3332   253.9070   315.8292    33.4737
  -4735.00   42249.44  0.0856617     2.3503   252.9739   315.4869    33.8959
  -4725.00   42252.10  0.0857333     2.3558   251.6525   315.3571    34.3184
  -4715.00   42252.41  0.0859389     2.3624   250.2140   314.9592    34.9616
  -4705.00   42252.04  0.0861257     2.3735   248.6855   314.6809    35.4456
  -4695.00   42253.67  0.0861034     2.3840   246.9148   314.7797    35.6691
  -4685.00   42254.88  0.0861287     2.3877   245.0679   314.8214    35.9632
  -4675.00   42253.55  0.0862293     2.3937   243.2376   314.7840    36.3449
  -4665.00   42252.10  0.0861367     2.4120   241.5370   314.8641    36.5518
  -4655.00   42252.50  0.0859543     2.4261   239.9765   315.1153    36.5675
  -4645.00   42252.38  0.0858437     2.4352   238.4739   315.3010    36.7433
  -4635.00   42249.86  0.0857446     2.4564   237.2913   315.1986    37.0598
  -4625.00   42248.24  0.0855628     2.4821   236.3504   315.2272    37.1639
  -4615.00   42249.06  0.0853415     2.5015   235.3917   315.3772    37.2644
  -4605.00   42248.71  0.0852701     2.5203   234.5901   315.1560    37.6425
  -4595.00   42247.11  0.0852622     2.5449   233.8893   314.8381    38.0406
  -4585.00   42247.41  0.0851400     2.5715   233.0662   314.7094    38.3062
  -4575.00   42249.86  0.0850974     2.5877   232.1455   314.5064    38.6306
  -4565.00   42250.64  0.0852339     2.6007   231.0515   314.1452    39.1504
  -4555.00   42250.55  0.0852960     2.6234   229.8287   313.7839    39.6328
  -4545.00   42252.18  0.0853239     2.6395   228.4490   313.6438    39.8939
  -4535.00   42254.69  0.0854396     2.6441   226.7723   313.5786    40.2380
  -4525.00   42254.48  0.0855960     2.6568   225.0888   313.2845    40.7332
  -4515.00   42253.00  0.0856991     2.6723   223.4177   313.1939    41.0049
  -4505.00   42253.56  0.0856956     2.6808   221.6258   313.4404    41.0913
  -4495.00   42253.71  0.0857580     2.6886   219.9710   313.4612    41.3574
  -4485.00   42251.54  0.0858391     2.7014   218.4977   313.4622    41.6202
  -4475.00   42249.35  0.0857356     2.7213   217.1566   313.7306    41.6432
  -4465.00   42249.52  0.0856141     2.7359   215.9886   313.9916    41.6511
  -4455.00   42249.76  0.0855751     2.7485   214.9327   314.1251    41.8131
  -4445.00   42247.82  0.0854564     2.7757   214.0749   314.1430    41.9860
  -4435.00   42247.08  0.0852816     2.8026   213.2961   314.2849    41.9935
  -4425.00   42249.12  0.0851570     2.8210   212.3934   314.4449    42.0757
  -4415.00   42249.81  0.0851172     2.8461   211.5369   314.2220    42.4109
  -4405.00   42249.08  0.0850959     2.8759   210.6185   314.0124    42.6808
  -4395.00   42250.08  0.0850394     2.9006   209.4303   314.0247    42.8342
  -4385.00   42252.69  0.0850996     2.9189   208.1185   313.7926    43.1829
  -4375.00   42253.49  0.0852772     2.9370   206.6701   313.4585    43.6353
  -4365.00   42252.62  0.0853681     2.9609   205.0666   313.3139    43.9415
  -4355.00   42253.44  0.0854756     2.9750   203.3831   313.2776    44.1615
  -4345.00   42255.00  0.0856870     2.9802   201.6168   313.2422    44.4766
  -4335.00   42253.79  0.0858325     2.9969   199.9704   313.1350    44.8144
  -4325.00   42251.37  0.0859131     3.0135   198.4344   313.2800    44.9188
  -4315.00   42251.26  0.0859724     3.0198   196.9118   313.6555    44.9310
  -4305.00   42251.22  0.0860236     3.0326   195.6416   313.7611    45.1170
  -4295.00   42249.05  0.0860255     3.0528   194.5551   313.9232    45.2232
  -4285.00   42247.21  0.0859034     3.0731   193.5030   314.3804    45.1114
  -4275.00   42248.09  0.0858018     3.0905   192.5758   314.6415    45.1241
  -4265.00   42249.18  0.0857399     3.1102   191.6891   314.7452    45.2667
  -4255.00   42248.14  0.0855649     3.1414   190.7898   314.8971    45.3201
  -4245.00   42248.42  0.0854020     3.1678   189.8098   315.0777    45.3151
  -4235.00   42251.31  0.0853369     3.1858   188.6469   315.1698    45.4389
  -4225.00   42252.58  0.0852573     3.2142   187.4386   314.9978    45.7078
  -4215.00   42252.00  0.0851921     3.2442   186.0905   314.9244    45.8664
  -4205.00   42252.77  0.0851823     3.2633   184.5020   315.0247    45.9609
  -4195.00   42254.64  0.0852404     3.2821   182.9217   314.8185    46.2657
  -4185.00   42254.56  0.0853403     3.3037   181.3332   314.5970    46.5845
  -4175.00   42252.38  0.0853991     3.3249   179.6914   314.6638    46.7105
  -4165.00   42252.03  0.0855207     3.3379   178.1574   314.6694    46.8824
  -4155.00   42252.73  0.0857112     3.3463   176.7371   314.6270    47.1393
  -4145.00   42250.91  0.0857893     3.3659   175.4762   314.6692    47.3110
  -4135.00   42248.50  0.0858649     3.3821   174.3363   314.8952    47.3311
  -4125.00   42248.66  0.0859875     3.3877   173.2402   315.2242    47.3402
  -4115.00   42249.44  0.0860148     3.4043   172.3262   315.3394    47.4636
  -4105.00   42248.18  0.0859882     3.4281   171.4334   315.5926    47.4620
  -4095.00   42247.34  0.0859349     3.4459   170.4205   316.0950    47.3060
  -4085.00   42249.28  0.0858778     3.4649   169.4343   316.3075    47.3231
  -4075.00   42251.14  0.0857982     3.4910   168.3542   316.4179    47.4145
  -4065.00   42250.61  0.0856328     3.5229   167.0984   316.6902    47.3651
  -4055.00   42251.12  0.0855381     3.5490   165.7303   316.8581    47.3635
  -4045.00   42253.78  0.0855257     3.5705   164.2324   316.8649    47.5153
  -4035.00   42254.63  0.0854325     3.6026   162.7005   316.7605    47.7070
  -4025.00   42253.31  0.0854110     3.6325   161.1023   316.7585    47.8100
  -4015.00   42253.01  0.0855255     3.6489   159.4441   316.8220    47.9259
  -4005.00   42253.91  0.0856243     3.6692   157.9619   316.6179    48.2053
  -3995.00   42252.98  0.0857364     3.6931   156.5654   316.5170    48.4238
  -3985.00   42250.08  0.0858959     3.7096   155.1935   316.7217    48.4664
  -3975.00   42249.35  0.0861010     3.7214   154.0334   316.7667    48.6115
  -3965.00   42250.10  0.0862937     3.7338   152.9976   316.8015    48.7975
  -3955.00   42248.57  0.0863654     3.7539   152.0002   317.0779    48.8107
  -3945.00   42247.06  0.0864766     3.7697   151.0450   317.4137    48.7710
  -3935.00   42248.15  0.0866201     3.7780   150.0661   317.7463    48.7697
  -3925.00   42249.94  0.0865685     3.8000   149.0969   317.9801    48.7994
  -3915.00   42249.76  0.0865014     3.8269   147.9818   318.3543    48.7172
  -3905.00   42249.63  0.0864892     3.8444   146.6689   318.8525    48.5713
  -3895.00   42252.14  0.0863922     3.8665   145.3484   319.0187    48.6029
  -3885.00   42253.91  0.0862474     3.8982   143.8676   319.1764    48.6469
  -3875.00   42253.03  0.0860992     3.9281   142.2078   319.5221    48.5590
  -3865.00   42252.80  0.0860370     3.9518   140.5809   319.6400    48.5848
  -3855.00   42254.33  0.0859966     3.9761   138.9651   319.6053    48.7432
  -3845.00   42254.20  0.0858570     4.0076   137.3991   319.6281    48.8440
  -3835.00   42251.93  0.0858537     4.0333   135.9301   319.6961    48.8968
  -3825.00   42250.76  0.0859947     4.0475   134.5897   319.7208    49.0161
  -3815.00   42251.25  0.0860173     4.0682   133.4939   319.5819    49.2186
  -3805.00   42250.27  0.0860786     4.0920   132.4746   319.6168    49.3202
  -3795.00   42247.70  0.0862777     4.1046   131.4816   319.8643    49.3127
  -3785.00   42247.57  0.0864550     4.1157   130.6773   319.8901    49.4211
  -3775.00   42249.09  0.0865748     4.1329   129.8495   319.9738    49.5272
  -3765.00   42248.57  0.0866515     4.1517   128.8727   320.3592    49.4466
  -3755.00   42248.05  0.0867948     4.1662   127.8503   320.6730    49.3868
  -3745.00   42249.96  0.0869278     4.1783   126.7020   320.9269    49.3936
  -3735.00   42252.30  0.0868376     4.2032   125.3908   321.2433    49.3457
  -3725.00   42252.61  0.0867990     4.2300   123.8828   321.6488    49.2277
  -3715.00   42252.26  0.0868584     4.2473   122.2293   322.0614    49.1156
  -3705.00   42254.19  0.0867240     4.2725   120.6215   322.2000    49.1371
  -3695.00   42255.10  0.0865724     4.3075   118.9159   322.4104    49.1287
  -3685.00   42253.26  0.0865115     4.3356   117.1750   322.7678    49.0306
  -3675.00   42251.89  0.0864848     4.3586   115.6937   322.7971    49.0829
  -3665.00   42252.24  0.0864384     4.3878   114.3307   322.7476    49.2250
  -3655.00   42251.64  0.0863479     4.4187   113.0633   322.8618    49.2670
  -3645.00   42249.12  0.0864473     4.4405   112.0017   322.9184    49.3126
  -3635.00   42248.15  0.0866471     4.4557   111.0955   322.8741    49.4555
  -3625.00   42249.17  0.0866789     4.4772   110.3105   322.8261    49.5955
  -3615.00   42249.03  0.0868170     4.4985   109.4749   322.9834    49.6214
  -3605.00   42247.52  0.0871327     4.5081   108.5750   323.2441    49.6066
  -3595.00   42248.39  0.0873058     4.5195   107.7261   323.3134    49.6780
  -3585.00   42250.62  0.0874088     4.5402   106.6513   323.5551    49.6866
  -3575.00   42250.88  0.0875531     4.5579   105.2980   324.0799    49.5397
  -3565.00   42250.61  0.0877072     4.5720   103.9026   324.4145    49.4588
  -3555.00   42252.45  0.0877620     4.5913   102.3485   324.6966    49.4432
  -3545.00   42254.42  0.0876299     4.6194   100.5998   325.1521    49.3281
  -3535.00   42254.15  0.0875978     4.6460    98.7986   325.5878    49.1953
  -3525.00   42252.94  0.0876362     4.6661    97.0486   325.8948    49.1386
  -3515.00   42253.66  0.0874100     4.6946    95.4464   326.0508    49.1502
  -3505.00   42253.73  0.0872387     4.7292    93.8837   326.3053    49.1146
  -3495.00   42251.23  0.0872508     4.7535    92.4485   326.6143    49.0446
  -3485.00   42249.35  0.0871753     4.7745    91.3905   326.5786    49.1166
  -3475.00   42249.35  0.0870818     4.8043    90.4236   326.5779    49.2131
  -3465.00   42249.18  0.0870398     4.8310    89.4776   326.7980    49.1966
  -3455.00   42247.31  0.0871550     4.8472    88.7434   326.8390    49.2235
  -3445.00   42247.19  0.0872876     4.8641    88.0376   326.7918    49.3399
  -3435.00   42249.17  0.0872600     4.8858    87.2404   326.8764    49.3914
  -3425.00   42250.11  0.0874094     4.9038    86.2863   327.1001    49.3536
  -3415.00   42249.66  0.0877160     4.9133    85.2008   327.2961    49.3421
  -3405.00   42250.99  0.0877875     4.9268    84.0412   327.3758    49.3767
  -3395.00   42253.32  0.0878597     4.9487    82.5701   327.6855    49.3188
  -3385.00   42253.62  0.0880791     4.9648    80.8486   328.1945    49.1632
  -3375.00   42252.69  0.0882080     4.9781    79.2052   328.4466    49.0915
  -3365.00   42253.36  0.0882127     5.0021    77.4590   328.7316    49.0492
  -3355.00   42254.37  0.0881335     5.0307    75.6076   329.2576    48.8946
  -3345.00   42253.12  0.0881610     5.0548    73.9365   329.6541    48.7591
  -3335.00   42251.12  0.0881691     5.0787    72.4750   329.8715    48.7313
  -3325.00   42251.00  0.0879101     5.1105    71.1916   330.0757    48.7133
  -3315.00   42251.04  0.0877833     5.1439    70.0214   330.3553    48.6513
  -3305.00   42248.93  0.0878676     5.1676    69.0424   330.5528    48.6230
  -3295.00   42247.51  0.0877479     5.1899    68.3601   330.4652    48.7078
  -3285.00   42248.11  0.0876669     5.2201    67.6273   330.4922    48.7718
  -3275.00   42249.01  0.0877802     5.2433    66.7688   330.7266    48.7445
  -3265.00   42248.19  0.0879512     5.2555    66.0403   330.7009    48.7854
  -3255.00   42248.79  0.0880972     5.2739    65.1445   330.6782    48.8755
  -3245.00   42251.36  0.0881606     5.2948    63.9549   330.9140    48.8592
  -3235.00   42252.73  0.0884291     5.3078    62.5997   331.1987    48.7809
  -3225.00   42252.50  0.0887508     5.3191    61.1098   331.4025    48.7613
  -3215.00   42253.22  0.0887730     5.3363    59.5081   331.6176    48.7379
  -3205.00   42254.78  0.0888698     5.3585    57.6867   332.0705    48.6106
  -3195.00   42254.41  0.0891422     5.3755    55.8156   332.5798    48.4580
  -3185.00   42252.44  0.0891676     5.3920    54.1924   332.8241    48.3914
  -3175.00   42251.82  0.0890890     5.4208    52.5774   333.1747    48.3177
  -3165.00   42252.10  0.0890655     5.4498    50.9795   333.7422    48.1565
  -3155.00   42250.51  0.0890811     5.4712    49.7410   334.0542    48.0517
  -3145.00   42248.58  0.0889947     5.4986    48.7030   334.2249    48.0467
  -3135.00   42248.52  0.0887167     5.5308    47.7383   334.4969    48.0093
  -3125.00   42249.33  0.0886474     5.5583    46.8615   334.7855    47.9333
  -3115.00   42248.36  0.0887092     5.5803    46.1035   334.8923    47.9381
  -3105.00   42247.83  0.0884987     5.6025    45.4253   334.8443    48.0040
  -3095.00   42249.31  0.0883941     5.6295    44.5351   334.9664    48.0100
  -3085.00   42251.09  0.0885833     5.6486    43.4433   335.1891    47.9709
  -3075.00   42251.05  0.0886705     5.6587    42.4042   335.1392    48.0030
  -3065.00   42251.56  0.0887186     5.6779    41.1116   335.1679    48.0438
  -3055.00   42253.77  0.0888327     5.6978    39.4882   335.4991    47.9728
  -3045.00   42254.81  0.0891088     5.7071    37.8662   335.7436    47.8813
  -3035.00   42253.88  0.0893497     5.7207    36.2143   335.9072    47.8546
  -3025.00   42253.23  0.0893192     5.7410    34.5116   336.2019    47.7881
  -3015.00   42253.66  0.0894602     5.7608    32.7977   336.6750    47.6278
  -3005.00   42252.73  0.0897460     5.7783    31.2354   337.0865    47.4967
  -2995.00   42250.28  0.0896781     5.7980    29.9726   337.3101    47.4316
  -2985.00   42249.11  0.0895749     5.8278    28.7463   337.6962    47.3268
  -2975.00   42249.52  0.0896560     5.8561    27.5651   338.2237    47.1715
  -2965.00   42248.75  0.0896392     5.8768    26.7312   338.4337    47.0962
  -2955.00   42247.59  0.0894930     5.9069    25.9401   338.5823    47.0904
  -2945.00   42248.22  0.0892819     5.9400    25.0293   338.9029    47.0352
  -2935.00   42250.08  0.0892964     5.9629    24.1582   339.1210    46.9693
  -2925.00   42250.32  0.0893395     5.9856    23.2584   339.1458    47.0003
  -2915.00   42250.34  0.0891194     6.0094    22.2360   339.1437    47.0521
  -2905.00   42252.06  0.0891180     6.0321    20.9444   339.3209    47.0222
  -2895.00   42253.83  0.0894112     6.0485    19.5003   339.4728    46.9984
  -2885.00   42253.74  0.0894900     6.0586    18.0952   339.4291    47.0261
  -2875.00   42253.20  0.0895474     6.0774    16.4781   339.5642    47.0142
  -2865.00   42254.13  0.0898349     6.0955    14.6696   339.9680    46.9085
  -2855.00   42254.44  0.0901504     6.1029    13.0768   340.2107    46.8084
  -2845.00   42252.67  0.0903347     6.1193    11.5683   340.4273    46.7557
  -2835.00   42251.00  0.0903416     6.1434    10.0405   340.8853    46.6387
  -2825.00   42250.89  0.0905342     6.1617     8.6858   341.3939    46.4597
  -2815.00   42250.21  0.0907574     6.1816     7.5489   341.7598    46.3475
  -2805.00   42248.28  0.0905705     6.2068     6.5871   342.0480    46.2804
  -2795.00   42247.47  0.0904418     6.2366     5.6002   342.4939    46.1586
  -2785.00   42248.61  0.0905520     6.2633     4.6250   342.9383    46.0355
  -2775.00   42249.20  0.0904229     6.2840     3.8415   343.0789    45.9974
  -2765.00   42248.93  0.0901888     6.3135     2.9098   343.2450    45.9873
  -2755.00   42250.05  0.0900685     6.3433     1.7116   343.5994    45.9209
  -2745.00   42252.52  0.0900881     6.3602     0.5486   343.7459    45.8692
  -2735.00   42253.35  0.0900612     6.3810   359.2689   343.7583    45.8961
  -2725.00   42253.09  0.0898308     6.4049   357.7750   343.8784    45.9050
  -2715.00   42253.96  0.0898865     6.4216   356.1610   344.0987    45.8366
  -2705.00   42254.93  0.0901389     6.4362   354.5563   344.2137    45.8068
  -2695.00   42254.25  0.0901025     6.4485   353.0711   344.2172    45.8123
  -2685.00   42252.37  0.0901207     6.4663   351.5166   344.4463    45.7473
  -2675.00   42251.94  0.0904450     6.4829   349.9930   344.8106    45.6329
  -2665.00   42251.95  0.0906725     6.4904   348.8082   344.9828    45.5422
  -2655.00   42250.12  0.0907448     6.5084   347.7109   345.2041    45.4715
  -2645.00   42248.40  0.0908251     6.5333   346.5437   345.7034    45.3309
  -2635.00   42248.63  0.0910410     6.5490   345.5852   346.1339    45.1598
  -2625.00   42249.10  0.0911948     6.5695   344.7323   346.4210    45.0627
  -2615.00   42248.39  0.0909860     6.5988   343.7964   346.7738    44.9817
  -2605.00   42248.28  0.0909167     6.6266   342.7493   347.2302    44.8458
  -2595.00   42250.16  0.0910391     6.6521   341.6454   347.5744    44.7476
  -2585.00   42251.84  0.0908206     6.6758   340.5550   347.6848    44.7307
  -2575.00   42251.86  0.0905676     6.7053   339.2214   347.8833    44.7074
  -2565.00   42252.55  0.0905638     6.7327   337.6518   348.1950    44.6474
  -2555.00   42254.59  0.0905710     6.7472   336.2021   348.2395    44.6256
  -2545.00   42255.08  0.0905156     6.7670   334.6867   348.2240    44.6542
  -2535.00   42253.83  0.0904160     6.7903   333.0069   348.4209    44.6346
  -2525.00   42253.22  0.0905950     6.8015   331.4578   348.6108    44.5571
  -2515.00   42253.29  0.0908808     6.8137   330.0634   348.6974    44.5232
  -2505.00   42252.28  0.0908628     6.8289   328.7953   348.8107    44.4966
  -2495.00   42249.74  0.0909977     6.8445   327.5522   349.1544    44.3809
  -2485.00   42248.84  0.0913859     6.8603   326.4258   349.5249    44.2553
  -2475.00   42249.41  0.0915394     6.8712   325.5704   349.7276    44.1636
  -2465.00   42248.43  0.0915550     6.8922   324.6621   350.0676    44.0603
  -2455.00   42247.47  0.0917141     6.9182   323.5997   350.6131    43.9100
  -2445.00   42248.49  0.0918792     6.9340   322.6719   350.9953    43.7627
  -2435.00   42250.26  0.0918890     6.9563   321.6871   351.2611    43.6857
  -2425.00   42250.68  0.0916963     6.9880   320.4039   351.6944    43.5996
  -2415.00   42250.78  0.0916582     7.0121   319.0158   352.1263    43.4736
  -2405.00   42252.74  0.0917189     7.0342   317.5772   352.3783    43.4071
  -2395.00   42254.56  0.0914162     7.0593   316.0544   352.5278    43.3977
  -2385.00   42254.02  0.0911843     7.0851   314.3726   352.7878    43.3505
  -2375.00   42253.41  0.0912354     7.1072   312.6468   353.0600    43.2905
  -2365.00   42254.26  0.0911463     7.1200   311.1692   353.0803    43.2772
  -2355.00   42254.11  0.0910045     7.1382   309.7431   353.1209    43.2782
  -2345.00   42252.00  0.0909915     7.1591   308.2755   353.3852    43.2225
  -2335.00   42250.33  0.0911401     7.1670   307.1183   353.5390    43.1387
  -2325.00   42250.32  0.0913134     7.1775   306.1620   353.5984    43.0968
  -2315.00   42249.81  0.0912677     7.1954   305.2076   353.8107    43.0371
  -2305.00   42247.68  0.0914336     7.2085   304.3009   354.1592    42.8986
  -2295.00   42247.26  0.0917838     7.2222   303.4489   354.4652    42.7754
  -2285.00   42248.97  0.0918131     7.2368   302.6570   354.6707    42.6885
  -2275.00   42249.27  0.0918270     7.2580   301.6554   355.0558    42.5615
  -2265.00   42249.07  0.0920388     7.2826   300.4215   355.5567    42.4128
  -2255.00   42250.57  0.0921283     7.2990   299.2275   355.8579    42.2916
  -2245.00   42253.01  0.0920478     7.3227   297.8609   356.1217    42.2175
  -2235.00   42253.73  0.0919435     7.3550   296.1608   356.5733    42.1251
  -2225.00   42253.03  0.0919365     7.3767   294.4757   356.9323    42.0144
  -2215.00   42254.06  0.0919242     7.3974   292.8497   357.0976    41.9736
  -2205.00   42255.08  0.0916286     7.4250   291.1635   357.2904    41.9632
  -2195.00   42253.52  0.0914824     7.4478   289.5361   357.5446    41.9056
  -2185.00   42251.53  0.0915845     7.4652   288.0749   357.7279    41.8587
  -2175.00   42251.47  0.0914467     7.4790   286.9037   357.7336    41.8584
  -2165.00   42251.26  0.0913430     7.4956   285.8344   357.8248    41.8339
  -2155.00   42249.19  0.0914925     7.5126   284.7741   358.0907    41.7587
  -2145.00   42247.62  0.0916645     7.5186   283.9969   358.2109    41.6783
  -2135.00   42248.50  0.0918067     7.5289   283.2921   358.3016    41.6217
  -2125.00   42249.09  0.0918947     7.5481   282.3818   358.6370    41.5240
  -2115.00   42247.87  0.0921473     7.5599   281.4557   359.0096    41.3697
  -2105.00   42248.23  0.0924760     7.5728   280.4652   359.3064    41.2485
  -2095.00   42250.76  0.0924560     7.5934   279.2834   359.6298    41.1540
  -2085.00   42251.89  0.0925081     7.6156   277.8640     0.0857    41.0119
  -2075.00   42251.62  0.0927339     7.6386   276.2442     0.5641    40.8742
  -2065.00   42252.81  0.0926826     7.6578   274.6499     0.8496    40.7880
  -2055.00   42254.90  0.0925277     7.6824   272.9355     1.1593    40.7177
  -2045.00   42255.03  0.0924760     7.7120   271.0551     1.6053    40.6292
  -2035.00   42253.00  0.0924214     7.7301   269.3850     1.8902    40.5457
  -2025.00   42252.81  0.0922955     7.7480   267.9017     2.0307    40.5198
  -2015.00   42253.04  0.0920423     7.7739   266.4243     2.2891    40.4931
  -2005.00   42250.92  0.0919426     7.7915   265.1704     2.5392    40.4200
  -1995.00   42248.42  0.0920055     7.8035   264.1577     2.6764    40.3728
  -1985.00   42248.41  0.0917959     7.8183   263.3022     2.7584    40.3589
  -1975.00   42249.03  0.0916976     7.8332   262.5081     2.9237    40.2978
  -1965.00   42247.83  0.0918736     7.8462   261.6792     3.1759    40.2048
  -1955.00   42247.20  0.0919240     7.8529   260.9689     3.2816    40.1309
  -1945.00   42249.27  0.0919589     7.8640   260.1586     3.4144    40.0584
  -1935.00   42251.03  0.0920961     7.8824   259.0229     3.7717    39.9415
  -1925.00   42250.45  0.0923109     7.8929   257.8234     4.0801    39.7947
  -1915.00   42250.99  0.0925283     7.9049   256.4976     4.3192    39.6856
  -1905.00   42253.34  0.0925181     7.9280   254.8714     4.6957    39.5827
  -1895.00   42254.26  0.0926110     7.9491   253.1373     5.1252    39.4344
  -1885.00   42252.87  0.0928337     7.9690   251.3519     5.5191    39.3088
  -1875.00   42252.91  0.0927024     7.9916   249.6257     5.8125    39.2402
  -1865.00   42254.04  0.0925636     8.0169   247.9525     6.1433    39.1630
  -1855.00   42253.37  0.0925772     8.0435   246.3195     6.5427    39.0755
  -1845.00   42250.54  0.0924544     8.0613   245.0055     6.7531    39.0228
  -1835.00   42249.86  0.0922717     8.0792   243.9087     6.8863    39.0059
  -1825.00   42250.37  0.0921111     8.1031   242.8268     7.1490    38.9715
  -1815.00   42248.60  0.0920537     8.1167   241.9765     7.3292    38.9058
  -1805.00   42246.67  0.0920926     8.1251   241.2747     7.4009    38.8699
  -1795.00   42247.46  0.0919505     8.1400   240.4932     7.5415    38.8429
  -1785.00   42249.24  0.0919671     8.1523   239.6747     7.7314    38.7555
  -1775.00   42248.90  0.0922327     8.1609   238.7273     7.9501    38.6514
  -1765.00   42249.08  0.0922767     8.1697   237.6789     8.1058    38.5752
  -1755.00   42251.75  0.0923620     8.1827   236.4304     8.3353    38.4760
  -1745.00   42253.91  0.0926179     8.2004   234.8724     8.7340    38.3383
  -1735.00   42253.08  0.0928022     8.2122   233.2801     9.0427    38.2042
  -1725.00   42252.93  0.0929392     8.2268   231.6146     9.3246    38.1033
  -1715.00   42254.26  0.0929894     8.2520   229.7466     9.7781    37.9958
  -1705.00   42254.27  0.0930734     8.2723   227.9977    10.1915    37.8591
  -1695.00   42251.61  0.0932065     8.2895   226.3895    10.5268    37.7613
  -1685.00   42250.60  0.0930308     8.3138   224.8590    10.8784    37.7073
  -1675.00   42251.27  0.0929030     8.3370   223.5339    11.2257    37.6278
  -1665.00   42250.30  0.0929282     8.3569   222.3549    11.5699    37.5446
  -1655.00   42247.91  0.0927077     8.3734   221.3988    11.7765    37.5111
  -1645.00   42247.74  0.0924979     8.3896   220.5704    11.9575    37.4832
  -1635.00   42249.42  0.0924057     8.4087   219.6814    12.2411    37.4249
  -1625.00   42248.59  0.0922943     8.4189   218.8957    12.3964    37.3621
  -1615.00   42247.63  0.0922401     8.4256   218.0904    12.4824    37.3216
  -1605.00   42249.27  0.0921299     8.4401   217.0252    12.6988    37.2709
  -1595.00   42251.76  0.0921362     8.4503   215.8810    12.8911    37.1674
  -1585.00   42251.66  0.0923237     8.4558   214.5931    13.0632    37.0639
  -1575.00   42251.66  0.0922980     8.4667   213.1026    13.2666    36.9865
  -1565.00   42253.81  0.0923768     8.4804   211.5063    13.5214    36.8713
  -1555.00   42255.32  0.0926385     8.4950   209.7800    13.8686    36.7270
  -1545.00   42253.50  0.0927219     8.5077   208.1133    14.1420    36.6115
  -1535.00   42252.08  0.0928117     8.5241   206.5079    14.4333    36.5121
  -1525.00   42252.51  0.0929321     8.5484   204.8758    14.8757    36.3968
  -1515.00   42251.86  0.0929804     8.5674   203.4975    15.2245    36.2749
  -1505.00   42248.85  0.0930337     8.5841   202.3110    15.5103    36.1970
  -1495.00   42247.68  0.0929048     8.6092   201.1428    15.8867    36.1466
  -1485.00   42248.91  0.0928077     8.6309   200.1853    16.2015    36.0676
  -1475.00   42248.54  0.0928092     8.6462   199.3229    16.4585    36.0006
  -1465.00   42247.30  0.0925572     8.6631   198.4523    16.6693    35.9831
  -1455.00   42248.12  0.0923908     8.6786   197.5867    16.8556    35.9494
  -1445.00   42250.93  0.0923817     8.6921   196.5833    17.0880    35.8812
  -1435.00   42250.90  0.0922447     8.7005   195.5175    17.2072    35.8323
  -1425.00   42250.32  0.0922059     8.7069   194.3282    17.3068    35.7870
  -1415.00   42252.17  0.0922472     8.7195   192.8571    17.5543    35.7101
  -1405.00   42254.20  0.0923034     8.7278   191.3532    17.7330    35.6000
  -1395.00   42253.47  0.0924882     8.7327   189.7860    17.9016    35.4958
  -1385.00   42252.35  0.0925532     8.7460   188.0622    18.1943    35.4059
  -1375.00   42253.42  0.0927113     8.7611   186.4306    18.4927    35.2750
  -1365.00   42254.00  0.0929888     8.7742   184.8721    18.8265    35.1323
  -1355.00   42251.45  0.0930263     8.7898   183.4144    19.1536    35.0347
  -1345.00   42249.47  0.0931244     8.8089   182.1162    19.5021    34.9384
  -1335.00   42250.02  0.0932898     8.8310   180.8919    19.9401    34.8239
  -1325.00   42249.51  0.0932452     8.8485   179.8705    20.2717    34.7314
  -1315.00   42247.14  0.0932137     8.8646   178.9492    20.5679    34.6737
  -1305.00   42246.67  0.0931401     8.8871   177.9351    20.9698    34.6223
  -1295.00   42248.91  0.0930107     8.9043   177.0278    21.2576    34.5473
  -1285.00   42249.49  0.0929268     8.9148   176.0796    21.4800    34.4919
  -1275.00   42249.09  0.0926758     8.9297   174.9145    21.7450    34.4703
  -1265.00   42250.57  0.0925359     8.9430   173.6973    21.9563    34.4162
  -1255.00   42253.65  0.0925124     8.9511   172.3437    22.1603    34.3356
  -1245.00   42253.74  0.0922998     8.9587   170.8488    22.3165    34.2865
  -1235.00   42252.55  0.0922372     8.9661   169.2923    22.4670    34.2278
  -1225.00   42253.60  0.0923218     8.9763   167.6291    22.7170    34.1280
  -1215.00   42254.45  0.0922852     8.9837   166.0574    22.8829    34.0233
  -1205.00   42252.72  0.0923654     8.9891   164.5713    23.0513    33.9255
  -1195.00   42250.43  0.0924717     9.0031   163.0652    23.3681    33.8258
  -1185.00   42250.72  0.0925983     9.0172   161.8040    23.6272    33.6935
  -1175.00   42251.07  0.0927940     9.0282   160.6924    23.8982    33.5622
  -1165.00   42248.70  0.0928109     9.0448   159.5998    24.2414    33.4741
  -1155.00   42247.28  0.0929369     9.0649   158.6493    24.5740    33.3746
  -1145.00   42248.81  0.0931156     9.0838   157.7265    24.9437    33.2610
  -1135.00   42249.27  0.0930075     9.1009   156.7955    25.2571    33.1906
  -1125.00   42248.00  0.0929680     9.1183   155.8095    25.5551    33.1439
  -1115.00   42248.42  0.0929794     9.1387   154.6428    25.9277    33.0885
  -1105.00   42251.22  0.0928016     9.1531   153.4564    26.1662    33.0301
  -1095.00   42252.27  0.0926559     9.1619   152.1390    26.3590    32.9934
  -1085.00   42251.64  0.0924812     9.1753   150.5628    26.6355    32.9710
  -1075.00   42252.76  0.0923782     9.1859   149.0225    26.8043    32.9094
  -1065.00   42255.05  0.0923441     9.1898   147.4537    26.9478    32.8312
  -1055.00   42254.45  0.0921629     9.1965   145.7920    27.1300    32.7803
  -1045.00   42252.23  0.0922032     9.2046   144.2464    27.2963    32.7030
  -1035.00   42252.32  0.0923941     9.2123   142.8035    27.5147    32.5832
  -1025.00   42252.45  0.0923728     9.2199   141.4980    27.7041    32.4794
  -1015.00   42250.35  0.0924977     9.2284   140.3301    27.9270    32.3810
  -1005.00   42247.96  0.0927517     9.2435   139.2061    28.2795    32.2662
   -995.00   42248.40  0.0928763     9.2578   138.2885    28.5485    32.1420
   -985.00   42249.35  0.0930165     9.2693   137.4207    28.8384    32.0320
   -975.00   42247.79  0.0930806     9.2874   136.4139    29.2485    31.9553
   -965.00   42247.46  0.0932051     9.3068   135.4684    29.5818    31.8627
   -955.00   42249.99  0.0933187     9.3216   134.4423    29.9142    31.7651
   -945.00   42251.32  0.0931453     9.3368   133.1972    30.2650    31.7164
   -935.00   42250.75  0.0931063     9.3532   131.8329    30.5846    31.6724
   -925.00   42251.41  0.0931463     9.3684   130.3193    30.9224    31.6065
   -915.00   42253.84  0.0928864     9.3788   128.7329    31.1639    31.5568
   -905.00   42254.47  0.0926942     9.3865   127.0585    31.3929    31.5216
   -895.00   42252.74  0.0926049     9.3978   125.2772    31.6986    31.4786
   -885.00   42252.69  0.0924545     9.4054   123.6970    31.8577    31.4073
   -875.00   42253.83  0.0923313     9.4074   122.2286    32.0040    31.3301
   -865.00   42252.43  0.0921546     9.4140   120.7581    32.2492    31.2723
   -855.00   42249.77  0.0921901     9.4223   119.5698    32.4128    31.1809
   -845.00   42249.48  0.0923215     9.4276   118.5776    32.5827    31.0571
   -835.00   42249.98  0.0922183     9.4346   117.6364    32.7911    30.9604
   -825.00   42248.55  0.0923344     9.4451   116.7794    33.0244    30.8627
   -815.00   42246.97  0.0926245     9.4588   115.9387    33.3248    30.7383
   -805.00   42248.23  0.0926718     9.4717   115.1257    33.5591    30.6249
   -795.00   42250.16  0.0927562     9.4840   114.1795    33.8439    30.5321
   -785.00   42249.51  0.0929031     9.5026   112.9745    34.2536    30.4543
   -775.00   42249.80  0.0930030     9.5207   111.7526    34.5365    30.3682
   -765.00   42252.53  0.0930437     9.5335   110.3709    34.8212    30.2895
   -755.00   42253.95  0.0928802     9.5486   108.6871    35.1991    30.2557
   -745.00   42253.17  0.0928686     9.5646   106.9840    35.4923    30.2146
   -735.00   42252.95  0.0928971     9.5760   105.2858    35.7520    30.1518
   -725.00   42254.30  0.0925828     9.5838   103.5689    35.9854    30.1171
   -715.00   42254.06  0.0924177     9.5914   101.9157    36.2166    30.0861
   -705.00   42251.35  0.0924379     9.6001   100.3852    36.4725    30.0269
   -695.00   42250.40  0.0922665     9.6046    99.1478    36.5893    29.9547
   -685.00   42251.07  0.0921474     9.6061    98.0560    36.7324    29.8806
   -675.00   42249.73  0.0921309     9.6131    96.9712    37.0079    29.8077
   -665.00   42247.69  0.0922291     9.6210    96.1735    37.1461    29.7030
   -655.00   42247.94  0.0923740     9.6256    95.4707    37.2948    29.5795
   -645.00   42249.47  0.0923354     9.6341    94.6016    37.5751    29.4875
   -635.00   42249.17  0.0925507     9.6474    93.7135    37.8373    29.3879
   -625.00   42248.51  0.0928909     9.6606    92.7499    38.1172    29.2641
   -615.00   42250.47  0.0928864     9.6728    91.6159    38.3875    29.1698
   -605.00   42252.71  0.0929812     9.6870    90.2314    38.7276    29.0984
   -595.00   42252.35  0.0932065     9.7047    88.6177    39.1493    29.0228
   -585.00   42252.22  0.0932291     9.7193    87.0149    39.4192    28.9496
   -575.00   42254.08  0.0931733     9.7297    85.2880    39.7181    28.8933
   -565.00   42254.80  0.0930546     9.7431    83.3672    40.1498    28.8620
   -555.00   42253.25  0.0930285     9.7559    81.6479    40.4277    28.8142
   -545.00   42251.84  0.0929760     9.7627    80.1084    40.6495    28.7506
   -535.00   42252.25  0.0926225     9.7682    78.6022    40.9339    28.7160
   -525.00   42251.65  0.0924920     9.7755    77.2872    41.1909    28.6733
   -515.00   42248.87  0.0925332     9.7814    76.2123    41.4100    28.5951
   -505.00   42247.88  0.0922725     9.7838    75.3521    41.5373    28.5210
   -495.00   42248.96  0.0921202     9.7863    74.5294    41.7211    28.4500
   -485.00   42248.62  0.0921848     9.7936    73.6585    42.0056    28.3630
   -475.00   42247.69  0.0922051     9.8001    72.9528    42.1179    28.2566
   -465.00   42248.74  0.0922358     9.8040    72.1695    42.2522    28.1452
   -455.00   42251.16  0.0922262     9.8135    71.0439    42.5730    28.0576
   -445.00   42251.87  0.0924298     9.8269    69.8635    42.8006    27.9573
   -435.00   42251.45  0.0927056     9.8382    68.5768    43.0091    27.8391
   -425.00   42253.13  0.0926352     9.8496    67.0219    43.2932    27.7600
   -415.00   42254.76  0.0927647     9.8655    65.2851    43.6258    27.6978
   -405.00   42253.90  0.0930475     9.8820    63.4854    43.9905    27.6205
   -395.00   42252.53  0.0929846     9.8942    61.8028    44.2241    27.5598
   -385.00   42252.99  0.0929005     9.9049    60.0968    44.5264    27.5250
   -375.00   42253.03  0.0928847     9.9180    58.3795    44.9557    27.4942
   -365.00   42251.06  0.0928326     9.9279    57.0301    45.1765    27.4476
   -355.00   42249.27  0.0926917     9.9317    55.9001    45.3533    27.3982
   -345.00   42249.60  0.0923763     9.9362    54.7649    45.6605    27.3677
   -335.00   42249.68  0.0923107     9.9423    53.8451    45.8786    27.3151
   -325.00   42247.82  0.0923607     9.9452    53.1140    46.0148    27.2285
   -315.00   42247.53  0.0920838     9.9459    52.3810    46.1443    27.1542
   -305.00   42249.34  0.0920361     9.9502    51.5265    46.3420    27.0792
   -295.00   42250.15  0.0922680     9.9580    50.5455    46.5931    26.9755
   -285.00   42249.95  0.0923026     9.9640    49.5688    46.6960    26.8676
   -275.00   42251.20  0.0923537     9.9700    48.3577    46.8725    26.7710
   -265.00   42253.64  0.0925189     9.9822    46.7768    47.2513    26.6850
   -255.00   42254.44  0.0927618     9.9959    45.2075    47.4873    26.5899
   -245.00   42253.38  0.0929724    10.0061    43.6031    47.6960    26.4920
   -235.00   42253.83  0.0929081    10.0178    41.7789    48.0652    26.4335
   -225.00   42254.37  0.0930604    10.0333    39.9980    48.4158    26.3802
   -215.00   42252.93  0.0933291    10.0464    38.3725    48.7403    26.3069
   -205.00   42250.62  0.0931417    10.0546    36.9280    48.9995    26.2585
   -195.00   42250.13  0.0930466    10.0642    35.5451    49.3298    26.2318
   -185.00   42250.24  0.0931173    10.0750    34.2543    49.7471    26.1881
   -175.00   42248.74  0.0929876    10.0805    33.3205    49.9423    26.1328
   -165.00   42247.51  0.0927675    10.0827    32.4608    50.1426    26.0893
   -155.00   42248.44  0.0925285    10.0871    31.4742    50.5033    26.0492
   -145.00   42249.73  0.0924732    10.0920    30.6320    50.7090    25.9816
   -135.00   42249.15  0.0924284    10.0928    29.8242    50.8209    25.8955
   -125.00   42249.47  0.0920958    10.0934    28.7976    51.0132    25.8251
   -115.00   42251.60  0.0920651    10.0990    27.5960    51.2264    25.7471
   -105.00   42253.06  0.0922982    10.1059    26.2828    51.4235    25.6380
    -95.00   42252.79  0.0922128    10.1103    24.9169    51.5214    25.5358
    -85.00   42253.17  0.0922234    10.1177    23.3324    51.7180    25.4529
    -75.00   42254.65  0.0924802    10.1309    21.5497    52.0742    25.3639
    -65.00   42254.84  0.0926825    10.1432    19.9447    52.2623    25.2692
    -55.00   42252.83  0.0927928    10.1529    18.4071    52.4505    25.1909
    -45.00   42251.89  0.0927882    10.1659    16.7616    52.8488    25.1420
    -35.00   42251.77  0.0929590    10.1809    15.3403    53.1655    25.0907
    -25.00   42250.51  0.0931704    10.1917    14.1657    53.4136    25.0280
    -15.00   42248.29  0.0929168    10.1985    13.0721    53.6995    24.9965
     -5.00   42247.84  0.0928348    10.2079    12.0323    54.0161    24.9776
      5.00   42248.87  0.0929641    10.2165    11.0604    54.3575    24.9305
     15.00   42248.55  0.0927327    10.2182    10.2765    54.5119    24.8787
     25.00   42248.27  0.0924963    10.2196     9.3682    54.7088    24.8451
     35.00   42249.78  0.0923918    10.2240     8.2289    55.0533    24.7959
     45.00   42251.98  0.0923651    10.2267     7.1743    55.1924    24.7139
     55.00   42252.16  0.0922927    10.2267     6.0081    55.2778    24.6331
     65.00   42252.22  0.0920657    10.2291     4.5346    55.5176    24.5625
     75.00   42253.74  0.0921668    10.2365     2.9848    55.7219    24.4737
     85.00   42254.84  0.0924548    10.2434     1.4372    55.8681    24.3651
     95.00   42253.84  0.0923724    10.2485   359.8625    56.0152    24.2744
    105.00   42252.81  0.0924737    10.2589   358.2144    56.2643    24.2033
    115.00   42253.06  0.0928594    10.2729   356.5978    56.6072    24.1170
    125.00   42252.82  0.0930203    10.2832   355.2752    56.7947    24.0314
    135.00   42250.51  0.0930774    10.2926   354.0244    57.0374    23.9788
    145.00   42249.00  0.0931621    10.3056   352.7236    57.4833    23.9377
    155.00   42249.22  0.0933260    10.3177   351.6920    57.7906    23.8829
    165.00   42248.89  0.0934095    10.3245   350.8120    58.0198    23.8336
    175.00   42247.57  0.0931388    10.3298   349.8154    58.3759    23.8092
    185.00   42247.72  0.0930649    10.3377   348.7996    58.7112    23.7812
    195.00   42249.81  0.0931779    10.3429   347.7814    58.9911    23.7251
    205.00   42250.76  0.0928485    10.3421   346.7230    59.1789    23.6731
    215.00   42250.95  0.0926017    10.3438   345.4335    59.4149    23.6379
    225.00   42252.31  0.0925949    10.3485   343.9208    59.7509    23.5761
    235.00   42254.57  0.0924932    10.3492   342.5121    59.8703    23.4856
    245.00   42254.61  0.0923434    10.3494   340.9836    59.9815    23.4145
    255.00   42253.53  0.0921796    10.3537   339.2439    60.2734    23.3456
    265.00   42253.65  0.0922765    10.3611   337.6638    60.4551    23.2475
    275.00   42253.93  0.0924578    10.3669   336.2403    60.5557    23.1482
    285.00   42252.38  0.0923237    10.3725   334.8459    60.7437    23.0704
    295.00   42250.31  0.0924381    10.3843   333.5357    60.9923    23.0006
    305.00   42250.00  0.0928260    10.3975   332.3886    61.2542    22.9156
    315.00   42250.26  0.0928798    10.4059   331.4743    61.4172    22.8400
    325.00   42248.65  0.0929141    10.4161   330.5261    61.6705    22.8033
    335.00   42247.56  0.0930993    10.4299   329.4713    62.0908    22.7655
    345.00   42248.76  0.0932239    10.4394   328.5954    62.3408    22.7101
    355.00   42249.71  0.0932079    10.4445   327.6548    62.5536    22.6811
    365.00   42249.41  0.0929939    10.4501   326.4212    62.9403    22.6677
    375.00   42249.88  0.0929508    10.4567   325.1344    63.2493    22.6326
    385.00   42252.31  0.0929874    10.4588   323.8090    63.4465    22.5821
    395.00   42253.76  0.0926215    10.4567   322.3280    63.6500    22.5381
    405.00   42253.42  0.0924179    10.4589   320.6849    63.8839    22.4978
    415.00   42253.66  0.0925111    10.4630   318.9940    64.1360    22.4246
    425.00   42255.09  0.0923786    10.4623   317.4946    64.2197    22.3295
    435.00   42254.47  0.0922707    10.4640   315.9779    64.3359    22.2622
    445.00   42252.21  0.0923147    10.4717   314.4054    64.6330    22.1896
    455.00   42251.21  0.0924840    10.4794   313.1676    64.7831    22.0824
    465.00   42251.16  0.0926575    10.4857   312.1044    64.8849    21.9975
    475.00   42249.84  0.0926277    10.4939   311.0138    65.1498    21.9376
    485.00   42247.75  0.0928372    10.5071   310.0402    65.4278    21.8692
    495.00   42247.82  0.0932038    10.5184   309.1864    65.6615    21.7965
    505.00   42249.24  0.0931813    10.5248   308.3550    65.8806    21.7417
    515.00   42248.84  0.0932201    10.5348   307.3562    66.1885    21.7158
    525.00   42248.49  0.0934626    10.5465   306.1871    66.5892    21.6772
    535.00   42250.55  0.0934803    10.5515   305.0694    66.8289    21.6206
    545.00   42252.38  0.0933873    10.5548   303.7369    67.0748    21.5997
    555.00   42252.47  0.0932651    10.5605   302.0749    67.4957    21.5826
    565.00   42252.43  0.0932291    10.5649   300.4465    67.7892    21.5277
    575.00   42254.12  0.0931661    10.5650   298.8151    67.9770    21.4789
    585.00   42255.14  0.0928077    10.5636   297.0726    68.2432    21.4391
    595.00   42253.53  0.0926470    10.5671   295.3685    68.5084    21.3860
    605.00   42252.35  0.0927095    10.5702   293.8337    68.7138    21.3089
    615.00   42252.86  0.0924717    10.5687   292.5498    68.8268    21.2201
    625.00   42252.02  0.0923228    10.5718   291.3461    68.9772    21.1572
    635.00   42249.46  0.0924376    10.5807   290.1957    69.2458    21.0820
    645.00   42248.35  0.0925102    10.5868   289.3819    69.3636    20.9721
    655.00   42249.00  0.0925791    10.5927   288.6363    69.4589    20.8993
    665.00   42248.76  0.0926161    10.6033   287.7256    69.7428    20.8498
    675.00   42247.41  0.0928365    10.6163   286.8759    69.9830    20.7744
    685.00   42248.27  0.0931157    10.6260   285.9916    70.1646    20.7126
    695.00   42250.80  0.0930588    10.6328   284.9016    70.4129    20.6791
    705.00   42251.25  0.0931323    10.6439   283.5820    70.7228    20.6567
    715.00   42251.08  0.0933836    10.6540   282.0899    71.0535    20.6222
    725.00   42252.99  0.0932944    10.6563   280.5748    71.2816    20.5788
    735.00   42254.76  0.0931634    10.6591   278.8750    71.5340    20.5688
    745.00   42254.27  0.0931378    10.6650   276.9903    71.9184    20.5508
    755.00   42252.93  0.0930569    10.6666   275.3147    72.1542    20.4861
    765.00   42253.34  0.0929240    10.6650   273.7445    72.3153    20.4416
    775.00   42253.67  0.0926517    10.6653   272.1767    72.5887    20.4047
    785.00   42251.12  0.0925814    10.6697   270.8443    72.8132    20.3313
    795.00   42249.28  0.0926413    10.6722   269.7534    72.9540    20.2519
    805.00   42249.75  0.0924310    10.6718   268.8368    73.0868    20.1723
    815.00   42249.48  0.0923936    10.6784   267.9742    73.2583    20.1068
    825.00   42247.69  0.0926339    10.6886   267.1371    73.4739    20.0313
    835.00   42247.28  0.0927014    10.6941   266.4478    73.5991    19.9306
    845.00   42249.21  0.0927762    10.7009   265.6412    73.7392    19.8749
    855.00   42250.07  0.0929710    10.7137   264.5417    74.0476    19.8368
    865.00   42249.37  0.0932017    10.7250   263.4228    74.2876    19.7612
    875.00   42250.65  0.0934026    10.7319   262.1514    74.4858    19.7136
    885.00   42253.43  0.0933785    10.7389   260.5706    74.8069    19.6994
    895.00   42253.81  0.0934833    10.7492   258.8671    75.1355    19.6689
    905.00   42252.90  0.0936795    10.7559   257.1055    75.4363    19.6316
    915.00   42253.74  0.0935078    10.7558   255.3552    75.7120    19.5976
    925.00   42254.78  0.0933709    10.7588   253.5987    76.0039    19.5822
    935.00   42253.35  0.0934002    10.7643   251.8816    76.3568    19.5515
    945.00   42250.85  0.0932365    10.7635   250.4752    76.5939    19.4794
    955.00   42250.58  0.0930403    10.7614   249.2367    76.7857    19.4346
    965.00   42250.82  0.0928538    10.7643   248.0366    77.0862    19.3971
    975.00   42248.43  0.0927650    10.7684   247.1169    77.2957    19.3086
    985.00   42246.93  0.0927372    10.7699   246.3406    77.4325    19.2305
    995.00   42248.28  0.0925059    10.7710   245.5529    77.6168    19.1667
   1005.00   42249.17  0.0924821    10.7796   244.7542    77.7949    19.0939
   1015.00   42248.55  0.0926709    10.7892   243.8775    77.9599    19.0193
   1025.00   42248.91  0.0926355    10.7934   242.9421    78.0942    18.9332
   1035.00   42251.71  0.0926773    10.8018   241.7871    78.2523    18.8860
   1045.00   42253.05  0.0929239    10.8157   240.3431    78.5096    18.8510
   1055.00   42252.12  0.0930810    10.8253   238.8646    78.7118    18.7779
   1065.00   42252.80  0.0932008    10.8309   237.2494    78.9032    18.7435
   1075.00   42254.67  0.0932551    10.8399   235.4038    79.2296    18.7444
   1085.00   42254.18  0.0933600    10.8498   233.6479    79.5185    18.7075
   1095.00   42251.98  0.0934804    10.8537   231.9842    79.7760    18.6733
   1105.00   42251.75  0.0932895    10.8533   230.3880    80.0772    18.6590
   1115.00   42252.31  0.0931760    10.8570   228.9670    80.3604    18.6380
   1125.00   42250.62  0.0932018    10.8611   227.7131    80.6411    18.5973
   1135.00   42248.07  0.0929668    10.8581   226.7077    80.8627    18.5292
   1145.00   42248.30  0.0927672    10.8565   225.8241    81.0512    18.4834
   1155.00   42249.22  0.0927030    10.8618   224.9272    81.3029    18.4371
   1165.00   42247.72  0.0926180    10.8655   224.1874    81.4640    18.3370
   1175.00   42247.02  0.0925976    10.8670   223.4105    81.5817    18.2594
   1185.00   42249.33  0.0925128    10.8721   222.4206    81.7850    18.2096
   1195.00   42251.09  0.0925916    10.8832   221.3630    81.9455    18.1293
   1205.00   42250.96  0.0928101    10.8925   220.1356    82.0917    18.0581
   1215.00   42251.50  0.0928084    10.8972   218.7202    82.2785    17.9999
   1225.00   42254.13  0.0929310    10.9077   217.1470    82.4811    17.9605
   1235.00   42255.11  0.0932182    10.9210   215.4251    82.7243    17.9282
   1245.00   42253.15  0.0933078    10.9272   213.7413    82.9565    17.8669
   1255.00   42252.72  0.0933906    10.9313   212.0593    83.2015    17.8426
   1265.00   42253.35  0.0935176    10.9405   210.3433    83.5402    17.8432
   1275.00   42252.08  0.0935658    10.9478   208.8786    83.8259    17.7932
   1285.00   42249.15  0.0935984    10.9483   207.5766    84.0958    17.7535
   1295.00   42248.68  0.0934506    10.9488   206.3218    84.4435    17.7459
   1305.00   42249.61  0.0933542    10.9535   205.2901    84.7326    17.7073
   1315.00   42248.55  0.0933303    10.9562   204.3697    84.9946    17.6518
   1325.00   42246.97  0.0930501    10.9526   203.4884    85.2614    17.5947
   1335.00   42248.35  0.0928578    10.9530   202.6188    85.4867    17.5467
   1345.00   42250.32  0.0928113    10.9595   201.6483    85.7167    17.4915
   1355.00   42249.72  0.0926256    10.9618   200.6563    85.8897    17.3936
   1365.00   42249.56  0.0925308    10.9627   199.5193    86.0327    17.3217
   1375.00   42251.98  0.0924986    10.9707   198.1245    86.2395    17.2788
   1385.00   42253.72  0.0925092    10.9820   196.7077    86.3749    17.1915
   1395.00   42252.88  0.0926322    10.9898   195.1722    86.5023    17.1189
   1405.00   42252.62  0.0926338    10.9961   193.4889    86.7067    17.0837
   1415.00   42254.18  0.0927693    11.0088   191.8632    86.8858    17.0423
   1425.00   42254.36  0.0930123    11.0217   190.2722    87.0793    17.0054
   1435.00   42251.43  0.0930379    11.0262   188.7781    87.3166    16.9648
   1445.00   42250.30  0.0931319    11.0312   187.4149    87.5663    16.9501
   1455.00   42250.62  0.0932964    11.0408   186.1320    87.8596    16.9495
   1465.00   42249.45  0.0932570    11.0454   185.0691    88.1276    16.9004
   1475.00   42246.94  0.0932254    11.0435   184.1015    88.3985    16.8656
   1485.00   42247.06  0.0931466    11.0452   183.0854    88.7335    16.8631
   1495.00   42248.99  0.0930225    11.0499   182.2090    88.9833    16.8100
   1505.00   42248.79  0.0929307    11.0502   181.2976    89.2100    16.7412
   1515.00   42248.34  0.0926836    11.0476   180.2157    89.4787    16.6963
   1525.00   42250.51  0.0925581    11.0512   179.0891    89.6732    16.6400
   1535.00   42252.99  0.0925442    11.0591   177.8216    89.8419    16.5690
   1545.00   42252.51  0.0923645    11.0613   176.4175    90.0142    16.4819
   1555.00   42252.03  0.0923479    11.0645   174.9088    90.1616    16.4192
   1565.00   42253.58  0.0924625    11.0761   173.2662    90.3377    16.3778
   1575.00   42254.48  0.0924780    11.0872   171.6979    90.4741    16.2934
   1585.00   42252.39  0.0926066    11.0931   170.1424    90.6292    16.2289
   1595.00   42251.20  0.0927316    11.1016   168.5627    90.8678    16.2141
   1605.00   42251.92  0.0928952    11.1147   167.2199    91.0553    16.1701
   1615.00   42251.65  0.0930875    11.1243   165.9963    91.2673    16.1228
   1625.00   42248.81  0.0931124    11.1271   164.8190    91.5625    16.1031
   1635.00   42247.91  0.0932376    11.1325   163.8047    91.8368    16.0863
   1645.00   42249.09  0.0933862    11.1413   162.8435    92.1182    16.0667
   1655.00   42248.62  0.0932649    11.1428   161.9001    92.4283    16.0191
   1665.00   42247.17  0.0932186    11.1401   160.9260    92.7369    15.9838
   1675.00   42248.12  0.0932033    11.1435   159.8053    93.0669    15.9728
   1685.00   42250.90  0.0930065    11.1478   158.6781    93.3282    15.9068
   1695.00   42251.22  0.0928412    11.1462   157.4009    93.5877    15.8314
   1705.00   42251.08  0.0926403    11.1457   155.8822    93.8884    15.7968
   1715.00   42253.00  0.0925013    11.1518   154.3817    94.0791    15.7331
   1725.00   42255.03  0.0923978    11.1590   152.8120    94.2478    15.6475
   1735.00   42253.80  0.0921694    11.1611   151.1404    94.4603    15.5781
   1745.00   42252.21  0.0921516    11.1666   149.5665    94.6096    15.5212
   1755.00   42252.58  0.0922485    11.1798   148.0728    94.7438    15.4703
   1765.00   42252.59  0.0921568    11.1896   146.7200    94.8894    15.3921
   1775.00   42249.89  0.0922431    11.1949   145.4941    95.0500    15.3371
   1785.00   42248.36  0.0924281    11.2057   144.3314    95.2559    15.3288
   1795.00   42249.23  0.0925286    11.2189   143.4068    95.4108    15.2817
   1805.00   42249.37  0.0926435    11.2257   142.5170    95.6222    15.2314
   1815.00   42247.64  0.0927071    11.2291   141.5325    95.9229    15.2318
   1825.00   42247.65  0.0928433    11.2358   140.6379    96.1629    15.2156
   1835.00   42250.08  0.0929214    11.2430   139.6666    96.4154    15.1788
   1845.00   42250.35  0.0927619    11.2423   138.4803    96.7503    15.1468
   1855.00   42249.62  0.0927316    11.2399   137.2027    97.0500    15.1157
   1865.00   42250.86  0.0927380    11.2448   135.7796    97.3205    15.0892
   1875.00   42253.45  0.0924568    11.2478   134.2522    97.5817    15.0182
   1885.00   42253.45  0.0922755    11.2453   132.6221    97.8415    14.9414
   1895.00   42252.48  0.0921848    11.2480   130.8821    98.1012    14.9069
   1905.00   42253.41  0.0920435    11.2571   129.3086    98.2426    14.8329
   1915.00   42254.46  0.0919281    11.2638   127.7925    98.3992    14.7363
   1925.00   42252.49  0.0918125    11.2679   126.2735    98.6187    14.6844
   1935.00   42250.19  0.0919019    11.2772   125.0294    98.7332    14.6338
   1945.00   42250.20  0.0920390    11.2913   123.9564    98.8391    14.5721
   1955.00   42250.11  0.0919791    11.2995   122.9288    99.0371    14.5112
   1965.00   42247.85  0.0921470    11.3046   122.0218    99.2289    14.4719
   1975.00   42246.79  0.0924224    11.3162   121.1486    99.4256    14.4613
   1985.00   42248.50  0.0924588    11.3270   120.3296    99.6236    14.4120
   1995.00   42249.49  0.0925427    11.3298   119.3887    99.8991    14.3619
   2005.00   42248.92  0.0926698    11.3334   118.2344   100.2312    14.3654
   2015.00   42249.71  0.0927658    11.3406   117.0897   100.4685    14.3377
   2025.00   42252.68  0.0927484    11.3450   115.7572   100.7565    14.2782
   2035.00   42253.28  0.0926016    11.3439   114.1169   101.1432    14.2529
   2045.00   42252.36  0.0926001    11.3438   112.4617   101.4433    14.2204
   2055.00   42252.99  0.0925663    11.3499   110.7796   101.6939    14.1697
   2065.00   42254.42  0.0922322    11.3519   108.9947   102.0142    14.1026
   2075.00   42253.57  0.0920574    11.3497   107.2807   102.3136    14.0322
   2085.00   42251.38  0.0920144    11.3552   105.6875   102.5498    13.9923
   2095.00   42251.27  0.0917631    11.3647   104.3460   102.7085    13.9131
   2105.00   42251.79  0.0915677    11.3695   103.1431   102.9067    13.8142
   2115.00   42249.84  0.0914909    11.3749   102.0003   103.1363    13.7720
   2125.00   42247.82  0.0915244    11.3871   101.1775   103.2090    13.7205
   2135.00   42248.45  0.0915518    11.4003   100.4537   103.3001    13.6440
   2145.00   42249.19  0.0914822    11.4076    99.5909   103.5241    13.5978
   2155.00   42248.09  0.0916764    11.4147    98.7750   103.6829    13.5710
   2165.00   42247.88  0.0919390    11.4275    97.9031   103.8166    13.5506
   2175.00   42250.28  0.0919007    11.4363    96.8338   104.0406    13.5075
   2185.00   42251.93  0.0919946    11.4374    95.5428   104.3349    13.4702
   2195.00   42251.65  0.0921886    11.4417    94.0324   104.6376    13.4761
   2205.00   42252.27  0.0921880    11.4490    92.5072   104.8587    13.4419
   2215.00   42254.63  0.0920918    11.4500    90.8037   105.1774    13.3745
   2225.00   42254.77  0.0919830    11.4488    88.8958   105.5772    13.3533
   2235.00   42253.00  0.0919697    11.4514    87.1850   105.8221    13.3162
   2245.00   42252.56  0.0918423    11.4574    85.6101   106.0382    13.2387
   2255.00   42252.88  0.0915188    11.4594    84.0004   106.3697    13.1746
   2265.00   42251.63  0.0914237    11.4597    82.6299   106.6307    13.1103
   2275.00   42249.03  0.0914369    11.4691    81.5324   106.7738    13.0545
   2285.00   42248.73  0.0911765    11.4790    80.5774   106.9341    12.9758
   2295.00   42249.64  0.0910618    11.4834    79.7086   107.1437    12.8863
   2305.00   42248.46  0.0911637    11.4913    78.8597   107.3378    12.8523
   2315.00   42247.50  0.0911991    11.5053    78.1816   107.3941    12.8015
   2325.00   42249.01  0.0912200    11.5159    77.4142   107.5253    12.7212
   2335.00   42250.70  0.0912700    11.5218    76.3300   107.8063    12.6892
   2345.00   42250.61  0.0915190    11.5303    75.2357   107.9596    12.6697
   2355.00   42250.76  0.0917345    11.5420    74.0206   108.0986    12.6307
   2365.00   42252.99  0.0916802    11.5477    72.4605   108.4117    12.5899
   2375.00   42254.50  0.0918246    11.5480    70.7494   108.7461    12.5592
   2385.00   42253.57  0.0920563    11.5535    68.9839   109.0277    12.5502
   2395.00   42253.14  0.0919467    11.5598    67.2404   109.2993    12.5034
   2405.00   42254.20  0.0918295    11.5587    65.4568   109.6803    12.4318
   2415.00   42253.64  0.0918053    11.5583    63.6684   110.1006    12.4067
   2425.00   42251.27  0.0917284    11.5639    62.2432   110.3294    12.3602
   2435.00   42250.07  0.0915033    11.5687    61.0060   110.5828    12.2661
   2445.00   42250.21  0.0912027    11.5703    59.7397   110.9672    12.2036
   2455.00   42249.48  0.0911355    11.5735    58.7589   111.2080    12.1468
   2465.00   42247.52  0.0910617    11.5843    58.0157   111.3238    12.0728
   2475.00   42247.74  0.0907337    11.5933    57.1981   111.5333    11.9962
   2485.00   42249.59  0.0906349    11.5975    56.3515   111.7618    11.9195
   2495.00   42249.59  0.0907668    11.6078    55.4756   111.8988    11.8826
   2505.00   42249.55  0.0906816    11.6222    54.5589   111.9618    11.8299
   2515.00   42251.38  0.0906401    11.6307    53.4280   112.1227    11.7524
   2525.00   42253.44  0.0907778    11.6366    51.9538   112.3986    11.7299
   2535.00   42253.60  0.0909795    11.6475    50.5039   112.5052    11.7138
   2545.00   42253.07  0.0910913    11.6578    48.9646   112.6393    11.6632
   2555.00   42254.16  0.0910557    11.6612    47.1152   112.9989    11.6288
   2565.00   42254.82  0.0912479    11.6625    45.3254   113.3036    11.6097
   2575.00   42253.02  0.0914422    11.6689    43.6963   113.5288    11.5849
   2585.00   42251.48  0.0912432    11.6734    42.1145   113.8461    11.5313
   2595.00   42251.60  0.0911424    11.6709    40.6298   114.2420    11.4641
   2605.00   42251.05  0.0911977    11.6720    39.2974   114.6040    11.4316
   2615.00   42249.10  0.0910068    11.6794    38.2966   114.8071    11.3706
   2625.00   42248.06  0.0907277    11.6832    37.4016   115.0682    11.2667
   2635.00   42248.94  0.0905346    11.6851    36.3978   115.4411    11.2038
   2645.00   42249.32  0.0905013    11.6931    35.6211   115.5896    11.1489
   2655.00   42248.43  0.0903952    11.7051    34.9033   115.6662    11.0608
   2665.00   42249.21  0.0901355    11.7135    33.8874   115.9019    10.9873
   2675.00   42251.61  0.0901949    11.7195    32.7649   116.0967    10.9309
   2685.00   42252.36  0.0904092    11.7319    31.5863   116.1773    10.8893
   2695.00   42252.36  0.0903272    11.7450    30.2152   116.2935    10.8366
   2705.00   42253.51  0.0903613    11.7508    28.6343   116.5220    10.7708
   2715.00   42255.01  0.0906493    11.7564    26.8760   116.8004    10.7517
   2725.00   42254.71  0.0908034    11.7675    25.2429   116.9366    10.7278
   2735.00   42252.96  0.0908403    11.7749    23.6351   117.1454    10.6641
   2745.00   42252.67  0.0908753    11.7758    21.8701   117.5755    10.6268
   2755.00   42252.61  0.0910756    11.7791    20.3776   117.8627    10.6051
   2765.00   42250.65  0.0911800    11.7860    19.1434   118.0851    10.5556
   2775.00   42248.73  0.0909460    11.7888    17.8893   118.4809    10.4918
   2785.00   42248.80  0.0909024    11.7867    16.7566   118.8890    10.4314
   2795.00   42249.16  0.0909904    11.7903    15.7892   119.1997    10.3867
   2805.00   42248.40  0.0907041    11.7980    14.9210   119.4541    10.3148
   2815.00   42248.08  0.0904025    11.8003    13.9938   119.7785    10.2133
   2825.00   42249.84  0.0903065    11.8026    12.8840   120.1532    10.1525
   2835.00   42251.36  0.0901804    11.8132    11.8798   120.2886    10.0939
   2845.00   42251.20  0.0899560    11.8245    10.7914   120.4020     9.9969
   2855.00   42251.80  0.0897048    11.8313     9.3257   120.6962     9.9243
   2865.00   42253.81  0.0897700    11.8399     7.8507   120.8389     9.8799
   2875.00   42254.52  0.0899032    11.8539     6.4002   120.8733     9.8281
   2885.00   42253.62  0.0897546    11.8658     4.7697   121.0314     9.7718
   2895.00   42253.33  0.0898377    11.8710     3.0925   121.2602     9.7229
   2905.00   42253.85  0.0901801    11.8781     1.4939   121.4646     9.7043
   2915.00   42253.15  0.0902544    11.8891     0.0811   121.6070     9.6741
   2925.00   42250.69  0.0902485    11.8937   358.7494   121.8641     9.6117
   2935.00   42249.74  0.0903794    11.8931   357.3732   122.2944     9.5778
   2945.00   42249.87  0.0905213    11.8978   356.3102   122.5418     9.5517
   2955.00   42248.78  0.0905029    11.9037   355.4175   122.7690     9.4845
   2965.00   42247.39  0.0902654    11.9041   354.3478   123.2189     9.4127
   2975.00   42248.05  0.0902486    11.9038   353.3608   123.5719     9.3570
   2985.00   42249.67  0.0902870    11.9100   352.4536   123.7948     9.2949
   2995.00   42250.07  0.0899427    11.9179   351.3904   124.0677     9.2100
   3005.00   42250.22  0.0897080    11.9204   350.1588   124.3820     9.1169
   3015.00   42252.19  0.0897476    11.9256   348.7782   124.6570     9.0575
   3025.00   42254.04  0.0896021    11.9386   347.4088   124.7628     8.9934
   3035.00   42253.75  0.0894069    11.9491   345.9321   124.8971     8.8980
   3045.00   42253.26  0.0893489    11.9548   344.1780   125.2061     8.8338
   3055.00   42254.02  0.0894708    11.9658   342.6011   125.3025     8.7969
   3065.00   42254.19  0.0895984    11.9794   341.1691   125.3418     8.7369
   3075.00   42252.25  0.0895051    11.9879   339.6158   125.5980     8.6746
   3085.00   42250.85  0.0896942    11.9927   338.2097   125.8331     8.6381
   3095.00   42250.86  0.0900539    12.0003   337.0270   126.0097     8.6092
   3105.00   42250.46  0.0900636    12.0098   335.9618   126.2222     8.5604
   3115.00   42248.34  0.0900849    12.0118   334.9138   126.5556     8.4987
   3125.00   42247.64  0.0903054    12.0111   333.8412   126.9747     8.4604
   3135.00   42248.74  0.0903738    12.0172   332.9458   127.2311     8.4194
   3145.00   42249.01  0.0902751    12.0220   332.0199   127.5191     8.3391
   3155.00   42248.44  0.0901148    12.0206   330.7709   128.0295     8.2634
   3165.00   42249.60  0.0900989    12.0228   329.5512   128.3586     8.2092
   3175.00   42252.06  0.0900495    12.0306   328.3174   128.5734     8.1333
   3185.00   42252.98  0.0896758    12.0370   326.7886   128.9283     8.0385
   3195.00   42252.75  0.0894895    12.0399   325.1421   129.2580     7.9574
   3205.00   42253.83  0.0895240    12.0474   323.5055   129.4788     7.8951
   3215.00   42255.10  0.0892836    12.0609   321.9109   129.6198     7.8206
   3225.00   42254.04  0.0890592    12.0700   320.3194   129.8048     7.7300
   3235.00   42252.12  0.0890866    12.0758   318.6915   130.0868     7.6723
   3245.00   42251.66  0.0891242    12.0887   317.3825   130.1577     7.6333
   3255.00   42251.66  0.0891482    12.1017   316.2888   130.2038     7.5672
   3265.00   42249.55  0.0891093    12.1075   315.0829   130.5062     7.5060
   3275.00   42248.06  0.0893045    12.1134   314.0991   130.6903     7.4792
   3285.00   42248.51  0.0895952    12.1216   313.2960   130.8158     7.4433
   3295.00   42249.22  0.0895421    12.1284   312.4008   131.0870     7.3816
   3305.00   42248.18  0.0896131    12.1289   311.4087   131.4279     7.3301
   3315.00   42248.13  0.0898627    12.1287   310.3344   131.7862     7.2898
   3325.00   42250.27  0.0898241    12.1351   309.2478   132.0482     7.2309
   3335.00   42251.46  0.0896791    12.1380   307.9625   132.3778     7.1461
   3345.00   42251.16  0.0896089    12.1361   306.3517   132.8698     7.0695
   3355.00   42252.00  0.0895478    12.1412   304.8024   133.1388     7.0083
   3365.00   42254.22  0.0894079    12.1503   303.2506   133.3268     6.9195
   3375.00   42254.71  0.0890933    12.1557   301.4545   133.7004     6.8186
   3385.00   42253.37  0.0889993    12.1610   299.7508   133.9562     6.7478
   3395.00   42253.05  0.0890540    12.1716   298.2460   134.0853     6.6823
   3405.00   42253.62  0.0888331    12.1849   296.8345   134.2414     6.5984
   3415.00   42251.95  0.0887387    12.1927   295.5236   134.4362     6.5206
   3425.00   42249.33  0.0889224    12.1991   294.3302   134.6598     6.4706
   3435.00   42248.61  0.0889711    12.2119   293.4130   134.7469     6.4242
   3445.00   42249.17  0.0889983    12.2221   292.6075   134.8619     6.3543
   3455.00   42247.85  0.0891114    12.2248   291.6256   135.2106     6.2948
   3465.00   42246.98  0.0893141    12.2307   290.7798   135.4046     6.2640
   3475.00   42248.45  0.0895263    12.2386   289.9644   135.5554     6.2126
   3485.00   42250.40  0.0894854    12.2420   288.8409   135.9278     6.1362
   3495.00   42250.38  0.0895992    12.2423   287.5688   136.2775     6.0855
   3505.00   42250.59  0.0898390    12.2441   286.1832   136.5993     6.0370
   3515.00   42253.05  0.0897232    12.2501   284.6632   136.9223     5.9577
   3525.00   42254.24  0.0896056    12.2520   282.9465   137.3007     5.8740
   3535.00   42253.30  0.0896283    12.2509   281.0566   137.7683     5.8004
   3545.00   42252.87  0.0895066    12.2578   279.3299   138.0456     5.7291
   3555.00   42254.01  0.0892953    12.2664   277.6910   138.2897     5.6340
   3565.00   42253.74  0.0890500    12.2702   275.9739   138.7086     5.5336
   3575.00   42251.34  0.0889411    12.2769   274.5450   138.9448     5.4657
   3585.00   42250.17  0.0888905    12.2891   273.4066   139.0642     5.3933
   3595.00   42250.80  0.0886196    12.3005   272.3379   139.2847     5.2998
   3605.00   42249.54  0.0885449    12.3078   271.4015   139.4728     5.2312
   3615.00   42247.34  0.0887178    12.3159   270.5847   139.6252     5.1849
   3625.00   42247.40  0.0886803    12.3286   269.8651   139.7264     5.1282
   3635.00   42249.02  0.0886872    12.3365   269.0781   139.8738     5.0623
   3645.00   42248.86  0.0888916    12.3380   268.0410   140.1826     5.0121
