  -7305.00   42252.70  0.0631366     0.1000    84.2286   159.5563    45.3377
  -7295.00   42250.53  0.0631197     0.1126    83.1391   146.9405    57.9380
  -7285.00   42250.52  0.0630968     0.1357    82.0608   136.5355    68.3824
  -7275.00   42251.94  0.0630710     0.1583    80.7710   131.8213    73.3472
  -7265.00   42251.55  0.0632133     0.1698    79.5996   127.4368    77.8167
  -7255.00   42251.41  0.0633912     0.1873    78.2886   122.1343    83.2291
  -7245.00   42253.54  0.0633545     0.2070    76.7661   119.9260    85.6224
  -7235.00   42255.83  0.0634677     0.2185    75.0012   120.0050    85.7994
  -7225.00   42255.95  0.0636828     0.2313    73.0107   119.0854    87.0262
  -7215.00   42255.71  0.0637011     0.2459    71.0915   118.1930    88.0525
  -7205.00   42257.28  0.0636786     0.2640    68.9555   119.7828    86.7390
  -7195.00   42257.64  0.0637521     0.2817    66.6269   121.6730    85.2876
  -7185.00   42255.85  0.0638084     0.2957    64.6386   122.2138    84.9233
  -7175.00   42254.21  0.0637579     0.3208    62.7734   122.6956    84.6150
  -7165.00   42254.38  0.0636179     0.3493    60.8513   124.3633    83.3206
  -7155.00   42253.91  0.0636205     0.3695    59.2419   125.4013    82.5159
  -7145.00   42251.64  0.0636577     0.3957    57.8710   124.7810    83.2815
  -7135.00   42250.71  0.0634522     0.4284    56.6534   124.4223    83.7617
  -7125.00   42251.87  0.0633704     0.4554    55.4406   124.6986    83.6690
  -7115.00   42252.01  0.0634764     0.4797    54.1866   124.0161    84.5640
  -7105.00   42251.17  0.0634550     0.5044    53.1414   122.4342    86.1101
  -7095.00   42251.96  0.0634162     0.5316    51.8912   121.6078    86.9967
  -7085.00   42254.37  0.0635067     0.5535    50.2379   121.3459    87.5535
  -7075.00   42255.31  0.0636946     0.5664    48.6491   120.2970    88.6755
  -7065.00   42255.04  0.0638477     0.5864    46.8979   119.2131    89.8356
  -7055.00   42256.20  0.0638486     0.6065    44.8130   119.3170    90.0173
  -7045.00   42257.90  0.0640337     0.6151    42.6586   119.6999    89.9214
  -7035.00   42257.33  0.0642924     0.6288    40.4897   119.6317    90.2727
  -7025.00   42255.49  0.0642632     0.6476    38.4855   119.8594    90.2426
  -7015.00   42255.18  0.0642555     0.6634    36.4545   121.1258    89.3242
  -7005.00   42254.97  0.0643924     0.6812    34.4444   122.2515    88.6567
  -6995.00   42253.24  0.0644091     0.6998    32.8972   122.6455    88.4421
  -6985.00   42251.13  0.0642704     0.7271    31.4765   123.4384    87.8643
  -6975.00   42251.19  0.0641646     0.7563    29.9394   124.6403    87.0917
  -6965.00   42252.07  0.0641693     0.7777    28.6875   125.1407    86.8092
  -6955.00   42251.20  0.0641190     0.8082    27.5594   124.9412    87.1049
  -6945.00   42251.08  0.0638721     0.8438    26.2678   125.1324    87.1109
  -6935.00   42253.10  0.0638022     0.8687    24.8722   125.3776    87.0598
  -6925.00   42254.77  0.0639154     0.8935    23.3611   124.8836    87.6967
  -6915.00   42254.89  0.0638116     0.9222    21.8541   124.1177    88.4442
  -6905.00   42255.24  0.0637335     0.9466    20.0820   123.9399    88.7203
  -6895.00   42257.04  0.0638900     0.9653    17.9896   123.8757    89.0619
  -6885.00   42257.89  0.0640517     0.9796    16.0843   123.2613    89.7106
  -6875.00   42256.46  0.0641138     0.9992    14.1556   122.9497    90.0847
  -6865.00   42255.60  0.0641541     1.0173    12.0024   123.4511    89.9266
  -6855.00   42255.96  0.0643559     1.0248    10.0711   123.8474    89.7818
  -6845.00   42255.05  0.0645684     1.0404     8.3476   123.9746    89.8475
  -6835.00   42252.79  0.0644770     1.0633     6.7311   124.5967    89.4808
  -6825.00   42251.68  0.0644673     1.0789     5.1937   125.6569    88.7586
  -6815.00   42252.12  0.0646284     1.0980     3.7255   126.3840    88.3951
  -6805.00   42251.88  0.0645599     1.1239     2.5632   126.6690    88.2372
  -6795.00   42250.70  0.0643811     1.1523     1.3332   127.3517    87.7581
  -6785.00   42251.40  0.0643445     1.1805   359.8423   128.1201    87.3704
  -6775.00   42253.67  0.0643699     1.2041   358.5125   128.1861    87.4178
  -6765.00   42254.33  0.0642895     1.2354   357.1117   128.0397    87.6012
  -6755.00   42254.50  0.0641238     1.2689   355.3382   128.2974    87.5751
  -6745.00   42256.02  0.0641508     1.2896   353.4900   128.3908    87.6453
  -6735.00   42257.77  0.0643109     1.3129   351.6132   127.9711    88.1339
  -6725.00   42257.68  0.0642271     1.3421   349.6940   127.6626    88.4914
  -6715.00   42256.24  0.0642098     1.3620   347.6827   127.7662    88.5443
  -6705.00   42256.16  0.0644531     1.3776   345.6274   127.7789    88.7879
  -6695.00   42256.26  0.0645980     1.3949   343.9217   127.4261    89.1773
  -6685.00   42254.23  0.0646349     1.4139   342.3009   127.4971    89.2210
  -6675.00   42252.21  0.0647573     1.4303   340.5577   128.0709    89.0330
  -6665.00   42252.12  0.0649836     1.4393   339.1305   128.3610    88.9704
  -6655.00   42252.34  0.0651479     1.4572   337.8730   128.5710    88.9275
  -6645.00   42251.36  0.0650926     1.4817   336.4697   129.3363    88.5188
  -6635.00   42250.74  0.0651259     1.4968   335.0552   130.2395    87.9882
  -6625.00   42252.40  0.0652935     1.5171   333.6182   130.7685    87.7790
  -6615.00   42253.94  0.0651585     1.5489   332.1768   131.1888    87.5633
  -6605.00   42253.77  0.0649640     1.5778   330.5186   131.9121    87.1193
  -6595.00   42254.34  0.0649572     1.6055   328.5740   132.5187    86.8995
  -6585.00   42256.55  0.0648974     1.6351   326.7836   132.4819    87.0265
  -6575.00   42257.54  0.0647312     1.6687   324.9227   132.4644    87.1016
  -6565.00   42256.76  0.0645927     1.7010   322.7790   132.7386    87.0946
  -6555.00   42256.35  0.0646189     1.7219   320.8099   132.6522    87.2953
  -6545.00   42256.98  0.0647112     1.7457   319.0356   132.2490    87.6976
  -6535.00   42256.40  0.0646260     1.7743   317.2738   132.1718    87.8759
  -6525.00   42253.72  0.0646460     1.7900   315.6077   132.3338    87.8838
  -6515.00   42252.50  0.0649032     1.8027   314.0804   132.3265    88.0814
  -6505.00   42252.74  0.0649733     1.8226   312.8335   132.2226    88.2404
  -6495.00   42251.78  0.0649777     1.8402   311.5911   132.5662    88.0558
  -6485.00   42250.29  0.0651384     1.8546   310.1639   133.1863    87.8142
  -6475.00   42250.87  0.0652951     1.8683   308.9397   133.4431    87.7304
  -6465.00   42252.81  0.0653441     1.8902   307.6843   133.7732    87.5393
  -6455.00   42253.52  0.0653086     1.9165   306.0575   134.5558    87.1258
  -6445.00   42253.39  0.0653495     1.9339   304.3495   135.2058    86.7824
  -6435.00   42255.27  0.0654562     1.9576   302.5942   135.4930    86.6920
  -6425.00   42257.26  0.0653104     1.9930   300.6644   135.9002    86.4987
  -6415.00   42257.01  0.0651690     2.0204   298.5995   136.4614    86.1872
  -6405.00   42256.03  0.0652401     2.0450   296.4427   136.7867    86.1497
  -6395.00   42256.58  0.0651547     2.0776   294.5332   136.7057    86.2916
  -6385.00   42256.94  0.0650146     2.1088   292.7153   136.7673    86.2899
  -6375.00   42255.01  0.0649977     2.1353   290.8074   137.0394    86.2796
  -6365.00   42253.14  0.0650586     2.1564   289.2616   136.8786    86.5061
  -6355.00   42253.13  0.0651278     2.1798   287.9696   136.6134    86.7592
  -6345.00   42253.16  0.0651142     2.2058   286.6305   136.7411    86.7885
  -6335.00   42251.08  0.0652152     2.2193   285.3765   136.9056    86.7950
  -6325.00   42250.22  0.0654845     2.2317   284.1975   136.8922    86.9552
  -6315.00   42251.60  0.0655483     2.2538   283.0202   136.9923    86.9767
  -6305.00   42252.58  0.0655979     2.2702   281.6741   137.4479    86.7323
  -6295.00   42252.13  0.0658351     2.2825   280.0362   138.0110    86.5371
  -6285.00   42253.13  0.0659574     2.3013   278.4272   138.2837    86.4549
  -6275.00   42255.82  0.0659719     2.3254   276.6576   138.7503    86.1863
  -6265.00   42257.08  0.0659999     2.3509   274.5089   139.5563    85.7929
  -6255.00   42256.24  0.0660495     2.3717   272.3783   140.0741    85.5741
  -6245.00   42256.58  0.0660760     2.3998   270.3202   140.3622    85.4865
  -6235.00   42257.50  0.0659323     2.4374   268.1851   140.8597    85.2755
  -6225.00   42256.48  0.0658063     2.4653   266.1615   141.3369    85.0599
  -6215.00   42253.87  0.0658509     2.4908   264.3103   141.5028    85.1233
  -6205.00   42253.03  0.0656968     2.5272   262.7380   141.4941    85.2408
  -6195.00   42253.44  0.0655280     2.5576   261.3549   141.6122    85.2118
  -6185.00   42251.81  0.0655561     2.5793   259.9572   141.7979    85.2522
  -6175.00   42250.30  0.0655553     2.6029   258.8467   141.6057    85.4806
  -6165.00   42250.93  0.0655553     2.6261   257.8275   141.4687    85.6188
  -6155.00   42252.54  0.0655781     2.6472   256.5815   141.7228    85.5477
  -6145.00   42252.03  0.0656891     2.6604   255.2987   141.8429    85.5579
  -6135.00   42251.85  0.0658954     2.6739   253.9261   141.8748    85.6334
  -6125.00   42253.98  0.0659369     2.6971   252.3213   142.1846    85.4988
  -6115.00   42255.92  0.0659914     2.7134   250.5068   142.6809    85.2160
  -6105.00   42255.53  0.0662181     2.7264   248.4699   143.1479    85.0435
  -6095.00   42255.54  0.0662590     2.7516   246.4474   143.4618    84.9193
  -6085.00   42257.20  0.0662262     2.7788   244.3818   143.9704    84.6139
  -6075.00   42257.69  0.0662811     2.8029   242.1790   144.6472    84.2906
  -6065.00   42255.56  0.0662919     2.8286   240.2139   144.9543    84.1940
  -6055.00   42254.06  0.0662619     2.8601   238.4600   145.1817    84.1251
  -6045.00   42254.19  0.0661687     2.8955   236.7498   145.6344    83.9354
  -6035.00   42253.20  0.0660956     2.9216   235.2706   145.9097    83.8456
  -6025.00   42250.59  0.0661429     2.9466   233.9864   145.9364    83.9592
  -6015.00   42249.86  0.0660370     2.9818   232.8018   145.9969    84.0270
  -6005.00   42251.46  0.0659372     3.0081   231.6847   146.1456    83.9722
  -5995.00   42251.46  0.0660432     3.0249   230.4595   146.2487    84.0331
  -5985.00   42251.09  0.0660516     3.0496   229.2606   146.1315    84.2001
  -5975.00   42252.53  0.0660702     3.0725   227.9477   146.1574    84.2214
  -5965.00   42255.30  0.0661822     3.0885   226.3076   146.4706    84.1041
  -5955.00   42255.67  0.0663106     3.1037   224.5792   146.5668    84.1182
  -5945.00   42255.05  0.0664941     3.1201   222.7240   146.6696    84.1337
  -5935.00   42256.31  0.0665931     3.1425   220.6525   147.1160    83.9224
  -5925.00   42257.55  0.0666933     3.1594   218.5481   147.5774    83.6799
  -5915.00   42256.21  0.0669154     3.1741   216.4444   147.9680    83.5495
  -5905.00   42254.38  0.0669577     3.2032   214.4487   148.3847    83.3878
  -5895.00   42254.58  0.0669495     3.2317   212.5908   148.9554    83.0766
  -5885.00   42254.69  0.0670344     3.2544   210.8056   149.5528    82.8207
  -5875.00   42252.40  0.0669964     3.2854   209.2965   149.8390    82.7623
  -5865.00   42250.65  0.0669227     3.3211   207.9554   150.1479    82.6663
  -5855.00   42251.47  0.0668513     3.3542   206.6139   150.6179    82.4869
  -5845.00   42251.84  0.0667438     3.3823   205.4131   150.7861    82.4849
  -5835.00   42250.55  0.0667070     3.4105   204.2349   150.7848    82.6125
  -5825.00   42250.68  0.0665997     3.4447   202.9242   150.9259    82.6368
  -5815.00   42253.36  0.0664981     3.4684   201.5430   151.0444    82.6080
  -5805.00   42254.65  0.0665665     3.4832   199.9873   151.0541    82.6988
  -5795.00   42254.47  0.0665397     3.5082   198.2974   151.0201    82.8043
  -5785.00   42255.42  0.0665540     3.5298   196.4793   151.1649    82.7312
  -5775.00   42257.70  0.0666925     3.5409   194.4680   151.4702    82.5887
  -5765.00   42257.56  0.0667659     3.5582   192.4892   151.5875    82.5623
  -5755.00   42255.49  0.0668910     3.5791   190.5289   151.8053    82.4762
  -5745.00   42255.11  0.0670159     3.6002   188.5533   152.3365    82.1904
  -5735.00   42255.33  0.0670858     3.6200   186.7691   152.7302    81.9764
  -5725.00   42253.62  0.0672202     3.6404   185.1335   153.0478    81.8668
  -5715.00   42251.12  0.0672471     3.6730   183.6114   153.5034    81.6742
  -5705.00   42251.10  0.0672400     3.7025   182.2550   153.9829    81.4171
  -5695.00   42252.16  0.0673045     3.7248   180.9560   154.3796    81.2679
  -5685.00   42251.09  0.0672280     3.7586   179.7367   154.5917    81.2499
  -5675.00   42250.33  0.0671710     3.7943   178.4979   154.8763    81.1523
  -5665.00   42252.36  0.0671686     3.8211   177.1197   155.2403    81.0152
  -5655.00   42254.16  0.0670670     3.8482   175.7060   155.3040    81.0611
  -5645.00   42253.95  0.0670314     3.8772   174.1422   155.3243    81.1521
  -5635.00   42254.13  0.0670189     3.9065   172.3625   155.5361    81.1070
  -5625.00   42256.39  0.0669756     3.9272   170.5314   155.6230    81.0867
  -5615.00   42257.59  0.0670379     3.9422   168.6097   155.6161    81.1671
  -5605.00   42256.19  0.0670549     3.9674   166.6255   155.7016    81.1946
  -5595.00   42255.38  0.0671299     3.9876   164.7095   155.9081    81.0747
  -5585.00   42256.27  0.0673099     3.9967   162.8485   156.1626    80.9517
  -5575.00   42255.49  0.0673733     4.0160   161.1428   156.3145    80.9125
  -5565.00   42252.74  0.0675210     4.0402   159.5581   156.6310    80.7649
  -5555.00   42251.69  0.0677286     4.0587   158.0556   157.1695    80.4748
  -5545.00   42252.31  0.0678044     4.0799   156.7332   157.5284    80.2968
  -5535.00   42251.76  0.0679080     4.1062   155.4418   157.8824    80.1844
  -5525.00   42250.13  0.0679875     4.1397   154.1043   158.4300    79.9547
  -5515.00   42250.93  0.0679989     4.1700   152.7929   158.8841    79.7392
  -5505.00   42253.39  0.0680169     4.1953   151.3766   159.2175    79.6547
  -5495.00   42253.63  0.0679041     4.2328   149.8115   159.5023    79.6300
  -5485.00   42253.46  0.0678352     4.2693   148.1276   159.8162    79.5322
  -5475.00   42255.45  0.0678196     4.2935   146.2992   160.0959    79.4531
  -5465.00   42257.37  0.0676364     4.3215   144.4081   160.1381    79.5313
  -5455.00   42256.89  0.0675471     4.3525   142.4243   160.2211    79.5851
  -5445.00   42255.64  0.0675627     4.3766   140.4120   160.4465    79.5085
  -5435.00   42256.24  0.0674874     4.3949   138.5474   160.4850    79.5024
  -5425.00   42256.56  0.0674809     4.4117   136.7586   160.5023    79.5536
  -5415.00   42254.12  0.0675209     4.4358   135.0515   160.7098    79.4836
  -5405.00   42252.29  0.0676011     4.4544   133.5753   160.9291    79.3267
  -5395.00   42252.73  0.0677457     4.4642   132.2346   161.1419    79.2029
  -5385.00   42252.60  0.0677656     4.4871   130.9595   161.3755    79.1162
  -5375.00   42250.87  0.0678991     4.5146   129.7386   161.7533    78.9083
  -5365.00   42250.45  0.0681107     4.5329   128.5159   162.2210    78.6364
  -5355.00   42252.40  0.0681108     4.5568   127.2790   162.5099    78.5027
  -5345.00   42253.38  0.0681614     4.5897   125.8588   162.8698    78.3854
  -5335.00   42252.74  0.0682674     4.6224   124.2626   163.3779    78.1619
  -5325.00   42253.87  0.0682547     4.6511   122.6109   163.6903    78.0152
  -5315.00   42256.51  0.0682192     4.6791   120.7659   163.9191    77.9912
  -5305.00   42256.94  0.0681297     4.7159   118.7406   164.2198    77.9516
  -5295.00   42256.00  0.0680960     4.7485   116.7277   164.4716    77.8610
  -5285.00   42256.40  0.0680972     4.7690   114.7449   164.6268    77.8265
  -5275.00   42257.29  0.0679166     4.7958   112.8086   164.6826    77.8938
  -5265.00   42256.06  0.0678779     4.8258   110.9645   164.8287    77.8849
  -5255.00   42253.46  0.0679803     4.8446   109.3124   165.0267    77.7846
  -5245.00   42253.00  0.0679188     4.8608   107.9078   165.0390    77.7778
  -5235.00   42253.32  0.0679293     4.8810   106.5710   165.1273    77.7855
  -5225.00   42251.52  0.0680645     4.9034   105.3002   165.4182    77.6497
  -5215.00   42250.20  0.0681837     4.9205   104.2027   165.6169    77.4924
  -5205.00   42251.39  0.0683201     4.9332   103.0802   165.8043    77.3912
  -5195.00   42252.84  0.0683846     4.9587   101.7832   166.1424    77.2667
  -5185.00   42252.77  0.0685571     4.9868   100.3976   166.5543    77.0420
  -5175.00   42252.95  0.0687906     5.0051    98.8908   166.9590    76.8103
  -5165.00   42255.44  0.0687632     5.0316    97.1860   167.2754    76.7021
  -5155.00   42256.96  0.0688259     5.0690    95.2288   167.7165    76.5609
  -5145.00   42256.14  0.0689782     5.1010    93.1541   168.2326    76.3441
  -5135.00   42255.99  0.0689136     5.1292    91.1306   168.4987    76.2462
  -5125.00   42257.15  0.0688244     5.1630    89.0101   168.7627    76.2403
  -5115.00   42256.87  0.0687508     5.2001    86.8923   169.1437    76.1775
  -5105.00   42254.70  0.0686845     5.2297    85.0471   169.3634    76.1030
  -5095.00   42253.62  0.0685997     5.2510    83.4021   169.4511    76.1150
  -5085.00   42253.95  0.0683779     5.2780    81.8611   169.5682    76.1636
  -5075.00   42253.16  0.0683315     5.3057    80.4966   169.7526    76.1098
  -5065.00   42250.91  0.0684163     5.3206    79.3524   169.8818    76.0100
  -5055.00   42250.82  0.0682875     5.3354    78.3136   169.8888    75.9949
  -5045.00   42252.21  0.0682918     5.3583    77.1594   170.0625    75.9354
  -5035.00   42252.09  0.0684819     5.3789    75.9303   170.3946    75.7380
  -5025.00   42251.73  0.0685636     5.3950    74.7151   170.5657    75.5707
  -5015.00   42253.44  0.0686377     5.4140    73.2635   170.7754    75.4633
  -5005.00   42255.78  0.0687311     5.4432    71.5010   171.2063    75.2896
  -4995.00   42256.35  0.0688835     5.4721    69.6551   171.6020    75.0639
  -4985.00   42255.93  0.0690349     5.4933    67.7399   171.8998    74.8920
  -4975.00   42257.21  0.0689489     5.5236    65.6567   172.2187    74.8090
  -4965.00   42257.92  0.0689920     5.5621    63.5144   172.6369    74.6707
  -4955.00   42256.27  0.0691483     5.5911    61.4992   173.0291    74.4954
  -4945.00   42254.40  0.0690043     5.6168    59.7053   173.1861    74.4529
  -4935.00   42254.09  0.0689137     5.6518    57.9468   173.4256    74.4436
  -4925.00   42253.82  0.0689311     5.6848    56.3124   173.7912    74.3539
  -4915.00   42251.75  0.0688752     5.7080    55.0295   173.9214    74.2854
  -4905.00   42250.69  0.0687821     5.7299    53.8514   173.9775    74.3032
  -4895.00   42251.65  0.0686392     5.7563    52.6364   174.1642    74.3022
  -4885.00   42252.44  0.0686673     5.7802    51.4906   174.3649    74.2033
  -4875.00   42251.68  0.0687616     5.7939    50.3970   174.4408    74.1139
  -4865.00   42252.25  0.0686311     5.8096    49.1632   174.4899    74.0899
  -4855.00   42254.44  0.0686928     5.8341    47.6636   174.7338    73.9834
  -4845.00   42255.60  0.0689656     5.8531    46.0223   175.0532    73.7745
  -4835.00   42255.26  0.0690278     5.8680    44.3365   175.1999    73.6269
  -4825.00   42255.99  0.0691102     5.8922    42.3866   175.4641    73.5143
  -4815.00   42257.61  0.0693065     5.9228    40.2355   175.9649    73.3100
  -4805.00   42257.52  0.0694930     5.9500    38.1954   176.3568    73.0893
  -4795.00   42255.70  0.0695980     5.9753    36.2408   176.6446    72.9585
  -4785.00   42255.04  0.0695315     6.0098    34.2610   177.0551    72.8683
  -4775.00   42254.94  0.0695893     6.0487    32.4266   177.5174    72.7210
  -4765.00   42253.43  0.0697154     6.0775    30.8680   177.8515    72.5867
  -4755.00   42251.22  0.0694780     6.1046    29.4962   178.0309    72.5789
  -4745.00   42250.84  0.0693442     6.1413    28.1404   178.3103    72.5613
  -4735.00   42251.85  0.0693872     6.1717    26.8551   178.6575    72.4650
  -4725.00   42251.27  0.0692337     6.1901    25.7762   178.7328    72.4215
  -4715.00   42251.17  0.0690717     6.2138    24.5730   178.8093    72.4362
  -4705.00   42252.89  0.0689636     6.2395    23.1598   179.0586    72.3872
  -4695.00   42254.96  0.0689932     6.2579    21.7292   179.2417    72.2540
  -4685.00   42255.22  0.0690205     6.2724    20.2058   179.3015    72.1656
  -4675.00   42255.32  0.0688707     6.2909    18.4442   179.4376    72.1058
  -4665.00   42256.80  0.0689578     6.3160    16.4957   179.7470    71.9396
  -4655.00   42257.76  0.0692284     6.3357    14.5574   180.0250    71.7257
  -4645.00   42256.48  0.0692069     6.3529    12.6754   180.1781    71.5924
  -4635.00   42255.36  0.0692562     6.3830    10.7023   180.4951    71.4633
  -4625.00   42255.56  0.0694890     6.4153     8.7750   180.9791    71.2505
  -4615.00   42255.07  0.0696113     6.4403     7.1491   181.2809    71.0637
  -4605.00   42252.90  0.0696222     6.4699     5.6407   181.5321    70.9753
  -4595.00   42251.52  0.0695625     6.5062     4.1357   181.9461    70.8860
  -4585.00   42251.87  0.0696231     6.5403     2.8020   182.3384    70.7423
  -4575.00   42251.81  0.0696791     6.5671     1.6407   182.5462    70.6546
  -4565.00   42250.72  0.0694174     6.5937     0.4291   182.7203    70.6576
  -4555.00   42251.08  0.0693059     6.6275   359.0876   182.9998    70.6124
  -4545.00   42253.38  0.0694087     6.6531   357.7055   183.2546    70.5078
  -4535.00   42254.41  0.0692346     6.6678   356.3126   183.2942    70.4732
  -4525.00   42254.64  0.0690979     6.6920   354.6606   183.4025    70.4626
  -4515.00   42255.82  0.0691120     6.7170   352.7809   183.6862    70.3661
  -4505.00   42257.72  0.0691757     6.7306   350.9635   183.8309    70.2226
  -4495.00   42257.64  0.0692081     6.7473   349.0924   183.9060    70.1374
  -4485.00   42256.15  0.0691295     6.7694   347.1035   184.1316    70.0501
  -4475.00   42255.77  0.0692869     6.7928   345.1856   184.4664    69.8547
  -4465.00   42255.83  0.0695584     6.8131   343.4787   184.7013    69.6609
  -4455.00   42254.23  0.0695306     6.8332   341.9003   184.8999    69.5429
  -4445.00   42252.13  0.0696132     6.8661   340.3320   185.2870    69.3948
  -4435.00   42251.83  0.0699013     6.8987   338.8946   185.7496    69.1834
  -4425.00   42252.36  0.0699775     6.9226   337.6839   186.0286    69.0291
  -4415.00   42251.39  0.0699602     6.9563   336.4129   186.3360    68.9546
  -4405.00   42250.66  0.0699547     6.9952   334.9994   186.8150    68.8530
  -4395.00   42252.09  0.0699963     7.0253   333.6451   187.1870    68.7189
  -4385.00   42253.68  0.0699550     7.0532   332.2428   187.3881    68.6678
  -4375.00   42253.80  0.0696705     7.0824   330.5950   187.6395    68.6724
  -4365.00   42254.17  0.0695486     7.1132   328.7819   187.9630    68.6040
  -4355.00   42256.28  0.0695824     7.1357   326.9687   188.1494    68.5128
  -4345.00   42257.63  0.0693305     7.1495   325.1166   188.2047    68.4872
  -4335.00   42256.92  0.0691625     7.1736   323.1201   188.3700    68.4446
  -4325.00   42256.23  0.0692257     7.1971   321.1265   188.6480    68.3062
  -4315.00   42256.81  0.0692302     7.2075   319.3864   188.7614    68.1556
  -4305.00   42256.13  0.0692220     7.2266   317.7246   188.8670    68.0554
  -4295.00   42253.71  0.0692083     7.2535   316.0658   189.1782    67.9207
  -4285.00   42252.25  0.0693648     7.2757   314.6377   189.5066    67.7018
  -4275.00   42252.39  0.0695542     7.2985   313.4143   189.7139    67.5274
  -4265.00   42251.95  0.0694873     7.3248   312.1936   189.9646    67.4194
  -4255.00   42250.47  0.0695608     7.3593   310.9119   190.3767    67.2604
  -4245.00   42250.78  0.0697936     7.3913   309.6693   190.7490    67.0776
  -4235.00   42252.87  0.0697549     7.4147   308.4274   190.9695    66.9722
  -4225.00   42253.54  0.0696924     7.4491   306.9381   191.2655    66.9113
  -4215.00   42253.46  0.0697310     7.4861   305.2128   191.6939    66.8039
  -4205.00   42255.02  0.0697232     7.5093   303.4899   191.9626    66.6892
  -4195.00   42257.01  0.0696429     7.5351   301.6405   192.1213    66.6529
  -4185.00   42257.22  0.0694368     7.5648   299.5703   192.3934    66.6317
  -4175.00   42256.14  0.0693838     7.5898   297.5095   192.6927    66.5290
  -4165.00   42256.47  0.0694030     7.6096   295.6053   192.8273    66.4407
  -4155.00   42257.06  0.0691787     7.6247   293.7868   192.9124    66.4085
  -4145.00   42255.28  0.0690832     7.6486   292.0171   193.1314    66.3258
  -4135.00   42253.15  0.0692072     7.6707   290.4495   193.3725    66.1719
  -4125.00   42252.95  0.0691897     7.6801   289.1677   193.4781    66.0349
  -4115.00   42252.94  0.0691916     7.7010   287.9493   193.6202    65.9310
  -4105.00   42251.36  0.0692931     7.7305   286.6855   193.9674    65.7678
  -4095.00   42250.28  0.0694625     7.7500   285.5585   194.2754    65.5522
  -4085.00   42251.56  0.0696273     7.7735   284.4311   194.4884    65.3991
  -4075.00   42252.97  0.0696185     7.8055   283.0728   194.8204    65.2858
  -4065.00   42252.59  0.0697485     7.8395   281.5367   195.2678    65.1117
  -4055.00   42253.22  0.0699560     7.8710   279.9082   195.6252    64.9520
  -4045.00   42255.81  0.0698701     7.8977   278.1248   195.8973    64.8775
  -4035.00   42257.05  0.0698106     7.9337   276.0980   196.2599    64.8135
  -4025.00   42256.42  0.0698674     7.9697   273.9518   196.6806    64.7063
  -4015.00   42256.41  0.0697657     7.9901   271.9067   196.9421    64.6218
  -4005.00   42257.41  0.0696141     8.0154   269.8893   197.1320    64.5998
  -3995.00   42256.91  0.0694412     8.0459   267.8643   197.4461    64.5530
  -3985.00   42254.28  0.0693522     8.0652   266.0825   197.7254    64.4347
  -3975.00   42253.19  0.0692882     8.0823   264.5623   197.8576    64.3497
  -3965.00   42253.60  0.0690502     8.1003   263.1629   198.0069    64.2973
  -3955.00   42252.21  0.0689802     8.1228   261.8718   198.2656    64.1639
  -3945.00   42250.45  0.0690730     8.1438   260.7395   198.4795    63.9949
  -3935.00   42250.79  0.0689929     8.1558   259.6951   198.6164    63.8622
  -3925.00   42252.43  0.0689774     8.1803   258.5487   198.8210    63.7374
  -3915.00   42252.52  0.0691184     8.2122   257.2336   199.1599    63.5531
  -3905.00   42252.13  0.0692163     8.2316   255.8663   199.4425    63.3564
  -3895.00   42254.20  0.0692963     8.2568   254.3345   199.6547    63.2332
  -3885.00   42256.37  0.0693111     8.2937   252.4870   200.0154    63.1168
  -3875.00   42256.12  0.0694086     8.3250   250.5229   200.4106    62.9487
  -3865.00   42255.68  0.0695302     8.3530   248.5179   200.6996    62.8236
  -3855.00   42257.04  0.0694032     8.3819   246.4259   200.9761    62.7718
  -3845.00   42257.58  0.0693512     8.4152   244.3350   201.3131    62.6938
  -3835.00   42255.75  0.0694029     8.4460   242.3614   201.6438    62.5840
  -3825.00   42253.96  0.0692555     8.4635   240.5963   201.8682    62.5177
  -3815.00   42254.15  0.0691169     8.4868   238.9941   202.0575    62.4861
  -3805.00   42253.72  0.0690378     8.5158   237.4927   202.3498    62.4022
  -3795.00   42251.13  0.0689541     8.5305   236.2244   202.5868    62.2743
  -3785.00   42250.19  0.0688999     8.5453   235.0992   202.7179    62.1909
  -3775.00   42251.61  0.0687495     8.5671   233.9300   202.9220    62.1142
  -3765.00   42251.92  0.0687372     8.5874   232.7633   203.1772    61.9515
  -3755.00   42251.32  0.0688386     8.6065   231.5519   203.3763    61.7851
  -3745.00   42252.44  0.0687745     8.6223   230.1879   203.5596    61.6663
  -3735.00   42255.19  0.0688172     8.6484   228.6271   203.8113    61.5226
  -3725.00   42256.22  0.0690002     8.6800   226.8676   204.1288    61.3338
  -3715.00   42255.39  0.0690764     8.6998   224.9931   204.4183    61.1620
  -3705.00   42256.51  0.0691649     8.7269   223.0013   204.6792    61.0539
  -3695.00   42257.77  0.0692606     8.7665   220.8567   205.0750    60.9266
  -3685.00   42256.64  0.0693403     8.7960   218.7927   205.4666    60.7650
  -3675.00   42254.43  0.0694230     8.8222   216.8423   205.7730    60.6689
  -3665.00   42254.26  0.0693224     8.8555   214.9347   206.1321    60.6222
  -3655.00   42254.49  0.0692669     8.8873   213.2329   206.4977    60.5312
  -3645.00   42252.55  0.0692610     8.9133   211.7259   206.8195    60.4285
  -3635.00   42250.69  0.0690504     8.9318   210.3453   207.0932    60.3826
  -3625.00   42251.45  0.0688914     8.9544   209.0883   207.3354    60.3369
  -3615.00   42252.37  0.0688048     8.9801   207.8600   207.6227    60.2254
  -3605.00   42251.12  0.0686358     8.9920   206.6565   207.8612    60.0985
  -3595.00   42251.03  0.0685389     9.0058   205.4029   208.0207    60.0117
  -3585.00   42253.36  0.0684353     9.0306   203.9487   208.2718    59.8969
  -3575.00   42254.92  0.0683843     9.0496   202.4086   208.5213    59.7087
  -3565.00   42254.56  0.0684371     9.0675   200.7267   208.7205    59.5429
  -3555.00   42255.25  0.0683789     9.0904   198.8357   208.9624    59.4241
  -3545.00   42257.44  0.0684251     9.1189   196.8883   209.2304    59.2618
  -3535.00   42257.94  0.0685588     9.1497   194.9020   209.5172    59.0768
  -3525.00   42255.75  0.0685623     9.1722   192.9116   209.8087    58.9424
  -3515.00   42255.08  0.0686322     9.2013   191.0217   210.0793    58.8480
  -3505.00   42255.25  0.0687292     9.2395   189.2127   210.4302    58.7215
  -3495.00   42253.77  0.0687141     9.2650   187.5881   210.7715    58.5818
  -3485.00   42251.03  0.0687449     9.2875   186.1240   211.0426    58.5117
  -3475.00   42250.65  0.0686905     9.3206   184.6922   211.3911    58.4557
  -3465.00   42251.87  0.0686172     9.3473   183.4297   211.7078    58.3455
  -3455.00   42251.17  0.0685801     9.3664   182.2062   211.9784    58.2438
  -3445.00   42250.51  0.0684036     9.3862   180.8756   212.2627    58.1955
  -3435.00   42252.29  0.0683060     9.4078   179.5358   212.5011    58.1199
  -3425.00   42254.61  0.0682497     9.4293   178.0820   212.7524    57.9851
  -3415.00   42254.43  0.0680779     9.4413   176.4502   212.9980    57.8669
  -3405.00   42254.28  0.0680333     9.4560   174.7147   213.1769    57.7770
  -3395.00   42256.08  0.0680244     9.4816   172.8194   213.4292    57.6389
  -3385.00   42257.44  0.0679549     9.4993   170.8959   213.6766    57.4500
  -3375.00   42256.01  0.0680118     9.5155   168.9544   213.8835    57.3000
  -3365.00   42255.03  0.0680404     9.5430   166.9676   214.1664    57.1770
  -3355.00   42255.78  0.0681195     9.5719   165.1660   214.4358    57.0017
  -3345.00   42255.62  0.0682437     9.5993   163.4777   214.7231    56.8223
  -3335.00   42252.91  0.0682730     9.6259   161.8360   215.0614    56.7106
  -3325.00   42251.57  0.0684034     9.6572   160.3918   215.3646    56.6132
  -3315.00   42252.11  0.0685268     9.6935   159.0377   215.7163    56.4822
  -3305.00   42251.77  0.0684661     9.7184   157.6934   216.1047    56.3680
  -3295.00   42250.07  0.0684952     9.7409   156.3799   216.4246    56.3167
  -3285.00   42250.46  0.0684882     9.7737   154.9624   216.8058    56.2536
  -3275.00   42253.05  0.0683402     9.7969   153.5255   217.1550    56.1395
  -3265.00   42253.65  0.0682284     9.8109   151.9526   217.4601    56.0517
  -3255.00   42253.62  0.0680557     9.8322   150.1462   217.8035    55.9961
  -3245.00   42255.25  0.0679295     9.8527   148.3410   218.0584    55.8906
  -3235.00   42257.52  0.0678002     9.8689   146.4391   218.3140    55.7379
  -3225.00   42257.05  0.0675858     9.8831   144.3811   218.6076    55.6203
  -3215.00   42255.50  0.0675492     9.9009   142.4230   218.8058    55.5109
  -3205.00   42255.68  0.0675518     9.9267   140.5371   219.0386    55.3443
  -3195.00   42256.08  0.0674150     9.9455   138.7313   219.3108    55.1604
  -3185.00   42253.88  0.0674512     9.9636   137.0809   219.5341    55.0254
  -3175.00   42251.92  0.0675315     9.9953   135.5292   219.8193    54.8967
  -3165.00   42252.23  0.0675554    10.0243   134.2172   220.0712    54.7225
  -3155.00   42252.67  0.0676096    10.0476   132.9612   220.3516    54.5680
  -3145.00   42251.03  0.0676388    10.0771   131.6359   220.7018    54.4769
  -3135.00   42250.36  0.0677544    10.1080   130.4359   220.9651    54.3779
  -3125.00   42252.21  0.0678148    10.1372   129.1659   221.2636    54.2457
  -3115.00   42253.34  0.0677122    10.1602   127.6373   221.6556    54.1546
  -3105.00   42252.79  0.0677502    10.1814   126.0383   221.9511    54.1036
  -3095.00   42253.43  0.0677809    10.2102   124.2867   222.2653    54.0192
  -3085.00   42256.15  0.0675850    10.2293   122.3784   222.6089    53.9003
  -3075.00   42256.99  0.0674787    10.2402   120.3523   222.9129    53.8167
  -3065.00   42256.04  0.0673989    10.2619   118.2136   223.2464    53.7445
  -3055.00   42256.02  0.0672795    10.2816   116.2510   223.4736    53.6131
  -3045.00   42257.08  0.0671453    10.2934   114.3379   223.7245    53.4587
  -3035.00   42255.87  0.0669926    10.3099   112.4128   224.0505    53.3440
  -3025.00   42253.18  0.0670178    10.3303   110.8165   224.2323    53.2193
  -3015.00   42252.39  0.0670440    10.3534   109.4210   224.4274    53.0399
  -3005.00   42252.83  0.0669224    10.3729   108.0347   224.7363    52.8712
  -2995.00   42251.56  0.0670173    10.3931   106.7977   224.9770    52.7463
  -2985.00   42250.11  0.0671873    10.4256   105.6158   225.2381    52.6090
  -2975.00   42251.16  0.0671944    10.4539   104.4600   225.5085    52.4390
  -2965.00   42253.11  0.0672655    10.4752   103.1497   225.8296    52.3077
  -2955.00   42253.00  0.0673777    10.5069   101.6017   226.2222    52.2238
  -2945.00   42252.94  0.0674964    10.5384   100.0664   226.4947    52.1185
  -2935.00   42255.20  0.0675149    10.5621    98.3181   226.8279    51.9949
  -2925.00   42256.74  0.0674296    10.5857    96.2063   227.3016    51.9225
  -2915.00   42256.16  0.0674794    10.6079    94.1162   227.6377    51.8694
  -2905.00   42255.54  0.0674727    10.6323    92.0380   227.9461    51.7683
  -2895.00   42256.71  0.0672116    10.6490    89.8416   228.3687    51.6572
  -2885.00   42256.88  0.0670838    10.6592    87.7511   228.7312    51.5756
  -2875.00   42254.68  0.0670333    10.6806    85.8255   229.0595    51.4809
  -2865.00   42253.26  0.0668127    10.6990    84.1956   229.3078    51.3277
  -2855.00   42253.69  0.0666246    10.7085    82.7004   229.5865    51.1724
  -2845.00   42252.96  0.0665166    10.7278    81.2282   229.9417    51.0508
  -2835.00   42250.87  0.0665130    10.7518    80.1081   230.0973    50.9028
  -2825.00   42250.50  0.0664793    10.7730    79.0692   230.2673    50.7173
  -2815.00   42252.01  0.0663645    10.7946    77.7946   230.6153    50.5665
  -2805.00   42252.50  0.0664854    10.8189    76.5480   230.8487    50.4503
  -2795.00   42252.00  0.0666489    10.8506    75.2418   231.0514    50.3109
  -2785.00   42253.46  0.0665806    10.8768    73.6970   231.3460    50.1612
  -2775.00   42256.10  0.0666397    10.8966    71.9074   231.6805    50.0577
  -2765.00   42256.54  0.0667901    10.9269    69.9042   232.0478    49.9790
  -2755.00   42255.91  0.0668145    10.9550    67.9571   232.2911    49.8666
  -2745.00   42256.81  0.0667647    10.9720    65.8757   232.6146    49.7529
  -2735.00   42257.53  0.0667123    10.9933    63.5870   233.0917    49.6829
  -2725.00   42256.26  0.0667680    11.0152    61.5825   233.3776    49.6091
  -2715.00   42254.06  0.0667135    11.0336    59.7907   233.6254    49.4874
  -2705.00   42253.70  0.0664759    11.0487    57.9418   234.0540    49.3770
  -2695.00   42253.84  0.0664239    11.0602    56.3286   234.3981    49.2899
  -2685.00   42251.90  0.0664379    11.0805    54.9796   234.6507    49.1719
  -2675.00   42250.60  0.0661990    11.0977    53.7561   234.9121    49.0145
  -2665.00   42251.56  0.0660535    11.1065    52.5522   235.2007    48.8700
  -2655.00   42252.50  0.0660713    11.1268    51.2527   235.5404    48.7474
  -2645.00   42252.08  0.0660515    11.1517    50.1222   235.6827    48.5869
  -2635.00   42252.33  0.0660005    11.1699    48.8686   235.8548    48.4080
  -2625.00   42254.56  0.0659693    11.1918    47.1911   236.2393    48.2722
  -2615.00   42256.13  0.0661542    11.2195    45.5093   236.4589    48.1538
  -2605.00   42255.68  0.0663230    11.2490    43.7565   236.6355    48.0090
  -2595.00   42255.95  0.0662681    11.2742    41.6920   236.9936    47.8762
  -2585.00   42257.50  0.0664042    11.2957    39.5258   237.3666    47.7902
  -2575.00   42257.38  0.0666383    11.3255    37.3761   237.7300    47.7095
  -2565.00   42255.55  0.0666041    11.3513    35.3880   238.0397    47.5978
  -2555.00   42254.51  0.0665358    11.3653    33.4343   238.4357    47.5011
  -2545.00   42254.54  0.0665450    11.3851    31.4577   238.9656    47.4358
  -2535.00   42253.56  0.0665447    11.4064    29.9000   239.2710    47.3437
  -2525.00   42251.24  0.0663847    11.4195    28.5431   239.5577    47.2133
  -2515.00   42250.78  0.0661275    11.4328    27.0432   240.0471    47.1026
  -2505.00   42251.99  0.0660814    11.4466    25.7410   240.3858    47.0014
  -2495.00   42251.72  0.0660376    11.4651    24.5935   240.5965    46.8561
  -2485.00   42251.43  0.0657421    11.4820    23.2683   240.9068    46.6952
  -2475.00   42252.92  0.0656106    11.4934    21.8181   241.2118    46.5566
  -2465.00   42255.14  0.0656986    11.5162    20.2239   241.4953    46.4257
  -2455.00   42255.83  0.0656082    11.5421    18.6134   241.6597    46.2611
  -2445.00   42255.55  0.0655132    11.5596    16.8377   241.8589    46.0993
  -2435.00   42256.86  0.0655556    11.5823    14.7095   242.2559    45.9838
  -2425.00   42257.93  0.0657056    11.6116    12.7531   242.4448    45.8655
  -2415.00   42256.70  0.0657935    11.6369    10.8799   242.6035    45.7254
  -2405.00   42255.06  0.0657146    11.6586     8.8090   243.0055    45.6128
  -2395.00   42254.96  0.0658597    11.6802     6.9127   243.3414    45.5345
  -2385.00   42254.67  0.0660752    11.7059     5.2481   243.6197    45.4415
  -2375.00   42252.81  0.0659604    11.7266     3.6988   243.9497    45.3271
  -2365.00   42251.19  0.0658886    11.7381     2.2140   244.3376    45.2362
  -2355.00   42251.66  0.0659745    11.7558     0.7295   244.7963    45.1618
  -2345.00   42252.24  0.0659147    11.7751   359.5074   245.0630    45.0477
  -2335.00   42251.25  0.0657296    11.7846   358.2712   245.3438    44.9136
  -2325.00   42251.38  0.0655486    11.7961   356.7059   245.8334    44.8047
  -2315.00   42253.58  0.0655405    11.8124   355.2449   246.1039    44.6898
  -2305.00   42254.95  0.0654888    11.8284   353.7748   246.2724    44.5327
  -2295.00   42255.04  0.0652280    11.8438   351.9518   246.6137    44.3772
  -2285.00   42255.73  0.0651837    11.8580   350.0312   246.9052    44.2475
  -2275.00   42257.56  0.0653366    11.8808   348.1108   247.1161    44.1085
  -2265.00   42258.01  0.0652529    11.9057   346.1770   247.3124    43.9454
  -2255.00   42256.19  0.0652009    11.9229   344.2305   247.5489    43.8000
  -2245.00   42255.43  0.0653691    11.9464   342.1989   247.9258    43.6933
  -2235.00   42255.45  0.0655096    11.9762   340.4970   248.1187    43.5708
  -2225.00   42254.18  0.0655879    11.9986   338.9770   248.3079    43.4370
  -2215.00   42251.78  0.0655870    12.0183   337.2826   248.7813    43.3415
  -2205.00   42251.25  0.0657612    12.0416   335.8444   249.1163    43.2647
  -2195.00   42252.07  0.0659503    12.0640   334.5858   249.3875    43.1641
  -2185.00   42251.71  0.0658109    12.0805   333.1858   249.8177    43.0557
  -2175.00   42250.89  0.0657639    12.0919   331.7210   250.2622    42.9732
  -2165.00   42252.18  0.0658682    12.1080   330.1827   250.6991    42.8878
  -2155.00   42254.28  0.0657072    12.1243   328.6471   251.0285    42.7600
  -2145.00   42254.54  0.0654770    12.1319   326.9449   251.3760    42.6265
  -2135.00   42254.44  0.0653485    12.1432   324.8962   251.8878    42.5152
  -2125.00   42256.15  0.0652633    12.1615   322.9999   252.1381    42.3808
  -2115.00   42257.70  0.0651397    12.1765   321.1352   252.3068    42.2146
  -2105.00   42257.00  0.0648971    12.1913   318.9939   252.6943    42.0646
  -2095.00   42255.89  0.0648824    12.2105   317.0157   252.9480    41.9372
  -2085.00   42256.18  0.0650035    12.2340   315.2686   253.0976    41.7932
  -2075.00   42256.15  0.0648885    12.2570   313.5744   253.3256    41.6385
  -2065.00   42253.64  0.0648651    12.2753   311.9867   253.5838    41.5155
  -2055.00   42251.80  0.0650705    12.2985   310.4803   253.9038    41.4166
  -2045.00   42251.85  0.0651250    12.3251   309.2266   254.1075    41.2956
  -2035.00   42251.94  0.0651357    12.3431   308.0507   254.3169    41.1739
  -2025.00   42250.48  0.0651829    12.3593   306.5923   254.7900    41.0900
  -2015.00   42250.63  0.0652897    12.3808   305.2787   255.0799    41.0044
  -2005.00   42252.89  0.0653847    12.3981   303.9708   255.3038    40.8920
  -1995.00   42254.27  0.0652435    12.4095   302.2792   255.7518    40.7842
  -1985.00   42254.12  0.0652293    12.4215   300.4681   256.1421    40.6974
  -1975.00   42255.13  0.0653347    12.4362   298.5806   256.4812    40.5945
  -1965.00   42257.29  0.0651509    12.4492   296.5875   256.8136    40.4580
  -1955.00   42257.50  0.0649777    12.4570   294.5004   257.1492    40.3300
  -1945.00   42255.93  0.0649665    12.4689   292.2796   257.5918    40.2171
  -1935.00   42255.70  0.0648601    12.4869   290.3402   257.8265    40.0733
  -1925.00   42256.37  0.0647385    12.5004   288.5959   257.9945    39.9103
  -1915.00   42255.04  0.0646083    12.5140   286.7364   258.3885    39.7715
  -1905.00   42252.77  0.0646253    12.5354   285.2153   258.6001    39.6424
  -1895.00   42252.28  0.0647331    12.5577   283.9712   258.7225    39.4944
  -1885.00   42253.05  0.0646510    12.5775   282.6849   258.9899    39.3481
  -1875.00   42251.57  0.0647150    12.5978   281.4478   259.2442    39.2376
  -1865.00   42250.26  0.0649757    12.6212   280.2105   259.5194    39.1380
  -1855.00   42251.33  0.0650248    12.6448   278.9557   259.7728    39.0185
  -1845.00   42253.17  0.0650669    12.6612   277.5661   260.0415    38.9129
  -1835.00   42253.03  0.0652230    12.6766   275.7989   260.5202    38.8384
  -1825.00   42253.34  0.0653016    12.6964   274.0253   260.8553    38.7489
  -1815.00   42255.77  0.0653370    12.7100   272.1753   261.1413    38.6363
  -1805.00   42257.61  0.0652387    12.7179   269.9405   261.6644    38.5359
  -1795.00   42256.84  0.0652105    12.7304   267.7399   262.0686    38.4430
  -1785.00   42256.07  0.0652464    12.7436   265.6361   262.4073    38.3233
  -1775.00   42256.97  0.0650121    12.7533   263.5292   262.8153    38.1806
  -1765.00   42256.48  0.0648420    12.7627   261.5707   263.1634    38.0527
  -1755.00   42253.77  0.0648477    12.7768   259.7345   263.5450    37.9291
  -1745.00   42252.23  0.0646723    12.7947   258.2018   263.8103    37.7759
  -1735.00   42252.79  0.0645197    12.8086   256.8958   264.0037    37.6201
  -1725.00   42252.26  0.0644690    12.8235   255.5034   264.3697    37.4931
  -1715.00   42250.56  0.0644436    12.8464   254.3496   264.5622    37.3650
  -1705.00   42250.62  0.0644885    12.8671   253.2980   264.6886    37.2227
  -1695.00   42252.95  0.0644237    12.8832   251.9858   264.9969    37.0955
  -1685.00   42253.15  0.0644847    12.9037   250.6142   265.2201    36.9960
  -1675.00   42252.58  0.0646974    12.9248   249.1139   265.4477    36.8953
  -1665.00   42254.14  0.0646843    12.9421   247.3983   265.7393    36.7784
  -1655.00   42256.45  0.0647121    12.9562   245.5213   266.0064    36.6829
  -1645.00   42256.56  0.0648823    12.9699   243.3888   266.4025    36.6047
  -1635.00   42255.57  0.0648936    12.9860   241.2834   266.7245    36.5024
  -1625.00   42256.45  0.0648842    12.9963   239.2276   267.0068    36.3879
  -1615.00   42257.49  0.0648512    13.0025   237.0253   267.4814    36.2883
  -1605.00   42255.63  0.0648101    13.0150   235.0680   267.8219    36.1846
  -1595.00   42253.25  0.0648193    13.0268   233.3467   268.1157    36.0537
  -1585.00   42253.31  0.0646375    13.0337   231.6709   268.5331    35.9135
  -1575.00   42253.19  0.0645169    13.0443   230.2342   268.8304    35.7883
  -1565.00   42251.08  0.0645531    13.0591   228.9228   269.1301    35.6577
  -1555.00   42249.84  0.0643936    13.0744   227.7066   269.4180    35.5030
  -1545.00   42251.41  0.0642892    13.0879   226.5637   269.6171    35.3586
  -1535.00   42252.73  0.0643307    13.1037   225.2353   269.9201    35.2378
  -1525.00   42252.16  0.0643076    13.1258   223.9083   270.1126    35.1086
  -1515.00   42252.74  0.0643639    13.1447   222.4936   270.2611    34.9730
  -1505.00   42255.75  0.0644048    13.1594   220.7202   270.5827    34.8614
  -1495.00   42256.70  0.0644901    13.1801   218.8787   270.7908    34.7672
  -1485.00   42255.68  0.0647026    13.1999   216.9290   271.0157    34.6653
  -1475.00   42255.97  0.0647392    13.2130   214.7843   271.3839    34.5579
  -1465.00   42257.20  0.0648098    13.2264   212.6800   271.6779    34.4720
  -1455.00   42256.66  0.0649962    13.2397   210.5676   272.0556    34.3905
  -1445.00   42254.01  0.0649809    13.2518   208.5780   272.4581    34.2811
  -1435.00   42253.39  0.0649700    13.2600   206.7844   272.8119    34.1707
  -1425.00   42254.17  0.0649757    13.2658   205.0212   273.2939    34.0699
  -1415.00   42252.53  0.0648689    13.2775   203.5173   273.6662    33.9528
  -1405.00   42250.40  0.0648138    13.2879   202.1822   274.0000    33.8139
  -1395.00   42250.99  0.0646619    13.2940   200.7839   274.4569    33.6761
  -1385.00   42252.40  0.0645062    13.3064   199.5253   274.7405    33.5490
  -1375.00   42251.87  0.0644831    13.3226   198.2321   275.0062    33.4110
  -1365.00   42251.39  0.0643164    13.3364   196.7752   275.3376    33.2606
  -1355.00   42253.68  0.0642189    13.3507   195.2785   275.5306    33.1309
  -1345.00   42256.00  0.0642633    13.3682   193.5627   275.7703    33.0172
  -1335.00   42255.57  0.0641896    13.3882   191.7337   275.9860    32.8918
  -1325.00   42255.34  0.0642275    13.4043   189.8451   276.1527    32.7711
  -1315.00   42257.27  0.0643128    13.4175   187.7605   276.4486    32.6741
  -1305.00   42257.68  0.0643277    13.4356   185.7725   276.6432    32.5811
  -1295.00   42255.48  0.0644646    13.4514   183.8537   276.8626    32.4762
  -1285.00   42253.97  0.0645250    13.4601   181.9058   277.2451    32.3742
  -1275.00   42254.24  0.0645635    13.4712   180.2103   277.4991    32.2867
  -1265.00   42253.70  0.0646910    13.4830   178.6288   277.8110    32.1918
  -1255.00   42250.88  0.0646563    13.4909   177.1100   278.2255    32.0742
  -1245.00   42250.23  0.0646613    13.4976   175.7716   278.5405    31.9641
  -1235.00   42251.98  0.0647019    13.5042   174.4034   278.9346    31.8590
  -1225.00   42251.89  0.0645646    13.5144   173.0695   279.2907    31.7320
  -1215.00   42251.08  0.0645248    13.5232   171.7091   279.6019    31.5954
  -1205.00   42252.41  0.0644735    13.5292   170.1339   280.0146    31.4655
  -1195.00   42255.08  0.0643186    13.5418   168.5569   280.2609    31.3388
  -1185.00   42255.59  0.0642863    13.5570   166.8304   280.5038    31.1997
  -1175.00   42254.75  0.0641989    13.5686   164.8732   280.8523    31.0581
  -1165.00   42256.12  0.0641486    13.5830   162.9751   281.0135    30.9382
  -1155.00   42257.75  0.0642076    13.6012   160.9956   281.2067    30.8248
  -1145.00   42256.36  0.0641513    13.6187   158.9852   281.4646    30.7011
  -1135.00   42254.44  0.0642480    13.6334   157.1330   281.6318    30.5925
  -1125.00   42254.75  0.0644198    13.6471   155.3136   281.8879    30.5039
  -1115.00   42254.88  0.0644275    13.6635   153.6751   282.1147    30.4101
  -1105.00   42252.67  0.0645812    13.6762   152.1639   282.3746    30.3093
  -1095.00   42250.79  0.0647467    13.6828   150.6449   282.7835    30.2170
  -1085.00   42251.61  0.0647892    13.6923   149.3304   283.0626    30.1303
  -1075.00   42252.34  0.0648838    13.7020   147.9856   283.4193    30.0275
  -1065.00   42250.79  0.0648764    13.7064   146.4879   283.9264    29.9093
  -1055.00   42250.84  0.0648801    13.7118   145.0541   284.2698    29.7995
  -1045.00   42253.54  0.0648879    13.7194   143.4527   284.6627    29.6864
  -1035.00   42254.75  0.0646848    13.7281   141.6679   285.1032    29.5503
  -1025.00   42254.45  0.0646147    13.7367   139.8169   285.4394    29.4157
  -1015.00   42255.22  0.0645852    13.7448   137.8001   285.8133    29.2911
  -1005.00   42257.49  0.0643531    13.7586   135.8062   286.0706    29.1625
   -995.00   42257.69  0.0642669    13.7734   133.7762   286.3229    29.0280
   -985.00   42255.42  0.0642333    13.7846   131.6975   286.6651    28.9009
   -975.00   42255.01  0.0641597    13.7990   129.9144   286.7858    28.7921
   -965.00   42255.50  0.0641714    13.8162   128.2095   286.9582    28.6820
   -955.00   42253.77  0.0641185    13.8297   126.5334   287.2708    28.5656
   -945.00   42251.25  0.0642128    13.8413   125.1632   287.4128    28.4681
   -935.00   42251.22  0.0643672    13.8538   123.8614   287.6134    28.3808
   -925.00   42252.29  0.0643067    13.8659   122.5818   287.8855    28.2804
   -915.00   42251.57  0.0644279    13.8745   121.3302   288.1458    28.1802
   -905.00   42250.56  0.0646210    13.8795   119.9638   288.4927    28.0895
   -895.00   42252.44  0.0645943    13.8872   118.6084   288.7406    27.9944
   -885.00   42254.52  0.0646422    13.8945   117.0285   289.0808    27.8842
   -875.00   42254.12  0.0646863    13.8971   115.1539   289.5734    27.7679
   -865.00   42254.06  0.0646879    13.9018   113.3360   289.8425    27.6589
   -855.00   42256.22  0.0646793    13.9098   111.3268   290.1777    27.5408
   -845.00   42257.42  0.0645000    13.9167   109.1114   290.6533    27.4043
   -835.00   42256.27  0.0644679    13.9240   107.0273   290.9539    27.2760
   -825.00   42255.27  0.0644805    13.9335   105.0002   291.2434    27.1560
   -815.00   42256.09  0.0642355    13.9464   103.1022   291.5167    27.0251
   -805.00   42255.85  0.0641708    13.9595   101.3444   291.7713    26.8955
   -795.00   42252.92  0.0642371    13.9704    99.7088   292.0630    26.7795
   -785.00   42251.70  0.0641624    13.9848    98.4358   292.1441    26.6735
   -775.00   42252.28  0.0641854    14.0005    97.1936   292.3073    26.5652
   -765.00   42251.89  0.0642368    14.0115    95.8454   292.6569    26.4581
   -755.00   42250.32  0.0643803    14.0218    94.7400   292.7660    26.3700
   -745.00   42250.99  0.0645584    14.0335    93.5208   292.9442    26.2845
   -735.00   42253.43  0.0645383    14.0423    92.0290   293.3139    26.1849
   -725.00   42254.26  0.0647112    14.0478    90.4459   293.6188    26.0914
   -715.00   42253.82  0.0649507    14.0524    88.6739   293.9561    26.0043
   -705.00   42255.47  0.0648793    14.0584    86.7759   294.2840    25.9027
   -695.00   42257.48  0.0649103    14.0630    84.6517   294.7045    25.7899
   -685.00   42256.96  0.0650090    14.0651    82.3413   295.2394    25.6767
   -675.00   42255.48  0.0649407    14.0704    80.2769   295.5182    25.5640
   -665.00   42255.79  0.0648621    14.0786    78.1790   295.8818    25.4395
   -655.00   42256.26  0.0646985    14.0850    76.0156   296.4334    25.3046
   -645.00   42254.39  0.0646479    14.0927    74.2545   296.7101    25.1822
   -635.00   42252.46  0.0646037    14.1043    72.6919   296.9474    25.0647
   -625.00   42252.64  0.0643176    14.1165    71.2206   297.2671    24.9361
   -615.00   42253.17  0.0642577    14.1275    69.9048   297.5261    24.8167
   -605.00   42251.30  0.0643474    14.1387    68.6899   297.7412    24.7143
   -595.00   42250.60  0.0642001    14.1516    67.6384   297.8194    24.6116
   -585.00   42252.14  0.0641824    14.1634    66.4234   297.9977    24.5077
   -575.00   42253.46  0.0643077    14.1713    64.9246   298.3485    24.4118
   -565.00   42253.09  0.0643993    14.1793    63.5578   298.4228    24.3264
   -555.00   42253.87  0.0645014    14.1882    61.9435   298.5823    24.2365
   -545.00   42256.43  0.0644938    14.1933    59.9181   299.0153    24.1356
   -535.00   42257.65  0.0646620    14.1962    57.9086   299.2956    24.0428
   -525.00   42256.54  0.0648561    14.2007    55.8440   299.5583    23.9517
   -515.00   42256.32  0.0647212    14.2052    53.7103   299.9126    23.8420
   -505.00   42257.05  0.0647484    14.2078    51.5712   300.3196    23.7283
   -495.00   42256.01  0.0649069    14.2103    49.4954   300.7698    23.6191
   -485.00   42253.42  0.0647798    14.2158    47.8012   301.0053    23.5029
   -475.00   42252.43  0.0646818    14.2227    46.1699   301.3356    23.3776
   -465.00   42252.99  0.0646268    14.2280    44.4888   301.8710    23.2499
   -455.00   42252.11  0.0645933    14.2355    43.2433   302.0751    23.1327
   -445.00   42250.79  0.0645348    14.2468    42.0691   302.2623    23.0163
   -435.00   42251.44  0.0642928    14.2571    40.7477   302.6223    22.8912
   -425.00   42253.50  0.0643064    14.2662    39.4758   302.8527    22.7808
   -415.00   42253.37  0.0644271    14.2777    38.1572   302.9972    22.6856
   -405.00   42253.19  0.0642632    14.2894    36.7536   303.1058    22.5840
   -395.00   42254.88  0.0642838    14.2984    35.0781   303.3124    22.4862
   -385.00   42256.77  0.0645365    14.3054    33.1239   303.6252    22.4029
   -375.00   42256.56  0.0646311    14.3127    31.2999   303.7046    22.3202
   -365.00   42255.93  0.0647225    14.3192    29.2934   303.9021    22.2303
   -355.00   42256.86  0.0648365    14.3217    26.9820   304.4119    22.1363
   -345.00   42257.40  0.0650506    14.3234    24.9462   304.7099    22.0464
   -335.00   42255.41  0.0652119    14.3272    23.0393   304.9931    21.9508
   -325.00   42253.53  0.0650632    14.3297    21.1086   305.4810    21.8366
   -315.00   42253.44  0.0650993    14.3309    19.3572   305.9453    21.7228
   -305.00   42253.01  0.0652474    14.3346    17.7842   306.3622    21.6136
   -295.00   42251.12  0.0650109    14.3408    16.4597   306.6633    21.4917
   -285.00   42250.31  0.0648406    14.3469    15.1161   307.0335    21.3663
   -275.00   42251.81  0.0648407    14.3527    13.6311   307.5324    21.2488
   -265.00   42252.83  0.0647351    14.3615    12.4200   307.6945    21.1368
   -255.00   42252.65  0.0646021    14.3722    11.0727   307.8646    21.0250
   -245.00   42253.51  0.0644059    14.3805     9.3566   308.2681    20.9116
   -235.00   42256.14  0.0644417    14.3883     7.6930   308.4470    20.8138
   -225.00   42256.86  0.0645289    14.3985     5.9333   308.5489    20.7251
   -215.00   42256.17  0.0643258    14.4072     4.0041   308.7389    20.6258
   -205.00   42256.35  0.0643576    14.4122     1.9653   308.9779    20.5335
   -195.00   42257.24  0.0646204    14.4176   359.8979   309.2280    20.4548
   -185.00   42256.61  0.0646266    14.4234   358.0815   309.3260    20.3662
   -175.00   42254.34  0.0646381    14.4266   356.2549   309.5580    20.2704
   -165.00   42253.58  0.0648027    14.4274   354.3274   310.0360    20.1794
   -155.00   42253.95  0.0649660    14.4290   352.8240   310.2631    20.0861
   -145.00   42252.55  0.0650419    14.4319   351.4467   310.4981    19.9837
   -135.00   42250.73  0.0649216    14.4328   349.8994   311.0189    19.8704
   -125.00   42251.02  0.0649836    14.4332   348.5239   311.4192    19.7599
   -115.00   42252.25  0.0651152    14.4372   347.2069   311.7289    19.6521
   -105.00   42252.21  0.0648541    14.4425   345.8155   312.0630    19.5294
    -95.00   42252.00  0.0647051    14.4466   344.2614   312.4369    19.4081
    -85.00   42253.93  0.0647796    14.4523   342.5079   312.8397    19.3002
    -75.00   42256.17  0.0646427    14.4613   340.8767   312.9740    19.1899
    -65.00   42256.24  0.0644932    14.4704   339.0573   313.1413    19.0797
    -55.00   42255.89  0.0644180    14.4774   336.8982   313.5426    18.9782
    -45.00   42257.22  0.0644828    14.4854   334.9849   313.6561    18.8876
    -35.00   42257.53  0.0645793    14.4948   333.1207   313.7149    18.8018
    -25.00   42255.83  0.0644505    14.5013   331.1467   313.9818    18.7082
    -15.00   42254.03  0.0645738    14.5046   329.3320   314.2199    18.6244
     -5.00   42253.85  0.0648794    14.5092   327.6753   314.4266    18.5505
      5.00   42253.64  0.0648792    14.5133   326.2391   314.5997    18.4600
     15.00   42251.35  0.0649268    14.5134   324.7888   314.9248    18.3645
     25.00   42250.40  0.0651699    14.5131   323.2565   315.4044    18.2787
     35.00   42251.70  0.0652840    14.5146   322.0144   315.6606    18.1817
     45.00   42252.14  0.0652862    14.5161   320.6956   315.9682    18.0724
     55.00   42251.56  0.0652332    14.5160   318.9961   316.5706    17.9632
     65.00   42252.31  0.0652726    14.5172   317.3918   316.9692    17.8550
     75.00   42254.70  0.0653096    14.5222   315.7337   317.2537    17.7454
     85.00   42255.88  0.0650259    14.5272   313.7811   317.6838    17.6257
     95.00   42255.28  0.0648846    14.5309   311.7321   318.0757    17.5127
    105.00   42256.03  0.0649424    14.5378   309.6394   318.3941    17.4147
    115.00   42257.73  0.0647247    14.5469   307.6890   318.5531    17.3083
    125.00   42257.11  0.0645444    14.5537   305.7213   318.7505    17.2033
    135.00   42255.09  0.0645525    14.5593   303.6591   319.1113    17.1159
    145.00   42254.55  0.0645588    14.5666   302.0275   319.1953    17.0298
    155.00   42254.65  0.0645774    14.5736   300.5726   319.2458    16.9415
    165.00   42253.08  0.0645080    14.5765   298.9885   319.5774    16.8538
    175.00   42250.79  0.0646244    14.5781   297.6662   319.7901    16.7725
    185.00   42250.79  0.0648594    14.5813   296.4667   319.9460    16.6943
    195.00   42252.08  0.0647909    14.5829   295.2261   320.1926    16.5990
    205.00   42251.28  0.0648391    14.5809   293.8753   320.5227    16.5031
    215.00   42251.01  0.0650741    14.5802   292.3412   320.9226    16.4183
    225.00   42253.20  0.0650836    14.5818   290.8712   321.1604    16.3170
    235.00   42255.21  0.0650407    14.5817   289.1775   321.4675    16.2044
    245.00   42255.37  0.0650681    14.5808   287.0659   322.0102    16.1029
    255.00   42255.30  0.0650870    14.5829   285.0692   322.3321    15.9983
    265.00   42257.07  0.0650675    14.5877   283.0702   322.5665    15.8864
    275.00   42257.91  0.0648637    14.5912   280.8197   323.0158    15.7737
    285.00   42255.98  0.0647845    14.5946   278.7282   323.3525    15.6687
    295.00   42254.60  0.0648439    14.6018   276.8189   323.5873    15.5738
    305.00   42255.07  0.0646179    14.6099   275.0931   323.7916    15.4692
    315.00   42254.36  0.0644898    14.6149   273.5255   323.9922    15.3692
    325.00   42251.98  0.0645852    14.6200   271.9981   324.2749    15.2911
    335.00   42250.96  0.0645673    14.6273   270.8238   324.3550    15.2075
    345.00   42252.07  0.0645762    14.6321   269.7323   324.4278    15.1180
    355.00   42252.11  0.0646469    14.6329   268.3695   324.7656    15.0412
    365.00   42250.72  0.0648050    14.6341   267.1314   324.9583    14.9658
    375.00   42251.52  0.0650259    14.6361   265.8300   325.1152    14.8844
    385.00   42254.05  0.0650210    14.6350   264.1825   325.4837    14.7928
    395.00   42254.58  0.0651336    14.6317   262.3939   325.8452    14.7013
    405.00   42254.17  0.0653834    14.6309   260.4006   326.2372    14.6161
    415.00   42255.82  0.0653257    14.6321   258.3481   326.5907    14.5112
    425.00   42257.77  0.0652720    14.6310   256.1939   326.9764    14.3976
    435.00   42257.45  0.0653312    14.6308   253.8493   327.4998    14.3012
    445.00   42255.54  0.0652619    14.6349   251.7701   327.8338    14.1979
    455.00   42255.72  0.0651496    14.6398   249.8661   328.1088    14.0829
    465.00   42255.91  0.0649940    14.6428   247.8893   328.5709    13.9801
    475.00   42253.42  0.0648962    14.6473   246.2554   328.8578    13.8857
    485.00   42251.18  0.0648875    14.6548   244.8666   329.0483    13.7927
    495.00   42251.56  0.0646622    14.6605   243.5094   329.3275    13.6949
    505.00   42252.12  0.0645538    14.6632   242.3060   329.5231    13.6046
    515.00   42250.91  0.0646519    14.6673   241.0664   329.7376    13.5324
    525.00   42250.66  0.0645610    14.6726   239.8806   329.8750    13.4482
    535.00   42253.10  0.0645293    14.6738   238.6126   330.0016    13.3567
    545.00   42254.81  0.0646376    14.6727   236.9872   330.3048    13.2850
    555.00   42254.10  0.0647167    14.6737   235.3554   330.4771    13.2086
    565.00   42254.74  0.0648342    14.6744   233.5980   330.6373    13.1174
    575.00   42256.91  0.0648618    14.6714   231.4664   331.0300    13.0289
    585.00   42257.38  0.0649460    14.6684   229.3771   331.3215    12.9411
    595.00   42255.57  0.0651378    14.6685   227.2648   331.6217    12.8517
    605.00   42255.36  0.0650595    14.6686   225.1266   332.0185    12.7471
    615.00   42256.27  0.0650276    14.6665   223.1639   332.3664    12.6375
    625.00   42255.42  0.0651136    14.6667   221.2478   332.7788    12.5456
    635.00   42252.55  0.0650006    14.6712   219.5992   333.1059    12.4427
    645.00   42252.07  0.0648953    14.6746   218.1658   333.3898    12.3264
    655.00   42252.96  0.0648272    14.6764   216.6810   333.7977    12.2316
    665.00   42251.57  0.0647183    14.6818   215.4384   334.0289    12.1438
    675.00   42250.07  0.0646853    14.6889   214.2774   334.1965    12.0476
    685.00   42251.30  0.0645494    14.6925   212.9034   334.5045    11.9572
    695.00   42253.52  0.0644859    14.6947   211.5765   334.6544    11.8782
    705.00   42253.57  0.0645969    14.6991   210.0941   334.7964    11.8091
    715.00   42253.63  0.0645373    14.7026   208.4076   334.9974    11.7282
    725.00   42256.04  0.0645749    14.7014   206.6354   335.1489    11.6433
    735.00   42258.01  0.0647604    14.6995   204.6042   335.4038    11.5786
    745.00   42256.67  0.0648274    14.7004   202.5700   335.6165    11.5030
    755.00   42255.68  0.0649568    14.6990   200.5465   335.8504    11.4067
    765.00   42256.29  0.0650884    14.6946   198.3597   336.2810    11.3226
    775.00   42256.13  0.0651528    14.6925   196.4235   336.5892    11.2376
    785.00   42253.29  0.0652855    14.6935   194.6305   336.9182    11.1392
    795.00   42252.01  0.0652460    14.6926   192.8186   337.4208    11.0363
    805.00   42252.83  0.0652116    14.6908   191.3060   337.7869    10.9325
    815.00   42252.70  0.0652478    14.6932   189.8705   338.1571    10.8418
    825.00   42250.77  0.0650776    14.6978   188.4634   338.5617    10.7412
    835.00   42250.89  0.0649658    14.7000   187.1718   338.8765    10.6299
    845.00   42253.28  0.0649157    14.7017   185.7395   339.2252    10.5460
    855.00   42253.36  0.0647288    14.7077   184.2960   339.4647    10.4652
    865.00   42252.65  0.0646483    14.7132   182.7825   339.6557    10.3685
    875.00   42254.08  0.0645781    14.7140   180.9640   339.9665    10.2868
    885.00   42256.67  0.0644718    14.7157   179.1744   340.0941    10.2177
    895.00   42256.71  0.0645038    14.7196   177.2810   340.2183    10.1444
    905.00   42255.68  0.0644530    14.7202   175.1909   340.4873    10.0634
    915.00   42256.48  0.0644841    14.7171   173.2517   340.6306     9.9830
    925.00   42257.54  0.0646180    14.7156   171.3126   340.8199     9.9167
    935.00   42255.30  0.0646071    14.7160   169.4382   341.0762     9.8360
    945.00   42252.88  0.0647153    14.7129   167.7714   341.3144     9.7361
    955.00   42252.71  0.0648734    14.7080   166.1178   341.6677     9.6538
    965.00   42252.90  0.0648566    14.7072   164.6822   341.9447     9.5701
    975.00   42250.79  0.0649331    14.7081   163.3431   342.2536     9.4645
    985.00   42249.92  0.0649650    14.7057   161.8666   342.7288     9.3649
    995.00   42251.77  0.0649265    14.7042   160.5674   343.0241     9.2705
   1005.00   42253.23  0.0649192    14.7079   159.1749   343.3320     9.1774
   1015.00   42252.73  0.0647840    14.7111   157.5317   343.7614     9.0796
   1025.00   42253.25  0.0647246    14.7117   155.9198   344.0372     8.9765
   1035.00   42256.17  0.0646933    14.7143   154.1337   344.2950     8.8987
   1045.00   42256.78  0.0644891    14.7203   152.1798   344.5612     8.8215
   1055.00   42255.56  0.0644378    14.7241   150.2293   344.7581     8.7262
   1065.00   42255.58  0.0644663    14.7237   148.1600   345.0014     8.6531
   1075.00   42256.98  0.0643469    14.7262   146.2216   345.1157     8.5927
   1085.00   42256.29  0.0643691    14.7298   144.3659   345.2493     8.5159
   1095.00   42253.85  0.0644350    14.7280   142.4755   345.5391     8.4382
   1105.00   42253.29  0.0645162    14.7241   140.9200   345.6554     8.3681
   1115.00   42254.14  0.0646523    14.7233   139.4583   345.8310     8.2994
   1125.00   42252.46  0.0646909    14.7222   137.9536   346.1849     8.2157
   1135.00   42250.37  0.0648613    14.7171   136.6555   346.4579     8.1181
   1145.00   42250.89  0.0650581    14.7124   135.3210   346.7859     8.0374
   1155.00   42252.40  0.0650032    14.7129   133.9091   347.1625     7.9520
   1165.00   42251.89  0.0650633    14.7131   132.4385   347.5528     7.8414
   1175.00   42251.66  0.0651522    14.7102   130.7287   348.0341     7.7453
   1185.00   42254.08  0.0650399    14.7108   129.0321   348.3458     7.6605
   1195.00   42256.29  0.0649470    14.7162   127.1520   348.6940     7.5645
   1205.00   42256.02  0.0648315    14.7185   124.9839   349.1716     7.4714
   1215.00   42255.59  0.0647498    14.7186   122.9800   349.4067     7.3834
   1225.00   42257.30  0.0646496    14.7227   120.9508   349.6181     7.3102
   1235.00   42257.32  0.0644205    14.7276   118.8100   349.9467     7.2357
   1245.00   42255.04  0.0643767    14.7286   116.9200   350.1476     7.1453
   1255.00   42253.44  0.0644140    14.7272   115.1852   350.3094     7.0779
   1265.00   42253.77  0.0642362    14.7294   113.5932   350.4642     7.0180
   1275.00   42253.27  0.0642203    14.7314   112.1645   350.6459     6.9332
   1285.00   42250.86  0.0643367    14.7271   110.7686   350.9140     6.8542
   1295.00   42250.43  0.0643471    14.7235   109.6338   351.0007     6.7888
   1305.00   42252.20  0.0643959    14.7236   108.4589   351.1745     6.7114
   1315.00   42252.28  0.0644468    14.7212   107.0297   351.5634     6.6229
   1325.00   42251.43  0.0645951    14.7152   105.7097   351.7718     6.5324
   1335.00   42252.67  0.0647324    14.7119   104.2324   352.0023     6.4526
   1345.00   42255.11  0.0646534    14.7127   102.4086   352.4105     6.3655
   1355.00   42255.60  0.0647288    14.7114   100.4930   352.7833     6.2566
   1365.00   42254.87  0.0648613    14.7079    98.4290   353.1533     6.1657
   1375.00   42256.11  0.0647050    14.7100    96.3344   353.4518     6.0868
   1385.00   42257.62  0.0646068    14.7154    94.1720   353.8164     5.9869
   1395.00   42256.45  0.0645821    14.7163    91.9311   354.2729     5.8949
   1405.00   42254.46  0.0644823    14.7169    90.0754   354.4375     5.8200
   1415.00   42254.53  0.0643498    14.7225    88.3529   354.6175     5.7457
   1425.00   42254.42  0.0641780    14.7267    86.5821   354.9796     5.6706
   1435.00   42252.37  0.0641872    14.7259    85.1994   355.1259     5.5907
   1445.00   42250.58  0.0642328    14.7251    84.0199   355.1896     5.5293
   1455.00   42251.24  0.0640845    14.7270    82.7751   355.3755     5.4707
   1465.00   42252.23  0.0641479    14.7266    81.5665   355.5820     5.3858
   1475.00   42251.14  0.0643718    14.7204    80.3072   355.7898     5.3115
   1485.00   42251.41  0.0643837    14.7171    79.0338   355.9000     5.2511
   1495.00   42253.96  0.0644545    14.7171    77.5210   356.1472     5.1671
   1505.00   42255.31  0.0646242    14.7128    75.6302   356.6056     5.0745
   1515.00   42255.00  0.0647698    14.7070    73.8140   356.8286     4.9929
   1525.00   42255.47  0.0648498    14.7060    71.8450   357.0902     4.9110
   1535.00   42257.22  0.0647929    14.7075    69.5156   357.6209     4.8190
   1545.00   42257.38  0.0648797    14.7056    67.3061   358.0287     4.7161
   1555.00   42255.31  0.0649684    14.7037    65.2242   358.3452     4.6321
   1565.00   42254.61  0.0647415    14.7078    63.1759   358.7140     4.5560
   1575.00   42255.12  0.0646310    14.7126    61.2598   359.1252     4.4562
   1585.00   42253.77  0.0646570    14.7121    59.4868   359.5328     4.3692
   1595.00   42251.58  0.0644634    14.7136    58.1014   359.6836     4.3059
   1605.00   42251.26  0.0642707    14.7193    56.8182   359.8820     4.2294
   1615.00   42252.21  0.0641637    14.7213    55.3906     0.2804     4.1496
   1625.00   42251.80  0.0641449    14.7187    54.2730     0.3755     4.0811
   1635.00   42250.90  0.0641111    14.7183    53.1850     0.4047     4.0197
   1645.00   42252.30  0.0639470    14.7196    51.7569     0.6588     3.9537
   1655.00   42254.57  0.0640304    14.7166    50.2600     0.8629     3.8696
   1665.00   42254.65  0.0642299    14.7101    48.6694     0.9959     3.7975
   1675.00   42254.69  0.0641582    14.7079    46.9008     1.1330     3.7359
   1685.00   42256.49  0.0642038    14.7075    44.9069     1.4102     3.6456
   1695.00   42257.73  0.0644296    14.7020    42.6977     1.8244     3.5514
   1705.00   42256.89  0.0645027    14.6973    40.6899     2.0029     3.4774
   1715.00   42255.42  0.0645055    14.6982    38.6974     2.2473     3.3927
   1725.00   42255.62  0.0645012    14.6991    36.5149     2.7899     3.2942
   1735.00   42255.37  0.0645990    14.6965    34.6851     3.1206     3.2005
   1745.00   42252.94  0.0646394    14.6962    33.1174     3.3478     3.1208
   1755.00   42251.40  0.0644084    14.7010    31.5220     3.7398     3.0414
   1765.00   42251.99  0.0643518    14.7041    30.0755     4.1218     2.9437
   1775.00   42252.10  0.0644292    14.7028    28.7646     4.4167     2.8628
   1785.00   42251.21  0.0641997    14.7056    27.5771     4.5637     2.8051
   1795.00   42251.43  0.0640177    14.7110    26.3074     4.7732     2.7274
   1805.00   42253.63  0.0640379    14.7107    24.7736     5.1319     2.6471
   1815.00   42254.86  0.0640148    14.7080    23.3826     5.1732     2.5918
   1825.00   42254.47  0.0639664    14.7084    21.8769     5.1907     2.5328
   1835.00   42255.38  0.0638980    14.7087    19.9234     5.5053     2.4604
   1845.00   42257.27  0.0640626    14.7034    18.0008     5.6707     2.3855
   1855.00   42257.37  0.0642962    14.6973    16.0860     5.7673     2.3180
   1865.00   42255.99  0.0642438    14.6962    14.0210     5.9996     2.2515
   1875.00   42255.83  0.0643696    14.6944    11.9387     6.3435     2.1584
   1885.00   42256.22  0.0646797    14.6881     9.9171     6.7455     2.0644
   1895.00   42255.12  0.0647128    14.6855     8.1749     6.9861     1.9928
   1905.00   42252.68  0.0646760    14.6881     6.5176     7.3315     1.9032
   1915.00   42252.19  0.0647312    14.6883     4.7654     7.9269     1.7991
   1925.00   42252.66  0.0647744    14.6863     3.3782     8.2412     1.7159
   1935.00   42251.55  0.0647095    14.6886     2.1335     8.4729     1.6408
   1945.00   42250.59  0.0644614    14.6939     0.6472     8.9432     1.5573
   1955.00   42251.89  0.0644050    14.6949   359.2287     9.2915     1.4684
   1965.00   42253.78  0.0644435    14.6936   357.8305     9.4955     1.3972
   1975.00   42254.25  0.0641629    14.6970   356.2703     9.6874     1.3409
   1985.00   42254.49  0.0639900    14.7004   354.5271     9.9349     1.2619
   1995.00   42256.51  0.0640718    14.6975   352.5872    10.2334     1.1825
   2005.00   42258.03  0.0639920    14.6950   350.7458    10.2825     1.1315
   2015.00   42257.07  0.0638866    14.6961   348.8545    10.3492     1.0679
   2025.00   42256.07  0.0638757    14.6948   346.6893    10.7132     0.9843
   2035.00   42256.30  0.0639876    14.6889   344.8128    10.8379     0.9145
   2045.00   42256.05  0.0641373    14.6846   343.1375    10.8929     0.8477
   2055.00   42253.76  0.0640542    14.6847   341.3691    11.1929     0.7706
   2065.00   42252.39  0.0641750    14.6814   339.7713    11.4951     0.6788
   2075.00   42252.72  0.0644605    14.6751   338.3383    11.7840     0.5889
   2085.00   42252.79  0.0644267    14.6744   337.0348    12.0162     0.5167
   2095.00   42251.16  0.0643899    14.6766   335.6800    12.3706     0.4241
   2105.00   42251.09  0.0645114    14.6750   334.1597    12.8982     0.3188
   2115.00   42252.91  0.0645123    14.6735   332.8081    13.1511     0.2432
   2125.00   42253.65  0.0644062    14.6775   331.3701    13.3731     0.1692
   2135.00   42253.34  0.0642309    14.6822   329.5198    13.8695     0.0793
   2145.00   42254.50  0.0641883    14.6818   327.7180    14.1471   359.9997
   2155.00   42256.82  0.0641974    14.6818   325.9230    14.2656   359.9376
   2165.00   42257.48  0.0639391    14.6864   323.9053    14.4871   359.8790
   2175.00   42256.43  0.0638390    14.6879   321.8520    14.7150   359.8035
   2185.00   42256.57  0.0639825    14.6836   319.8551    14.9096   359.7324
   2195.00   42257.20  0.0639166    14.6819   318.0528    14.9530   359.6851
   2205.00   42255.59  0.0638672    14.6827   316.3364    15.0588   359.6186
   2215.00   42253.11  0.0640052    14.6789   314.5450    15.4200   359.5308
   2225.00   42252.36  0.0641382    14.6723   313.1157    15.5472   359.4656
   2235.00   42252.74  0.0642790    14.6695   311.8760    15.6345   359.3978
   2245.00   42251.29  0.0642924    14.6696   310.4135    16.0557   359.3073
   2255.00   42250.33  0.0644421    14.6652   309.0789    16.3828   359.2181
   2265.00   42251.48  0.0646952    14.6600   307.7876    16.6599   359.1336
   2275.00   42253.33  0.0646196    14.6622   306.3381    17.0012   359.0554
   2285.00   42253.13  0.0645994    14.6640   304.6963    17.4157   358.9630
   2295.00   42253.28  0.0647366    14.6617   302.8408    17.9123   358.8640
   2305.00   42255.50  0.0646496    14.6622   301.0217    18.1802   358.7955
   2315.00   42256.92  0.0644960    14.6672   299.0581    18.4500   358.7229
   2325.00   42256.22  0.0643870    14.6704   296.7800    18.9593   358.6311
   2335.00   42255.81  0.0643055    14.6690   294.7098    19.2002   358.5612
   2345.00   42256.92  0.0642366    14.6702   292.7992    19.3005   358.5046
   2355.00   42256.96  0.0640018    14.6748   290.7936    19.5863   358.4366
   2365.00   42254.63  0.0639239    14.6737   288.9934    19.8015   358.3621
   2375.00   42253.12  0.0640310    14.6689   287.4347    19.9393   358.2960
   2385.00   42253.49  0.0639088    14.6685   286.0609    20.0309   358.2421
   2395.00   42252.55  0.0638547    14.6684   284.7730    20.1796   358.1684
   2405.00   42250.41  0.0640215    14.6627   283.4322    20.4957   358.0788
   2415.00   42250.10  0.0640798    14.6568   282.2907    20.6184   358.0138
   2425.00   42251.97  0.0641331    14.6556   281.1476    20.7219   357.9425
   2435.00   42252.37  0.0641953    14.6548   279.6226    21.1473   357.8430
   2445.00   42252.20  0.0643072    14.6495   278.0945    21.4256   357.7570
   2455.00   42253.74  0.0644792    14.6460   276.4864    21.6359   357.6792
   2465.00   42256.44  0.0644033    14.6495   274.5594    22.0100   357.5923
   2475.00   42256.65  0.0644052    14.6502   272.4928    22.3763   357.5014
   2485.00   42255.68  0.0645527    14.6474   270.3250    22.7691   357.4113
   2495.00   42256.55  0.0644277    14.6501   268.2334    23.0359   357.3432
   2505.00   42257.20  0.0642948    14.6552   266.1683    23.2992   357.2695
   2515.00   42255.60  0.0642756    14.6567   264.0448    23.7387   357.1790
   2525.00   42253.41  0.0641821    14.6555   262.2826    23.9308   357.1163
   2535.00   42253.39  0.0640914    14.6580   260.7716    24.0208   357.0628
   2545.00   42253.67  0.0639499    14.6618   259.2314    24.3148   356.9880
   2555.00   42251.62  0.0639231    14.6586   257.9412    24.4754   356.9180
   2565.00   42250.20  0.0640365    14.6538   256.8131    24.5561   356.8608
   2575.00   42251.53  0.0639611    14.6541   255.6492    24.7023   356.8000
   2585.00   42252.31  0.0639939    14.6519   254.4300    24.8676   356.7226
   2595.00   42251.49  0.0642436    14.6443   253.0320    25.1371   356.6378
   2605.00   42251.81  0.0643186    14.6394   251.5791    25.3132   356.5717
   2615.00   42254.47  0.0643952    14.6390   249.9528    25.5077   356.4940
   2625.00   42255.93  0.0645575    14.6368   247.9352    25.9646   356.3893
   2635.00   42255.36  0.0646638    14.6318   245.9059    26.2784   356.3055
   2645.00   42255.82  0.0647740    14.6314   243.8432    26.5418   356.2311
   2655.00   42257.70  0.0647291    14.6360   241.5764    27.0086   356.1359
   2665.00   42257.24  0.0647140    14.6363   239.4229    27.3826   356.0463
   2675.00   42254.76  0.0648059    14.6347   237.3988    27.7293   355.9693
   2685.00   42254.00  0.0646386    14.6395   235.5301    28.0656   355.8990
   2695.00   42254.18  0.0644958    14.6439   233.8615    28.3468   355.8235
   2705.00   42252.76  0.0644985    14.6432   232.2695    28.7190   355.7396
   2715.00   42250.36  0.0643529    14.6423   230.9577    28.9191   355.6804
   2725.00   42250.56  0.0642321    14.6449   229.7800    29.0511   355.6232
   2735.00   42252.24  0.0641487    14.6462   228.4692    29.3606   355.5407
   2745.00   42251.66  0.0640902    14.6413   227.2620    29.5047   355.4710
   2755.00   42251.18  0.0641363    14.6376   226.0073    29.5899   355.4154
   2765.00   42253.39  0.0640641    14.6383   224.5023    29.8114   355.3423
   2775.00   42255.47  0.0640746    14.6347   222.8919    29.9708   355.2595
   2785.00   42255.28  0.0642678    14.6271   221.0866    30.1716   355.1814
   2795.00   42254.94  0.0642844    14.6244   219.1526    30.3788   355.1111
   2805.00   42256.63  0.0643361    14.6241   217.1463    30.5817   355.0270
   2815.00   42257.63  0.0645097    14.6206   214.9738    30.9572   354.9237
   2825.00   42255.64  0.0645618    14.6163   212.9350    31.2297   354.8427
   2835.00   42254.24  0.0646361    14.6177   211.0159    31.4837   354.7669
   2845.00   42254.92  0.0646544    14.6216   209.0769    31.9353   354.6649
   2855.00   42254.35  0.0646283    14.6207   207.4077    32.2514   354.5750
   2865.00   42251.77  0.0646846    14.6208   205.9044    32.5355   354.5061
   2875.00   42250.78  0.0645577    14.6267   204.4586    32.9021   354.4302
   2885.00   42251.95  0.0644404    14.6299   203.1789    33.1556   354.3509
   2895.00   42252.04  0.0644560    14.6282   201.8788    33.4319   354.2784
   2905.00   42250.65  0.0643079    14.6283   200.5991    33.6342   354.2225
   2915.00   42251.59  0.0642244    14.6305   199.2794    33.7651   354.1627
   2925.00   42254.43  0.0642330    14.6290   197.7134    34.0214   354.0824
   2935.00   42254.89  0.0641822    14.6229   196.1166    34.1328   354.0179
   2945.00   42254.44  0.0642537    14.6197   194.3778    34.2225   353.9631
   2955.00   42255.98  0.0643036    14.6194   192.3826    34.4862   353.8812
   2965.00   42257.78  0.0643636    14.6136   190.4159    34.6452   353.7942
   2975.00   42257.02  0.0645629    14.6069   188.3937    34.8397   353.7210
   2985.00   42254.98  0.0646378    14.6062   186.3392    35.1465   353.6422
   2995.00   42255.08  0.0647396    14.6058   184.4434    35.4106   353.5482
   3005.00   42255.43  0.0649310    14.6019   182.5973    35.7775   353.4493
   3015.00   42252.93  0.0649470    14.6002   180.9239    36.1194   353.3697
   3025.00   42250.99  0.0650111    14.6033   179.4138    36.4390   353.2896
   3035.00   42251.75  0.0650740    14.6062   177.8995    36.9051   353.1870
   3045.00   42252.34  0.0649868    14.6048   176.5637    37.2290   353.1020
   3055.00   42251.18  0.0649798    14.6065   175.2297    37.5250   353.0386
   3065.00   42250.93  0.0648920    14.6121   173.7543    37.9376   352.9588
   3075.00   42253.43  0.0647562    14.6130   172.3246    38.1863   352.8756
   3085.00   42254.89  0.0647200    14.6107   170.7299    38.4253   352.8130
   3095.00   42254.09  0.0645577    14.6116   168.9644    38.6881   352.7545
   3105.00   42254.74  0.0644759    14.6128   167.1612    38.8437   352.6841
   3115.00   42257.10  0.0644865    14.6090   165.1830    39.0645   352.6063
   3125.00   42257.30  0.0643590    14.6034   163.2142    39.2080   352.5420
   3135.00   42255.59  0.0643875    14.6015   161.2652    39.3267   352.4798
   3145.00   42255.28  0.0644733    14.6000   159.2763    39.5888   352.3903
   3155.00   42256.09  0.0644626    14.5933   157.5280    39.7262   352.3007
   3165.00   42254.94  0.0645788    14.5883   155.8672    39.9006   352.2288
   3175.00   42252.04  0.0646747    14.5888   154.2409    40.2287   352.1417
   3185.00   42251.70  0.0647657    14.5872   152.8737    40.4511   352.0391
   3195.00   42252.65  0.0649142    14.5830   151.5262    40.7418   351.9469
   3205.00   42251.36  0.0649079    14.5832   150.1573    41.1020   351.8665
   3215.00   42250.22  0.0649852    14.5865   148.8441    41.3993   351.7786
   3225.00   42251.88  0.0650866    14.5875   147.3876    41.7898   351.6787
   3235.00   42254.00  0.0649558    14.5865   145.8737    42.1011   351.5993
   3245.00   42254.20  0.0649342    14.5893   144.2092    42.3851   351.5361
   3255.00   42254.05  0.0649282    14.5940   142.3169    42.7714   351.4542
   3265.00   42256.45  0.0647812    14.5929   140.4629    42.9725   351.3731
   3275.00   42257.88  0.0647215    14.5910   138.4621    43.1708   351.3189
   3285.00   42256.39  0.0646199    14.5925   136.3420    43.4572   351.2593
   3295.00   42255.38  0.0645882    14.5916   134.4245    43.5722   351.1812
   3305.00   42256.08  0.0646337    14.5860   132.5253    43.7263   351.1113
   3315.00   42255.75  0.0645289    14.5809   130.7242    43.9111   351.0478
   3325.00   42253.15  0.0646258    14.5790   129.1293    44.0470   350.9741
   3335.00   42252.00  0.0648174    14.5751   127.6152    44.2821   350.8813
   3345.00   42252.86  0.0648184    14.5677   126.3111    44.4511   350.7906
   3355.00   42252.72  0.0649538    14.5645   125.0130    44.6857   350.7136
   3365.00   42250.70  0.0651561    14.5653   123.6336    45.0719   350.6175
   3375.00   42251.08  0.0652565    14.5628   122.3966    45.3166   350.5094
   3385.00   42253.22  0.0653698    14.5599   120.9767    45.6369   350.4232
   3395.00   42253.48  0.0653851    14.5625   119.2874    46.1042   350.3417
   3405.00   42252.95  0.0654623    14.5658   117.6001    46.4289   350.2475
   3415.00   42254.63  0.0655336    14.5656   115.7127    46.7910   350.1568
   3425.00   42257.02  0.0653413    14.5657   113.6513    47.1731   350.0846
   3435.00   42257.19  0.0652904    14.5691   111.5291    47.4972   350.0183
   3445.00   42255.89  0.0653127    14.5715   109.3579    47.8528   349.9358
   3455.00   42256.61  0.0650974    14.5686   107.3675    48.0549   349.8574
   3465.00   42257.14  0.0649813    14.5670   105.4035    48.2740   349.8020
   3475.00   42254.87  0.0649330    14.5683   103.4822    48.6011   349.7339
   3485.00   42252.60  0.0648693    14.5652   101.9813    48.6922   349.6460
   3495.00   42252.40  0.0648612    14.5590   100.5676    48.8218   349.5764
   3505.00   42252.68  0.0647460    14.5555    99.1607    49.0868   349.5084
   3515.00   42250.85  0.0648308    14.5536    97.9915    49.2225   349.4201
   3525.00   42250.30  0.0649930    14.5481    96.8169    49.3988   349.3275
   3535.00   42252.13  0.0649166    14.5413    95.6129    49.5895   349.2390
   3545.00   42253.69  0.0650207    14.5396    94.2509    49.8385   349.1548
   3555.00   42253.03  0.0652513    14.5392    92.6871    50.1743   349.0546
   3565.00   42253.69  0.0652862    14.5354    91.1334    50.3671   348.9471
   3575.00   42256.09  0.0653464    14.5336    89.2806    50.6651   348.8632
   3585.00   42256.85  0.0654253    14.5370    87.1002    51.1512   348.7783
   3595.00   42255.72  0.0655006    14.5393    85.0638    51.4215   348.6779
   3605.00   42255.76  0.0655376    14.5384    82.9492    51.7152   348.5941
   3615.00   42257.00  0.0653573    14.5399    80.7208    52.1439   348.5263
   3625.00   42256.46  0.0653377    14.5437    78.6927    52.4603   348.4534
   3635.00   42254.01  0.0653785    14.5439    76.8544    52.7288   348.3743
   3645.00   42253.30  0.0651239    14.5401    75.2612    52.9178   348.3036
