  -7305.00   42250.85  0.0236849     8.7503   140.6791   253.6828   132.5268
  -7295.00   42251.27  0.0237141     8.7757   139.3828   254.0318   132.3190
  -7285.00   42251.55  0.0236749     8.8079   138.1874   254.4146   132.0708
  -7275.00   42249.62  0.0237449     8.8312   137.1992   254.7410   131.8137
  -7265.00   42247.36  0.0238488     8.8452   136.2687   255.0995   131.6317
  -7255.00   42247.24  0.0238335     8.8669   135.6352   255.3139   131.4456
  -7245.00   42247.33  0.0239008     8.8862   134.9018   255.8054   131.2258
  -7235.00   42245.25  0.0240108     8.8920   134.1967   256.3837   130.9849
  -7225.00   42244.58  0.0240361     8.8996   133.8038   256.6657   130.7577
  -7215.00   42246.35  0.0240761     8.9103   133.1252   257.2191   130.5430
  -7205.00   42247.15  0.0240925     8.9199   132.2863   257.9490   130.2393
  -7195.00   42246.87  0.0241221     8.9254   131.5941   258.4162   129.9221
  -7185.00   42247.93  0.0241597     8.9312   130.6104   258.9767   129.6657
  -7175.00   42250.57  0.0240711     8.9496   129.4858   259.5621   129.3608
  -7165.00   42251.45  0.0240736     8.9671   128.2364   260.1645   129.0059
  -7155.00   42250.62  0.0241130     8.9782   126.8360   260.7520   128.7018
  -7145.00   42251.43  0.0240164     9.0015   125.6189   261.0438   128.4336
  -7135.00   42252.69  0.0239835     9.0316   124.1671   261.5818   128.1468
  -7125.00   42251.46  0.0239871     9.0547   122.7229   262.1728   127.8493
  -7115.00   42249.40  0.0239559     9.0777   121.7566   262.3227   127.6105
  -7105.00   42249.21  0.0239461     9.1057   120.7245   262.6364   127.4278
  -7095.00   42249.18  0.0238907     9.1349   119.7660   263.0834   127.1979
  -7085.00   42247.21  0.0239196     9.1549   119.1718   263.3149   126.9667
  -7075.00   42245.36  0.0239903     9.1687   118.6261   263.5628   126.8112
  -7065.00   42245.97  0.0239281     9.1903   118.2280   263.7728   126.6331
  -7055.00   42246.61  0.0239723     9.2072   117.7140   264.1923   126.3982
  -7045.00   42245.35  0.0240781     9.2108   117.1332   264.6494   126.1740
  -7035.00   42245.52  0.0240693     9.2202   116.7519   264.8137   125.9596
  -7025.00   42247.96  0.0240919     9.2342   115.9443   265.3183   125.7208
  -7015.00   42249.12  0.0241309     9.2421   114.8758   266.0001   125.4146
  -7005.00   42249.07  0.0241506     9.2503   113.9669   266.3417   125.1116
  -6995.00   42250.14  0.0241775     9.2628   112.7597   266.7964   124.8574
  -6985.00   42252.35  0.0241080     9.2845   111.3450   267.4014   124.5459
  -6975.00   42252.63  0.0241136     9.3051   109.9925   267.8944   124.2021
  -6965.00   42250.95  0.0241754     9.3215   108.6238   268.3324   123.9305
  -6955.00   42250.97  0.0240810     9.3514   107.4762   268.5796   123.6857
  -6945.00   42251.29  0.0240764     9.3851   106.2527   269.0432   123.4044
  -6935.00   42249.40  0.0241424     9.4085   105.1150   269.5438   123.1462
  -6925.00   42247.07  0.0241321     9.4347   104.5299   269.5801   122.9552
  -6915.00   42246.91  0.0241565     9.4660   103.8301   269.8782   122.7812
  -6905.00   42247.14  0.0241783     9.4915   103.0939   270.3855   122.5656
  -6895.00   42245.67  0.0242462     9.5086   102.7353   270.5731   122.3642
  -6885.00   42244.75  0.0243468     9.5231   102.2983   270.8260   122.2197
  -6875.00   42246.36  0.0243216     9.5425   101.7536   271.2117   122.0310
  -6865.00   42247.59  0.0243985     9.5555   101.0865   271.6933   121.7793
  -6855.00   42247.00  0.0245404     9.5579   100.2544   272.1919   121.5562
  -6845.00   42247.75  0.0245184     9.5697    99.4911   272.4637   121.3387
  -6835.00   42250.23  0.0245506     9.5867    98.2576   273.1062   121.0610
  -6825.00   42251.22  0.0246214     9.5952    96.7682   273.8883   120.7517
  -6815.00   42250.58  0.0246241     9.6081    95.5556   274.2365   120.4723
  -6805.00   42251.18  0.0246188     9.6300    94.0782   274.7723   120.2181
  -6795.00   42252.51  0.0245571     9.6548    92.4579   275.5016   119.9173
  -6785.00   42251.93  0.0245427     9.6780    91.1262   275.9826   119.6153
  -6775.00   42249.56  0.0245698     9.7004    89.9443   276.3533   119.3927
  -6765.00   42249.05  0.0244397     9.7331    88.9597   276.6756   119.1795
  -6755.00   42249.01  0.0244058     9.7655    88.0472   277.1178   118.9251
  -6745.00   42247.02  0.0244713     9.7865    87.2729   277.5347   118.7129
  -6735.00   42245.03  0.0244013     9.8122    86.9973   277.5234   118.5602
  -6725.00   42245.40  0.0243877     9.8427    86.5229   277.8220   118.3833
  -6715.00   42246.31  0.0244199     9.8627    85.8953   278.3371   118.1746
  -6705.00   42245.58  0.0244473     9.8771    85.6304   278.4179   117.9964
  -6695.00   42245.68  0.0244944     9.8941    85.1417   278.6191   117.8481
  -6685.00   42248.06  0.0244588     9.9120    84.3496   279.0617   117.6448
  -6675.00   42249.74  0.0245105     9.9232    83.4857   279.4490   117.3959
  -6665.00   42249.38  0.0246306     9.9283    82.4608   279.7989   117.1851
  -6655.00   42250.09  0.0245692     9.9434    81.3993   280.0517   116.9693
  -6645.00   42251.93  0.0245930     9.9620    79.9846   280.6130   116.6784
  -6635.00   42252.22  0.0246959     9.9716    78.4040   281.2855   116.3814
  -6625.00   42250.57  0.0246748     9.9883    77.2519   281.4812   116.1295
  -6615.00   42250.34  0.0246676    10.0170    75.8836   281.9735   115.8663
  -6605.00   42250.90  0.0246537    10.0433    74.4529   282.6844   115.5698
  -6595.00   42249.64  0.0246635    10.0682    73.5045   283.0144   115.3026
  -6585.00   42247.27  0.0246853    10.0985    72.7224   283.2802   115.1032
  -6575.00   42246.87  0.0245864    10.1341    72.0386   283.6221   114.9011
  -6565.00   42247.26  0.0245883    10.1657    71.4641   283.9916   114.6709
  -6555.00   42245.74  0.0247010    10.1881    71.0149   284.2558   114.4982
  -6545.00   42244.58  0.0246439    10.2147    70.8449   284.2333   114.3710
  -6535.00   42245.70  0.0246679    10.2433    70.3660   284.5373   114.1916
  -6525.00   42247.27  0.0247964    10.2582    69.6015   285.0595   113.9914
  -6515.00   42247.01  0.0248518    10.2697    69.1279   285.1153   113.8311
  -6505.00   42247.69  0.0249190    10.2879    68.2670   285.4185   113.6612
  -6495.00   42250.27  0.0249538    10.3030    66.9808   286.0571   113.4280
  -6485.00   42251.76  0.0250394    10.3120    65.7310   286.5138   113.1744
  -6475.00   42251.09  0.0251532    10.3227    64.3850   286.9203   112.9588
  -6465.00   42251.21  0.0250885    10.3425    62.9592   287.3844   112.7253
  -6455.00   42252.15  0.0251056    10.3637    61.4042   288.0325   112.4287
  -6445.00   42251.54  0.0252255    10.3781    59.8788   288.6879   112.1567
  -6435.00   42249.07  0.0251499    10.4011    58.8498   288.9159   111.9400
  -6425.00   42248.18  0.0251155    10.4348    57.7059   289.4453   111.6883
  -6415.00   42248.48  0.0251310    10.4614    56.5333   290.1883   111.4214
  -6405.00   42246.97  0.0251114    10.4857    55.9666   290.4097   111.2118
  -6395.00   42245.23  0.0250854    10.5197    55.4302   290.6946   111.0370
  -6385.00   42245.48  0.0249807    10.5531    54.8487   291.1390   110.8458
  -6375.00   42246.67  0.0249748    10.5787    54.3878   291.4800   110.6427
  -6365.00   42245.98  0.0250382    10.6015    53.9924   291.6592   110.4953
  -6355.00   42245.70  0.0249245    10.6272    53.6372   291.7064   110.3707
  -6345.00   42247.55  0.0249072    10.6519    52.9342   292.0253   110.1835
  -6335.00   42249.41  0.0250416    10.6646    51.9659   292.4446   109.9927
  -6325.00   42249.25  0.0250318    10.6762    51.2369   292.4188   109.8468
  -6315.00   42249.73  0.0250485    10.6963    50.1018   292.6940   109.6623
  -6305.00   42251.84  0.0251102    10.7101    48.5600   293.3313   109.4177
  -6295.00   42252.55  0.0251838    10.7182    47.2666   293.6423   109.1815
  -6285.00   42251.14  0.0252542    10.7346    45.9537   293.9575   108.9687
  -6275.00   42250.41  0.0251900    10.7574    44.5750   294.4613   108.7217
  -6265.00   42250.67  0.0252135    10.7784    43.2759   295.0348   108.4312
  -6255.00   42249.48  0.0253355    10.7978    42.1827   295.5063   108.1821
  -6245.00   42246.85  0.0252322    10.8267    41.5024   295.7014   107.9777
  -6235.00   42245.92  0.0251907    10.8633    40.7572   296.1554   107.7308
  -6225.00   42246.61  0.0252725    10.8913    39.9656   296.7748   107.4864
  -6215.00   42245.50  0.0252438    10.9181    39.7390   296.8256   107.3188
  -6205.00   42244.64  0.0252274    10.9560    39.3600   297.0453   107.1567
  -6195.00   42245.80  0.0251953    10.9882    38.7379   297.5098   106.9712
  -6185.00   42247.67  0.0252492    11.0091    38.2543   297.7135   106.8002
  -6175.00   42247.72  0.0253307    11.0336    37.6640   297.8431   106.6682
  -6165.00   42247.90  0.0252584    11.0584    36.9144   297.9972   106.5344
  -6155.00   42250.06  0.0253050    11.0768    35.8209   298.3857   106.3374
  -6145.00   42251.52  0.0254963    11.0887    34.5719   298.7570   106.1500
  -6135.00   42250.88  0.0254944    11.1014    33.4968   298.8249   105.9973
  -6125.00   42250.61  0.0255197    11.1220    32.0838   299.2428   105.7837
  -6115.00   42251.83  0.0256659    11.1360    30.4118   299.9712   105.5242
  -6105.00   42251.61  0.0257452    11.1461    29.1799   300.2896   105.2999
  -6095.00   42249.50  0.0257856    11.1699    27.9745   300.6978   105.0840
  -6085.00   42248.31  0.0257490    11.1969    26.7005   301.3861   104.8273
  -6075.00   42248.48  0.0257874    11.2183    25.6864   301.9774   104.5617
  -6065.00   42247.23  0.0258670    11.2442    24.9358   302.3958   104.3495
  -6055.00   42245.04  0.0257242    11.2779    24.4054   302.7103   104.1638
  -6045.00   42244.75  0.0256537    11.3129    23.7904   303.2215   103.9380
  -6035.00   42246.07  0.0257483    11.3401    23.1586   303.7359   103.7336
  -6025.00   42245.74  0.0256565    11.3669    22.8984   303.7728   103.6011
  -6015.00   42245.55  0.0255832    11.4030    22.3665   304.0090   103.4494
  -6005.00   42247.51  0.0255847    11.4307    21.4547   304.5272   103.2662
  -5995.00   42249.70  0.0256047    11.4467    20.7470   304.6339   103.1195
  -5985.00   42250.02  0.0256296    11.4712    19.8374   304.7524   102.9908
  -5975.00   42250.06  0.0255357    11.4952    18.6688   305.0305   102.8369
  -5965.00   42251.83  0.0255775    11.5085    17.3534   305.3849   102.6390
  -5955.00   42252.49  0.0257227    11.5222    16.0458   305.6426   102.4594
  -5945.00   42251.00  0.0256605    11.5383    14.9232   305.7233   102.3014
  -5935.00   42249.82  0.0256505    11.5583    13.6017   306.1495   102.0746
  -5925.00   42250.15  0.0258161    11.5737    12.2598   306.7306   101.8222
  -5915.00   42249.42  0.0258522    11.5868    11.4338   306.9072   101.6165
  -5905.00   42247.04  0.0258452    11.6149    10.6188   307.2552   101.3997
  -5895.00   42246.05  0.0258552    11.6440     9.6789   307.9337   101.1374
  -5885.00   42246.72  0.0259082    11.6654     9.0904   308.3542   100.8963
  -5875.00   42246.06  0.0259569    11.6968     8.6510   308.6409   100.7054
  -5865.00   42244.72  0.0258231    11.7352     8.1792   308.9917   100.5190
  -5855.00   42245.43  0.0257868    11.7683     7.5833   309.4489   100.3069
  -5845.00   42247.33  0.0259013    11.7974     6.9799   309.7609   100.1351
  -5835.00   42247.60  0.0258022    11.8274     6.5155   309.7496   100.0218
  -5825.00   42247.65  0.0257348    11.8620     5.6918   309.9740    99.8740
  -5815.00   42249.74  0.0258387    11.8862     4.5126   310.4087    99.7005
  -5805.00   42251.68  0.0258861    11.8999     3.5698   310.4121    99.5736
  -5795.00   42251.48  0.0259295    11.9237     2.4176   310.5208    99.4425
  -5785.00   42250.90  0.0259303    11.9456     0.9593   310.9519    99.2603
  -5775.00   42251.88  0.0260432    11.9541   359.6142   311.2994    99.0579
  -5765.00   42251.73  0.0262103    11.9694   358.3756   311.5808    98.8738
  -5755.00   42249.53  0.0261636    11.9905   357.2836   311.8601    98.6893
  -5745.00   42247.92  0.0261927    12.0100   356.1160   312.4387    98.4434
  -5735.00   42247.87  0.0263797    12.0292   355.1014   313.0077    98.2002
  -5725.00   42247.18  0.0263779    12.0495   354.5336   313.2384    98.0094
  -5715.00   42245.08  0.0263300    12.0822   353.8755   313.7108    97.7957
  -5705.00   42244.77  0.0263837    12.1133   353.0703   314.4282    97.5507
  -5695.00   42246.24  0.0264128    12.1356   352.6041   314.7740    97.3519
  -5685.00   42246.33  0.0263999    12.1699   352.1140   315.0572    97.1923
  -5675.00   42245.90  0.0262737    12.2084   351.3538   315.5462    97.0130
  -5665.00   42247.44  0.0262477    12.2354   350.5082   315.9915    96.8248
  -5655.00   42249.64  0.0263174    12.2627   349.6485   316.2263    96.6820
  -5645.00   42250.06  0.0261682    12.2932   348.7548   316.3124    96.5708
  -5635.00   42249.86  0.0260722    12.3222   347.5262   316.6409    96.4152
  -5625.00   42251.34  0.0261771    12.3430   346.1654   316.9930    96.2494
  -5615.00   42252.54  0.0261591    12.3569   345.0978   316.9609    96.1304
  -5605.00   42251.34  0.0261226    12.3805   343.9095   317.0885    95.9914
  -5595.00   42249.97  0.0261498    12.4012   342.5212   317.5528    95.7938
  -5585.00   42250.19  0.0262292    12.4082   341.4901   317.7798    95.6014
  -5575.00   42249.66  0.0263347    12.4255   340.6428   317.9505    95.4265
  -5565.00   42247.30  0.0262694    12.4506   339.8195   318.3037    95.2237
  -5555.00   42245.88  0.0263031    12.4682   339.0359   318.8184    94.9774
  -5545.00   42246.27  0.0264682    12.4892   338.4355   319.2284    94.7506
  -5535.00   42246.14  0.0264152    12.5163   338.0972   319.4144    94.5652
  -5525.00   42244.78  0.0263527    12.5503   337.5256   319.8915    94.3471
  -5515.00   42245.27  0.0264411    12.5827   336.7999   320.4761    94.1167
  -5505.00   42247.49  0.0264448    12.6086   336.3217   320.6570    93.9462
  -5495.00   42248.11  0.0263961    12.6463   335.6529   320.8676    93.8009
  -5485.00   42248.11  0.0263326    12.6855   334.5887   321.3448    93.6245
  -5475.00   42249.82  0.0263439    12.7096   333.5380   321.6344    93.4605
  -5465.00   42251.78  0.0264135    12.7367   332.4857   321.7238    93.3428
  -5455.00   42251.74  0.0262991    12.7686   331.3026   321.8528    93.2252
  -5445.00   42250.78  0.0262726    12.7917   329.9225   322.1871    93.0630
  -5435.00   42251.32  0.0264313    12.8092   328.6317   322.4283    92.9048
  -5425.00   42251.67  0.0264301    12.8248   327.6562   322.4044    92.7810
  -5415.00   42249.59  0.0264155    12.8471   326.5861   322.6514    92.6168
  -5405.00   42247.80  0.0265423    12.8663   325.4624   323.1494    92.4027
  -5395.00   42247.84  0.0266444    12.8748   324.7572   323.3740    92.2109
  -5385.00   42247.41  0.0267269    12.8962   324.1873   323.5962    92.0337
  -5375.00   42245.56  0.0267232    12.9256   323.4550   324.1467    91.8097
  -5365.00   42244.81  0.0267858    12.9441   322.8071   324.7022    91.5710
  -5355.00   42246.14  0.0269326    12.9681   322.2910   325.0812    91.3725
  -5345.00   42246.67  0.0268467    13.0030   321.7563   325.4187    91.1935
  -5335.00   42246.04  0.0267860    13.0366   320.9190   326.0014    90.9855
  -5325.00   42247.18  0.0268805    13.0673   319.9591   326.5413    90.7869
  -5315.00   42249.70  0.0268222    13.0961   319.1498   326.7116    90.6480
  -5305.00   42250.36  0.0267220    13.1326   318.0632   327.0031    90.5131
  -5295.00   42250.15  0.0266892    13.1674   316.6398   327.5183    90.3441
  -5285.00   42251.37  0.0266719    13.1874   315.3826   327.7457    90.2010
  -5275.00   42252.65  0.0266755    13.2124   314.2021   327.8129    90.0958
  -5265.00   42251.80  0.0265549    13.2433   312.8856   328.0702    89.9611
  -5255.00   42249.95  0.0265226    13.2610   311.6020   328.4167    89.7925
  -5245.00   42249.76  0.0266361    13.2757   310.5928   328.5828    89.6428
  -5235.00   42249.60  0.0265655    13.2953   309.8722   328.6045    89.5100
  -5225.00   42247.25  0.0265162    13.3164   309.0823   328.9184    89.3281
  -5215.00   42245.58  0.0266344    13.3342   308.3561   329.3315    89.1156
  -5205.00   42246.10  0.0266718    13.3463   308.0052   329.4526    88.9358
  -5195.00   42246.26  0.0266793    13.3707   307.6451   329.6520    88.7566
  -5185.00   42245.32  0.0267016    13.4014   307.0093   330.1781    88.5272
  -5175.00   42245.46  0.0267522    13.4203   306.4296   330.6004    88.3026
  -5165.00   42247.67  0.0268480    13.4468   305.8925   330.8243    88.1265
  -5155.00   42248.77  0.0267630    13.4868   305.0821   331.1897    87.9427
  -5145.00   42248.41  0.0267228    13.5198   303.9849   331.7135    87.7393
  -5135.00   42249.68  0.0268274    13.5491   302.8379   332.0820    87.5668
  -5125.00   42251.75  0.0267376    13.5838   301.7642   332.1924    87.4419
  -5115.00   42251.82  0.0266448    13.6202   300.4542   332.4680    87.3070
  -5105.00   42250.74  0.0266752    13.6512   298.9806   332.8825    87.1471
  -5095.00   42251.13  0.0266621    13.6713   297.8249   332.9664    87.0238
  -5085.00   42251.62  0.0266616    13.6957   296.8111   332.9752    86.9223
  -5075.00   42250.12  0.0266232    13.7240   295.6942   333.2621    86.7710
  -5065.00   42247.85  0.0266539    13.7374   294.7565   333.5522    86.5978
  -5055.00   42247.64  0.0267950    13.7500   294.1341   333.6552    86.4514
  -5045.00   42247.59  0.0267612    13.7732   293.6304   333.7968    86.2947
  -5035.00   42245.54  0.0267733    13.7933   293.0119   334.2228    86.0876
  -5025.00   42244.52  0.0269438    13.8103   292.4466   334.6492    85.8741
  -5015.00   42245.83  0.0269695    13.8298   292.0921   334.8344    85.6975
  -5005.00   42246.65  0.0269685    13.8590   291.5379   335.1895    85.5091
  -4995.00   42246.43  0.0270378    13.8912   290.6610   335.7876    85.2846
  -4985.00   42247.31  0.0270768    13.9133   289.8057   336.1998    85.0879
  -4975.00   42249.93  0.0271138    13.9434   288.9095   336.4495    84.9381
  -4965.00   42251.22  0.0270463    13.9848   287.6489   336.9241    84.7632
  -4955.00   42250.53  0.0270095    14.0146   286.2065   337.4661    84.5779
  -4945.00   42251.40  0.0270826    14.0399   284.8651   337.7636    84.4392
  -4935.00   42252.57  0.0269552    14.0758   283.5549   337.9746    84.3200
  -4925.00   42251.68  0.0268476    14.1080   282.1559   338.3388    84.1784
  -4915.00   42249.66  0.0268855    14.1315   280.8127   338.7335    84.0250
  -4905.00   42249.30  0.0268083    14.1522   279.8614   338.8270    83.9088
  -4895.00   42249.36  0.0267441    14.1760   279.0871   338.9087    83.7964
  -4885.00   42247.64  0.0267121    14.2008   278.2561   339.2515    83.6301
  -4875.00   42245.71  0.0267019    14.2131   277.6692   339.4936    83.4607
  -4865.00   42246.12  0.0267672    14.2263   277.3525   339.5442    83.3216
  -4855.00   42246.80  0.0267054    14.2519   276.9657   339.7504    83.1508
  -4845.00   42245.46  0.0266989    14.2711   276.4265   340.1556    82.9371
  -4835.00   42245.34  0.0268396    14.2863   275.9082   340.4611    82.7383
  -4825.00   42247.37  0.0268064    14.3118   275.4015   340.6244    82.5654
  -4815.00   42248.66  0.0267797    14.3431   274.5951   340.9810    82.3680
  -4805.00   42248.56  0.0268615    14.3737   273.4832   341.4916    82.1498
  -4795.00   42249.58  0.0268626    14.3999   272.4000   341.7758    81.9742
  -4785.00   42251.86  0.0268559    14.4340   271.2524   341.9727    81.8316
  -4775.00   42252.67  0.0268166    14.4760   269.8137   342.3945    81.6588
  -4765.00   42251.16  0.0267897    14.5049   268.3496   342.8123    81.4898
  -4755.00   42251.23  0.0268414    14.5304   267.1361   342.9604    81.3757
  -4745.00   42251.62  0.0267362    14.5676   265.9692   343.1497    81.2577
  -4735.00   42249.93  0.0266619    14.5968   264.8417   343.4699    81.1103
  -4725.00   42247.50  0.0267449    14.6140   263.9218   343.7248    80.9695
  -4715.00   42246.95  0.0266788    14.6363   263.3197   343.7906    80.8533
  -4705.00   42247.20  0.0266414    14.6595   262.8437   343.9004    80.7211
  -4695.00   42245.67  0.0266955    14.6790   262.2769   344.2425    80.5382
  -4685.00   42244.68  0.0267160    14.6923   261.8781   344.4496    80.3680
  -4675.00   42245.99  0.0267910    14.7087   261.5870   344.5344    80.2207
  -4665.00   42247.46  0.0267956    14.7363   261.0354   344.8597    80.0283
  -4655.00   42246.85  0.0268326    14.7568   260.2704   345.3114    79.8109
  -4645.00   42247.43  0.0269855    14.7742   259.4764   345.6155    79.6289
  -4635.00   42249.79  0.0269576    14.8065   258.5187   345.9124    79.4586
  -4625.00   42250.95  0.0269413    14.8404   257.2701   346.3802    79.2608
  -4615.00   42250.36  0.0270458    14.8681   255.8279   346.9044    79.0647
  -4605.00   42250.91  0.0270088    14.8985   254.4600   347.2245    78.9162
  -4595.00   42252.41  0.0269683    14.9341   253.1021   347.5124    78.7821
  -4585.00   42252.21  0.0269421    14.9712   251.6136   347.9899    78.6158
  -4575.00   42250.03  0.0268908    14.9971   250.2711   348.3926    78.4680
  -4565.00   42249.43  0.0268911    15.0210   249.2612   348.5627    78.3670
  -4555.00   42249.66  0.0267803    15.0553   248.3242   348.8347    78.2426
  -4545.00   42247.63  0.0266893    15.0796   247.4695   349.2106    78.0872
  -4535.00   42245.48  0.0267394    15.0923   246.8806   349.4327    77.9554
  -4525.00   42245.40  0.0266337    15.1153   246.4537   349.5756    77.8341
  -4515.00   42246.30  0.0265526    15.1385   246.0652   349.7688    77.6813
  -4505.00   42245.39  0.0265969    15.1533   245.5590   350.0935    77.4956
  -4495.00   42245.35  0.0265574    15.1691   245.0942   350.2818    77.3321
  -4485.00   42247.51  0.0265658    15.1893   244.6184   350.3748    77.1800
  -4475.00   42249.43  0.0265621    15.2161   243.8067   350.7020    76.9781
  -4465.00   42249.22  0.0265630    15.2374   242.7877   351.0727    76.7705
  -4455.00   42249.81  0.0266649    15.2574   241.7544   351.2747    76.6043
  -4445.00   42251.91  0.0266238    15.2930   240.5223   351.5587    76.4332
  -4435.00   42252.29  0.0265921    15.3275   239.1083   351.9737    76.2342
  -4425.00   42250.78  0.0266929    15.3533   237.6815   352.3592    76.0575
  -4415.00   42250.40  0.0266341    15.3876   236.3761   352.6243    75.9227
  -4405.00   42251.09  0.0265810    15.4257   235.1993   352.8742    75.7850
  -4395.00   42249.98  0.0265844    15.4582   234.0303   353.2676    75.6234
  -4385.00   42247.68  0.0265276    15.4844   233.0858   353.5535    75.4941
  -4375.00   42247.10  0.0265222    15.5097   232.4639   353.6558    75.3980
  -4365.00   42247.77  0.0264535    15.5408   231.8795   353.8862    75.2642
  -4355.00   42246.10  0.0263962    15.5614   231.3190   354.1951    75.1084
  -4345.00   42244.71  0.0264712    15.5722   230.9584   354.3239    74.9823
  -4335.00   42245.62  0.0264177    15.5953   230.5711   354.4705    74.8504
  -4325.00   42247.05  0.0263776    15.6179   230.0686   354.7083    74.6725
  -4315.00   42246.71  0.0264840    15.6296   229.4033   355.0015    74.4832
  -4305.00   42247.15  0.0264810    15.6487   228.6227   355.2325    74.3192
  -4295.00   42249.71  0.0265089    15.6750   227.7503   355.4170    74.1504
  -4285.00   42251.40  0.0265634    15.7016   226.5487   355.8164    73.9409
  -4275.00   42251.02  0.0265787    15.7260   225.1872   356.2264    73.7483
  -4265.00   42251.10  0.0266728    15.7519   223.8848   356.4807    73.5979
  -4255.00   42252.54  0.0266558    15.7896   222.4575   356.8677    73.4308
  -4245.00   42251.96  0.0266201    15.8231   220.9897   357.3493    73.2457
  -4235.00   42249.59  0.0267101    15.8471   219.6915   357.7300    73.0978
  -4225.00   42248.55  0.0266435    15.8814   218.5361   358.0836    72.9778
  -4215.00   42248.84  0.0265659    15.9172   217.5778   358.4244    72.8363
  -4205.00   42247.38  0.0265725    15.9416   216.7028   358.8410    72.6827
  -4195.00   42245.45  0.0264840    15.9654   216.0004   359.1722    72.5638
  -4185.00   42245.55  0.0264405    15.9909   215.5460   359.3478    72.4588
  -4175.00   42246.88  0.0263659    16.0164   215.0397   359.6525    72.3095
  -4165.00   42246.14  0.0262756    16.0344   214.4692   359.9882    72.1549
  -4155.00   42245.63  0.0263036    16.0462   214.0021     0.1281    72.0315
  -4145.00   42247.59  0.0262275    16.0696   213.3832     0.3251    71.8887
  -4135.00   42249.24  0.0261444    16.0915   212.5602     0.6075    71.7020
  -4125.00   42249.08  0.0262126    16.1020   211.6150     0.8471    71.5223
  -4115.00   42249.32  0.0261768    16.1234   210.5112     1.0747    71.3661
  -4105.00   42251.50  0.0261523    16.1531   209.3635     1.2623    71.1858
  -4095.00   42252.38  0.0261901    16.1772   208.0257     1.5984    70.9785
  -4085.00   42251.13  0.0261717    16.2027   206.6302     1.9436    70.8008
  -4075.00   42250.44  0.0262284    16.2341   205.4320     2.1325    70.6538
  -4065.00   42251.16  0.0262126    16.2715   204.2247     2.4662    70.4829
  -4055.00   42250.01  0.0261605    16.3042   203.0673     2.8770    70.3084
  -4045.00   42247.32  0.0262376    16.3300   202.1789     3.1400    70.1790
  -4035.00   42246.41  0.0261872    16.3653   201.4042     3.4366    70.0642
  -4025.00   42246.91  0.0261031    16.3996   200.7795     3.7330    69.9194
  -4015.00   42245.82  0.0261303    16.4195   200.2242     4.0358    69.7778
  -4005.00   42244.53  0.0260617    16.4419   199.6981     4.3048    69.6689
  -3995.00   42245.62  0.0260284    16.4680   199.3087     4.4346    69.5504
  -3985.00   42247.54  0.0260020    16.4877   198.7530     4.6910    69.3890
  -3975.00   42247.58  0.0259430    16.5033   198.0203     4.9759    69.2344
  -3965.00   42247.63  0.0260035    16.5183   197.3107     5.0789    69.1036
  -3955.00   42250.06  0.0259858    16.5417   196.3792     5.2872    68.9395
  -3945.00   42251.48  0.0259427    16.5637   195.2059     5.6004    68.7440
  -3935.00   42250.87  0.0260513    16.5771   193.9853     5.8340    68.5702
  -3925.00   42250.54  0.0260698    16.6031   192.6500     6.1133    68.4154
  -3915.00   42251.79  0.0260618    16.6364   191.3387     6.3963    68.2270
  -3905.00   42251.73  0.0261314    16.6602   189.9990     6.7750    68.0316
  -3895.00   42249.49  0.0261353    16.6870   188.6848     7.1904    67.8778
  -3885.00   42248.44  0.0261853    16.7229   187.6660     7.4576    67.7351
  -3875.00   42248.88  0.0261837    16.7570   186.6961     7.8655    67.5691
  -3865.00   42247.68  0.0261247    16.7853   185.7675     8.3518    67.4130
  -3855.00   42245.38  0.0261852    16.8116   185.1161     8.6516    67.2984
  -3845.00   42245.24  0.0261388    16.8438   184.4967     9.0163    67.1814
  -3835.00   42246.40  0.0260268    16.8726   183.8885     9.4115    67.0326
  -3825.00   42245.99  0.0260375    16.8884   183.2998     9.7377    66.8992
  -3815.00   42245.41  0.0259627    16.9089   182.5978    10.0732    66.7920
  -3805.00   42247.32  0.0258846    16.9344   181.9310    10.2809    66.6554
  -3795.00   42249.57  0.0258387    16.9497   181.0499    10.5771    66.4878
  -3785.00   42249.73  0.0257470    16.9635   179.9402    10.9095    66.3387
  -3775.00   42249.78  0.0257618    16.9828   178.9025    11.0289    66.2012
  -3765.00   42251.80  0.0257168    17.0052   177.6957    11.2582    66.0252
  -3755.00   42252.59  0.0256273    17.0260   176.3278    11.5844    65.8331
  -3745.00   42251.05  0.0256955    17.0428   175.0838    11.7684    65.6704
  -3735.00   42249.96  0.0256963    17.0711   173.8587    12.0098    65.5140
  -3725.00   42250.28  0.0256444    17.1047   172.7456    12.2730    65.3238
  -3715.00   42249.62  0.0256915    17.1279   171.7379    12.5720    65.1404
  -3705.00   42246.95  0.0256933    17.1561   170.7955    12.9231    65.0019
  -3695.00   42246.07  0.0257139    17.1948   170.1659    13.1235    64.8550
  -3685.00   42246.91  0.0257100    17.2263   169.5484    13.4564    64.6907
  -3675.00   42246.16  0.0256518    17.2516   168.8671    13.8844    64.5513
  -3665.00   42244.80  0.0257077    17.2811   168.4095    14.0871    64.4415
  -3655.00   42245.68  0.0256783    17.3115   167.8646    14.3720    64.3186
  -3645.00   42247.59  0.0255687    17.3351   167.1594    14.7327    64.1705
  -3635.00   42247.69  0.0255990    17.3505   166.4299    14.9605    64.0453
  -3625.00   42247.53  0.0255685    17.3704   165.5105    15.2240    63.9344
  -3615.00   42249.63  0.0254981    17.3939   164.5538    15.4048    63.7804
  -3605.00   42251.58  0.0254943    17.4064   163.4072    15.6464    63.6080
  -3595.00   42251.09  0.0254563    17.4199   162.0517    15.9628    63.4609
  -3585.00   42250.63  0.0255010    17.4439   160.8847    16.0591    63.3064
  -3575.00   42251.85  0.0255082    17.4667   159.6297    16.2983    63.1168
  -3565.00   42251.89  0.0254586    17.4870   158.2807    16.6781    62.9290
  -3555.00   42249.60  0.0255683    17.5108   157.2053    16.8770    62.7735
  -3545.00   42248.14  0.0256164    17.5424   156.2169    17.1638    62.6147
  -3535.00   42248.26  0.0255779    17.5752   155.3209    17.5247    62.4309
  -3525.00   42247.45  0.0256515    17.5992   154.5549    17.8777    62.2695
  -3515.00   42245.10  0.0256857    17.6282   153.8159    18.2938    62.1470
  -3505.00   42244.80  0.0256913    17.6652   153.2991    18.5764    62.0028
  -3495.00   42246.39  0.0256887    17.6913   152.6873    18.9852    61.8461
  -3485.00   42246.23  0.0256357    17.7117   151.8805    19.5026    61.7238
  -3475.00   42245.80  0.0256706    17.7406   151.2391    19.7567    61.6105
  -3465.00   42247.52  0.0256283    17.7664   150.4098    20.1051    61.4755
  -3455.00   42249.85  0.0254944    17.7835   149.2948    20.5753    61.3272
  -3445.00   42250.07  0.0255031    17.7996   148.1918    20.8459    61.2030
  -3435.00   42249.78  0.0254629    17.8198   146.9386    21.1462    61.0813
  -3425.00   42251.40  0.0253414    17.8407   145.6534    21.4130    60.9161
  -3415.00   42252.47  0.0253087    17.8529   144.3129    21.6832    60.7479
  -3405.00   42250.94  0.0252587    17.8677   142.8908    22.0286    60.6071
  -3395.00   42249.62  0.0252459    17.8938   141.8238    22.1216    60.4439
  -3385.00   42250.10  0.0252190    17.9155   140.7760    22.3507    60.2520
  -3375.00   42249.59  0.0251418    17.9340   139.6798    22.7480    60.0769
  -3365.00   42247.18  0.0252172    17.9621   138.9966    22.8737    59.9241
  -3355.00   42245.97  0.0252430    17.9946   138.4011    23.0904    59.7597
  -3345.00   42246.69  0.0251683    18.0242   137.7842    23.4383    59.5807
  -3335.00   42246.34  0.0252339    18.0504   137.2765    23.7033    59.4336
  -3325.00   42244.80  0.0252755    18.0813   136.7125    24.0260    59.3149
  -3315.00   42245.34  0.0252494    18.1165   136.2252    24.2453    59.1699
  -3305.00   42247.58  0.0252506    18.1402   135.5199    24.5830    59.0223
  -3295.00   42247.86  0.0252213    18.1594   134.5183    25.0413    58.9135
  -3285.00   42247.76  0.0252493    18.1879   133.6734    25.1935    58.7965
  -3275.00   42249.72  0.0252149    18.2103   132.5847    25.4718    58.6524
  -3265.00   42251.76  0.0250999    18.2221   131.1688    25.9244    58.5090
  -3255.00   42251.56  0.0251327    18.2397   129.9029    26.1113    58.3806
  -3245.00   42250.63  0.0251278    18.2605   128.6051    26.3249    58.2415
  -3235.00   42251.52  0.0250213    18.2779   127.3043    26.5917    58.0644
  -3225.00   42251.65  0.0250364    18.2923   126.1005    26.8187    57.8969
  -3215.00   42249.33  0.0250586    18.3113   124.9321    27.1268    57.7526
  -3205.00   42247.58  0.0250657    18.3395   124.1686    27.2156    57.5787
  -3195.00   42247.83  0.0250899    18.3622   123.4208    27.4605    57.3893
  -3185.00   42247.30  0.0250801    18.3820   122.5564    27.9284    57.2309
  -3175.00   42245.32  0.0251843    18.4141   122.1199    28.0690    57.0828
  -3165.00   42244.91  0.0252388    18.4464   121.6474    28.3380    56.9198
  -3155.00   42246.55  0.0251809    18.4709   120.9447    28.8284    56.7565
  -3145.00   42246.86  0.0252679    18.4980   120.3196    29.1484    56.6252
  -3135.00   42246.12  0.0253264    18.5280   119.5480    29.5215    56.5079
  -3125.00   42247.49  0.0252674    18.5565   118.6921    29.8636    56.3619
  -3115.00   42249.83  0.0252719    18.5765   117.5873    30.2750    56.2235
  -3105.00   42250.13  0.0252571    18.5941   116.1747    30.8135    56.1180
  -3095.00   42249.64  0.0252451    18.6198   114.9904    31.0125    55.9920
  -3085.00   42251.13  0.0251916    18.6384   113.5888    31.3684    55.8390
  -3075.00   42252.37  0.0250693    18.6473   111.9161    31.9405    55.7002
  -3065.00   42251.28  0.0250781    18.6660   110.6166    32.1551    55.5678
  -3055.00   42249.62  0.0250416    18.6874   109.4207    32.3915    55.4142
  -3045.00   42249.86  0.0248904    18.7014   108.2428    32.7554    55.2371
  -3035.00   42249.55  0.0248796    18.7176   107.3066    33.0007    55.0759
  -3025.00   42247.01  0.0248883    18.7399   106.5008    33.2755    54.9290
  -3015.00   42245.50  0.0248276    18.7666   106.0539    33.3658    54.7510
  -3005.00   42246.14  0.0248214    18.7889   105.5791    33.5807    54.5695
  -2995.00   42246.17  0.0248158    18.8102   104.8944    34.0271    54.4228
  -2985.00   42244.93  0.0248752    18.8433   104.6135    34.0721    54.2754
  -2975.00   42245.50  0.0249022    18.8745   104.1483    34.2699    54.1113
  -2965.00   42247.88  0.0248393    18.8960   103.2529    34.7695    53.9619
  -2955.00   42248.78  0.0249194    18.9242   102.4570    34.9929    53.8385
  -2945.00   42248.38  0.0249730    18.9547   101.4811    35.2559    53.7167
  -2935.00   42249.94  0.0248845    18.9777   100.2932    35.5961    53.5720
  -2925.00   42251.79  0.0248985    18.9966    98.9508    35.9283    53.4427
  -2915.00   42251.49  0.0249162    19.0150    97.3945    36.3801    53.3364
  -2905.00   42250.19  0.0248749    19.0375    96.1767    36.5003    53.2001
  -2895.00   42250.75  0.0248414    19.0534    94.8399    36.7845    53.0434
  -2885.00   42251.19  0.0247687    19.0618    93.3080    37.3362    52.9060
  -2875.00   42249.29  0.0248001    19.0816    92.3665    37.4309    52.7652
  -2865.00   42247.50  0.0247916    19.1034    91.5436    37.6016    52.5949
  -2855.00   42247.69  0.0246805    19.1160    90.6619    37.9936    52.4179
  -2845.00   42247.65  0.0247309    19.1351    90.0683    38.2010    52.2603
  -2835.00   42245.51  0.0247972    19.1623    89.5807    38.4128    52.1058
  -2825.00   42244.80  0.0247524    19.1880    89.2382    38.5578    51.9278
  -2815.00   42246.16  0.0247952    19.2108    88.7525    38.8127    51.7604
  -2805.00   42246.79  0.0248682    19.2354    87.9475    39.2967    51.6262
  -2795.00   42246.15  0.0249296    19.2675    87.4440    39.3838    51.4835
  -2785.00   42247.37  0.0249725    19.2951    86.6187    39.6616    51.3269
  -2775.00   42250.01  0.0249513    19.3132    85.2308    40.3174    51.1942
  -2765.00   42250.91  0.0250396    19.3391    84.0419    40.5998    51.0775
  -2755.00   42250.31  0.0250833    19.3665    82.7167    40.9216    50.9474
  -2745.00   42251.36  0.0249743    19.3824    81.1319    41.4388    50.8042
  -2735.00   42252.45  0.0249842    19.3987    79.5920    41.8566    50.6777
  -2725.00   42251.18  0.0250106    19.4179    78.0346    42.3344    50.5616
  -2715.00   42249.13  0.0249084    19.4363    76.8658    42.5584    50.4136
  -2705.00   42248.81  0.0248544    19.4504    75.7148    42.8918    50.2566
  -2695.00   42248.86  0.0248015    19.4606    74.4109    43.5189    50.1210
  -2685.00   42246.70  0.0247811    19.4808    73.8151    43.6058    49.9744
  -2675.00   42245.34  0.0247373    19.5017    73.2701    43.8002    49.7994
  -2665.00   42246.08  0.0246079    19.5133    72.5121    44.2992    49.6307
  -2655.00   42246.78  0.0246382    19.5335    72.0892    44.4774    49.4803
  -2645.00   42245.53  0.0246653    19.5622    71.6905    44.6349    49.3195
  -2635.00   42245.73  0.0245593    19.5848    71.2116    44.8279    49.1448
  -2625.00   42247.89  0.0245786    19.6067    70.5440    45.0606    48.9892
  -2615.00   42248.83  0.0246587    19.6343    69.5598    45.4438    48.8574
  -2605.00   42248.40  0.0246585    19.6646    68.7969    45.4702    48.7136
  -2595.00   42249.49  0.0246752    19.6895    67.6959    45.6831    48.5635
  -2585.00   42251.70  0.0246874    19.7080    66.0217    46.3218    48.4418
  -2575.00   42251.93  0.0247613    19.7332    64.7394    46.4898    48.3276
  -2565.00   42250.63  0.0247874    19.7580    63.4077    46.7202    48.1916
  -2555.00   42250.82  0.0246817    19.7700    61.8049    47.2748    48.0534
  -2545.00   42251.34  0.0247087    19.7846    60.4809    47.6227    47.9304
  -2535.00   42249.39  0.0247509    19.8044    59.3218    47.9569    47.8014
  -2525.00   42247.11  0.0246229    19.8188    58.4749    48.1742    47.6435
  -2515.00   42246.69  0.0245840    19.8312    57.7205    48.4338    47.4856
  -2505.00   42246.93  0.0246072    19.8451    56.8189    48.9569    47.3447
  -2495.00   42245.17  0.0245816    19.8660    56.5601    48.9502    47.1868
  -2485.00   42244.53  0.0245729    19.8868    56.2204    49.0682    47.0091
  -2475.00   42246.12  0.0245273    19.9007    55.4272    49.6100    46.8482
  -2465.00   42247.42  0.0246124    19.9237    54.9836    49.7095    46.7035
  -2455.00   42247.07  0.0246834    19.9534    54.3922    49.8524    46.5417
  -2445.00   42247.80  0.0246100    19.9739    53.4746    50.1885    46.3778
  -2435.00   42250.36  0.0246898    19.9946    52.3915    50.4957    46.2399
  -2425.00   42251.05  0.0248192    20.0232    51.0668    50.8881    46.1106
  -2415.00   42250.25  0.0247997    20.0489    49.8910    51.0465    45.9684
  -2405.00   42250.64  0.0248198    20.0682    48.4641    51.3803    45.8279
  -2395.00   42251.94  0.0248906    20.0861    46.6166    52.1049    45.7110
  -2385.00   42251.21  0.0249421    20.1082    45.3426    52.3202    45.5919
  -2375.00   42249.19  0.0249431    20.1280    44.1101    52.6194    45.4491
  -2365.00   42248.74  0.0248532    20.1375    42.5858    53.3494    45.3127
  -2355.00   42249.11  0.0248852    20.1507    41.5398    53.7393    45.1894
  -2345.00   42247.12  0.0249039    20.1702    40.7186    54.0710    45.0473
  -2335.00   42245.20  0.0247297    20.1818    39.9993    54.4537    44.8860
  -2325.00   42245.48  0.0246702    20.1924    39.3718    54.8040    44.7334
  -2315.00   42246.28  0.0247048    20.2096    38.6297    55.2873    44.5891
  -2305.00   42245.38  0.0246031    20.2293    38.3238    55.3374    44.4264
  -2295.00   42245.40  0.0245375    20.2477    37.8486    55.4734    44.2533
  -2285.00   42247.71  0.0245150    20.2635    36.7827    56.0606    44.1011
  -2275.00   42249.38  0.0245500    20.2873    36.1222    56.0888    43.9579
  -2265.00   42249.34  0.0245769    20.3154    35.2649    56.1653    43.7965
  -2255.00   42249.91  0.0244820    20.3343    33.9181    56.5949    43.6413
  -2245.00   42252.10  0.0245589    20.3547    32.6284    56.8303    43.5140
  -2235.00   42252.14  0.0246752    20.3837    31.2416    57.1016    43.3824
  -2225.00   42250.51  0.0246007    20.4062    29.9717    57.2861    43.2404
  -2215.00   42250.04  0.0246081    20.4218    28.6140    57.6028    43.1096
  -2205.00   42250.45  0.0247141    20.4410    27.0609    58.2050    42.9931
  -2195.00   42249.19  0.0247220    20.4610    26.1488    58.3313    42.8675
  -2185.00   42246.88  0.0246915    20.4761    25.3011    58.5609    42.7226
  -2175.00   42246.52  0.0246502    20.4852    24.0986    59.2819    42.5879
  -2165.00   42247.28  0.0246916    20.4983    23.4890    59.5240    42.4601
  -2155.00   42245.91  0.0247028    20.5163    23.0253    59.7111    42.3063
  -2145.00   42244.77  0.0245417    20.5266    22.3549    60.1442    42.1421
  -2135.00   42246.10  0.0245304    20.5372    21.7755    60.4324    41.9932
  -2125.00   42247.43  0.0246146    20.5578    21.0893    60.7349    41.8414
  -2115.00   42247.18  0.0245132    20.5776    20.5506    60.7916    41.6746
  -2105.00   42247.49  0.0244750    20.5945    19.7611    60.9377    41.5098
  -2095.00   42249.92  0.0245657    20.6143    18.4058    61.4716    41.3654
  -2085.00   42251.41  0.0246252    20.6389    17.4517    61.4750    41.2248
  -2075.00   42250.85  0.0246708    20.6640    16.3279    61.5519    41.0696
  -2065.00   42250.80  0.0246601    20.6816    14.6173    62.1611    40.9281
  -2055.00   42252.16  0.0247841    20.7008    13.2526    62.4205    40.8098
  -2045.00   42251.48  0.0249243    20.7264    11.9419    62.6959    40.6776
  -2035.00   42249.11  0.0248408    20.7437    10.6257    63.1145    40.5366
  -2025.00   42248.13  0.0248701    20.7549     9.4169    63.5572    40.4128
  -2015.00   42248.20  0.0250050    20.7729     8.1949    64.1540    40.2907
  -2005.00   42246.99  0.0249592    20.7896     7.5051    64.3880    40.1548
  -1995.00   42244.96  0.0248933    20.7997     6.8144    64.7394    40.0086
  -1985.00   42245.22  0.0248964    20.8096     5.7358    65.5283    39.8731
  -1975.00   42246.72  0.0249056    20.8230     5.2288    65.7658    39.7392
  -1965.00   42246.25  0.0248677    20.8388     4.7247    65.9703    39.5807
  -1955.00   42245.95  0.0247102    20.8486     3.7137    66.5932    39.4207
  -1945.00   42248.06  0.0246959    20.8597     2.8757    66.9002    39.2780
  -1935.00   42249.76  0.0247500    20.8805     1.9517    67.1375    39.1242
  -1925.00   42249.67  0.0245842    20.8988     0.9331    67.3383    38.9584
  -1915.00   42249.70  0.0245139    20.9131   359.7457    67.5641    38.8043
  -1905.00   42251.46  0.0246112    20.9347   358.2345    67.9989    38.6630
  -1895.00   42252.28  0.0245985    20.9588   357.1600    67.9738    38.5206
  -1885.00   42250.69  0.0245731    20.9799   356.0250    68.0312    38.3697
  -1875.00   42249.82  0.0245986    20.9980   354.3974    68.6400    38.2360
  -1865.00   42250.45  0.0246954    21.0174   353.3648    68.7738    38.1193
  -1855.00   42249.47  0.0247945    21.0400   352.5008    68.8900    37.9856
  -1845.00   42246.99  0.0247062    21.0545   351.3917    69.4128    37.8480
  -1835.00   42246.19  0.0247448    21.0640   350.5638    69.7851    37.7297
  -1825.00   42246.73  0.0248870    21.0807   349.7914    70.1983    37.6037
  -1815.00   42246.10  0.0247862    21.0945   349.2598    70.4530    37.4600
  -1805.00   42244.77  0.0247112    21.1010   348.6456    70.7967    37.3155
  -1795.00   42245.79  0.0247653    21.1116   347.6520    71.4518    37.1772
  -1785.00   42247.97  0.0247443    21.1258   347.1244    71.5574    37.0335
  -1775.00   42248.04  0.0246844    21.1393   346.4643    71.6707    36.8707
  -1765.00   42248.13  0.0246039    21.1505   345.1343    72.2916    36.7137
  -1755.00   42250.34  0.0246341    21.1645   344.1095    72.4537    36.5727
  -1745.00   42251.89  0.0247164    21.1859   343.0497    72.5233    36.4181
  -1735.00   42251.32  0.0245967    21.2037   341.6784    72.8302    36.2574
  -1725.00   42250.62  0.0246025    21.2177   340.3318    73.0738    36.1166
  -1715.00   42251.39  0.0247738    21.2398   338.9056    73.4093    35.9809
  -1705.00   42251.44  0.0247657    21.2620   337.8604    73.4664    35.8397
  -1695.00   42248.96  0.0247570    21.2775   336.8057    73.6601    35.6984
  -1685.00   42247.62  0.0248695    21.2943   335.4203    74.3127    35.5711
  -1675.00   42248.10  0.0249659    21.3117   334.6881    74.4746    35.4524
  -1665.00   42247.25  0.0250279    21.3284   334.1032    74.6303    35.3156
  -1655.00   42245.35  0.0249922    21.3397   333.0337    75.3610    35.1800
  -1645.00   42245.23  0.0250464    21.3478   332.3261    75.7813    35.0609
  -1635.00   42246.72  0.0251778    21.3622   331.6880    76.1253    34.9286
  -1625.00   42246.88  0.0250472    21.3733   330.8630    76.6098    34.7798
  -1615.00   42246.25  0.0249747    21.3778   329.9525    77.0771    34.6387
  -1605.00   42247.84  0.0250560    21.3888   328.7340    77.6983    34.5001
  -1595.00   42250.28  0.0249657    21.4030   327.8085    77.8879    34.3506
  -1585.00   42250.33  0.0248550    21.4136   326.7131    78.1081    34.1910
  -1575.00   42250.07  0.0248076    21.4253   325.0100    78.7978    34.0401
  -1565.00   42251.64  0.0247928    21.4406   323.7903    78.9326    33.9000
  -1555.00   42252.55  0.0248044    21.4600   322.6755    78.9468    33.7462
  -1545.00   42251.19  0.0246771    21.4763   321.1574    79.4005    33.5912
  -1535.00   42249.59  0.0246674    21.4903   319.9583    79.6238    33.4577
  -1525.00   42249.73  0.0248095    21.5115   318.9226    79.8052    33.3241
  -1515.00   42249.42  0.0247327    21.5314   318.1026    79.9345    33.1819
  -1505.00   42246.80  0.0246986    21.5439   317.3429    80.1528    33.0483
  -1495.00   42245.59  0.0248276    21.5596   316.3733    80.6886    32.9247
  -1485.00   42246.59  0.0248594    21.5760   315.9627    80.7698    32.8018
  -1475.00   42246.36  0.0248570    21.5880   315.5602    80.8914    32.6653
  -1465.00   42245.36  0.0248617    21.5976   314.5335    81.6052    32.5324
  -1455.00   42246.06  0.0249032    21.6057   313.8653    81.9028    32.4113
  -1445.00   42248.36  0.0249844    21.6175   313.2408    82.0509    32.2731
  -1435.00   42249.08  0.0248676    21.6267   312.0623    82.6082    32.1223
  -1425.00   42248.64  0.0248163    21.6311   310.8977    83.0045    31.9825
  -1415.00   42250.26  0.0249279    21.6428   309.5969    83.3847    31.8417
  -1405.00   42252.21  0.0248101    21.6572   308.3735    83.5824    31.6863
  -1395.00   42251.64  0.0247176    21.6669   307.1030    83.7681    31.5305
  -1385.00   42250.47  0.0247629    21.6798   305.4196    84.3382    31.3854
  -1375.00   42251.15  0.0247522    21.6973   304.3279    84.3727    31.2446
  -1365.00   42251.36  0.0247671    21.7147   303.4333    84.3186    31.0946
  -1355.00   42249.38  0.0247379    21.7296   302.0878    84.8374    30.9493
  -1345.00   42247.45  0.0247863    21.7438   301.2259    85.0261    30.8230
  -1335.00   42247.67  0.0249537    21.7623   300.6183    85.1085    30.6927
  -1325.00   42247.54  0.0249078    21.7780   299.8887    85.4380    30.5533
  -1315.00   42245.38  0.0249218    21.7869   299.2440    85.7654    30.4264
  -1305.00   42244.81  0.0251066    21.7995   298.4306    86.2799    30.3048
  -1295.00   42246.61  0.0251024    21.8129   297.9042    86.4966    30.1751
  -1285.00   42247.13  0.0250858    21.8201   297.2591    86.7643    30.0384
  -1275.00   42246.77  0.0251424    21.8275   295.9565    87.5512    29.9061
  -1265.00   42248.09  0.0251618    21.8358   294.9834    87.8745    29.7794
  -1255.00   42250.69  0.0251854    21.8450   294.0129    88.0527    29.6371
  -1245.00   42251.50  0.0250994    21.8528   292.3631    88.7551    29.4879
  -1235.00   42250.59  0.0250529    21.8581   290.8716    89.1994    29.3509
  -1225.00   42251.60  0.0251358    21.8695   289.4776    89.4900    29.2101
  -1215.00   42252.62  0.0249875    21.8826   287.9842    89.8791    29.0551
  -1205.00   42251.15  0.0248743    21.8911   286.6642    90.1604    28.9058
  -1195.00   42249.06  0.0249362    21.9035   285.2059    90.6743    28.7666
  -1185.00   42249.05  0.0248432    21.9206   284.2985    90.7831    28.6240
  -1175.00   42249.06  0.0247840    21.9350   283.6780    90.7693    28.4772
  -1165.00   42247.03  0.0247708    21.9481   282.6272    91.3116    28.3385
  -1155.00   42245.55  0.0247684    21.9625   282.1114    91.4376    28.2133
  -1145.00   42246.50  0.0248568    21.9785   281.8434    91.3989    28.0830
  -1135.00   42247.13  0.0248019    21.9911   281.1468    91.8012    27.9470
  -1125.00   42245.76  0.0248046    21.9990   280.5416    92.0784    27.8246
  -1115.00   42246.01  0.0249774    22.0098   279.8091    92.3962    27.7042
  -1105.00   42248.37  0.0249220    22.0205   279.0031    92.6684    27.5711
  -1095.00   42249.29  0.0248841    22.0250   278.0755    92.9197    27.4366
  -1085.00   42248.85  0.0249767    22.0307   276.5589    93.5910    27.3060
  -1075.00   42250.13  0.0249454    22.0391   275.3436    93.8356    27.1729
  -1065.00   42252.30  0.0249221    22.0463   274.1852    93.9382    27.0276
  -1055.00   42252.52  0.0248771    22.0531   272.4204    94.5801    26.8794
  -1045.00   42250.80  0.0248399    22.0605   271.0054    94.8894    26.7416
  -1035.00   42251.01  0.0249015    22.0722   269.8887    94.9799    26.5988
  -1025.00   42251.37  0.0247968    22.0847   268.5751    95.3716    26.4459
  -1015.00   42249.22  0.0247265    22.0937   267.5820    95.5911    26.3031
  -1005.00   42246.87  0.0248517    22.1065   266.6486    95.9010    26.1697
   -995.00   42246.76  0.0247796    22.1224   265.9960    96.0712    26.0291
   -985.00   42247.11  0.0247468    22.1339   265.6251    96.0808    25.8892
   -975.00   42245.45  0.0248366    22.1444   264.7918    96.6013    25.7597
   -965.00   42244.89  0.0248486    22.1573   264.3369    96.7576    25.6352
   -955.00   42246.78  0.0249287    22.1689   264.0247    96.7441    25.5053
   -945.00   42248.21  0.0249419    22.1771   263.0575    97.2785    25.3731
   -935.00   42247.51  0.0249731    22.1835   262.1610    97.6105    25.2513
   -925.00   42248.33  0.0251436    22.1917   261.1888    97.8759    25.1282
   -915.00   42250.76  0.0251004    22.1992   259.8554    98.3473    24.9922
   -905.00   42251.48  0.0250688    22.2022   258.5106    98.7010    24.8585
   -895.00   42250.37  0.0252004    22.2069   256.7904    99.3311    24.7291
   -885.00   42250.89  0.0251306    22.2148   255.2791    99.7190    24.5915
   -875.00   42252.24  0.0250743    22.2205   253.9918    99.9183    24.4469
   -865.00   42251.48  0.0250627    22.2259   252.2648   100.6162    24.3037
   -855.00   42249.17  0.0249920    22.2343   251.0086   100.9676    24.1660
   -845.00   42248.86  0.0249942    22.2447   250.1547   101.0830    24.0236
   -835.00   42249.27  0.0248900    22.2549   249.0619   101.5769    23.8751
   -825.00   42247.09  0.0247946    22.2637   248.3264   101.8484    23.7372
   -815.00   42245.21  0.0248775    22.2755   247.7560   102.0665    23.6060
   -805.00   42245.70  0.0247722    22.2890   247.1642   102.3575    23.4670
   -795.00   42246.78  0.0246865    22.2983   246.8186   102.4095    23.3317
   -785.00   42245.79  0.0247802    22.3072   246.0475   102.8253    23.2076
   -775.00   42246.02  0.0247303    22.3187   245.4009   103.0144    23.0825
   -765.00   42248.58  0.0247406    22.3275   244.8712   102.9671    22.9536
   -755.00   42250.30  0.0247674    22.3329   243.6276   103.4645    22.8260
   -745.00   42249.77  0.0247605    22.3387   242.4632   103.7272    22.7042
   -735.00   42250.36  0.0248764    22.3451   241.3272   103.8521    22.5787
   -725.00   42252.34  0.0248385    22.3501   239.7486   104.3288    22.4428
   -715.00   42252.21  0.0247897    22.3526   238.3248   104.6191    22.3097
   -705.00   42250.18  0.0249204    22.3570   236.8072   105.0385    22.1793
   -695.00   42249.78  0.0248385    22.3642   235.3892   105.4448    22.0385
   -685.00   42250.47  0.0247626    22.3693   234.3853   105.5760    21.8942
   -675.00   42248.97  0.0248016    22.3747   233.1039   106.1237    21.7548
   -665.00   42246.76  0.0247198    22.3840   232.2373   106.4077    21.6163
   -655.00   42246.64  0.0247156    22.3937   231.7973   106.4199    21.4754
   -645.00   42247.67  0.0246731    22.4021   231.0224   106.8503    21.3336
   -635.00   42246.01  0.0246138    22.4111   230.5128   107.0538    21.2011
   -625.00   42244.96  0.0247220    22.4215   230.1253   107.1451    21.0732
   -615.00   42246.49  0.0246850    22.4317   229.4395   107.4680    20.9391
   -605.00   42248.00  0.0246376    22.4387   228.8679   107.5631    20.8100
   -595.00   42247.53  0.0247921    22.4453   227.9177   107.8986    20.6897
   -585.00   42248.01  0.0247810    22.4535   226.8279   108.2157    20.5645
   -575.00   42250.69  0.0247928    22.4589   225.8841   108.2496    20.4361
   -565.00   42252.06  0.0248813    22.4617   224.3159   108.7777    20.3109
   -555.00   42251.06  0.0248757    22.4662   222.8296   109.1414    20.1866
   -545.00   42250.92  0.0249718    22.4708   221.5465   109.3034    20.0577
   -535.00   42252.19  0.0249702    22.4736   219.8881   109.8755    19.9226
   -525.00   42251.13  0.0249157    22.4761   218.5079   110.2531    19.7899
   -515.00   42248.43  0.0250343    22.4803   217.2642   110.6402    19.6587
   -505.00   42247.52  0.0249695    22.4860   216.0107   111.1893    19.5187
   -495.00   42248.08  0.0248661    22.4903   215.2270   111.4222    19.3777
   -485.00   42246.63  0.0249159    22.4950   214.2802   111.9437    19.2426
   -475.00   42244.97  0.0248078    22.5031   213.5164   112.3676    19.1056
   -465.00   42245.68  0.0247511    22.5109   213.1617   112.4400    18.9670
   -455.00   42247.48  0.0247112    22.5172   212.3897   112.9037    18.8313
   -445.00   42246.77  0.0246027    22.5253   211.7368   113.1644    18.7013
   -435.00   42246.45  0.0246510    22.5340   211.1901   113.2246    18.5742
   -425.00   42248.81  0.0246000    22.5413   210.2085   113.5709    18.4439
   -415.00   42250.28  0.0245047    22.5470   209.2842   113.6870    18.3185
   -405.00   42249.72  0.0246197    22.5525   208.1268   113.9012    18.1995
   -395.00   42249.72  0.0245974    22.5584   206.7297   114.2390    18.0753
   -385.00   42251.71  0.0245522    22.5619   205.5929   114.2497    17.9487
   -375.00   42252.21  0.0246359    22.5635   204.0557   114.6520    17.8255
   -365.00   42250.32  0.0246048    22.5668   202.5981   115.0179    17.7000
   -355.00   42249.49  0.0246528    22.5699   201.5584   115.0846    17.5692
   -345.00   42250.31  0.0246638    22.5714   200.2370   115.5712    17.4352
   -335.00   42248.88  0.0245861    22.5738   199.2062   115.9071    17.3021
   -325.00   42246.19  0.0246822    22.5779   198.4484   116.1348    17.1689
   -315.00   42245.66  0.0246480    22.5826   197.5627   116.6168    17.0301
   -305.00   42246.60  0.0245332    22.5867   197.0571   116.7928    16.8922
   -295.00   42245.69  0.0246047    22.5917   196.4223   117.1320    16.7602
   -285.00   42244.70  0.0245393    22.5988   195.6967   117.5329    16.6265
   -275.00   42246.36  0.0244854    22.6051   195.3137   117.5235    16.4925
   -265.00   42248.65  0.0245090    22.6100   194.4452   117.8750    16.3638
   -255.00   42248.58  0.0244350    22.6163   193.4951   118.1443    16.2380
   -245.00   42248.56  0.0245084    22.6225   192.6866   118.1357    16.1132
   -235.00   42251.08  0.0245268    22.6267   191.3926   118.4717    15.9878
   -225.00   42252.08  0.0244621    22.6303   190.1312   118.6451    15.8649
   -215.00   42250.86  0.0246065    22.6338   188.8139   118.8325    15.7451
   -205.00   42250.10  0.0246464    22.6369   187.2821   119.2403    15.6209
   -195.00   42251.04  0.0246079    22.6385   186.0917   119.3552    15.4946
   -185.00   42250.72  0.0247192    22.6393   184.7238   119.7651    15.3706
   -175.00   42248.07  0.0247227    22.6412   183.4037   120.2653    15.2438
   -165.00   42247.07  0.0247520    22.6430   182.6129   120.3984    15.1126
   -155.00   42247.96  0.0247883    22.6438   181.5819   120.9243    14.9805
   -145.00   42246.84  0.0247071    22.6455   180.7033   121.3994    14.8488
   -135.00   42244.82  0.0247813    22.6486   180.1404   121.6451    14.7162
   -125.00   42245.27  0.0247658    22.6518   179.3160   122.1821    14.5811
   -115.00   42246.92  0.0246210    22.6549   178.6753   122.4849    14.4472
   -105.00   42246.74  0.0246693    22.6588   177.9181   122.8244    14.3174
    -95.00   42246.29  0.0246135    22.6639   176.8893   123.3109    14.1870
    -85.00   42248.43  0.0245001    22.6685   176.1315   123.3742    14.0570
    -75.00   42250.76  0.0244994    22.6722   174.9475   123.7103    13.9317
    -65.00   42250.46  0.0243996    22.6768   173.5825   124.0766    13.8083
    -55.00   42250.06  0.0244082    22.6810   172.5359   124.0361    13.6852
    -45.00   42251.87  0.0244079    22.6838   171.1138   124.3294    13.5629
    -35.00   42252.15  0.0242925    22.6860   169.7600   124.5423    13.4417
    -25.00   42250.06  0.0243921    22.6880   168.6103   124.6333    13.3214
    -15.00   42248.68  0.0244309    22.6894   167.3381   124.9739    13.1983
     -5.00   42248.97  0.0243475    22.6899   166.4330   125.0749    13.0729
      5.00   42248.38  0.0244373    22.6899   165.4928   125.3767    12.9480
     15.00   42245.68  0.0244576    22.6906   164.5371   125.8386    12.8209
     25.00   42245.13  0.0244436    22.6914   164.0899   125.8993    12.6902
     35.00   42246.63  0.0244793    22.6918   163.3689   126.3114    12.5591
     45.00   42246.11  0.0244061    22.6931   162.5872   126.7830    12.4286
     55.00   42245.07  0.0244560    22.6954   162.1349   126.8861    12.2975
     65.00   42246.47  0.0244642    22.6980   161.3013   127.2914    12.1661
     75.00   42248.67  0.0243200    22.7004   160.4380   127.5763    12.0365
     85.00   42248.84  0.0243824    22.7035   159.5203   127.7660    11.9099
     95.00   42248.47  0.0243891    22.7070   158.2663   128.1483    11.7842
    105.00   42250.42  0.0242823    22.7099   157.2241   128.1772    11.6592
    115.00   42252.18  0.0243250    22.7122   155.8790   128.4211    11.5371
    125.00   42251.00  0.0243031    22.7145   154.3477   128.8078    11.4164
    135.00   42249.93  0.0243252    22.7164   153.3031   128.7324    11.2954
    145.00   42250.86  0.0243806    22.7175   152.0021   129.0034    11.1743
    155.00   42250.56  0.0243093    22.7178   150.7337   129.3460    11.0531
    165.00   42248.02  0.0244320    22.7180   149.8802   129.4282    10.9318
    175.00   42246.54  0.0245231    22.7181   148.9146   129.7935    10.8087
    185.00   42247.00  0.0244456    22.7174   148.1975   130.0298    10.6833
    195.00   42246.65  0.0245568    22.7165   147.4882   130.3678    10.5579
    205.00   42244.57  0.0246228    22.7162   146.6524   130.8978    10.4319
    215.00   42244.78  0.0245892    22.7160   146.1842   131.0518    10.3034
    225.00   42247.07  0.0246312    22.7158   145.3656   131.5149    10.1744
    235.00   42247.18  0.0245828    22.7159   144.2938   132.1234    10.0467
    245.00   42246.87  0.0245977    22.7168   143.5419   132.2710     9.9189
    255.00   42248.71  0.0246009    22.7183   142.3658   132.7068     9.7912
    265.00   42250.97  0.0244355    22.7195   141.0080   133.1582     9.6647
    275.00   42250.93  0.0244602    22.7209   139.7656   133.3634     9.5407
    285.00   42249.97  0.0244620    22.7230   138.2736   133.7508     9.4181
    295.00   42251.09  0.0242955    22.7246   137.0032   133.8776     9.2957
    305.00   42251.90  0.0243005    22.7257   135.6534   134.1156     9.1746
    315.00   42249.75  0.0242809    22.7264   134.2254   134.5203     9.0557
    325.00   42248.05  0.0242320    22.7270   133.4185   134.4279     8.9363
    335.00   42248.54  0.0242551    22.7271   132.4703   134.6399     8.8155
    345.00   42248.14  0.0241778    22.7260   131.4732   135.0420     8.6948
    355.00   42245.93  0.0242495    22.7247   131.0311   135.0185     8.5743
    365.00   42245.01  0.0243282    22.7241   130.4266   135.2744     8.4518
    375.00   42246.34  0.0242179    22.7225   129.8335   135.5525     8.3268
    385.00   42246.57  0.0243141    22.7204   129.2861   135.7733     8.2021
    395.00   42245.29  0.0243958    22.7195   128.4904   136.1961     8.0779
    405.00   42246.23  0.0243194    22.7188   127.8920   136.3036     7.9514
    415.00   42248.88  0.0243609    22.7179   126.8984   136.6695     7.8243
    425.00   42249.19  0.0243475    22.7174   125.5593   137.2276     7.6997
    435.00   42248.84  0.0243370    22.7174   124.5927   137.2560     7.5759
    445.00   42250.48  0.0243493    22.7183   123.2401   137.5675     7.4515
    455.00   42252.18  0.0242172    22.7184   121.6539   138.0313     7.3282
    465.00   42251.51  0.0242519    22.7183   120.4256   138.1087     7.2079
    475.00   42249.78  0.0243007    22.7191   119.0883   138.3566     7.0885
    485.00   42250.17  0.0241560    22.7194   117.9376   138.5071     6.9678
    495.00   42250.26  0.0242077    22.7184   116.8940   138.6771     6.8480
    505.00   42247.64  0.0242759    22.7176   115.8234   139.0351     6.7305
    515.00   42245.85  0.0242421    22.7168   115.3294   138.9620     6.6117
    525.00   42246.52  0.0243114    22.7154   114.6734   139.1862     6.4903
    535.00   42246.48  0.0243179    22.7129   113.8139   139.6987     6.3698
    545.00   42245.04  0.0243962    22.7105   113.4872   139.7060     6.2503
    555.00   42245.05  0.0245005    22.7092   112.8887   139.9880     6.1282
    565.00   42247.31  0.0244179    22.7066   112.0167   140.4668     6.0039
    575.00   42248.22  0.0245175    22.7035   111.2419   140.7194     5.8818
    585.00   42247.48  0.0246263    22.7021   110.1496   141.1634     5.7604
    595.00   42248.80  0.0245197    22.7007   109.0824   141.4234     5.6363
    605.00   42251.12  0.0245642    22.6986   107.7079   141.8395     5.5122
    615.00   42251.07  0.0245828    22.6969   106.0039   142.4802     5.3910
    625.00   42249.91  0.0245252    22.6962   104.7750   142.5732     5.2705
    635.00   42250.72  0.0245168    22.6958   103.2759   142.9390     5.1479
    645.00   42251.56  0.0243919    22.6944   101.5787   143.5564     5.0264
    655.00   42250.16  0.0243802    22.6930   100.4831   143.6587     4.9086
    665.00   42247.94  0.0243941    22.6930    99.4210   143.8828     4.7904
    675.00   42248.08  0.0242062    22.6921    98.4565   144.1651     4.6695
    685.00   42248.20  0.0242168    22.6895    97.7580   144.3133     4.5511
    695.00   42245.85  0.0242797    22.6878    97.0595   144.5920     4.4352
    705.00   42244.65  0.0241755    22.6863    96.7829   144.5299     4.3166
    715.00   42245.95  0.0242141    22.6835    96.3039   144.6969     4.1957
    725.00   42246.61  0.0242473    22.6799    95.4777   145.1848     4.0772
    735.00   42245.87  0.0242738    22.6769    95.1220   145.1134     3.9597
    745.00   42246.66  0.0243492    22.6749    94.3961   145.3062     3.8383
    755.00   42249.36  0.0242807    22.6714    93.1771   145.8454     3.7156
    765.00   42250.54  0.0243511    22.6675    92.1639   146.0047     3.5967
    775.00   42249.70  0.0244533    22.6658    90.8861   146.3064     3.4778
    785.00   42250.76  0.0243155    22.6640    89.5071   146.6100     3.3550
    795.00   42252.23  0.0243529    22.6607    88.0646   146.9053     3.2343
    805.00   42251.42  0.0244130    22.6584    86.4151   147.4225     3.1167
    815.00   42249.38  0.0243181    22.6573    85.3364   147.4313     2.9983
    825.00   42249.35  0.0243287    22.6554    84.1286   147.6777     2.8776
    835.00   42249.69  0.0242767    22.6526    82.7349   148.2613     2.7583
    845.00   42247.83  0.0242814    22.6502    82.0919   148.2340     2.6431
    855.00   42245.94  0.0243273    22.6489    81.4541   148.3556     2.5254
    865.00   42246.45  0.0241989    22.6466    80.7118   148.7081     2.4042
    875.00   42247.18  0.0242580    22.6425    80.2634   148.8181     2.2877
    885.00   42245.52  0.0243830    22.6399    79.7496   149.0176     2.1731
    895.00   42245.22  0.0242929    22.6379    79.3634   149.0636     2.0536
    905.00   42247.22  0.0243689    22.6336    78.7204   149.2691     1.9338
    915.00   42248.40  0.0244876    22.6292    77.6296   149.7958     1.8181
    925.00   42247.97  0.0245077    22.6262    76.9175   149.7909     1.7022
    935.00   42248.98  0.0245917    22.6231    75.7935   150.0512     1.5820
    945.00   42251.46  0.0245817    22.6187    74.0958   150.7555     1.4619
    955.00   42252.24  0.0246514    22.6143    72.7565   150.9858     1.3468
    965.00   42250.78  0.0247457    22.6120    71.2938   151.3069     1.2299
    975.00   42250.96  0.0246042    22.6094    69.6693   151.8182     1.1079
    985.00   42251.61  0.0246238    22.6047    68.2370   152.1872     0.9901
    995.00   42250.03  0.0247031    22.6016    66.7868   152.6982     0.8754
   1005.00   42247.52  0.0245457    22.6001    65.8572   152.8451     0.7568
   1015.00   42247.08  0.0245222    22.5965    64.9392   153.1228     0.6371
   1025.00   42247.56  0.0244994    22.5923    63.8005   153.7701     0.5199
   1035.00   42245.92  0.0244381    22.5897    63.4354   153.7444     0.4058
   1045.00   42244.90  0.0244360    22.5870    62.9888   153.8623     0.2880
   1055.00   42246.20  0.0243018    22.5832    62.2179   154.3301     0.1672
   1065.00   42247.74  0.0243271    22.5784    61.7771   154.4015     0.0533
   1075.00   42246.94  0.0244132    22.5752    61.2145   154.4981   359.9399
   1085.00   42247.26  0.0242729    22.5726    60.5082   154.6257   359.8200
   1095.00   42249.64  0.0243182    22.5671    59.5915   154.7970   359.7028
   1105.00   42250.76  0.0244592    22.5623    58.2864   155.1994   359.5908
   1115.00   42250.02  0.0244168    22.5596    57.2927   155.1695   359.4759
   1125.00   42250.46  0.0244668    22.5553    55.9790   155.3706   359.3573
   1135.00   42252.18  0.0245036    22.5498    54.1425   156.0644   359.2409
   1145.00   42252.10  0.0245477    22.5454    52.8833   156.1948   359.1287
   1155.00   42250.00  0.0246076    22.5424    51.6356   156.4006   359.0127
   1165.00   42249.49  0.0244783    22.5384    50.1779   156.9588   358.8916
   1175.00   42249.92  0.0244973    22.5327    49.1256   157.2413   358.7765
   1185.00   42248.06  0.0245899    22.5290    48.2152   157.5344   358.6638
   1195.00   42245.79  0.0244149    22.5269    47.6045   157.6842   358.5438
   1205.00   42245.64  0.0243962    22.5216    47.0562   157.8580   358.4251
   1215.00   42246.67  0.0244694    22.5163    46.2351   158.3595   358.3111
   1225.00   42245.67  0.0244073    22.5139    46.0172   158.2602   358.1970
   1235.00   42245.47  0.0244355    22.5099    45.5943   158.3037   358.0792
   1245.00   42247.55  0.0244052    22.5046    44.5941   158.8368   357.9606
   1255.00   42249.54  0.0244777    22.4998    43.9465   158.8660   357.8494
   1265.00   42249.32  0.0245969    22.4962    43.0862   158.9467   357.7368
   1275.00   42249.68  0.0244966    22.4925    41.8642   159.2647   357.6170
   1285.00   42251.88  0.0245827    22.4863    40.5671   159.5202   357.5030
   1295.00   42252.34  0.0247720    22.4813    39.0564   159.8966   357.3939
   1305.00   42250.83  0.0247099    22.4787    37.7923   160.0211   357.2788
   1315.00   42250.26  0.0247527    22.4733    36.3852   160.3204   357.1616
   1325.00   42251.07  0.0248611    22.4668    34.6161   161.0679   357.0491
   1335.00   42250.23  0.0248828    22.4627    33.5458   161.2461   356.9384
   1345.00   42247.84  0.0249127    22.4586    32.5408   161.5105   356.8224
   1355.00   42247.18  0.0248148    22.4528    31.2284   162.2501   356.7027
   1365.00   42247.99  0.0248312    22.4465    30.4331   162.5905   356.5901
   1375.00   42246.61  0.0248880    22.4421    29.7948   162.8594   356.4777
   1385.00   42245.09  0.0246717    22.4387    29.1441   163.2095   356.3564
   1395.00   42245.83  0.0246117    22.4321    28.5483   163.4819   356.2385
   1405.00   42247.50  0.0246924    22.4262    27.7330   163.8986   356.1274
   1415.00   42247.25  0.0245491    22.4239    27.2645   163.8725   356.0120
   1425.00   42247.38  0.0245055    22.4189    26.5724   163.9194   355.8941
   1435.00   42249.74  0.0245124    22.4124    25.2289   164.4685   355.7795
   1445.00   42251.61  0.0245343    22.4084    24.3271   164.4252   355.6704
   1455.00   42251.20  0.0246035    22.4043    23.2529   164.4254   355.5584
   1465.00   42250.92  0.0245029    22.3993    21.6993   164.8570   355.4407
   1475.00   42252.41  0.0245830    22.3929    20.3539   165.0586   355.3306
   1485.00   42252.08  0.0247536    22.3876    19.0084   165.2866   355.2239
   1495.00   42249.82  0.0246406    22.3842    17.8164   165.4835   355.1084
   1505.00   42248.61  0.0246538    22.3774    16.6611   165.7783   354.9927
   1515.00   42248.95  0.0247962    22.3700    15.3504   166.3682   354.8839
   1525.00   42248.00  0.0247607    22.3660    14.6929   166.4649   354.7729
   1535.00   42245.87  0.0247433    22.3606    14.0739   166.6487   354.6555
   1545.00   42245.73  0.0247029    22.3529    13.0293   167.3519   354.5383
   1555.00   42247.26  0.0247235    22.3468    12.5459   167.5247   354.4274
   1565.00   42246.71  0.0247638    22.3420    12.1050   167.6230   354.3142
   1575.00   42246.00  0.0245806    22.3370    11.3131   168.0229   354.1923
   1585.00   42247.66  0.0245707    22.3298    10.5793   168.2423   354.0766
   1595.00   42249.58  0.0247019    22.3240     9.6887   168.4520   353.9678
   1605.00   42249.62  0.0245726    22.3216     8.8562   168.4697   353.8513
   1615.00   42249.50  0.0245488    22.3159     7.8033   168.5616   353.7336
   1625.00   42251.44  0.0246745    22.3088     6.2302   169.0531   353.6241
   1635.00   42252.69  0.0247152    22.3057     5.1299   169.0174   353.5161
   1645.00   42251.44  0.0247848    22.3015     3.9601   169.0389   353.4036
   1655.00   42250.32  0.0247732    22.2948     2.2701   169.6478   353.2893
   1665.00   42251.00  0.0248878    22.2886     1.0667   169.8767   353.1821
   1675.00   42250.20  0.0250632    22.2833     0.0065   170.0816   353.0760
   1685.00   42247.65  0.0249522    22.2785   358.8969   170.5125   352.9600
   1695.00   42246.43  0.0249801    22.2706   357.9511   170.9316   352.8459
   1705.00   42246.97  0.0251508    22.2627   356.9791   171.4747   352.7396
   1715.00   42246.58  0.0250676    22.2584   356.4189   171.6994   352.6272
   1725.00   42245.09  0.0250090    22.2516   355.7957   172.0167   352.5082
   1735.00   42245.79  0.0250210    22.2425   354.6904   172.7806   352.3945
   1745.00   42248.08  0.0250006    22.2367   354.0820   172.9706   352.2844
   1755.00   42248.30  0.0249766    22.2315   353.4014   173.1000   352.1691
   1765.00   42248.06  0.0248012    22.2246   352.1218   173.6939   352.0485
   1775.00   42249.98  0.0247761    22.2175   351.0421   173.9347   351.9354
   1785.00   42251.70  0.0248591    22.2121   349.9200   174.0540   351.8272
   1795.00   42251.37  0.0246726    22.2090   348.6726   174.2155   351.7098
   1805.00   42250.47  0.0246122    22.2026   347.3670   174.3864   351.5934
   1815.00   42251.41  0.0247466    22.1956   345.8650   174.7375   351.4882
   1825.00   42251.90  0.0247196    22.1929   344.8479   174.6830   351.3807
   1835.00   42249.76  0.0247133    22.1882   343.8650   174.7048   351.2672
   1845.00   42248.22  0.0247534    22.1798   342.4394   175.3092   351.1582
   1855.00   42248.65  0.0248360    22.1737   341.6588   175.4344   351.0538
   1865.00   42248.04  0.0249491    22.1683   341.0686   175.4971   350.9468
   1875.00   42245.89  0.0248426    22.1608   340.1136   176.0513   350.8319
   1885.00   42245.29  0.0248686    22.1517   339.4325   176.4140   350.7199
   1895.00   42246.57  0.0250261    22.1436   338.7816   176.7391   350.6143
   1905.00   42246.88  0.0248894    22.1381   338.1755   176.9949   350.4993
   1915.00   42246.04  0.0248142    22.1300   337.4452   177.2969   350.3788
   1925.00   42247.34  0.0248844    22.1203   336.2911   177.8777   350.2678
   1935.00   42249.98  0.0248365    22.1154   335.5164   177.9364   350.1570
   1945.00   42250.35  0.0247933    22.1103   334.6074   177.9733   350.0388
   1955.00   42249.98  0.0247166    22.1023   333.0177   178.5580   349.9215
   1965.00   42251.46  0.0247392    22.0962   331.8110   178.6713   349.8118
   1975.00   42252.59  0.0248449    22.0919   330.6783   178.6477   349.7035
   1985.00   42251.47  0.0247156    22.0875   329.2563   178.9434   349.5868
   1995.00   42249.70  0.0247250    22.0807   327.9945   179.1627   349.4737
   2005.00   42249.72  0.0249171    22.0742   326.7845   179.4229   349.3712
   2015.00   42249.73  0.0248879    22.0713   325.9449   179.4753   349.2629
   2025.00   42247.22  0.0248875    22.0654   325.1461   179.6481   349.1482
   2035.00   42245.77  0.0250098    22.0561   324.0189   180.2718   349.0431
   2045.00   42246.61  0.0250851    22.0503   323.4870   180.4239   348.9398
   2055.00   42246.63  0.0251537    22.0447   323.0497   180.5359   348.8294
   2065.00   42245.42  0.0251119    22.0350   321.9939   181.2709   348.7167
   2075.00   42245.67  0.0251550    22.0254   321.2326   181.6824   348.6073
   2085.00   42247.84  0.0252904    22.0179   320.5001   181.9486   348.5009
   2095.00   42248.72  0.0251385    22.0107   319.4112   182.4432   348.3845
   2105.00   42248.18  0.0250628    22.0013   318.2361   182.8886   348.2645
   2115.00   42249.47  0.0251498    21.9918   316.7943   183.4277   348.1556
   2125.00   42251.78  0.0250296    21.9870   315.5977   183.5988   348.0432
   2135.00   42251.60  0.0249239    21.9815   314.3359   183.7545   347.9219
   2145.00   42250.46  0.0248809    21.9728   312.5547   184.3850   347.8077
   2155.00   42251.04  0.0248485    21.9676   311.3520   184.4727   347.7001
   2165.00   42251.52  0.0248720    21.9644   310.3892   184.3924   347.5895
   2175.00   42249.80  0.0247461    21.9585   309.0459   184.8189   347.4747
   2185.00   42247.59  0.0247420    21.9515   308.0987   185.0127   347.3660
   2195.00   42247.49  0.0248995    21.9456   307.3730   185.1163   347.2654
   2205.00   42247.63  0.0248123    21.9413   306.7517   185.2609   347.1569
   2215.00   42245.48  0.0247893    21.9335   306.1687   185.4813   347.0437
   2225.00   42244.58  0.0249286    21.9232   305.3305   185.9863   346.9420
   2235.00   42246.23  0.0249355    21.9167   304.9088   186.0884   346.8389
   2245.00   42246.94  0.0249306    21.9097   304.4294   186.1970   346.7244
   2255.00   42246.55  0.0249309    21.8979   303.2357   186.9000   346.6137
   2265.00   42247.40  0.0249531    21.8881   302.3411   187.1870   346.5058
   2275.00   42250.00  0.0250242    21.8815   301.4947   187.2631   346.3949
   2285.00   42250.95  0.0248976    21.8725   300.0309   187.8003   346.2773
   2295.00   42250.07  0.0248464    21.8628   298.6442   188.1588   346.1589
   2305.00   42250.85  0.0249599    21.8551   297.2402   188.4384   346.0503
   2315.00   42252.25  0.0248312    21.8505   295.9092   188.6214   345.9360
   2325.00   42251.21  0.0247500    21.8446   294.6772   188.7571   345.8140
   2335.00   42249.15  0.0248081    21.8364   293.1495   189.2616   345.7038
   2345.00   42249.05  0.0247846    21.8323   292.2338   189.2916   345.5979
   2355.00   42249.21  0.0248049    21.8295   291.6075   189.1874   345.4847
   2365.00   42247.39  0.0247812    21.8221   290.5156   189.6898   345.3731
   2375.00   42245.41  0.0248248    21.8150   289.8868   189.8736   345.2688
   2385.00   42245.95  0.0249905    21.8100   289.4995   189.8992   345.1672
   2395.00   42246.67  0.0249361    21.8037   288.8348   190.2445   345.0580
   2405.00   42245.29  0.0249547    21.7943   288.2005   190.5646   344.9469
   2415.00   42245.13  0.0251416    21.7841   287.3397   191.0268   344.8465
   2425.00   42247.49  0.0251189    21.7772   286.5984   191.2667   344.7415
   2435.00   42248.74  0.0251044    21.7688   285.7157   191.5195   344.6244
   2445.00   42248.57  0.0251626    21.7561   284.1541   192.2741   344.5151
   2455.00   42249.46  0.0251643    21.7467   282.8868   192.6038   344.4085
   2465.00   42251.77  0.0251779    21.7405   281.6964   192.7441   344.2927
   2475.00   42252.28  0.0250863    21.7302   279.8784   193.4235   344.1749
   2485.00   42250.51  0.0250327    21.7203   278.3258   193.8437   344.0593
   2495.00   42250.47  0.0251023    21.7145   277.0173   194.0592   343.9487
   2505.00   42250.95  0.0249443    21.7090   275.6365   194.4357   343.8322
   2515.00   42249.30  0.0248343    21.7022   274.5536   194.6678   343.7110
   2525.00   42246.80  0.0248994    21.6949   273.4157   195.0931   343.6030
   2535.00   42246.64  0.0247980    21.6911   272.7450   195.2000   343.4970
   2545.00   42247.14  0.0247439    21.6876   272.3784   195.1420   343.3820
   2555.00   42245.76  0.0247457    21.6790   271.5219   195.6422   343.2741
   2565.00   42244.63  0.0247426    21.6716   271.0772   195.7727   343.1744
   2575.00   42246.14  0.0248287    21.6666   270.8186   195.7004   343.0711
   2585.00   42247.59  0.0247791    21.6577   269.9789   196.1254   342.9628
   2595.00   42246.84  0.0247851    21.6463   269.1780   196.4083   342.8558
   2605.00   42247.20  0.0249510    21.6362   268.2323   196.6822   342.7553
   2615.00   42249.66  0.0248821    21.6275   267.0899   196.9972   342.6467
   2625.00   42250.81  0.0248416    21.6169   265.8994   197.2350   342.5276
   2635.00   42250.02  0.0249311    21.6040   264.2061   197.8461   342.4177
   2645.00   42250.46  0.0248813    21.5954   262.8172   198.0988   342.3088
   2655.00   42251.99  0.0248507    21.5894   261.6296   198.1638   342.1868
   2665.00   42251.77  0.0248076    21.5791   259.9513   198.7529   342.0678
   2675.00   42249.23  0.0247669    21.5704   258.6967   199.0348   341.9554
   2685.00   42248.66  0.0248220    21.5668   257.8336   199.0731   341.8418
   2695.00   42248.89  0.0247217    21.5611   256.7698   199.4511   341.7245
   2705.00   42247.04  0.0246591    21.5537   256.0531   199.6416   341.6081
   2715.00   42244.82  0.0247833    21.5479   255.3921   199.8908   341.5028
   2725.00   42245.11  0.0247117    21.5437   254.8612   200.0807   341.3964
   2735.00   42246.32  0.0246811    21.5384   254.5661   200.0775   341.2818
   2745.00   42245.59  0.0247753    21.5291   253.7486   200.5502   341.1770
   2755.00   42245.46  0.0247831    21.5216   253.1458   200.7268   341.0788
   2765.00   42247.78  0.0248549    21.5161   252.6411   200.6982   340.9715
   2775.00   42249.78  0.0248728    21.5054   251.4202   201.2212   340.8626
   2785.00   42249.19  0.0249020    21.4933   250.2429   201.5506   340.7589
   2795.00   42249.53  0.0250604    21.4845   249.0334   201.7788   340.6556
   2805.00   42251.43  0.0250174    21.4747   247.4443   202.2754   340.5435
   2815.00   42251.88  0.0249845    21.4627   245.9745   202.6136   340.4253
   2825.00   42250.05  0.0251077    21.4508   244.2692   203.1837   340.3153
   2835.00   42249.64  0.0250293    21.4425   242.7800   203.6013   340.2029
   2845.00   42250.44  0.0249660    21.4355   241.6564   203.7887   340.0771
   2855.00   42249.61  0.0249510    21.4249   240.2000   204.4325   339.9575
   2865.00   42247.00  0.0248704    21.4172   239.1942   204.7802   339.8460
   2875.00   42246.54  0.0248604    21.4144   238.6166   204.8640   339.7279
   2885.00   42247.40  0.0247591    21.4079   237.7517   205.3317   339.6090
   2895.00   42245.92  0.0246648    21.4001   237.1851   205.5703   339.4978
   2905.00   42244.51  0.0247413    21.3956   236.7239   205.7263   339.3934
   2915.00   42245.57  0.0246463    21.3906   236.0755   206.0198   339.2863
   2925.00   42247.44  0.0245676    21.3829   235.6048   206.0569   339.1754
   2935.00   42247.14  0.0246645    21.3729   234.6749   206.4147   339.0748
   2945.00   42247.48  0.0246223    21.3645   233.7280   206.6319   338.9772
   2955.00   42250.00  0.0246293    21.3567   232.9073   206.5911   338.8675
   2965.00   42251.82  0.0246609    21.3437   231.4213   207.0665   338.7584
   2975.00   42250.84  0.0246505    21.3308   230.0307   207.3464   338.6559
   2985.00   42250.56  0.0247491    21.3221   228.7878   207.4547   338.5463
   2995.00   42251.70  0.0247149    21.3109   227.1713   207.9449   338.4280
   3005.00   42251.20  0.0246586    21.2980   225.8457   208.2211   338.3099
   3015.00   42248.57  0.0247730    21.2883   224.5630   208.5760   338.1968
   3025.00   42247.57  0.0246938    21.2807   223.3513   209.0027   338.0785
   3035.00   42248.19  0.0246164    21.2732   222.6257   209.1181   337.9511
   3045.00   42247.09  0.0246540    21.2640   221.6646   209.5951   337.8332
   3055.00   42245.16  0.0245741    21.2578   220.9861   209.8886   337.7222
   3065.00   42245.37  0.0245683    21.2551   220.6918   209.8864   337.6025
   3075.00   42247.18  0.0245355    21.2481   219.9851   210.2892   337.4850
   3085.00   42246.37  0.0244776    21.2402   219.4221   210.4861   337.3799
   3095.00   42245.79  0.0245778    21.2363   218.9159   210.5477   337.2755
   3105.00   42247.66  0.0245517    21.2302   217.9977   210.8796   337.1663
   3115.00   42249.67  0.0245042    21.2202   217.1637   210.9694   337.0596
   3125.00   42249.39  0.0246472    21.2106   215.9831   211.2545   336.9604
   3135.00   42249.45  0.0246426    21.2020   214.6133   211.5920   336.8593
   3145.00   42251.50  0.0246512    21.1922   213.4720   211.6304   336.7470
   3155.00   42252.54  0.0247347    21.1786   211.8441   212.1129   336.6377
   3165.00   42250.79  0.0247289    21.1662   210.3330   212.4934   336.5340
   3175.00   42249.67  0.0248144    21.1576   209.1517   212.6520   336.4183
   3185.00   42250.30  0.0248204    21.1456   207.6827   213.2198   336.2956
   3195.00   42249.21  0.0247597    21.1325   206.5388   213.6025   336.1789
   3205.00   42246.45  0.0248600    21.1243   205.5911   213.9564   336.0623
   3215.00   42245.54  0.0248026    21.1167   204.5608   214.5276   335.9381
   3225.00   42246.61  0.0246939    21.1077   203.9766   214.7619   335.8112
   3235.00   42245.94  0.0247298    21.0997   203.2097   215.2254   335.6946
   3245.00   42244.90  0.0246235    21.0942   202.4537   215.6644   335.5814
   3255.00   42246.06  0.0245627    21.0903   202.0449   215.7248   335.4603
   3265.00   42248.55  0.0245252    21.0826   201.1673   216.1377   335.3458
   3275.00   42248.39  0.0244174    21.0747   200.2845   216.3928   335.2446
   3285.00   42248.13  0.0244603    21.0705   199.4959   216.4228   335.1397
   3295.00   42250.31  0.0244256    21.0624   198.2535   216.7537   335.0299
   3305.00   42251.71  0.0243325    21.0503   197.0832   216.8666   334.9287
   3315.00   42250.84  0.0244359    21.0402   195.7801   217.0438   334.8303
   3325.00   42250.04  0.0244282    21.0303   194.2745   217.4002   334.7236
   3335.00   42251.24  0.0243830    21.0170   193.1370   217.4296   334.6100
   3345.00   42251.39  0.0244549    21.0026   191.7510   217.7987   334.4993
   3355.00   42248.98  0.0244275    20.9907   190.4603   218.1943   334.3891
   3365.00   42247.60  0.0244662    20.9808   189.6664   218.2711   334.2652
   3375.00   42248.33  0.0244790    20.9683   188.6390   218.7370   334.1378
   3385.00   42247.27  0.0243974    20.9566   187.8393   219.0877   334.0198
   3395.00   42245.00  0.0244775    20.9503   187.3032   219.2887   333.8980
   3405.00   42244.85  0.0244571    20.9433   186.5408   219.7652   333.7692
   3415.00   42246.55  0.0243410    20.9343   186.0564   219.9432   333.6467
   3425.00   42246.52  0.0243995    20.9282   185.3955   220.2336   333.5333
   3435.00   42246.08  0.0243481    20.9237   184.4944   220.6461   333.4193
   3445.00   42247.98  0.0242951    20.9179   183.8867   220.6365   333.3011
   3455.00   42250.62  0.0243150    20.9096   182.7977   220.9448   333.1919
   3465.00   42250.63  0.0242449    20.9018   181.5549   221.2335   333.0920
   3475.00   42250.11  0.0243116    20.8962   180.5230   221.2169   332.9846
   3485.00   42251.87  0.0243386    20.8863   179.0915   221.5313   332.8735
   3495.00   42252.41  0.0242696    20.8734   177.7423   221.7176   332.7733
   3505.00   42250.63  0.0243967    20.8638   176.4777   221.8816   332.6712
   3515.00   42249.02  0.0244495    20.8533   175.0763   222.2916   332.5568
   3525.00   42249.43  0.0244101    20.8384   174.0833   222.4187   332.4425
   3535.00   42249.13  0.0245058    20.8247   172.9996   222.7991   332.3308
   3545.00   42246.56  0.0245182    20.8138   171.9219   223.3229   332.2137
   3555.00   42245.61  0.0245441    20.8022   171.3631   223.4715   332.0854
   3565.00   42246.95  0.0245775    20.7894   170.5426   223.9772   331.9574
   3575.00   42246.59  0.0244966    20.7788   169.7327   224.4867   331.8374
   3585.00   42245.21  0.0245560    20.7724   169.1858   224.7322   331.7104
   3595.00   42246.09  0.0245479    20.7649   168.2956   225.2594   331.5784
   3605.00   42248.33  0.0243970    20.7558   167.4672   225.5829   331.4587
   3615.00   42248.71  0.0244248    20.7508   166.5092   225.8920   331.3456
   3625.00   42248.30  0.0243804    20.7464   165.2215   226.3755   331.2286
   3635.00   42250.18  0.0242627    20.7386   164.2112   226.4334   331.1142
   3645.00   42252.30  0.0242501    20.7301   162.8551   226.7193   331.0105
