  -7305.00   42255.97  0.0332442     9.3080   156.0934   352.1341   272.4811
  -7295.00   42256.65  0.0331762     9.2791   154.1290   352.6610   272.2515
  -7285.00   42256.29  0.0331756     9.2450   152.1335   353.0451   272.0352
  -7275.00   42257.70  0.0331752     9.2189   149.8727   353.5166   271.8327
  -7265.00   42260.15  0.0330369     9.2011   147.6008   353.9112   271.5759
  -7255.00   42260.74  0.0330280     9.1759   145.2020   354.3499   271.2923
  -7245.00   42259.21  0.0330319     9.1531   142.7460   354.7659   271.0641
  -7235.00   42259.45  0.0329512     9.1426   140.5297   354.9562   270.8533
  -7225.00   42259.84  0.0329761     9.1292   138.2499   355.3361   270.5966
  -7215.00   42258.00  0.0329668     9.1125   136.0774   355.7376   270.3668
  -7205.00   42255.45  0.0330043     9.0979   134.2623   355.8746   270.2081
  -7195.00   42255.03  0.0330959     9.0857   132.4249   356.1918   270.0356
  -7185.00   42255.63  0.0330517     9.0731   130.7224   356.5329   269.8435
  -7175.00   42254.45  0.0331362     9.0499   129.1124   356.8221   269.6839
  -7165.00   42253.65  0.0332557     9.0273   127.4208   357.1661   269.5615
  -7155.00   42255.24  0.0332159     9.0114   125.8176   357.4044   269.4147
  -7145.00   42257.35  0.0332632     8.9846   123.9491   357.8433   269.2189
  -7135.00   42256.99  0.0333309     8.9516   121.8747   358.3137   269.0546
  -7125.00   42257.17  0.0333284     8.9268   119.8802   358.5308   268.9048
  -7115.00   42259.18  0.0333540     8.9018   117.5707   358.9772   268.6789
  -7105.00   42260.51  0.0332944     8.8715   115.0685   359.5340   268.4267
  -7095.00   42259.52  0.0333082     8.8416   112.6911   359.8691   268.2097
  -7085.00   42258.78  0.0333545     8.8198   110.2739     0.2629   267.9760
  -7075.00   42259.51  0.0332274     8.8033   107.9825     0.6665   267.6915
  -7065.00   42259.49  0.0332230     8.7796   105.7711     1.1075   267.4089
  -7055.00   42256.79  0.0333055     8.7597   103.7210     1.4876   267.1810
  -7045.00   42255.32  0.0332547     8.7527   102.0645     1.6426   266.9539
  -7035.00   42255.63  0.0332862     8.7393   100.3689     2.0069   266.6857
  -7025.00   42255.25  0.0333489     8.7205    98.6293     2.4627   266.4675
  -7015.00   42253.66  0.0334268     8.7086    97.1996     2.5770   266.3189
  -7005.00   42253.87  0.0335512     8.6958    95.5921     2.8687   266.1301
  -6995.00   42256.19  0.0335433     8.6782    93.7687     3.3122   265.9310
  -6985.00   42257.20  0.0336579     8.6533    91.8501     3.6534   265.7922
  -6975.00   42257.22  0.0338268     8.6293    89.7326     4.0208   265.6541
  -6965.00   42258.41  0.0337871     8.6101    87.5521     4.3487   265.4759
  -6955.00   42260.71  0.0338206     8.5787    85.0459     4.8995   265.2691
  -6945.00   42260.51  0.0339303     8.5433    82.4000     5.4734   265.0877
  -6935.00   42258.97  0.0339055     8.5196    80.0402     5.7612   264.9002
  -6925.00   42258.73  0.0338777     8.4934    77.5855     6.2849   264.6239
  -6915.00   42259.12  0.0338246     8.4608    75.0687     6.9874   264.3435
  -6905.00   42257.57  0.0338133     8.4351    72.9687     7.3736   264.1112
  -6895.00   42255.41  0.0338150     8.4173    71.0646     7.7675   263.8306
  -6885.00   42255.12  0.0336465     8.4010    69.2746     8.2479   263.5127
  -6875.00   42255.90  0.0336138     8.3799    67.5650     8.7092   263.2421
  -6865.00   42254.72  0.0336927     8.3642    65.9900     9.0383   263.0104
  -6855.00   42253.77  0.0335873     8.3591    64.6211     9.1753   262.7710
  -6845.00   42255.09  0.0335577     8.3449    62.9902     9.5237   262.5138
  -6835.00   42256.88  0.0336570     8.3241    61.0817     9.9532   262.3224
  -6825.00   42256.95  0.0337014     8.3128    59.3315    10.0193   262.1857
  -6815.00   42257.17  0.0337602     8.2981    57.3112    10.2518   261.9857
  -6805.00   42259.30  0.0337573     8.2733    54.9016    10.7400   261.7851
  -6795.00   42260.76  0.0338607     8.2472    52.4925    11.0541   261.6575
  -6785.00   42259.99  0.0340022     8.2230    50.0769    11.3621   261.4883
  -6775.00   42258.84  0.0339131     8.2001    47.7168    11.7222   261.2593
  -6765.00   42259.23  0.0339256     8.1678    45.2746    12.2565   261.0388
  -6755.00   42258.64  0.0340613     8.1352    42.9619    12.7721   260.8276
  -6745.00   42256.23  0.0340048     8.1152    41.1114    13.0237   260.5898
  -6735.00   42254.55  0.0339395     8.0910    39.2711    13.5057   260.2784
  -6725.00   42254.99  0.0339505     8.0603    37.3590    14.1628   259.9858
  -6715.00   42255.10  0.0339673     8.0408    35.8224    14.4680   259.7469
  -6705.00   42253.98  0.0339655     8.0271    34.3444    14.7941   259.4386
  -6695.00   42254.24  0.0338365     8.0094    32.6804    15.2930   259.1068
  -6685.00   42256.52  0.0338600     7.9909    30.9174    15.7025   258.8594
  -6675.00   42257.61  0.0339854     7.9781    29.1075    15.9819   258.6208
  -6665.00   42257.38  0.0338907     7.9717    27.2666    16.1646   258.3567
  -6655.00   42258.23  0.0338814     7.9558    25.0650    16.5437   258.1107
  -6645.00   42260.12  0.0340640     7.9349    22.6354    16.9510   257.9259
  -6635.00   42260.38  0.0341383     7.9240    20.4176    17.0508   257.7761
  -6625.00   42258.84  0.0341830     7.9074    18.0893    17.3384   257.5574
  -6615.00   42258.50  0.0342546     7.8777    15.5479    17.8993   257.3534
  -6605.00   42258.93  0.0343988     7.8513    13.2738    18.2460   257.2263
  -6595.00   42257.63  0.0345417     7.8273    11.2111    18.6032   257.0229
  -6585.00   42255.30  0.0344534     7.7981     9.2197    19.1412   256.7461
  -6575.00   42254.76  0.0344686     7.7642     7.2610    19.7607   256.5117
  -6565.00   42255.31  0.0346082     7.7335     5.4573    20.3171   256.2630
  -6555.00   42254.66  0.0344965     7.7134     3.9210    20.7135   255.9526
  -6545.00   42253.73  0.0343695     7.6893     2.2102    21.3153   255.6019
  -6535.00   42254.99  0.0343829     7.6615     0.2931    21.9904   255.2862
  -6525.00   42257.21  0.0343524     7.6479   358.5580    22.3006   255.0163
  -6515.00   42257.60  0.0342779     7.6382   356.6833    22.6556   254.6779
  -6505.00   42257.75  0.0341486     7.6202   354.4534    23.2002   254.3459
  -6495.00   42259.52  0.0341599     7.6052   352.1788    23.5421   254.1281
  -6485.00   42260.89  0.0342594     7.5959   349.9367    23.7575   253.8976
  -6475.00   42260.11  0.0341402     7.5856   347.6887    24.0053   253.6261
  -6465.00   42258.66  0.0341157     7.5663   345.3104    24.3875   253.4126
  -6455.00   42258.60  0.0342904     7.5444   343.0313    24.7187   253.2405
  -6445.00   42258.46  0.0343173     7.5310   341.1289    24.8329   253.0615
  -6435.00   42256.19  0.0342977     7.5100   339.2424    25.1711   252.8200
  -6425.00   42254.53  0.0343727     7.4771   337.2867    25.7088   252.5981
  -6415.00   42254.94  0.0344698     7.4522   335.6396    25.9999   252.4393
  -6405.00   42255.29  0.0345438     7.4308   334.1189    26.3231   252.1805
  -6395.00   42254.47  0.0344614     7.3993   332.4085    26.9059   251.8572
  -6385.00   42254.45  0.0344664     7.3685   330.6039    27.4610   251.6074
  -6375.00   42256.57  0.0345934     7.3452   328.8029    27.9033   251.3316
  -6365.00   42258.07  0.0344733     7.3262   326.9562    28.3271   250.9662
  -6355.00   42257.86  0.0343649     7.3037   324.7908    28.9108   250.6096
  -6345.00   42258.43  0.0344237     7.2809   322.4227    29.4866   250.2985
  -6335.00   42260.36  0.0343941     7.2713   320.2352    29.7555   250.0000
  -6325.00   42260.75  0.0343362     7.2630   317.9782    30.1034   249.6477
  -6315.00   42259.34  0.0342911     7.2446   315.5304    30.6309   249.3222
  -6305.00   42258.50  0.0343315     7.2322   313.2971    30.9174   249.1122
  -6295.00   42258.76  0.0344476     7.2260   311.3238    31.1016   248.8714
  -6285.00   42257.83  0.0343906     7.2117   309.4292    31.4195   248.5824
  -6275.00   42255.25  0.0344178     7.1902   307.5433    31.8110   248.3856
  -6265.00   42254.40  0.0346203     7.1699   305.8285    32.1270   248.2148
  -6255.00   42255.23  0.0346510     7.1535   304.3589    32.3412   247.9902
  -6245.00   42254.83  0.0346576     7.1276   302.7345    32.7824   247.7334
  -6235.00   42254.13  0.0347789     7.0929   300.8989    33.3661   247.4960
  -6225.00   42255.29  0.0348548     7.0683   299.1447    33.7466   247.2878
  -6215.00   42257.65  0.0348915     7.0461   297.2909    34.1996   246.9692
  -6205.00   42258.61  0.0348496     7.0123   295.0635    34.9080   246.5988
  -6195.00   42258.27  0.0348384     6.9836   292.6791    35.5377   246.3150
  -6185.00   42259.75  0.0349101     6.9671   290.3343    36.0364   245.9875
  -6175.00   42261.09  0.0347686     6.9483   287.9355    36.6115   245.5599
  -6165.00   42260.19  0.0346484     6.9277   285.4321    37.2367   245.1925
  -6155.00   42258.46  0.0346899     6.9121   283.0017    37.7755   244.8872
  -6145.00   42258.28  0.0345917     6.9057   280.9232    38.1095   244.5494
  -6135.00   42258.28  0.0344976     6.8976   278.9888    38.4783   244.1998
  -6125.00   42256.46  0.0344759     6.8794   277.0492    38.9475   243.9089
  -6115.00   42254.56  0.0344680     6.8685   275.3785    39.2083   243.7040
  -6105.00   42254.92  0.0345206     6.8622   273.9293    39.4008   243.4580
  -6095.00   42255.69  0.0344712     6.8419   272.4106    39.7540   243.1692
  -6085.00   42254.55  0.0344783     6.8171   270.7707    40.1150   242.9831
  -6075.00   42254.39  0.0346321     6.7981   269.1136    40.4108   242.7978
  -6065.00   42256.43  0.0346071     6.7776   267.4182    40.7252   242.5091
  -6055.00   42258.13  0.0345872     6.7480   265.4347    41.1764   242.2252
  -6045.00   42258.16  0.0346931     6.7158   263.1779    41.6989   241.9671
  -6035.00   42258.64  0.0347049     6.6947   260.9260    42.1057   241.6813
  -6025.00   42260.56  0.0346989     6.6744   258.6127    42.5798   241.3089
  -6015.00   42261.34  0.0346849     6.6436   256.1201    43.2108   240.9154
  -6005.00   42259.35  0.0346631     6.6213   253.6626    43.7592   240.6059
  -5995.00   42258.25  0.0347126     6.6120   251.4444    44.2256   240.2438
  -5985.00   42258.16  0.0346165     6.5952   249.3496    44.7966   239.7929
  -5975.00   42257.15  0.0345298     6.5766   247.3697    45.3229   239.4396
  -5965.00   42254.60  0.0345999     6.5675   245.5610    45.7642   239.1460
  -5955.00   42253.86  0.0345209     6.5619   244.0107    46.1464   238.7741
  -5945.00   42255.00  0.0344631     6.5519   242.5355    46.5165   238.4267
  -5935.00   42255.07  0.0345035     6.5346   240.9553    46.8990   238.1658
  -5925.00   42254.38  0.0345099     6.5248   239.3881    47.1814   237.9302
  -5915.00   42255.52  0.0345777     6.5174   237.7796    47.4477   237.6585
  -5905.00   42257.98  0.0346003     6.4936   235.9248    47.8249   237.3695
  -5895.00   42258.42  0.0346318     6.4680   233.8208    48.1877   237.1713
  -5885.00   42257.98  0.0347962     6.4508   231.5970    48.5416   236.9537
  -5875.00   42259.08  0.0348085     6.4268   229.2758    49.0122   236.6099
  -5865.00   42260.64  0.0348081     6.3938   226.8252    49.5299   236.2986
  -5855.00   42259.83  0.0349221     6.3645   224.3109    50.0815   236.0170
  -5845.00   42258.19  0.0349154     6.3447   221.9481    50.6607   235.6373
  -5835.00   42258.06  0.0349024     6.3238   219.7339    51.3000   235.1999
  -5825.00   42258.20  0.0348942     6.2960   217.6132    51.9714   234.7831
  -5815.00   42256.03  0.0348293     6.2801   215.6420    52.5993   234.4110
  -5805.00   42254.04  0.0348339     6.2762   213.9089    53.1874   233.9934
  -5795.00   42254.12  0.0347490     6.2623   212.2646    53.8284   233.5243
  -5785.00   42254.98  0.0346193     6.2473   210.6445    54.3444   233.1811
  -5775.00   42254.00  0.0346409     6.2446   209.0307    54.7580   232.8969
  -5765.00   42254.11  0.0345435     6.2392   207.3856    55.2109   232.5139
  -5755.00   42256.53  0.0344614     6.2254   205.6372    55.5847   232.1904
  -5745.00   42258.33  0.0344747     6.2084   203.6784    55.8792   231.9786
  -5735.00   42258.39  0.0344300     6.1969   201.5837    56.1949   231.7127
  -5725.00   42258.62  0.0344661     6.1845   199.3956    56.5338   231.4098
  -5715.00   42260.33  0.0344858     6.1566   197.0919    56.8876   231.1261
  -5705.00   42260.52  0.0344562     6.1312   194.7044    57.2559   230.8808
  -5695.00   42258.46  0.0345605     6.1159   192.3920    57.6557   230.5950
  -5685.00   42257.23  0.0345747     6.0913   190.1931    58.1877   230.1888
  -5675.00   42257.61  0.0345362     6.0603   188.1197    58.6905   229.8370
  -5665.00   42256.62  0.0346026     6.0392   186.1717    59.1845   229.5241
  -5655.00   42254.46  0.0345746     6.0243   184.3962    59.8012   229.0700
  -5645.00   42253.84  0.0345705     6.0056   182.7617    60.4265   228.5985
  -5635.00   42255.06  0.0345696     5.9841   181.1671    60.9780   228.2056
  -5625.00   42254.94  0.0344923     5.9748   179.5288    61.5664   227.7951
  -5615.00   42254.07  0.0345141     5.9735   177.8776    62.1511   227.3491
  -5605.00   42255.13  0.0344944     5.9609   176.1358    62.7074   226.9008
  -5595.00   42257.65  0.0343772     5.9492   174.1980    63.1751   226.5617
  -5585.00   42258.15  0.0344005     5.9501   172.1258    63.5653   226.2677
  -5575.00   42257.90  0.0343678     5.9447   169.9324    64.0397   225.8694
  -5565.00   42259.28  0.0343230     5.9283   167.6804    64.3966   225.5515
  -5555.00   42260.68  0.0343507     5.9140   165.3602    64.6460   225.3563
  -5545.00   42259.78  0.0343219     5.9027   163.0439    65.0235   225.0502
  -5535.00   42257.76  0.0344036     5.8858   160.8526    65.4323   224.7052
  -5525.00   42257.56  0.0344750     5.8568   158.8047    65.7716   224.4285
  -5515.00   42257.38  0.0344528     5.8327   156.8178    66.2193   224.1267
  -5505.00   42255.30  0.0345644     5.8173   154.9753    66.7635   223.7580
  -5495.00   42253.55  0.0346428     5.7913   153.2859    67.3892   223.3005
  -5485.00   42254.22  0.0346147     5.7627   151.6316    68.0020   222.8912
  -5475.00   42255.17  0.0346576     5.7481   149.9492    68.6247   222.5125
  -5465.00   42254.54  0.0346366     5.7372   148.2120    69.4165   221.9778
  -5455.00   42254.69  0.0346290     5.7205   146.4311    70.1419   221.4603
  -5445.00   42257.11  0.0346006     5.7069   144.5072    70.7242   221.0723
  -5435.00   42258.64  0.0344716     5.7044   142.3537    71.4155   220.6216
  -5425.00   42258.31  0.0344612     5.7047   140.1011    72.0870   220.1485
  -5415.00   42258.56  0.0344302     5.6937   137.8318    72.5827   219.7489
  -5405.00   42260.13  0.0342670     5.6855   135.4173    73.0638   219.4192
  -5395.00   42260.35  0.0342268     5.6872   133.0177    73.5065   219.1181
  -5385.00   42258.38  0.0342015     5.6785   130.7598    73.9768   218.7283
  -5375.00   42257.39  0.0341212     5.6588   128.6728    74.3187   218.4174
  -5365.00   42257.73  0.0340992     5.6450   126.7252    74.5676   218.2152
  -5355.00   42256.70  0.0340419     5.6331   124.8762    75.0374   217.8567
  -5345.00   42254.43  0.0340963     5.6109   123.2592    75.4806   217.4544
  -5335.00   42253.97  0.0341449     5.5833   121.7863    75.7808   217.1572
  -5325.00   42255.08  0.0340749     5.5643   120.2082    76.2860   216.7870
  -5315.00   42255.11  0.0341531     5.5507   118.5817    76.9270   216.3210
  -5305.00   42254.47  0.0342349     5.5276   116.9722    77.5033   215.8335
  -5295.00   42255.86  0.0341788     5.5067   115.1614    78.0890   215.3898
  -5285.00   42258.40  0.0341866     5.5006   113.1108    78.7360   214.9617
  -5275.00   42258.91  0.0341837     5.4946   110.8943    79.5231   214.4023
  -5265.00   42258.65  0.0341701     5.4814   108.6368    80.1655   213.8892
  -5255.00   42259.86  0.0341385     5.4750   106.2966    80.6446   213.5253
  -5245.00   42260.91  0.0340138     5.4780   103.8009    81.3317   213.0713
  -5235.00   42259.80  0.0340276     5.4771   101.4247    81.9825   212.5875
  -5225.00   42257.79  0.0340304     5.4670    99.3217    82.3391   212.2330
  -5215.00   42257.43  0.0338894     5.4623    97.2428    82.7731   211.9048
  -5205.00   42257.42  0.0338774     5.4640    95.2805    83.2753   211.5641
  -5195.00   42255.39  0.0339192     5.4524    93.6093    83.6993   211.1775
  -5185.00   42253.93  0.0338690     5.4332    92.0826    84.0265   210.8520
  -5175.00   42254.71  0.0338695     5.4217    90.5822    84.3144   210.6106
  -5165.00   42255.64  0.0338768     5.4098    88.9734    84.8895   210.2001
  -5155.00   42255.27  0.0339542     5.3849    87.4187    85.3958   209.7476
  -5145.00   42255.44  0.0340278     5.3599    85.8178    85.7163   209.4177
  -5135.00   42257.74  0.0339748     5.3463    83.8327    86.3667   208.9813
  -5125.00   42259.32  0.0340820     5.3324    81.6489    87.1876   208.4158
  -5115.00   42258.91  0.0341902     5.3119    79.4607    87.8263   207.8947
  -5105.00   42259.11  0.0341193     5.2990    77.0639    88.5089   207.4102
  -5095.00   42260.55  0.0341179     5.2998    74.4805    89.3541   206.8991
  -5085.00   42260.55  0.0341334     5.2979    71.9381    90.2555   206.3159
  -5075.00   42258.76  0.0340783     5.2900    69.5997    90.9467   205.8099
  -5065.00   42257.58  0.0339916     5.2914    67.4209    91.4638   205.4488
  -5055.00   42257.70  0.0338441     5.2993    65.2380    92.2326   205.0016
  -5045.00   42256.85  0.0338219     5.2964    63.3487    92.8926   204.5340
  -5035.00   42254.53  0.0337767     5.2865    61.8249    93.1597   204.2300
  -5025.00   42254.03  0.0335825     5.2838    60.2348    93.5806   203.9179
  -5015.00   42255.23  0.0335589     5.2814    58.6108    94.1467   203.5341
  -5005.00   42255.29  0.0335983     5.2643    57.1465    94.5247   203.1519
  -4995.00   42255.02  0.0335082     5.2451    55.5841    94.8578   202.8021
  -4985.00   42256.41  0.0334720     5.2354    53.8049    95.2510   202.4770
  -4975.00   42258.81  0.0334997     5.2229    51.7656    95.9063   201.9997
  -4965.00   42259.71  0.0335363     5.2000    49.6733    96.4745   201.4925
  -4955.00   42259.18  0.0335540     5.1823    47.5583    96.8117   201.1124
  -4945.00   42260.14  0.0334763     5.1776    45.0846    97.5461   200.6209
  -4935.00   42260.92  0.0335587     5.1678    42.6207    98.3849   200.0069
  -4925.00   42259.67  0.0336491     5.1531    40.4044    98.9313   199.4989
  -4915.00   42257.63  0.0335286     5.1505    38.1798    99.5479   199.0329
  -4905.00   42257.12  0.0335297     5.1566    35.9752   100.3807   198.4898
  -4895.00   42257.04  0.0335836     5.1564    34.0036   101.1634   197.9393
  -4885.00   42255.48  0.0335215     5.1523    32.2849   101.7299   197.4821
  -4875.00   42253.99  0.0334303     5.1588    30.6695   102.2113   197.1145
  -4865.00   42254.63  0.0333357     5.1683    28.9481   102.9361   196.6748
  -4855.00   42255.75  0.0333373     5.1636    27.3597   103.5214   196.2239
  -4845.00   42255.30  0.0333042     5.1556    25.9211   103.7168   195.9320
  -4835.00   42255.46  0.0331253     5.1565    24.1477   104.1451   195.6166
  -4825.00   42257.46  0.0331502     5.1517    22.1833   104.7324   195.1853
  -4815.00   42259.20  0.0332462     5.1328    20.2658   105.0667   194.7983
  -4805.00   42259.15  0.0331755     5.1165    18.1548   105.4080   194.4381
  -4795.00   42259.21  0.0331796     5.1093    15.8139   105.9472   194.0216
  -4785.00   42260.46  0.0332837     5.0961    13.3918   106.6626   193.4923
  -4775.00   42260.67  0.0333569     5.0758    11.0663   107.3121   192.9485
  -4765.00   42258.66  0.0333799     5.0654     8.9049   107.8003   192.4966
  -4755.00   42257.16  0.0333405     5.0672     6.5936   108.7019   191.9400
  -4745.00   42256.78  0.0334221     5.0618     4.4942   109.6535   191.2817
  -4735.00   42256.14  0.0335080     5.0542     2.7653   110.2454   190.7668
  -4725.00   42253.99  0.0333496     5.0622     0.9580   110.9824   190.3057
  -4715.00   42253.48  0.0333332     5.0733   359.1514   111.9098   189.7356
  -4705.00   42254.87  0.0333790     5.0750   357.4928   112.6556   189.2228
  -4695.00   42255.40  0.0332580     5.0756   355.8493   113.1852   188.8378
  -4685.00   42255.24  0.0331306     5.0856   354.0387   113.7649   188.4608
  -4675.00   42256.37  0.0330338     5.0930   352.0005   114.4906   188.0375
  -4665.00   42258.63  0.0329970     5.0848   349.9646   115.0230   187.6279
  -4655.00   42259.43  0.0329189     5.0774   347.9541   115.2535   187.3269
  -4645.00   42258.80  0.0327254     5.0786   345.5813   115.7796   186.9836
  -4635.00   42259.30  0.0327302     5.0701   343.1899   116.4103   186.5015
  -4625.00   42260.42  0.0328070     5.0507   341.0523   116.7288   186.0823
  -4615.00   42259.45  0.0326942     5.0398   338.8644   117.1251   185.6974
  -4605.00   42257.52  0.0326916     5.0367   336.6660   117.8039   185.1806
  -4595.00   42256.84  0.0327840     5.0264   334.6697   118.5151   184.6081
  -4585.00   42256.79  0.0328152     5.0132   332.8971   119.1053   184.0787
  -4575.00   42255.28  0.0327978     5.0134   331.2501   119.6762   183.5803
  -4565.00   42253.51  0.0327557     5.0219   329.4681   120.5720   183.0126
  -4555.00   42253.71  0.0328012     5.0214   327.8060   121.4322   182.3939
  -4545.00   42255.21  0.0328423     5.0212   326.3565   121.8983   181.9194
  -4535.00   42254.98  0.0326846     5.0361   324.5400   122.5908   181.4981
  -4525.00   42255.31  0.0326654     5.0492   322.5679   123.4327   180.9531
  -4515.00   42257.48  0.0327198     5.0508   320.6338   123.9977   180.4901
  -4505.00   42259.43  0.0325977     5.0548   318.5269   124.4062   180.1721
  -4495.00   42259.53  0.0325175     5.0666   316.1898   124.9805   179.7796
  -4485.00   42259.11  0.0324783     5.0717   313.7341   125.6417   179.3532
  -4475.00   42260.00  0.0324616     5.0628   311.4209   126.0695   178.9830
  -4465.00   42260.16  0.0324173     5.0588   309.2635   126.3373   178.6502
  -4455.00   42258.12  0.0322995     5.0615   306.9718   126.9145   178.2666
  -4445.00   42256.46  0.0323373     5.0520   304.8928   127.5611   177.7593
  -4435.00   42256.50  0.0324269     5.0357   303.2376   127.8839   177.3115
  -4425.00   42256.09  0.0323502     5.0310   301.5428   128.3591   176.9008
  -4415.00   42254.34  0.0323965     5.0314   299.8371   129.1515   176.3136
  -4405.00   42253.62  0.0325201     5.0238   298.2727   129.9047   175.7034
  -4395.00   42254.98  0.0325463     5.0178   296.7305   130.5208   175.1930
  -4385.00   42255.64  0.0325583     5.0273   295.0301   131.2644   174.6433
  -4375.00   42255.22  0.0325568     5.0409   293.0304   132.2518   174.0519
  -4365.00   42256.08  0.0325928     5.0450   290.9545   133.1315   173.4831
  -4355.00   42258.56  0.0325879     5.0541   288.9082   133.6798   173.0325
  -4345.00   42259.56  0.0324433     5.0750   286.4464   134.4419   172.6377
  -4335.00   42259.15  0.0324002     5.0891   283.8755   135.3144   172.1355
  -4325.00   42259.56  0.0324022     5.0913   281.5150   135.8302   171.7274
  -4315.00   42260.67  0.0322397     5.0977   279.1125   136.2498   171.4668
  -4305.00   42259.79  0.0321492     5.1086   276.7450   136.8538   171.0725
  -4295.00   42257.41  0.0321080     5.1082   274.5357   137.4984   170.6327
  -4285.00   42256.53  0.0320399     5.0976   272.6140   137.9135   170.2898
  -4275.00   42256.52  0.0319760     5.0959   270.9260   138.2838   169.9098
  -4265.00   42255.21  0.0318787     5.0985   269.1856   138.9388   169.4508
  -4255.00   42253.54  0.0318874     5.0890   267.5854   139.6200   168.9186
  -4245.00   42254.05  0.0319160     5.0798   266.2372   140.0127   168.4393
  -4235.00   42255.77  0.0318221     5.0840   264.6531   140.5690   167.9967
  -4225.00   42255.85  0.0318432     5.0901   262.8935   141.3754   167.3892
  -4215.00   42255.85  0.0319241     5.0886   261.1023   142.0586   166.7984
  -4205.00   42257.95  0.0318918     5.0922   259.1141   142.6152   166.3582
  -4195.00   42259.80  0.0318937     5.1093   256.9133   143.3010   165.8362
  -4185.00   42259.71  0.0318968     5.1252   254.4719   144.1492   165.2786
  -4175.00   42259.12  0.0319053     5.1312   252.0014   144.8507   164.8156
  -4165.00   42259.97  0.0318876     5.1457   249.6601   145.3388   164.4140
  -4155.00   42260.40  0.0317807     5.1682   247.1982   145.9908   164.0400
  -4145.00   42258.40  0.0317552     5.1795   244.8442   146.7329   163.5875
  -4135.00   42256.59  0.0317526     5.1833   242.8698   147.1589   163.2156
  -4125.00   42256.70  0.0316256     5.1927   240.9615   147.5546   162.9737
  -4115.00   42256.34  0.0315697     5.2035   239.2033   148.1078   162.5741
  -4105.00   42254.46  0.0315679     5.2013   237.5993   148.6688   162.1246
  -4095.00   42253.71  0.0315189     5.1931   236.0646   149.0789   161.8055
  -4085.00   42255.14  0.0315025     5.1956   234.5995   149.4835   161.4040
  -4075.00   42256.17  0.0314681     5.1986   232.9245   150.1508   160.8877
  -4065.00   42255.70  0.0315032     5.1900   231.1261   150.8247   160.3631
  -4055.00   42256.65  0.0315589     5.1881   229.3192   151.3062   159.8712
  -4045.00   42259.27  0.0315213     5.1994   227.1782   151.9613   159.3855
  -4035.00   42260.15  0.0315670     5.2092   224.8454   152.7978   158.7717
  -4025.00   42259.42  0.0316536     5.2143   222.5011   153.4987   158.2009
  -4015.00   42259.64  0.0316405     5.2279   220.0052   154.1520   157.7951
  -4005.00   42260.52  0.0316576     5.2522   217.5626   154.8750   157.3010
  -3995.00   42259.66  0.0316643     5.2703   215.1524   155.6978   156.7766
  -3985.00   42257.08  0.0316493     5.2800   212.8407   156.4026   156.4080
  -3975.00   42256.22  0.0316335     5.2997   210.8132   156.9555   156.0623
  -3965.00   42256.59  0.0315299     5.3216   208.8436   157.6378   155.6990
  -3955.00   42255.15  0.0314695     5.3279   206.9904   158.3557   155.3057
  -3945.00   42253.66  0.0314291     5.3323   205.3836   158.8350   154.9644
  -3935.00   42254.34  0.0313032     5.3423   203.7036   159.3269   154.7065
  -3925.00   42256.05  0.0312173     5.3492   202.0317   159.9270   154.2851
  -3915.00   42256.21  0.0311762     5.3456   200.3310   160.4832   153.8176
  -3905.00   42256.07  0.0311056     5.3410   198.4044   160.9843   153.4860
  -3895.00   42258.18  0.0310762     5.3487   196.4546   161.4489   153.0546
  -3885.00   42260.09  0.0310267     5.3537   194.2716   162.1283   152.4921
  -3875.00   42259.66  0.0310084     5.3497   191.9184   162.7940   151.9950
  -3865.00   42259.02  0.0310470     5.3577   189.6394   163.2829   151.5355
  -3855.00   42259.91  0.0310047     5.3765   187.2495   163.9393   151.0421
  -3845.00   42260.07  0.0309964     5.3890   184.9200   164.6737   150.4886
  -3835.00   42258.05  0.0310344     5.4001   182.7838   165.2609   150.0022
  -3825.00   42256.19  0.0310236     5.4210   180.6741   165.8491   149.6542
  -3815.00   42256.29  0.0310271     5.4472   178.8187   166.4373   149.2227
  -3805.00   42256.00  0.0310137     5.4639   177.0653   167.0849   148.7616
  -3795.00   42253.97  0.0309924     5.4752   175.2759   167.6866   148.4702
  -3785.00   42253.40  0.0310131     5.4968   173.6918   168.1232   148.1754
  -3775.00   42255.06  0.0309431     5.5162   172.0046   168.7183   147.8060
  -3765.00   42255.96  0.0308761     5.5192   170.1689   169.3430   147.4581
  -3755.00   42255.81  0.0308687     5.5254   168.3369   169.7772   147.1460
  -3745.00   42256.86  0.0308028     5.5379   166.2867   170.2614   146.8559
  -3735.00   42259.42  0.0307348     5.5423   164.1383   170.8242   146.4313
  -3725.00   42260.30  0.0307006     5.5405   161.9128   171.3424   145.9743
  -3715.00   42259.21  0.0306780     5.5418   159.4778   171.8735   145.6363
  -3705.00   42259.36  0.0306951     5.5534   157.2249   172.3293   145.1903
  -3695.00   42259.90  0.0306814     5.5608   154.9521   172.9773   144.6182
  -3685.00   42258.79  0.0306720     5.5619   152.6307   173.6778   144.1499
  -3675.00   42256.24  0.0307684     5.5784   150.6375   174.1632   143.7207
  -3665.00   42255.59  0.0307830     5.6029   148.6974   174.8545   143.2102
  -3655.00   42256.03  0.0307771     5.6179   146.8461   175.6049   142.7066
  -3645.00   42254.85  0.0308337     5.6353   145.1337   176.2160   142.2983
  -3635.00   42253.45  0.0308621     5.6638   143.3767   176.8583   141.9719
  -3625.00   42254.32  0.0308719     5.6907   141.7244   177.4627   141.5883
  -3615.00   42255.94  0.0308421     5.7067   139.9418   178.1154   141.2004
  -3605.00   42255.90  0.0308145     5.7208   137.8534   178.7933   140.9634
  -3595.00   42255.83  0.0308358     5.7426   135.8721   179.2407   140.7041
  -3585.00   42257.83  0.0307540     5.7573   133.6612   179.8680   140.3325
  -3575.00   42259.79  0.0306360     5.7569   131.1510   180.5858   140.0115
  -3565.00   42259.44  0.0306169     5.7634   128.7291   181.0731   139.7172
  -3555.00   42258.92  0.0305409     5.7765   126.2734   181.6300   139.3612
  -3545.00   42259.83  0.0304265     5.7786   123.8840   182.2438   138.9176
  -3535.00   42259.84  0.0303510     5.7794   121.6069   182.8147   138.4730
  -3525.00   42257.56  0.0303207     5.7894   119.3838   183.3977   138.1074
  -3515.00   42255.72  0.0303125     5.8055   117.5891   183.8275   137.6538
  -3505.00   42255.45  0.0302677     5.8173   115.8817   184.4007   137.1184
  -3495.00   42255.30  0.0302336     5.8264   114.0347   185.1116   136.7112
  -3485.00   42253.37  0.0303165     5.8503   112.5699   185.4902   136.3451
  -3475.00   42253.21  0.0303236     5.8776   111.0413   186.0616   135.8777
  -3465.00   42255.17  0.0302767     5.8928   109.3143   186.7381   135.4616
  -3455.00   42256.20  0.0303270     5.9126   107.5311   187.2404   135.1553
  -3445.00   42256.13  0.0303537     5.9431   105.5652   187.7860   134.8504
  -3435.00   42257.21  0.0303398     5.9660   103.5536   188.2665   134.5070
  -3425.00   42259.42  0.0303001     5.9791   101.2693   188.8152   134.1870
  -3415.00   42260.03  0.0302925     5.9957    98.6616   189.4515   133.9676
  -3405.00   42258.85  0.0303228     6.0166    96.3303   189.7924   133.7133
  -3395.00   42258.86  0.0302578     6.0283    93.9309   190.3059   133.3498
  -3385.00   42259.71  0.0301621     6.0289    91.3117   191.0294   133.0514
  -3375.00   42258.57  0.0301864     6.0382    89.0792   191.4577   132.7805
  -3365.00   42256.39  0.0301479     6.0526    87.0610   191.9625   132.3894
  -3355.00   42255.74  0.0300462     6.0545    85.1828   192.5480   131.9529
  -3345.00   42256.06  0.0300155     6.0582    83.4305   193.1001   131.5524
  -3335.00   42254.83  0.0300357     6.0754    81.7523   193.6772   131.1619
  -3325.00   42253.42  0.0300472     6.0939    80.4006   194.0680   130.7028
  -3315.00   42254.05  0.0300263     6.1084    78.9202   194.5887   130.2108
  -3305.00   42255.97  0.0300573     6.1262    77.0033   195.3377   129.8384
  -3295.00   42256.02  0.0301775     6.1563    75.3125   195.7086   129.5004
  -3285.00   42256.40  0.0302191     6.1862    73.3993   196.2315   129.0715
  -3275.00   42258.51  0.0301953     6.2042    71.0116   196.9797   128.7249
  -3265.00   42260.38  0.0302887     6.2280    68.5590   197.5183   128.4994
  -3255.00   42260.03  0.0303373     6.2598    66.0111   198.1211   128.2126
  -3245.00   42259.17  0.0302927     6.2789    63.5207   198.6735   127.9026
  -3235.00   42259.69  0.0302482     6.2892    60.9261   199.2917   127.6522
  -3225.00   42259.49  0.0302464     6.3068    58.2791   200.0297   127.4285
  -3215.00   42257.29  0.0302359     6.3244    56.1738   200.4457   127.1501
  -3205.00   42255.56  0.0301243     6.3314    54.1938   200.9807   126.7876
  -3195.00   42255.69  0.0300246     6.3342    52.0272   201.7912   126.4846
  -3185.00   42255.67  0.0300392     6.3466    50.3297   202.2468   126.1970
  -3175.00   42254.22  0.0299748     6.3622    48.8070   202.7429   125.7705
  -3165.00   42253.89  0.0298317     6.3670    47.1633   203.3753   125.3427
  -3155.00   42255.76  0.0298078     6.3766    45.4735   203.9069   124.9961
  -3145.00   42256.68  0.0298219     6.4011    43.6935   204.4638   124.6024
  -3135.00   42256.52  0.0297802     6.4224    42.0078   204.8326   124.1710
  -3125.00   42257.41  0.0297202     6.4384    40.0202   205.2930   123.7725
  -3115.00   42259.67  0.0297621     6.4634    37.5643   205.9771   123.4566
  -3105.00   42260.49  0.0298566     6.4950    35.3706   206.2815   123.1595
  -3095.00   42259.62  0.0298527     6.5220    33.1079   206.6626   122.7934
  -3085.00   42259.42  0.0298213     6.5407    30.4412   207.3653   122.5155
  -3075.00   42260.14  0.0299208     6.5650    28.0247   207.7978   122.3385
  -3065.00   42258.95  0.0299764     6.5941    25.7882   208.2755   122.0638
  -3055.00   42256.49  0.0298981     6.6090    23.6911   208.7964   121.7725
  -3045.00   42255.59  0.0298657     6.6180    21.6618   209.3143   121.5706
  -3035.00   42255.77  0.0298983     6.6371    19.6601   209.9667   121.3378
  -3025.00   42255.00  0.0298810     6.6525    18.1206   210.3332   121.0361
  -3015.00   42253.79  0.0297652     6.6570    16.5538   210.7859   120.7004
  -3005.00   42254.62  0.0297110     6.6645    14.6059   211.5378   120.4062
  -2995.00   42256.75  0.0297593     6.6800    12.9530   211.9221   120.1057
  -2985.00   42257.15  0.0297177     6.6956    11.2674   212.3229   119.6810
  -2975.00   42257.20  0.0296057     6.7040     9.1487   212.9711   119.2783
  -2965.00   42259.02  0.0296374     6.7198     6.9625   213.4382   118.9680
  -2955.00   42260.57  0.0297137     6.7488     4.6852   213.9417   118.5791
  -2945.00   42260.29  0.0296940     6.7721     2.4591   214.3503   118.1654
  -2935.00   42259.16  0.0296750     6.7911     0.0699   214.8115   117.8425
  -2925.00   42259.41  0.0297768     6.8229   357.4827   215.4807   117.5584
  -2915.00   42259.60  0.0299022     6.8564   355.3573   215.8145   117.2782
  -2905.00   42257.58  0.0299008     6.8805   353.3345   216.2133   116.9719
  -2895.00   42255.68  0.0299108     6.9026   351.0095   216.9859   116.7469
  -2885.00   42255.71  0.0300239     6.9277   349.0791   217.4550   116.5936
  -2875.00   42255.72  0.0300800     6.9523   347.3592   217.9283   116.3300
  -2865.00   42254.41  0.0299867     6.9640   345.4756   218.6209   116.0583
  -2855.00   42253.88  0.0299452     6.9721   343.5994   219.2093   115.8785
  -2845.00   42255.51  0.0299781     6.9905   341.6361   219.8852   115.6244
  -2835.00   42257.05  0.0299059     7.0029   339.8332   220.3703   115.2846
  -2825.00   42256.95  0.0297588     7.0062   337.8131   220.8933   114.9624
  -2815.00   42257.69  0.0297044     7.0193   335.3455   221.6747   114.6613
  -2805.00   42259.97  0.0297180     7.0391   333.1759   222.0616   114.3310
  -2795.00   42260.85  0.0296451     7.0555   330.9995   222.4279   113.9224
  -2785.00   42259.82  0.0295422     7.0704   328.4078   223.1123   113.5644
  -2775.00   42259.18  0.0295640     7.0933   326.0419   223.5298   113.2939
  -2765.00   42259.50  0.0296298     7.1248   323.8721   223.9234   112.9446
  -2755.00   42258.69  0.0295804     7.1482   321.8109   224.3556   112.5868
  -2745.00   42256.08  0.0295498     7.1686   319.8149   224.7647   112.3484
  -2735.00   42254.90  0.0296352     7.2016   317.8061   225.3420   112.1100
  -2725.00   42255.45  0.0297005     7.2318   316.2653   225.6191   111.8451
  -2715.00   42254.87  0.0296631     7.2498   314.7257   225.9430   111.5963
  -2705.00   42253.81  0.0296754     7.2723   312.7651   226.6364   111.4009
  -2695.00   42254.48  0.0297616     7.2966   311.0633   227.0084   111.2395
  -2685.00   42256.64  0.0297870     7.3154   309.3902   227.3367   110.9805
  -2675.00   42257.41  0.0297217     7.3265   307.2059   228.0039   110.7275
  -2665.00   42257.20  0.0297024     7.3367   304.9491   228.5079   110.5570
  -2655.00   42258.61  0.0297566     7.3553   302.5993   229.0440   110.2957
  -2645.00   42260.45  0.0296857     7.3667   300.2528   229.5347   109.9526
  -2635.00   42260.16  0.0295804     7.3710   297.8287   229.9848   109.6628
  -2625.00   42258.75  0.0295788     7.3887   295.1527   230.6920   109.3729
  -2615.00   42258.86  0.0295909     7.4110   292.9820   231.0435   109.0241
  -2605.00   42259.09  0.0295406     7.4268   291.0234   231.3355   108.6451
  -2595.00   42257.33  0.0295077     7.4470   288.8024   231.9780   108.3230
  -2585.00   42255.10  0.0295699     7.4765   286.9722   232.3531   108.0609
  -2575.00   42254.95  0.0296589     7.5089   285.4094   232.6697   107.7356
  -2565.00   42255.33  0.0296573     7.5342   283.7477   233.1533   107.4259
  -2555.00   42254.04  0.0296883     7.5588   282.0848   233.5549   107.2398
  -2545.00   42253.35  0.0298224     7.5936   280.2519   234.1200   107.0358
  -2535.00   42255.17  0.0298781     7.6213   278.5593   234.5072   106.7885
  -2525.00   42256.95  0.0298651     7.6361   276.6754   234.8859   106.5943
  -2515.00   42257.15  0.0299144     7.6582   274.2273   235.6287   106.4253
  -2505.00   42257.64  0.0299827     7.6810   271.9309   236.0940   106.2411
  -2495.00   42259.90  0.0299719     7.6927   269.6316   236.4950   105.9853
  -2485.00   42260.91  0.0299267     7.7032   266.8689   237.2413   105.7378
  -2475.00   42259.54  0.0299064     7.7162   264.2422   237.7938   105.5432
  -2465.00   42258.56  0.0299298     7.7337   261.7858   238.3315   105.2530
  -2455.00   42258.74  0.0298414     7.7463   259.3918   238.9577   104.9074
  -2445.00   42258.09  0.0297342     7.7551   257.2577   239.4036   104.6350
  -2435.00   42255.43  0.0297448     7.7785   255.0905   240.0597   104.3550
  -2425.00   42254.42  0.0297022     7.8040   253.3825   240.4882   104.0073
  -2415.00   42255.20  0.0296210     7.8206   251.9136   240.7719   103.6827
  -2405.00   42255.03  0.0295972     7.8452   250.1289   241.3553   103.4214
  -2395.00   42253.74  0.0296248     7.8784   248.5868   241.6937   103.1783
  -2385.00   42254.39  0.0296595     7.9073   247.1002   241.9581   102.8965
  -2375.00   42256.55  0.0296472     7.9310   245.2282   242.4330   102.6499
  -2365.00   42257.31  0.0296603     7.9567   243.2787   242.7394   102.4974
  -2355.00   42256.93  0.0297701     7.9883   241.0750   243.1743   102.3116
  -2345.00   42258.39  0.0297834     8.0111   238.7787   243.5947   102.0797
  -2335.00   42260.49  0.0297564     8.0235   236.4410   243.8744   101.9163
  -2325.00   42260.41  0.0298115     8.0445   233.7280   244.4632   101.7623
  -2315.00   42258.86  0.0298458     8.0658   231.2736   244.8893   101.5495
  -2305.00   42258.84  0.0298276     8.0738   229.0255   245.2285   101.3072
  -2295.00   42258.98  0.0298102     8.0845   226.5891   245.8555   101.0803
  -2285.00   42256.94  0.0297983     8.1014   224.4952   246.3024   100.8656
  -2275.00   42254.57  0.0298235     8.1175   222.6544   246.7528   100.5699
  -2265.00   42254.29  0.0297824     8.1310   220.7934   247.3677   100.2457
  -2255.00   42255.10  0.0297064     8.1448   219.2159   247.7188    99.9918
  -2245.00   42253.96  0.0297494     8.1713   217.5265   248.2338    99.7169
  -2235.00   42253.74  0.0297308     8.1984   215.8932   248.7142    99.3789
  -2225.00   42255.74  0.0296908     8.2169   214.3407   248.9629    99.0974
  -2215.00   42257.82  0.0297214     8.2457   212.3410   249.4420    98.8781
  -2205.00   42257.66  0.0297632     8.2822   210.3453   249.7819    98.6369
  -2195.00   42257.90  0.0298289     8.3092   208.2762   250.0520    98.3907
  -2185.00   42259.82  0.0298802     8.3332   205.8029   250.5251    98.2010
  -2175.00   42260.69  0.0299167     8.3620   203.3845   250.8207    98.0630
  -2165.00   42259.15  0.0300369     8.3903   200.8852   251.2417    97.8857
  -2155.00   42258.26  0.0300917     8.4091   198.3338   251.7986    97.6785
  -2145.00   42258.84  0.0300890     8.4210   196.0634   252.1322    97.5339
  -2135.00   42258.44  0.0301496     8.4406   193.7128   252.7111    97.3764
  -2125.00   42255.85  0.0301666     8.4588   191.5995   253.3052    97.1334
  -2115.00   42254.66  0.0301563     8.4644   189.7916   253.7460    96.8918
  -2105.00   42255.52  0.0301472     8.4762   187.8494   254.3895    96.6733
  -2095.00   42255.02  0.0300952     8.4971   186.1114   254.9168    96.4184
  -2085.00   42253.69  0.0300907     8.5131   184.4471   255.4171    96.1146
  -2075.00   42254.30  0.0300677     8.5287   182.5393   256.0575    95.8204
  -2065.00   42256.86  0.0299656     8.5504   180.7396   256.4099    95.5817
  -2055.00   42257.71  0.0299598     8.5795   178.7109   256.8653    95.3202
  -2045.00   42257.72  0.0299356     8.6069   176.4624   257.4047    95.0228
  -2035.00   42259.08  0.0298837     8.6279   174.3352   257.6154    94.8003
  -2025.00   42261.25  0.0298838     8.6581   171.9097   257.9826    94.6255
  -2015.00   42260.55  0.0298651     8.6925   169.4945   258.3541    94.4018
  -2005.00   42258.64  0.0299035     8.7146   167.2558   258.5835    94.1939
  -1995.00   42258.42  0.0299546     8.7358   164.9065   258.9517    94.0496
  -1985.00   42258.45  0.0299306     8.7640   162.8171   259.2022    93.9049
  -1975.00   42256.52  0.0299963     8.7866   160.8403   259.5514    93.7211
  -1965.00   42254.44  0.0300695     8.8011   158.8586   260.0528    93.5327
  -1955.00   42254.67  0.0300587     8.8146   157.2244   260.2836    93.3909
  -1945.00   42255.77  0.0300895     8.8334   155.4733   260.7328    93.2199
  -1935.00   42254.73  0.0301081     8.8493   153.6499   261.3268    92.9721
  -1925.00   42254.24  0.0301237     8.8556   152.0122   261.6619    92.7476
  -1915.00   42256.40  0.0301372     8.8695   150.0866   262.1482    92.5464
  -1905.00   42257.94  0.0300708     8.8921   148.0331   262.6737    92.2772
  -1895.00   42257.74  0.0300797     8.9075   145.9322   263.1192    91.9837
  -1885.00   42257.90  0.0301139     8.9243   143.5676   263.6333    91.7277
  -1875.00   42259.93  0.0300201     8.9520   141.2815   263.9398    91.4918
  -1865.00   42260.87  0.0300059     8.9819   138.8710   264.3530    91.2334
  -1855.00   42259.40  0.0300415     9.0091   136.3615   264.8734    90.9693
  -1845.00   42258.28  0.0300321     9.0352   134.2583   264.9975    90.7830
  -1835.00   42258.89  0.0300544     9.0677   132.1114   265.2772    90.6266
  -1825.00   42257.96  0.0300642     9.1007   129.9880   265.7265    90.4210
  -1815.00   42255.34  0.0301519     9.1214   128.2413   265.9291    90.2499
  -1805.00   42254.27  0.0302639     9.1422   126.4824   266.2196    90.1406
  -1795.00   42255.08  0.0302513     9.1690   124.7855   266.5680    89.9916
  -1785.00   42255.08  0.0303345     9.1863   123.0694   267.0059    89.8051
  -1775.00   42254.01  0.0304671     9.1966   121.1931   267.5415    89.6357
  -1765.00   42254.98  0.0304603     9.2118   119.4467   267.8411    89.4802
  -1755.00   42257.67  0.0304722     9.2289   117.3677   268.3899    89.2782
  -1745.00   42258.38  0.0305046     9.2424   114.9629   269.1404    89.0220
  -1735.00   42258.01  0.0305119     9.2524   112.7561   269.5056    88.8011
  -1725.00   42259.31  0.0304977     9.2707   110.3146   269.9759    88.5953
  -1715.00   42260.76  0.0303971     9.2956   107.6551   270.6462    88.3204
  -1705.00   42260.17  0.0303829     9.3130   105.1810   271.1263    88.0492
  -1695.00   42258.18  0.0304097     9.3332   102.7827   271.5311    87.8401
  -1685.00   42257.95  0.0302713     9.3652   100.5850   271.8613    87.6201
  -1675.00   42258.25  0.0302183     9.3940    98.4648   272.2956    87.3843
  -1665.00   42256.30  0.0302664     9.4176    96.4314   272.7666    87.1743
  -1655.00   42254.32  0.0302143     9.4460    94.9083   272.8205    87.0196
  -1645.00   42254.63  0.0301882     9.4761    93.3363   273.0399    86.8733
  -1635.00   42255.44  0.0301899     9.5025    91.5535   273.5433    86.6851
  -1625.00   42254.66  0.0302446     9.5210    90.0946   273.6623    86.5393
  -1615.00   42254.28  0.0303195     9.5404    88.5023   273.8073    86.4385
  -1605.00   42256.27  0.0302666     9.5641    86.6041   274.1811    86.2787
  -1595.00   42258.28  0.0303333     9.5774    84.5513   274.5759    86.0927
  -1585.00   42258.10  0.0304722     9.5861    82.2969   274.9708    85.9413
  -1575.00   42258.30  0.0304258     9.6034    80.0819   275.1985    85.7765
  -1565.00   42260.18  0.0304228     9.6194    77.5592   275.7012    85.5606
  -1555.00   42260.83  0.0304929     9.6306    74.8002   276.4171    85.3195
  -1545.00   42259.24  0.0304915     9.6447    72.5044   276.6731    85.1114
  -1535.00   42257.88  0.0304617     9.6659    70.2302   277.0284    84.9018
  -1525.00   42258.01  0.0303864     9.6905    67.8200   277.7100    84.6337
  -1515.00   42257.41  0.0303998     9.7096    65.8373   278.1044    84.3876
  -1505.00   42254.85  0.0304403     9.7335    64.1110   278.3463    84.2035
  -1495.00   42253.83  0.0303081     9.7680    62.4740   278.6456    83.9928
  -1485.00   42254.96  0.0302948     9.7961    60.8378   279.0339    83.7737
  -1475.00   42255.06  0.0304133     9.8191    59.1758   279.3935    83.6080
  -1465.00   42254.43  0.0303738     9.8504    57.7682   279.4099    83.4717
  -1455.00   42255.29  0.0303702     9.8795    56.0891   279.6133    83.3302
  -1445.00   42257.81  0.0304614     9.9003    53.9199   280.1622    83.1671
  -1435.00   42258.78  0.0305477     9.9190    51.9588   280.2862    83.0432
  -1425.00   42258.26  0.0306351     9.9379    49.8128   280.4397    82.9402
  -1415.00   42259.17  0.0306146     9.9571    47.2261   280.9796    82.7698
  -1405.00   42260.65  0.0307164     9.9680    44.6647   281.4410    82.5862
  -1395.00   42260.02  0.0308823     9.9769    42.1177   281.8707    82.4358
  -1385.00   42258.06  0.0308024     9.9956    39.7381   282.2470    82.2493
  -1375.00   42257.66  0.0307930    10.0116    37.3217   282.8482    82.0142
  -1365.00   42257.85  0.0308963    10.0228    34.8958   283.6057    81.7853
  -1355.00   42256.35  0.0308490    10.0426    33.0626   283.9019    81.5827
  -1345.00   42254.18  0.0307619    10.0680    31.3087   284.2899    81.3675
  -1335.00   42254.28  0.0306887    10.0920    29.3283   285.0230    81.1205
  -1325.00   42255.30  0.0306776    10.1141    27.7385   285.3485    80.9153
  -1315.00   42254.67  0.0306716    10.1412    26.2334   285.5210    80.7584
  -1305.00   42254.34  0.0304978    10.1742    24.4866   285.8710    80.5705
  -1295.00   42256.37  0.0304731    10.1990    22.6154   286.2083    80.3842
  -1285.00   42258.48  0.0305918    10.2195    20.5977   286.4673    80.2577
  -1275.00   42258.90  0.0305031    10.2487    18.6252   286.5088    80.1340
  -1265.00   42258.79  0.0304564    10.2736    16.3819   286.7283    79.9881
  -1255.00   42260.37  0.0305640    10.2880    13.7648   287.2326    79.8440
  -1245.00   42261.06  0.0306085    10.3060    11.5049   287.3238    79.7259
  -1235.00   42259.26  0.0306403    10.3247     9.2913   287.4423    79.6053
  -1225.00   42257.55  0.0306101    10.3396     6.7990   288.0074    79.4282
  -1215.00   42257.37  0.0306822    10.3504     4.6634   288.3504    79.2546
  -1205.00   42256.98  0.0308343    10.3614     2.7290   288.6399    79.1066
  -1195.00   42254.81  0.0307259    10.3805     0.8908   289.0275    78.9118
  -1185.00   42253.84  0.0307102    10.3961   359.0873   289.5289    78.6810
  -1175.00   42254.94  0.0308429    10.4077   357.2233   290.1242    78.4755
  -1165.00   42255.77  0.0307814    10.4307   355.6951   290.3564    78.2817
  -1155.00   42254.92  0.0306891    10.4578   354.0171   290.7043    78.0621
  -1145.00   42255.53  0.0306634    10.4801   351.9002   291.3751    77.8373
  -1135.00   42257.83  0.0306578    10.5051   350.0339   291.5819    77.6606
  -1125.00   42258.94  0.0306637    10.5359   348.0995   291.6756    77.5111
  -1115.00   42258.48  0.0305327    10.5675   345.7532   292.0606    77.3360
  -1105.00   42259.12  0.0305454    10.5918   343.4263   292.3027    77.1813
  -1095.00   42260.67  0.0307153    10.6135   341.1060   292.4511    77.0809
  -1085.00   42260.69  0.0306717    10.6418   338.8794   292.5406    76.9666
  -1075.00   42258.46  0.0306739    10.6633   336.6098   292.8000    76.8240
  -1065.00   42257.59  0.0308526    10.6741   334.2376   293.2869    76.7001
  -1055.00   42257.65  0.0309227    10.6911   332.3332   293.4452    76.5848
  -1045.00   42256.13  0.0309684    10.7088   330.5553   293.6724    76.4387
  -1035.00   42253.90  0.0309930    10.7194   328.4656   294.3799    76.2533
  -1025.00   42253.68  0.0310500    10.7308   326.7251   294.7893    76.0798
  -1015.00   42255.13  0.0311784    10.7457   325.0897   295.1099    75.9164
  -1005.00   42255.11  0.0310697    10.7653   323.2034   295.6783    75.7049
   -995.00   42255.01  0.0310298    10.7829   321.2483   296.2134    75.4830
   -985.00   42256.78  0.0311453    10.7986   319.1159   296.7540    75.2995
   -975.00   42259.34  0.0310426    10.8255   317.0628   297.0470    75.1173
   -965.00   42259.38  0.0309312    10.8536   314.7987   297.4201    74.9110
   -955.00   42258.88  0.0309248    10.8745   312.1378   298.0612    74.7255
   -945.00   42259.86  0.0308748    10.9007   309.8257   298.2435    74.5846
   -935.00   42260.66  0.0308468    10.9314   307.6264   298.3232    74.4447
   -925.00   42259.13  0.0307383    10.9571   305.1544   298.7680    74.2860
   -915.00   42257.34  0.0307143    10.9783   303.0107   298.9723    74.1590
   -905.00   42257.23  0.0308351    10.9993   301.1153   299.0618    74.0663
   -895.00   42257.41  0.0307610    11.0233   299.3385   299.2171    73.9440
   -885.00   42255.23  0.0307355    11.0405   297.6257   299.4568    73.8026
   -875.00   42253.78  0.0308886    11.0498   295.8273   299.8609    73.6876
   -865.00   42254.72  0.0309028    11.0661   294.3176   300.0091    73.5690
   -855.00   42255.53  0.0309066    11.0827   292.7719   300.2029    73.4069
   -845.00   42254.90  0.0309514    11.0908   290.7127   300.8441    73.2280
   -835.00   42255.28  0.0309721    11.1031   288.7919   301.1862    73.0669
   -825.00   42257.90  0.0310551    11.1211   286.8485   301.4095    72.8964
   -815.00   42259.54  0.0309767    11.1392   284.4667   301.9551    72.6837
   -805.00   42259.25  0.0309330    11.1573   282.0456   302.3876    72.4801
   -795.00   42259.28  0.0310444    11.1770   279.5520   302.7926    72.3126
   -785.00   42260.81  0.0309484    11.2053   277.1816   303.0753    72.1323
   -775.00   42260.32  0.0308609    11.2336   274.8707   303.3500    71.9386
   -765.00   42257.90  0.0309101    11.2554   272.4068   303.8628    71.7813
   -755.00   42256.60  0.0308709    11.2837   270.4240   304.0115    71.6600
   -745.00   42256.86  0.0308606    11.3147   268.7278   304.0459    71.5242
   -735.00   42255.95  0.0308390    11.3369   266.8151   304.4510    71.3834
   -725.00   42253.92  0.0308498    11.3570   265.2006   304.6225    71.2818
   -715.00   42253.82  0.0309895    11.3787   263.7293   304.7050    71.1916
   -705.00   42255.69  0.0309734    11.3982   262.1141   304.9614    71.0630
   -695.00   42255.72  0.0309936    11.4119   260.4142   305.2198    70.9291
   -685.00   42255.14  0.0311881    11.4214   258.4294   305.6325    70.8168
   -675.00   42256.71  0.0312187    11.4371   256.4331   305.9288    70.6827
   -665.00   42258.98  0.0312325    11.4525   254.3062   306.2203    70.5056
   -655.00   42259.33  0.0313236    11.4606   251.6711   306.8846    70.3280
   -645.00   42258.56  0.0313384    11.4757   249.1462   307.3206    70.1700
   -635.00   42259.62  0.0313822    11.4978   246.7370   307.6306    69.9865
   -625.00   42260.75  0.0313275    11.5163   244.0930   308.2367    69.7783
   -615.00   42259.22  0.0312620    11.5360   241.6675   308.6748    69.6002
   -605.00   42256.97  0.0313378    11.5614   239.4224   309.0582    69.4488
   -595.00   42256.83  0.0312336    11.5896   237.3707   309.4401    69.2792
   -585.00   42256.70  0.0311201    11.6155   235.5765   309.6979    69.1125
   -575.00   42254.74  0.0311674    11.6373   233.7039   310.1243    68.9881
   -565.00   42253.23  0.0311002    11.6642   232.1112   310.3415    68.8808
   -555.00   42254.37  0.0310509    11.6911   230.6904   310.4130    68.7511
   -545.00   42255.83  0.0310394    11.7079   228.9083   310.7911    68.6265
   -535.00   42255.34  0.0310076    11.7252   227.1853   310.9656    68.5370
   -525.00   42255.74  0.0310919    11.7458   225.4113   311.0605    68.4361
   -515.00   42258.45  0.0310684    11.7605   223.3004   311.3698    68.2992
   -505.00   42259.90  0.0310398    11.7714   221.1201   311.5669    68.1713
   -495.00   42259.17  0.0311882    11.7831   218.7025   311.8762    68.0578
   -485.00   42258.95  0.0311971    11.7984   216.2516   312.2042    67.9115
   -475.00   42260.05  0.0311804    11.8125   213.9203   312.4292    67.7363
   -465.00   42259.92  0.0312647    11.8220   211.3787   312.9310    67.5722
   -455.00   42257.28  0.0312621    11.8393   209.0761   313.3168    67.4189
   -445.00   42256.07  0.0312942    11.8625   207.0813   313.5789    67.2340
   -435.00   42256.68  0.0312795    11.8801   205.0094   314.1006    67.0380
   -425.00   42255.79  0.0312070    11.9007   203.2075   314.4429    66.8811
   -415.00   42253.83  0.0312789    11.9298   201.5438   314.7363    66.7334
   -405.00   42253.82  0.0312290    11.9572   199.8576   315.1242    66.5686
   -395.00   42255.63  0.0311306    11.9813   198.3115   315.3056    66.4239
   -385.00   42255.98  0.0311989    12.0061   196.5226   315.5994    66.3198
   -375.00   42255.32  0.0311729    12.0331   194.6703   315.8366    66.2176
   -365.00   42256.85  0.0311620    12.0567   192.8440   315.8925    66.0977
   -355.00   42259.45  0.0312153    12.0719   190.5885   316.1978    65.9945
   -345.00   42259.57  0.0312057    12.0884   188.2976   316.3848    65.9134
   -335.00   42258.71  0.0313213    12.1074   186.0109   316.5111    65.8036
   -325.00   42259.60  0.0313848    12.1183   183.4953   316.8867    65.6640
   -315.00   42260.45  0.0313709    12.1273   181.1460   317.1199    65.5391
   -305.00   42258.89  0.0315206    12.1417   178.8028   317.4586    65.4122
   -295.00   42256.44  0.0315838    12.1570   176.5280   317.9345    65.2460
   -285.00   42256.17  0.0315851    12.1707   174.5895   318.2352    65.0685
   -275.00   42256.44  0.0316701    12.1846   172.5773   318.7397    64.9118
   -265.00   42254.36  0.0316602    12.2061   170.6919   319.2413    64.7546
   -255.00   42253.13  0.0316859    12.2307   169.0531   319.5679    64.5754
   -245.00   42254.63  0.0316963    12.2493   167.2115   320.0932    64.4046
   -235.00   42256.04  0.0315834    12.2719   165.4011   320.4765    64.2740
   -225.00   42255.94  0.0316105    12.3020   163.5458   320.7805    64.1391
   -215.00   42256.22  0.0315896    12.3261   161.4410   321.2121    63.9912
   -205.00   42258.86  0.0314574    12.3460   159.3791   321.3961    63.8756
   -195.00   42260.32  0.0314731    12.3707   157.0610   321.6574    63.7840
   -185.00   42259.21  0.0314338    12.3943   154.6097   321.9809    63.6782
   -175.00   42258.82  0.0313967    12.4120   152.3834   322.0404    63.5630
   -165.00   42259.90  0.0314271    12.4259   149.9658   322.2914    63.4694
   -155.00   42259.46  0.0313545    12.4418   147.6454   322.5384    63.3804
   -145.00   42257.01  0.0314201    12.4585   145.6176   322.6557    63.2583
   -135.00   42255.82  0.0314970    12.4676   143.5730   322.9718    63.1215
   -125.00   42256.40  0.0314283    12.4765   141.7866   323.1682    63.0022
   -115.00   42255.89  0.0315182    12.4928   140.0524   323.4455    62.8674
   -105.00   42253.71  0.0316041    12.5074   138.2773   323.8901    62.6963
    -95.00   42253.84  0.0315932    12.5194   136.7563   324.0881    62.5306
    -85.00   42255.78  0.0316587    12.5367   134.9753   324.4754    62.3839
    -75.00   42256.04  0.0316509    12.5599   132.9883   324.9882    62.2230
    -65.00   42255.65  0.0316824    12.5833   131.1274   325.2337    62.0509
    -55.00   42257.33  0.0317248    12.6034   128.9389   325.6276    61.9024
    -45.00   42259.79  0.0316018    12.6286   126.5893   326.0064    61.7825
    -35.00   42260.30  0.0316169    12.6590   124.2315   326.2699    61.6534
    -25.00   42259.02  0.0316613    12.6820   121.7426   326.6183    61.5214
    -15.00   42259.71  0.0315386    12.7013   119.4567   326.7328    61.4288
     -5.00   42260.24  0.0315539    12.7269   117.1349   326.9303    61.3443
      5.00   42258.28  0.0315791    12.7485   114.8114   327.2866    61.2368
     15.00   42255.89  0.0315813    12.7616   113.0049   327.2780    61.1323
     25.00   42255.60  0.0316602    12.7759   111.1439   327.4571    61.0453
     35.00   42255.96  0.0316335    12.7914   109.2690   327.8140    60.9435
     45.00   42254.39  0.0317401    12.8047   107.7136   327.9706    60.8082
     55.00   42253.50  0.0318887    12.8137   106.0529   328.2697    60.6735
     65.00   42255.08  0.0318415    12.8245   104.3731   328.5620    60.5493
     75.00   42256.82  0.0319376    12.8428   102.5327   328.9424    60.3990
     85.00   42256.27  0.0320836    12.8583   100.4460   329.4621    60.2257
     95.00   42256.60  0.0320650    12.8716    98.4726   329.6975    60.0733
    105.00   42258.82  0.0321092    12.8940    96.1296   330.1245    59.9343
    115.00   42260.13  0.0321206    12.9193    93.4412   330.7896    59.7761
    125.00   42259.18  0.0321314    12.9409    91.0561   331.0621    59.6221
    135.00   42258.86  0.0321516    12.9632    88.5393   331.4170    59.5024
    145.00   42259.88  0.0320024    12.9893    85.9414   331.9043    59.3939
    155.00   42259.77  0.0319839    13.0162    83.6116   332.2315    59.2716
    165.00   42257.08  0.0320272    13.0359    81.4501   332.5288    59.1605
    175.00   42255.74  0.0318548    13.0533    79.6076   332.6527    59.0802
    185.00   42255.98  0.0318130    13.0763    77.8190   332.8643    58.9916
    195.00   42255.28  0.0318619    13.0937    75.9824   333.2588    58.8787
    205.00   42253.46  0.0318112    13.1029    74.6359   333.2138    58.7790
    215.00   42253.62  0.0318363    13.1173    73.1089   333.3236    58.6894
    225.00   42255.85  0.0318093    13.1325    71.2180   333.7649    58.5729
    235.00   42256.62  0.0318828    13.1425    69.5332   333.8966    58.4329
    245.00   42256.60  0.0320008    13.1527    67.6166   334.0868    58.3067
    255.00   42258.05  0.0319132    13.1661    65.4460   334.3863    58.1819
    265.00   42260.44  0.0319829    13.1840    63.0889   334.7510    58.0253
    275.00   42260.30  0.0321460    13.1997    60.5623   335.1820    57.8631
    285.00   42258.95  0.0320852    13.2146    58.2580   335.3434    57.7254
    295.00   42258.99  0.0320947    13.2392    55.7878   335.6950    57.5889
    305.00   42259.56  0.0321618    13.2648    53.1249   336.3481    57.4332
    315.00   42257.96  0.0321679    13.2849    51.0496   336.5366    57.2941
    325.00   42255.86  0.0321724    13.3096    49.0590   336.7648    57.1895
    335.00   42255.65  0.0320525    13.3375    46.9735   337.2587    57.0824
    345.00   42256.31  0.0320643    13.3610    45.2358   337.5319    56.9641
    355.00   42254.85  0.0321313    13.3804    43.6421   337.7017    56.8727
    365.00   42253.77  0.0319606    13.3987    42.1313   337.8029    56.8004
    375.00   42254.99  0.0319351    13.4193    40.4911   337.9973    56.7070
    385.00   42256.63  0.0320773    13.4338    38.6164   338.3240    56.5990
    395.00   42256.52  0.0320482    13.4413    36.9788   338.2656    56.5056
    405.00   42256.79  0.0320800    13.4557    35.0237   338.3588    56.4097
    415.00   42259.11  0.0321630    13.4706    32.5192   338.8873    56.2782
    425.00   42260.69  0.0322902    13.4784    30.2613   339.0653    56.1339
    435.00   42259.97  0.0324330    13.4912    27.8857   339.2720    56.0083
    445.00   42259.09  0.0323763    13.5093    25.2801   339.7423    55.8735
    455.00   42259.74  0.0324746    13.5274    22.7807   340.2071    55.7094
    465.00   42259.16  0.0326651    13.5455    20.3878   340.6599    55.5607
    475.00   42256.70  0.0325674    13.5649    18.3221   340.9341    55.4373
    485.00   42255.06  0.0325304    13.5913    16.2718   341.3637    55.3052
    495.00   42255.46  0.0326279    13.6161    14.1363   342.0167    55.1647
    505.00   42255.40  0.0325922    13.6344    12.5361   342.2097    55.0499
    515.00   42254.04  0.0325300    13.6590    10.9183   342.4280    54.9598
    525.00   42254.17  0.0324198    13.6847     8.9482   342.9928    54.8551
    535.00   42256.46  0.0324162    13.7019     7.2115   343.2423    54.7440
    545.00   42257.32  0.0324497    13.7190     5.4148   343.3723    54.6632
    555.00   42257.05  0.0322440    13.7370     3.3910   343.5819    54.5867
    565.00   42258.05  0.0321905    13.7533     1.1975   343.8318    54.4805
    575.00   42260.09  0.0323270    13.7656   358.8398   344.0955    54.3751
    585.00   42260.49  0.0322486    13.7738   356.6837   344.0759    54.2833
    595.00   42259.07  0.0322043    13.7887   354.3784   344.2007    54.1775
    605.00   42258.91  0.0323044    13.8030   351.7790   344.6954    54.0416
    615.00   42259.56  0.0323914    13.8099   349.6804   344.8093    53.9041
    625.00   42258.17  0.0324758    13.8245   347.7016   344.9240    53.7835
    635.00   42255.74  0.0324242    13.8451   345.5159   345.4349    53.6436
    645.00   42255.19  0.0325021    13.8613   343.6363   345.8191    53.4815
    655.00   42255.64  0.0326784    13.8799   341.8984   346.1297    53.3457
    665.00   42254.85  0.0325608    13.9030   340.2305   346.4200    53.2283
    675.00   42253.72  0.0325070    13.9291   338.4611   346.8293    53.0939
    685.00   42254.92  0.0326244    13.9530   336.4909   347.3517    52.9661
    695.00   42257.17  0.0325667    13.9724   334.7813   347.4716    52.8690
    705.00   42257.40  0.0324820    13.9979   332.8577   347.6370    52.7839
    715.00   42257.45  0.0324342    14.0226   330.4243   348.1639    52.6830
    725.00   42259.37  0.0324401    14.0367   328.2366   348.3069    52.5854
    735.00   42260.79  0.0324911    14.0531   326.0310   348.3267    52.5142
    745.00   42260.07  0.0323567    14.0718   323.5617   348.5877    52.4324
    755.00   42258.67  0.0323590    14.0843   321.1836   348.8251    52.3190
    765.00   42258.80  0.0325438    14.0950   318.9177   349.0146    52.2160
    775.00   42258.88  0.0325092    14.1054   316.9403   349.0584    52.1198
    785.00   42256.46  0.0325054    14.1206   314.9698   349.2848    51.9948
    795.00   42254.74  0.0326781    14.1352   312.8809   349.7889    51.8543
    805.00   42255.20  0.0327687    14.1441   311.2639   349.9562    51.7209
    815.00   42255.40  0.0328341    14.1624   309.6945   350.1354    51.5974
    825.00   42254.30  0.0328581    14.1858   307.6971   350.7712    51.4541
    835.00   42254.09  0.0329261    14.2019   305.8782   351.2052    51.3026
    845.00   42256.19  0.0330652    14.2217   304.0553   351.4940    51.1857
    855.00   42257.70  0.0329528    14.2484   301.9297   351.9338    51.0763
    865.00   42257.32  0.0328909    14.2724   299.6389   352.4060    50.9480
    875.00   42257.98  0.0329940    14.2932   297.1574   352.8868    50.8397
    885.00   42260.20  0.0328819    14.3131   294.8405   353.0679    50.7590
    895.00   42260.66  0.0327653    14.3366   292.4400   353.2785    50.6715
    905.00   42259.21  0.0327510    14.3572   289.7368   353.7999    50.5721
    915.00   42258.51  0.0327035    14.3683   287.4803   353.9505    50.4830
    925.00   42258.93  0.0326962    14.3834   285.4677   353.9602    50.4091
    935.00   42257.97  0.0325914    14.4015   283.2934   354.3016    50.3138
    945.00   42255.20  0.0325647    14.4108   281.4107   354.5438    50.1949
    955.00   42254.33  0.0326946    14.4203   279.7308   354.6938    50.0934
    965.00   42255.29  0.0326139    14.4339   278.1734   354.8208    49.9917
    975.00   42254.68  0.0325824    14.4483   276.5826   355.0524    49.8553
    985.00   42253.78  0.0327327    14.4621   274.7570   355.4765    49.7188
    995.00   42254.97  0.0327496    14.4733   273.1209   355.6275    49.5966
   1005.00   42257.37  0.0327584    14.4932   271.3574   355.7768    49.4695
   1015.00   42258.16  0.0328163    14.5167   269.0317   356.3262    49.3284
   1025.00   42257.70  0.0328514    14.5324   266.7633   356.6761    49.1908
   1035.00   42259.27  0.0329392    14.5535   264.4945   356.8661    49.0848
   1045.00   42260.80  0.0328680    14.5824   261.8885   357.3052    48.9760
   1055.00   42259.84  0.0328161    14.6047   259.3581   357.6784    48.8519
   1065.00   42258.07  0.0329214    14.6241   256.8679   358.0282    48.7580
   1075.00   42258.19  0.0328052    14.6469   254.6170   358.2317    48.6850
   1085.00   42258.34  0.0327055    14.6693   252.5859   358.3865    48.5924
   1095.00   42256.38  0.0327488    14.6868   250.4606   358.7832    48.4964
   1105.00   42254.42  0.0327015    14.6980   248.7534   358.9031    48.4183
   1115.00   42254.90  0.0327004    14.7128   247.2865   358.8973    48.3389
   1125.00   42255.60  0.0326940    14.7294   245.5528   359.2242    48.2321
   1135.00   42254.23  0.0327065    14.7366   243.9498   359.4316    48.1127
   1145.00   42253.91  0.0328627    14.7460   242.3326   359.5681    48.0102
   1155.00   42256.11  0.0328504    14.7629   240.4772   359.8335    47.8960
   1165.00   42257.76  0.0328639    14.7773   238.5034     0.0996    47.7488
   1175.00   42257.62  0.0330527    14.7913   236.1916     0.5184    47.6149
   1185.00   42258.20  0.0330706    14.8082   233.8692     0.8033    47.5003
   1195.00   42260.39  0.0330819    14.8308   231.5049     1.0569    47.3687
   1205.00   42261.19  0.0331725    14.8545   228.7980     1.5978    47.2340
   1215.00   42259.13  0.0331781    14.8718   226.2724     1.9831    47.1188
   1225.00   42258.18  0.0332242    14.8943   223.9627     2.2384    47.0234
   1235.00   42258.29  0.0331936    14.9223   221.5344     2.7420    46.9188
   1245.00   42257.27  0.0331101    14.9410   219.4229     3.1024    46.8057
   1255.00   42254.52  0.0331786    14.9574   217.4780     3.4205    46.7244
   1265.00   42253.90  0.0330660    14.9800   215.6228     3.7630    46.6500
   1275.00   42255.19  0.0329447    14.9984   214.0199     3.9620    46.5479
   1285.00   42255.12  0.0329719    15.0110   212.2596     4.3095    46.4508
   1295.00   42254.21  0.0328780    15.0231   210.5793     4.5121    46.3744
   1305.00   42255.47  0.0328360    15.0376   208.9528     4.5845    46.2822
   1315.00   42257.98  0.0328337    15.0519   206.9417     4.9016    46.1652
   1325.00   42258.26  0.0327768    15.0593   204.8914     5.0935    46.0521
   1335.00   42257.67  0.0328660    15.0699   202.7628     5.2129    45.9507
   1345.00   42258.97  0.0328638    15.0884   200.3419     5.5244    45.8295
   1355.00   42260.66  0.0328202    15.1019   197.9999     5.7253    45.6838
   1365.00   42259.78  0.0329514    15.1150   195.5455     6.0212    45.5585
   1375.00   42258.10  0.0329493    15.1360   193.1446     6.3320    45.4476
   1385.00   42258.18  0.0329482    15.1588   191.0072     6.5426    45.3117
   1395.00   42258.52  0.0330273    15.1803   188.8061     6.9489    45.1800
   1405.00   42256.13  0.0329975    15.2003   186.8100     7.2817    45.0796
   1415.00   42254.15  0.0330391    15.2245   185.0755     7.5028    44.9841
   1425.00   42254.40  0.0330626    15.2512   183.2241     7.9243    44.8785
   1435.00   42255.30  0.0329549    15.2687   181.5387     8.2062    44.7785
   1445.00   42254.16  0.0330046    15.2850   179.8579     8.4334    44.7061
   1455.00   42254.26  0.0329620    15.3077   177.9636     8.7805    44.6299
   1465.00   42256.79  0.0328590    15.3233   176.1746     8.9230    44.5260
   1475.00   42258.66  0.0328909    15.3324   174.1129     9.1576    44.4338
   1485.00   42258.39  0.0328299    15.3463   171.8786     9.3902    44.3566
   1495.00   42258.64  0.0328383    15.3608   169.7233     9.4623    44.2509
   1505.00   42260.54  0.0328977    15.3723   167.3151     9.7161    44.1246
   1515.00   42260.63  0.0328484    15.3821   164.9089     9.9327    44.0145
   1525.00   42258.49  0.0329610    15.3961   162.6352    10.0867    43.9059
   1535.00   42257.43  0.0330601    15.4162   160.2956    10.4361    43.7733
   1545.00   42257.99  0.0330292    15.4310   158.2210    10.6771    43.6323
   1555.00   42257.13  0.0331478    15.4460   156.2075    10.9938    43.5166
   1565.00   42254.82  0.0332021    15.4711   154.2164    11.4271    43.4071
   1575.00   42254.27  0.0332228    15.4940   152.5420    11.6875    43.2743
   1585.00   42255.79  0.0332900    15.5122   150.7528    12.0908    43.1555
   1595.00   42255.34  0.0332417    15.5345   148.8792    12.5295    43.0695
   1605.00   42254.35  0.0332787    15.5582   147.1189    12.8120    42.9749
   1615.00   42255.51  0.0333188    15.5796   145.1198    13.2115    42.8686
   1625.00   42258.00  0.0331642    15.5953   142.9870    13.5638    42.7819
   1635.00   42258.45  0.0331601    15.6107   140.7609    13.8474    42.7099
   1645.00   42258.11  0.0331529    15.6311   138.2989    14.2327    42.6232
   1655.00   42259.49  0.0330071    15.6437   135.9789    14.4031    42.5175
   1665.00   42261.11  0.0329685    15.6509   133.5363    14.6471    42.4266
   1675.00   42259.92  0.0328928    15.6665   131.0224    14.9789    42.3420
   1685.00   42257.80  0.0328691    15.6810   128.9100    15.0512    42.2249
   1695.00   42257.72  0.0328871    15.6897   126.8314    15.2357    42.0970
   1705.00   42257.54  0.0327783    15.7022   124.7957    15.5024    41.9912
   1715.00   42255.47  0.0328426    15.7188   123.0524    15.6536    41.8768
   1725.00   42253.71  0.0329496    15.7375   121.3580    15.8984    41.7381
   1735.00   42254.53  0.0328683    15.7527   119.7703    16.0949    41.6079
   1745.00   42255.74  0.0329316    15.7693   118.1003    16.3709    41.4988
   1755.00   42255.00  0.0330167    15.7955   116.2546    16.7669    41.3859
   1765.00   42255.05  0.0330157    15.8174   114.5603    16.9275    41.2574
   1775.00   42257.62  0.0330507    15.8339   112.5600    17.2286    41.1504
   1785.00   42258.96  0.0330089    15.8583   110.2028    17.6869    41.0692
   1795.00   42258.47  0.0330475    15.8824   107.9633    17.9086    40.9724
   1805.00   42258.52  0.0330914    15.8998   105.5833    18.1631    40.8687
   1815.00   42260.08  0.0329321    15.9164   103.0141    18.5116    40.7930
   1825.00   42260.39  0.0329260    15.9329   100.5373    18.7912    40.7193
   1835.00   42258.29  0.0329803    15.9510    98.1502    19.0726    40.6220
   1845.00   42257.25  0.0328341    15.9623    96.0578    19.1871    40.5208
   1855.00   42257.81  0.0328011    15.9696    94.0300    19.3937    40.4301
   1865.00   42256.81  0.0328117    15.9863    92.0061    19.7468    40.3330
   1875.00   42254.50  0.0328129    16.0007    90.4842    19.7666    40.2056
   1885.00   42254.03  0.0328592    16.0082    88.9706    19.8764    40.0773
   1895.00   42255.24  0.0328107    16.0240    87.2122    20.2279    39.9700
   1905.00   42255.40  0.0329232    16.0443    85.6046    20.4208    39.8463
   1915.00   42254.61  0.0330813    16.0620    83.9134    20.6246    39.7051
   1925.00   42255.97  0.0330145    16.0792    81.9861    20.8990    39.5886
   1935.00   42258.63  0.0330951    16.0995    79.7942    21.2770    39.4867
   1945.00   42259.07  0.0332414    16.1256    77.3670    21.7379    39.3732
   1955.00   42258.56  0.0332087    16.1459    75.0635    21.9513    39.2580
   1965.00   42259.63  0.0332075    16.1612    72.5378    22.3018    39.1662
   1975.00   42260.61  0.0331884    16.1851    69.7333    22.8954    39.0867
   1985.00   42259.50  0.0331985    16.2068    67.3341    23.1657    38.9863
   1995.00   42257.25  0.0331901    16.2191    65.0992    23.3905    38.8855
   2005.00   42256.85  0.0330078    16.2349    62.7674    23.8240    38.8105
   2015.00   42257.09  0.0329882    16.2517    60.7082    24.1663    38.7254
   2025.00   42255.13  0.0330340    16.2659    58.9188    24.4019    38.6140
   2035.00   42253.66  0.0328333    16.2767    57.2949    24.5562    38.5145
   2045.00   42254.51  0.0327580    16.2856    55.6486    24.7945    38.4217
   2055.00   42255.68  0.0327984    16.3025    53.8632    25.1648    38.3111
   2065.00   42255.37  0.0327279    16.3163    52.3606    25.1872    38.1836
   2075.00   42255.36  0.0326995    16.3237    50.7036    25.2512    38.0626
   2085.00   42257.56  0.0326480    16.3412    48.5388    25.6474    37.9558
   2095.00   42259.33  0.0327232    16.3625    46.4781    25.8000    37.8276
   2105.00   42258.83  0.0328359    16.3779    44.3499    25.8969    37.6900
   2115.00   42258.66  0.0327263    16.3961    41.9217    26.1659    37.5834
   2125.00   42260.06  0.0327994    16.4193    39.3993    26.5048    37.4814
   2135.00   42260.21  0.0329755    16.4439    36.8910    26.8768    37.3624
   2145.00   42258.33  0.0329010    16.4636    34.6515    27.0559    37.2566
   2155.00   42256.88  0.0328717    16.4806    32.4249    27.3573    37.1734
   2165.00   42257.05  0.0329050    16.5046    30.0882    27.9205    37.0895
   2175.00   42256.54  0.0328960    16.5245    28.2756    28.1208    36.9880
   2185.00   42254.27  0.0328534    16.5346    26.6511    28.2525    36.8944
   2195.00   42253.62  0.0326864    16.5502    24.7812    28.6718    36.8198
   2205.00   42255.14  0.0326913    16.5671    23.1091    28.9266    36.7246
   2215.00   42255.56  0.0327594    16.5775    21.5487    29.0329    36.6062
   2225.00   42255.26  0.0325728    16.5881    19.8138    29.1737    36.5070
   2235.00   42256.41  0.0325396    16.5999    17.8815    29.3853    36.4086
   2245.00   42258.94  0.0326821    16.6164    15.7281    29.6808    36.2820
   2255.00   42259.89  0.0326437    16.6309    13.6555    29.7327    36.1546
   2265.00   42259.03  0.0326413    16.6413    11.4388    29.8275    36.0398
   2275.00   42259.55  0.0326922    16.6619     8.7933    30.2984    35.9284
   2285.00   42260.42  0.0327903    16.6845     6.4486    30.4899    35.7997
   2295.00   42259.37  0.0329203    16.6994     4.2534    30.6182    35.6721
   2305.00   42257.03  0.0328309    16.7191     1.8621    31.0395    35.5757
   2315.00   42256.48  0.0329133    16.7441   359.6728    31.4253    35.4742
   2325.00   42256.78  0.0331059    16.7649   357.6798    31.7885    35.3553
   2335.00   42255.55  0.0329969    16.7821   355.8593    32.0754    35.2591
   2345.00   42253.87  0.0329419    16.7997   354.0280    32.4562    35.1799
   2355.00   42254.49  0.0330012    16.8207   352.0443    33.0316    35.0860
   2365.00   42255.99  0.0329381    16.8367   350.3581    33.2677    34.9822
   2375.00   42255.76  0.0328478    16.8455   348.6306    33.4453    34.8919
   2385.00   42255.60  0.0326882    16.8604   346.4208    33.9600    34.8104
   2395.00   42257.62  0.0326525    16.8765   344.3449    34.2061    34.7037
   2405.00   42259.66  0.0326847    16.8844   342.2958    34.2856    34.5833
   2415.00   42259.69  0.0324726    16.8949   339.9423    34.5147    34.4846
   2425.00   42259.21  0.0324159    16.9100   337.5306    34.7517    34.3806
   2435.00   42260.25  0.0325421    16.9249   335.1540    34.9810    34.2462
   2445.00   42260.64  0.0324611    16.9387   332.9600    35.0588    34.1219
   2455.00   42258.46  0.0324168    16.9522   330.8448    35.1717    34.0135
   2465.00   42256.56  0.0324778    16.9735   328.5701    35.6124    33.8952
   2475.00   42256.29  0.0325090    16.9951   326.7322    35.7686    33.7670
   2485.00   42256.17  0.0325904    17.0098   325.1363    35.8224    33.6484
   2495.00   42254.22  0.0325124    17.0305   323.2251    36.2703    33.5541
   2505.00   42253.71  0.0325534    17.0558   321.5076    36.5775    33.4496
   2515.00   42255.34  0.0327162    17.0738   319.8672    36.8096    33.3325
   2525.00   42256.57  0.0325922    17.0896   318.0580    37.0934    33.2436
   2535.00   42256.12  0.0325398    17.1092   316.0657    37.4302    33.1645
   2545.00   42256.85  0.0326201    17.1280   313.8215    37.8955    33.0637
   2555.00   42259.17  0.0325318    17.1409   311.6817    38.0842    32.9619
   2565.00   42260.02  0.0324499    17.1508   309.4563    38.2100    32.8762
   2575.00   42259.01  0.0323659    17.1658   306.8021    38.6868    32.7863
   2585.00   42259.10  0.0323262    17.1806   304.4419    38.8624    32.6711
   2595.00   42260.20  0.0323739    17.1878   302.3173    38.8514    32.5513
   2605.00   42259.69  0.0322387    17.1993   300.0151    39.0942    32.4501
   2615.00   42257.29  0.0322363    17.2175   297.9094    39.3005    32.3348
   2625.00   42256.32  0.0324049    17.2318   296.0271    39.4765    32.1950
   2635.00   42256.76  0.0323666    17.2455   294.3085    39.6057    32.0737
   2645.00   42255.42  0.0323795    17.2640   292.6460    39.7837    31.9671
   2655.00   42253.58  0.0325156    17.2859   290.7866    40.2516    31.8441
   2665.00   42253.83  0.0325487    17.3058   289.1274    40.5084    31.7203
   2675.00   42255.79  0.0326179    17.3215   287.5246    40.6354    31.6154
   2685.00   42256.03  0.0326041    17.3424   285.3827    41.1819    31.5231
   2695.00   42256.12  0.0326172    17.3655   283.2601    41.5656    31.4180
   2705.00   42257.99  0.0327374    17.3799   281.1269    41.8155    31.3080
   2715.00   42260.42  0.0326161    17.3934   278.6774    42.2065    31.2238
   2725.00   42260.11  0.0325543    17.4129   276.1415    42.5752    31.1381
   2735.00   42259.01  0.0326287    17.4282   273.5155    43.0237    31.0286
   2745.00   42259.54  0.0325049    17.4377   271.0688    43.2982    30.9259
   2755.00   42259.80  0.0324076    17.4495   268.7962    43.4642    30.8372
   2765.00   42257.80  0.0323604    17.4647   266.3695    43.9383    30.7340
   2775.00   42255.78  0.0322711    17.4776   264.3429    44.1795    30.6121
   2785.00   42255.87  0.0322619    17.4854   262.6835    44.2067    30.4964
   2795.00   42256.30  0.0321397    17.4983   260.8721    44.5031    30.3922
   2805.00   42254.59  0.0320888    17.5170   259.2392    44.7126    30.2699
   2815.00   42253.68  0.0322001    17.5298   257.7151    44.8610    30.1325
   2825.00   42255.44  0.0321240    17.5424   256.0953    45.0387    30.0173
   2835.00   42256.48  0.0321042    17.5633   254.3960    45.1839    29.9088
   2845.00   42256.03  0.0322281    17.5842   252.3614    45.5560    29.7820
   2855.00   42256.45  0.0322218    17.6012   250.2685    45.8140    29.6620
   2865.00   42258.94  0.0322504    17.6190   248.1640    45.9092    29.5647
   2875.00   42260.18  0.0322665    17.6405   245.5899    46.3620    29.4687
   2885.00   42259.24  0.0322490    17.6617   243.0595    46.7045    29.3612
   2895.00   42258.87  0.0323340    17.6752   240.6892    46.8884    29.2600
   2905.00   42260.04  0.0322433    17.6890   238.1862    47.2564    29.1779
   2915.00   42259.14  0.0321689    17.7083   235.8880    47.5333    29.0854
   2925.00   42256.44  0.0322462    17.7213   233.7217    47.8578    28.9728
   2935.00   42255.32  0.0321410    17.7286   231.7520    48.1347    28.8719
   2945.00   42255.76  0.0320633    17.7420   230.0768    48.2402    28.7774
   2955.00   42255.07  0.0320739    17.7569   228.2826    48.5899    28.6609
   2965.00   42253.40  0.0320113    17.7674   226.6506    48.8234    28.5336
   2975.00   42254.02  0.0320357    17.7773   225.1946    48.8481    28.4201
   2985.00   42256.41  0.0320066    17.7928   223.4045    49.1310    28.3085
   2995.00   42256.71  0.0319856    17.8116   221.5645    49.3391    28.1791
   3005.00   42256.34  0.0321293    17.8249   219.6373    49.4893    28.0486
   3015.00   42258.16  0.0321256    17.8389   217.4139    49.7662    27.9405
   3025.00   42260.04  0.0321301    17.8615   215.1413    49.9475    27.8311
   3035.00   42259.80  0.0322761    17.8813   212.6334    50.3047    27.7062
   3045.00   42258.41  0.0322925    17.8953   210.0802    50.6747    27.5953
   3055.00   42258.92  0.0323283    17.9143   207.7333    50.8610    27.5029
   3065.00   42259.56  0.0323696    17.9347   205.2372    51.3201    27.4017
   3075.00   42257.48  0.0323323    17.9512   202.9188    51.7431    27.2901
   3085.00   42255.37  0.0323968    17.9638   200.9175    51.9939    27.1940
   3095.00   42255.62  0.0323440    17.9771   198.8766    52.4381    27.1063
   3105.00   42255.86  0.0322331    17.9942   197.0604    52.7681    27.0012
   3115.00   42254.30  0.0322778    18.0049   195.3198    53.0906    26.8861
   3125.00   42253.49  0.0321876    18.0113   193.5134    53.4750    26.7851
   3135.00   42255.28  0.0320845    18.0256   191.8587    53.6344    26.6829
   3145.00   42256.96  0.0320719    18.0397   189.9438    53.9618    26.5578
   3155.00   42256.49  0.0319734    18.0479   187.8949    54.2742    26.4315
   3165.00   42257.02  0.0319666    18.0597   185.9163    54.3420    26.3214
   3175.00   42259.58  0.0319359    18.0764   183.6056    54.6183    26.2044
   3185.00   42260.49  0.0318413    18.0932   181.2492    54.8418    26.0714
   3195.00   42259.19  0.0319246    18.1066   178.9435    54.9647    25.9488
   3205.00   42258.58  0.0319335    18.1221   176.5093    55.2431    25.8432
   3215.00   42259.25  0.0318850    18.1444   174.2969    55.3817    25.7291
   3225.00   42258.60  0.0319764    18.1627   172.1079    55.6403    25.6051
   3235.00   42255.77  0.0319916    18.1756   169.9594    56.0036    25.5004
   3245.00   42254.77  0.0320208    18.1954   168.1787    56.1335    25.4070
   3255.00   42255.75  0.0320644    18.2149   166.3205    56.4880    25.2997
   3265.00   42255.04  0.0320042    18.2275   164.4787    56.8962    25.1880
   3275.00   42253.77  0.0320644    18.2406   162.8440    57.0889    25.0952
   3285.00   42254.54  0.0320649    18.2542   161.0055    57.4596    25.0027
   3295.00   42256.86  0.0319355    18.2682   159.1437    57.7592    24.8880
   3305.00   42257.39  0.0319676    18.2780   157.1864    58.0004    24.7751
   3315.00   42256.85  0.0319398    18.2850   154.9655    58.3548    24.6740
   3325.00   42258.47  0.0318556    18.2997   152.8502    58.4595    24.5623
   3335.00   42260.47  0.0318652    18.3131   150.4956    58.7004    24.4321
   3345.00   42259.87  0.0318033    18.3209   147.9848    59.0370    24.3078
   3355.00   42258.43  0.0318446    18.3353   145.7691    59.0711    24.1968
   3365.00   42258.88  0.0318904    18.3537   143.4510    59.3004    24.0735
   3375.00   42259.25  0.0318140    18.3689   141.2032    59.5844    23.9395
   3385.00   42257.37  0.0319259    18.3835   139.2155    59.7357    23.8243
   3395.00   42255.14  0.0320271    18.4009   137.2418    60.0380    23.7201
   3405.00   42255.36  0.0319981    18.4214   135.5124    60.2368    23.6024
   3415.00   42255.88  0.0320944    18.4372   133.7586    60.5435    23.4838
   3425.00   42254.28  0.0321573    18.4490   131.8672    61.0125    23.3850
   3435.00   42253.69  0.0321977    18.4672   130.2319    61.1909    23.2885
   3445.00   42255.80  0.0322479    18.4837   128.3273    61.5722    23.1757
   3455.00   42257.40  0.0321765    18.4923   126.1181    62.1210    23.0646
   3465.00   42257.40  0.0322201    18.5045   124.0185    62.3791    22.9697
   3475.00   42257.83  0.0322413    18.5183   121.6715    62.7566    22.8680
   3485.00   42260.18  0.0320729    18.5288   119.1877    63.1588    22.7453
   3495.00   42261.07  0.0320591    18.5382   116.6965    63.4641    22.6328
   3505.00   42259.30  0.0320500    18.5473   114.1041    63.8660    22.5298
   3515.00   42258.46  0.0319229    18.5614   111.8527    63.9979    22.4092
   3525.00   42258.85  0.0318898    18.5739   109.5942    64.2411    22.2791
   3535.00   42258.03  0.0318116    18.5817   107.2864    64.6774    22.1590
   3545.00   42255.44  0.0318091    18.5969   105.5466    64.6959    22.0457
   3555.00   42254.68  0.0318317    18.6149   103.8241    64.8576    21.9182
   3565.00   42255.70  0.0317113    18.6273   102.0388    65.1940    21.7859
   3575.00   42255.61  0.0317801    18.6417   100.4782    65.3267    21.6741
   3585.00   42254.21  0.0318854    18.6603    98.8404    65.5349    21.5668
   3595.00   42255.07  0.0318113    18.6779    97.1988    65.6935    21.4448
   3605.00   42257.32  0.0318754    18.6919    95.3194    65.9485    21.3308
   3615.00   42257.70  0.0319653    18.7047    93.0870    66.3948    21.2351
   3625.00   42257.22  0.0319792    18.7218    91.0501    66.4941    21.1343
   3635.00   42258.68  0.0320173    18.7360    88.6953    66.7844    21.0205
   3645.00   42260.59  0.0319619    18.7431    85.9424    67.3746    20.9136
