  -7305.00   42257.78  0.0997661     8.1313    20.6660   112.9348   299.4938
  -7295.00   42257.53  0.0996962     8.1038    18.8144   113.1322   299.3533
  -7285.00   42257.51  0.0993803     8.0720    16.7408   113.3896   299.2464
  -7275.00   42259.36  0.0993218     8.0484    14.5010   113.6801   299.1211
  -7265.00   42261.29  0.0995367     8.0274    12.1698   113.9711   298.9272
  -7255.00   42261.76  0.0994865     7.9987     9.7683   114.1783   298.7378
  -7245.00   42261.38  0.0994516     7.9767     7.1915   114.4423   298.5830
  -7235.00   42262.25  0.0997282     7.9635     4.4257   114.8707   298.4131
  -7225.00   42262.61  0.0999829     7.9459     1.8483   115.1686   298.2122
  -7215.00   42260.90  0.1001207     7.9284   359.3876   115.4337   298.0415
  -7205.00   42258.95  0.1001844     7.9150   356.8183   115.8799   297.9338
  -7195.00   42258.40  0.1004479     7.9038   354.4706   116.2818   297.8014
  -7185.00   42258.25  0.1007444     7.8910   352.3587   116.6282   297.6536
  -7175.00   42256.81  0.1006266     7.8709   350.2866   116.9800   297.5724
  -7165.00   42255.96  0.1006099     7.8549   348.2016   117.3830   297.5139
  -7155.00   42256.97  0.1008040     7.8413   346.1239   117.8234   297.4164
  -7145.00   42258.48  0.1006925     7.8162   344.1435   118.1063   297.3126
  -7135.00   42258.32  0.1004322     7.7897   342.0022   118.3983   297.2478
  -7125.00   42258.68  0.1003150     7.7685   339.5706   118.8336   297.1768
  -7115.00   42260.58  0.1002661     7.7434   337.1917   119.1227   297.0371
  -7105.00   42262.09  0.1001208     7.7137   334.7722   119.3285   296.8890
  -7095.00   42261.74  0.0998273     7.6847   332.0982   119.6467   296.7781
  -7085.00   42261.34  0.0998018     7.6625   329.4385   119.9597   296.6209
  -7075.00   42261.98  0.0999685     7.6410   326.9261   120.2286   296.4049
  -7065.00   42262.13  0.0998581     7.6132   324.5089   120.4582   296.2204
  -7055.00   42259.86  0.0998297     7.5933   322.1352   120.7547   296.0642
  -7045.00   42258.06  0.1001289     7.5820   319.8555   121.1577   295.8716
  -7035.00   42257.83  0.1003041     7.5633   317.8596   121.4360   295.6657
  -7025.00   42257.58  0.1003710     7.5450   315.9507   121.6934   295.5156
  -7015.00   42255.98  0.1005091     7.5341   313.8698   122.1377   295.4104
  -7005.00   42255.67  0.1007456     7.5211   311.8972   122.5062   295.2679
  -6995.00   42257.51  0.1009476     7.5043   309.9442   122.8020   295.1318
  -6985.00   42258.91  0.1008443     7.4838   307.7239   123.1595   295.0793
  -6975.00   42258.97  0.1008660     7.4657   305.3246   123.5459   295.0167
  -6965.00   42259.67  0.1010384     7.4479   302.8277   123.9339   294.9055
  -6955.00   42261.99  0.1008588     7.4184   300.2870   124.2051   294.8152
  -6945.00   42262.57  0.1006332     7.3892   297.5844   124.5012   294.7533
  -6935.00   42261.26  0.1006119     7.3668   294.7703   124.9150   294.6526
  -6925.00   42260.69  0.1005301     7.3374   292.2060   125.1858   294.4822
  -6915.00   42261.31  0.1003656     7.3046   289.7884   125.3929   294.3266
  -6905.00   42260.51  0.1002153     7.2781   287.3477   125.7285   294.1978
  -6895.00   42258.10  0.1002775     7.2558   285.1627   126.0398   293.9932
  -6885.00   42257.02  0.1004408     7.2328   283.2275   126.3038   293.7525
  -6875.00   42257.83  0.1003955     7.2077   281.3388   126.5710   293.5766
  -6865.00   42257.01  0.1005116     7.1907   279.4326   126.8989   293.4087
  -6855.00   42255.52  0.1008896     7.1802   277.5096   127.2974   293.1999
  -6845.00   42256.11  0.1010477     7.1610   275.6031   127.6029   293.0112
  -6835.00   42258.39  0.1011398     7.1428   273.5046   127.9046   292.8965
  -6825.00   42259.03  0.1013860     7.1331   271.0849   128.3548   292.8023
  -6815.00   42258.91  0.1015887     7.1171   268.6244   128.7317   292.6613
  -6805.00   42260.57  0.1016761     7.0950   266.0648   129.0446   292.5535
  -6795.00   42262.77  0.1016124     7.0741   263.2526   129.4282   292.5235
  -6785.00   42262.37  0.1016401     7.0537   260.4372   129.8144   292.4416
  -6775.00   42260.56  0.1017274     7.0303   257.7326   130.1902   292.3061
  -6765.00   42260.59  0.1014999     6.9991   255.1470   130.5013   292.2188
  -6755.00   42260.62  0.1013125     6.9704   252.6697   130.8212   292.1349
  -6745.00   42258.54  0.1013339     6.9480   250.3393   131.2233   291.9857
  -6735.00   42256.21  0.1011858     6.9176   248.3235   131.5237   291.7892
  -6725.00   42256.44  0.1009958     6.8857   246.4326   131.7809   291.6292
  -6715.00   42257.40  0.1009310     6.8636   244.4954   132.1353   291.4810
  -6705.00   42256.32  0.1009584     6.8420   242.6873   132.4503   291.2445
  -6695.00   42255.78  0.1010152     6.8172   240.8717   132.7316   291.0029
  -6685.00   42258.04  0.1009743     6.7952   238.8425   133.0303   290.8454
  -6675.00   42259.78  0.1010972     6.7797   236.6514   133.3433   290.6650
  -6665.00   42259.45  0.1014036     6.7668   234.3059   133.7000   290.4410
  -6655.00   42259.50  0.1014913     6.7465   231.8208   134.0059   290.2737
  -6645.00   42261.52  0.1015996     6.7287   229.1596   134.3027   290.1736
  -6635.00   42262.49  0.1018862     6.7187   226.3633   134.6943   290.0692
  -6625.00   42260.69  0.1020292     6.6997   223.6851   135.0383   289.9258
  -6615.00   42259.57  0.1020811     6.6738   221.0753   135.3492   289.8440
  -6605.00   42260.30  0.1021069     6.6533   218.4883   135.7153   289.8245
  -6595.00   42259.62  0.1021307     6.6304   216.1502   136.0633   289.7217
  -6585.00   42256.91  0.1021364     6.5999   214.0135   136.4159   289.5795
  -6575.00   42255.90  0.1019403     6.5667   211.9746   136.7462   289.5011
  -6565.00   42257.01  0.1018071     6.5374   210.0390   137.0594   289.3896
  -6555.00   42257.06  0.1018208     6.5109   208.1466   137.4293   289.1870
  -6545.00   42255.75  0.1016526     6.4778   206.2838   137.7463   288.9686
  -6535.00   42256.71  0.1015408     6.4469   204.2936   138.0310   288.7910
  -6525.00   42259.60  0.1016139     6.4275   202.0994   138.3798   288.5988
  -6515.00   42260.27  0.1016588     6.4064   199.8559   138.6937   288.3268
  -6505.00   42259.69  0.1017492     6.3815   197.4386   138.9987   288.0941
  -6495.00   42260.96  0.1018787     6.3640   194.8055   139.3252   287.9544
  -6485.00   42262.65  0.1020815     6.3512   192.1726   139.6334   287.7699
  -6475.00   42261.83  0.1023520     6.3350   189.5488   139.9843   287.5592
  -6465.00   42259.47  0.1024797     6.3140   186.9483   140.3212   287.4427
  -6455.00   42259.18  0.1026607     6.2963   184.4549   140.6341   287.3655
  -6445.00   42259.67  0.1029355     6.2830   182.0964   141.0097   287.2505
  -6435.00   42257.53  0.1029868     6.2587   179.9366   141.3706   287.1169
  -6425.00   42255.58  0.1030318     6.2297   177.8541   141.7122   287.0492
  -6415.00   42256.36  0.1031294     6.2086   175.7937   142.0884   287.0068
  -6405.00   42257.68  0.1030823     6.1837   173.8637   142.4475   286.8581
  -6395.00   42257.06  0.1030057     6.1489   171.8680   142.8286   286.7020
  -6385.00   42256.70  0.1028842     6.1173   169.7204   143.2009   286.6148
  -6375.00   42259.15  0.1027823     6.0915   167.5207   143.5330   286.4600
  -6365.00   42261.08  0.1027131     6.0626   165.1858   143.9217   286.2165
  -6355.00   42260.35  0.1025110     6.0300   162.7127   144.2864   286.0011
  -6345.00   42260.12  0.1024392     6.0031   160.1417   144.5972   285.8190
  -6335.00   42261.88  0.1025126     5.9850   157.5258   144.9461   285.5888
  -6325.00   42262.21  0.1024350     5.9633   155.0046   145.2757   285.3056
  -6315.00   42260.15  0.1024725     5.9386   152.5084   145.5900   285.0916
  -6305.00   42258.71  0.1026770     5.9236   150.0825   145.8990   284.9517
  -6295.00   42259.29  0.1028227     5.9118   147.9074   146.1761   284.7463
  -6285.00   42258.82  0.1029838     5.8919   145.8276   146.5067   284.5451
  -6275.00   42256.14  0.1031589     5.8704   143.7790   146.8253   284.4641
  -6265.00   42255.59  0.1033890     5.8541   141.8462   147.0945   284.3881
  -6255.00   42257.32  0.1036103     5.8361   139.9162   147.4342   284.2547
  -6245.00   42257.55  0.1036113     5.8071   137.9028   147.7936   284.1466
  -6235.00   42256.96  0.1036901     5.7764   135.7533   148.1204   284.0942
  -6225.00   42258.25  0.1038413     5.7529   133.4643   148.4695   284.0206
  -6215.00   42261.03  0.1037045     5.7232   131.1056   148.8386   283.8396
  -6205.00   42261.84  0.1035840     5.6842   128.5411   149.2353   283.6771
  -6195.00   42260.62  0.1035670     5.6524   125.8451   149.6091   283.5682
  -6185.00   42261.48  0.1034702     5.6279   123.2539   149.9364   283.3467
  -6175.00   42262.39  0.1033537     5.5957   120.6544   150.3415   283.0613
  -6165.00   42260.92  0.1032200     5.5638   118.0938   150.7319   282.8425
  -6155.00   42258.48  0.1032703     5.5426   115.7442   151.0228   282.6371
  -6145.00   42258.22  0.1033908     5.5245   113.5703   151.3619   282.3609
  -6135.00   42258.64  0.1033303     5.5027   111.5524   151.7133   282.0842
  -6125.00   42257.21  0.1034705     5.4806   109.5939   152.0211   281.9109
  -6115.00   42255.69  0.1038179     5.4672   107.7081   152.3039   281.7716
  -6105.00   42256.84  0.1039619     5.4544   105.9217   152.5835   281.5644
  -6095.00   42258.49  0.1041110     5.4304   103.9659   152.9315   281.4064
  -6085.00   42257.85  0.1044008     5.4075   101.8143   153.2565   281.3665
  -6075.00   42257.88  0.1046489     5.3910    99.6290   153.5197   281.2808
  -6065.00   42260.05  0.1047825     5.3663    97.2408   153.8919   281.1281
  -6055.00   42261.76  0.1047723     5.3330    94.6032   154.3067   281.0389
  -6045.00   42261.29  0.1048760     5.3031    91.8817   154.6524   280.9794
  -6035.00   42260.85  0.1049873     5.2774    89.1646   155.0244   280.8371
  -6025.00   42261.96  0.1047596     5.2453    86.4904   155.4563   280.6178
  -6015.00   42262.11  0.1046178     5.2074    83.8252   155.8956   280.4462
  -6005.00   42259.57  0.1046718     5.1788    81.3217   156.2808   280.2961
  -5995.00   42257.98  0.1045021     5.1564    79.1528   156.6331   280.0129
  -5985.00   42257.89  0.1043178     5.1244    77.0693   157.0694   279.7087
  -5975.00   42257.57  0.1042538     5.0949    75.0426   157.4833   279.5041
  -5965.00   42255.74  0.1042998     5.0787    73.2621   157.7555   279.2758
  -5955.00   42255.69  0.1043330     5.0591    71.5054   158.1007   278.9686
  -5945.00   42257.66  0.1042323     5.0356    69.6415   158.4756   278.7111
  -5935.00   42258.77  0.1043983     5.0165    67.6456   158.7530   278.5695
  -5925.00   42258.62  0.1047145     5.0020    65.5502   159.0050   278.4038
  -5915.00   42259.66  0.1047558     4.9861    63.3401   159.2825   278.1848
  -5905.00   42261.82  0.1048806     4.9602    60.8201   159.6107   278.0658
  -5895.00   42262.20  0.1052526     4.9365    58.1233   159.8984   278.0381
  -5885.00   42261.01  0.1054495     4.9189    55.5118   160.1341   277.9267
  -5875.00   42260.80  0.1055053     4.8888    52.8212   160.5084   277.7668
  -5865.00   42261.48  0.1055673     4.8519    50.0686   160.9290   277.7011
  -5855.00   42260.48  0.1057088     4.8230    47.5421   161.2518   277.6275
  -5845.00   42258.34  0.1057370     4.7927    45.2417   161.6439   277.4161
  -5835.00   42257.62  0.1054640     4.7558    43.0743   162.1225   277.1626
  -5825.00   42257.99  0.1053608     4.7192    40.9973   162.5644   276.9774
  -5815.00   42257.12  0.1054418     4.6913    39.0994   162.9483   276.7482
  -5805.00   42255.91  0.1052010     4.6684    37.3733   163.3368   276.3858
  -5795.00   42256.47  0.1050138     4.6373    35.5104   163.7825   276.0581
  -5785.00   42258.50  0.1051261     4.6113    33.4868   164.1683   275.8475
  -5775.00   42258.97  0.1052198     4.5996    31.5103   164.4183   275.5853
  -5765.00   42259.29  0.1052652     4.5797    29.3279   164.7653   275.2668
  -5755.00   42260.90  0.1053063     4.5552    26.8639   165.1387   275.0621
  -5745.00   42262.65  0.1056194     4.5398    24.3016   165.3680   274.9708
  -5735.00   42262.41  0.1059566     4.5226    21.7114   165.6290   274.8013
  -5725.00   42261.15  0.1059777     4.5007    19.1120   165.9587   274.5985
  -5715.00   42260.96  0.1061588     4.4730    16.4395   166.2906   274.5357
  -5705.00   42260.84  0.1065733     4.4469    13.8944   166.5868   274.4918
  -5695.00   42259.14  0.1066731     4.4257    11.6371   166.8869   274.3255
  -5685.00   42257.22  0.1066378     4.3914     9.4247   167.3243   274.1413
  -5675.00   42257.05  0.1067607     4.3538     7.2429   167.7671   274.0561
  -5665.00   42257.54  0.1068742     4.3285     5.3039   168.1079   273.9193
  -5655.00   42256.85  0.1067938     4.2969     3.4245   168.5729   273.6260
  -5645.00   42256.44  0.1065190     4.2589     1.4347   169.1174   273.3439
  -5635.00   42257.86  0.1064634     4.2285   359.3650   169.5536   273.1501
  -5625.00   42259.57  0.1064958     4.2027   357.2663   169.9696   272.8520
  -5615.00   42259.97  0.1061772     4.1787   355.0814   170.4389   272.4417
  -5605.00   42260.19  0.1059691     4.1498   352.6404   170.9084   272.1295
  -5595.00   42261.76  0.1061172     4.1265   350.0831   171.2715   271.9051
  -5585.00   42262.91  0.1061278     4.1161   347.6293   171.5474   271.6015
  -5575.00   42262.11  0.1060745     4.0951   345.1013   171.9209   271.2702
  -5565.00   42260.79  0.1061740     4.0693   342.5078   172.2705   271.0997
  -5555.00   42260.65  0.1064700     4.0570   340.1284   172.4445   271.0125
  -5545.00   42260.12  0.1067315     4.0381   337.9183   172.7010   270.8170
  -5535.00   42258.23  0.1067385     4.0102   335.7857   173.0502   270.6281
  -5525.00   42256.59  0.1069570     3.9828   333.7010   173.3240   270.6079
  -5515.00   42256.77  0.1073335     3.9550   331.7511   173.5966   270.5341
  -5505.00   42257.45  0.1073443     3.9281   329.9145   173.9521   270.3132
  -5495.00   42256.84  0.1072812     3.8900   327.9098   174.4154   270.1260
  -5485.00   42257.01  0.1074366     3.8509   325.7677   174.8538   270.0027
  -5475.00   42259.09  0.1074630     3.8254   323.6588   175.2394   269.7689
  -5465.00   42260.66  0.1072948     3.7916   321.3768   175.7865   269.3829
  -5455.00   42260.80  0.1070910     3.7518   318.8416   176.3748   269.0561
  -5445.00   42261.02  0.1070661     3.7268   316.2661   176.7999   268.8076
  -5435.00   42262.34  0.1070550     3.7035   313.7191   177.2599   268.4112
  -5425.00   42262.89  0.1067798     3.6781   311.1749   177.7881   267.9502
  -5415.00   42261.15  0.1066999     3.6535   308.6115   178.2144   267.6716
  -5405.00   42259.82  0.1069136     3.6336   306.2225   178.5390   267.4254
  -5395.00   42259.88  0.1069356     3.6229   304.1071   178.8434   267.0919
  -5385.00   42259.12  0.1069396     3.6005   302.0405   179.2135   266.8035
  -5375.00   42257.06  0.1072082     3.5735   300.0105   179.5101   266.6849
  -5365.00   42256.03  0.1075103     3.5611   298.1817   179.6810   266.5979
  -5355.00   42257.02  0.1077172     3.5391   296.3801   179.9983   266.3726
  -5345.00   42257.55  0.1078119     3.5040   294.4178   180.3948   266.2068
  -5335.00   42256.83  0.1080619     3.4767   292.3429   180.6683   266.1940
  -5325.00   42257.68  0.1083493     3.4486   290.1894   181.0226   266.0362
  -5315.00   42260.24  0.1082774     3.4158   287.8962   181.5264   265.7230
  -5305.00   42261.28  0.1082299     3.3779   285.3355   182.0371   265.5147
  -5295.00   42260.93  0.1083727     3.3419   282.6563   182.5196   265.3113
  -5285.00   42261.47  0.1082808     3.3179   280.0439   183.0372   264.9427
  -5275.00   42262.75  0.1080570     3.2856   277.3866   183.6850   264.4806
  -5265.00   42262.22  0.1079418     3.2485   274.7153   184.2886   264.1260
  -5255.00   42259.73  0.1078827     3.2292   272.2692   184.7390   263.8180
  -5245.00   42258.79  0.1077798     3.2093   270.0451   185.2926   263.3335
  -5235.00   42259.05  0.1075273     3.1820   267.9468   185.8850   262.8514
  -5225.00   42257.52  0.1074809     3.1612   265.9675   186.2595   262.6064
  -5215.00   42255.65  0.1076165     3.1440   264.1521   186.6017   262.3179
  -5205.00   42256.00  0.1075345     3.1299   262.4464   187.0025   261.9200
  -5195.00   42257.63  0.1075297     3.1064   260.6211   187.3508   261.6736
  -5185.00   42257.77  0.1078030     3.0795   258.6675   187.5929   261.5600
  -5175.00   42257.33  0.1080006     3.0658   256.6617   187.7985   261.4158
  -5165.00   42259.34  0.1081165     3.0410   254.4565   188.1754   261.1495
  -5155.00   42261.40  0.1082863     3.0020   251.9709   188.5560   260.9929
  -5145.00   42261.17  0.1085175     2.9746   249.3714   188.7989   260.9600
  -5135.00   42260.39  0.1087103     2.9462   246.7226   189.2490   260.6891
  -5125.00   42261.46  0.1086310     2.9066   244.0204   189.8879   260.2794
  -5115.00   42262.11  0.1086160     2.8689   241.3297   190.4069   260.0344
  -5105.00   42260.23  0.1087110     2.8357   238.7899   190.9522   259.7079
  -5095.00   42258.30  0.1085218     2.8094   236.4838   191.6785   259.1307
  -5085.00   42258.47  0.1082990     2.7783   234.3085   192.4352   258.5628
  -5075.00   42258.37  0.1082466     2.7455   232.2678   193.0431   258.1347
  -5065.00   42256.11  0.1081432     2.7305   230.4311   193.5648   257.6916
  -5055.00   42255.07  0.1080221     2.7141   228.6674   194.2243   257.0927
  -5045.00   42256.57  0.1079133     2.6870   226.8383   194.8175   256.6076
  -5035.00   42257.66  0.1079545     2.6702   224.9564   195.0922   256.4065
  -5025.00   42257.17  0.1081093     2.6558   222.9759   195.4404   256.0926
  -5015.00   42258.08  0.1080959     2.6360   220.8292   195.9315   255.6626
  -5005.00   42260.89  0.1082174     2.6106   218.4595   196.2206   255.5034
  -4995.00   42262.12  0.1085265     2.5832   215.9466   196.4417   255.3996
  -4985.00   42260.92  0.1086707     2.5644   213.3778   196.8081   255.1344
  -4975.00   42260.94  0.1087914     2.5353   210.7252   197.3258   254.8027
  -4965.00   42261.60  0.1090196     2.4948   208.0608   197.7797   254.5808
  -4955.00   42260.72  0.1091642     2.4684   205.5447   198.1381   254.4146
  -4945.00   42257.82  0.1092471     2.4417   203.1722   198.8251   253.9327
  -4935.00   42257.05  0.1092061     2.4011   200.9036   199.6623   253.3626
  -4925.00   42257.84  0.1091906     2.3684   198.8052   200.2380   253.0331
  -4915.00   42256.79  0.1091922     2.3430   196.8543   200.9169   252.5426
  -4905.00   42255.33  0.1089570     2.3164   194.9671   201.9019   251.7443
  -4895.00   42256.17  0.1087792     2.2889   193.0583   202.7514   251.1048
  -4885.00   42258.20  0.1087208     2.2626   191.1139   203.3777   250.6251
  -4875.00   42258.17  0.1085073     2.2494   189.1009   204.0777   250.0082
  -4865.00   42257.74  0.1083422     2.2344   186.9270   204.8933   249.2969
  -4855.00   42259.52  0.1082882     2.2083   184.5794   205.5179   248.7852
  -4845.00   42261.72  0.1082409     2.1938   182.1539   205.7976   248.5497
  -4835.00   42261.13  0.1082685     2.1820   179.6439   206.2484   248.1359
  -4825.00   42260.24  0.1082602     2.1577   177.0683   206.8642   247.6139
  -4815.00   42261.09  0.1083954     2.1319   174.5370   207.1011   247.4796
  -4805.00   42261.45  0.1086160     2.1072   172.1175   207.3218   247.3354
  -4795.00   42259.07  0.1086753     2.0832   169.8139   207.9078   246.8643
  -4785.00   42257.03  0.1088350     2.0509   167.6147   208.5331   246.4349
  -4775.00   42256.97  0.1090833     2.0111   165.5544   209.0593   246.0981
  -4765.00   42257.26  0.1091141     1.9842   163.6192   209.6558   245.6709
  -4755.00   42255.33  0.1091321     1.9572   161.6969   210.6643   244.8875
  -4745.00   42255.13  0.1091513     1.9171   159.7306   211.7799   244.0307
  -4735.00   42257.44  0.1090958     1.8886   157.7562   212.5307   243.4766
  -4725.00   42258.77  0.1089753     1.8707   155.6740   213.5024   242.6722
  -4715.00   42258.61  0.1087431     1.8455   153.4124   214.8457   241.5247
  -4705.00   42259.36  0.1086330     1.8226   151.0316   215.8015   240.7397
  -4695.00   42261.78  0.1085519     1.8057   148.5787   216.4568   240.1675
  -4685.00   42262.14  0.1083005     1.7942   146.0299   217.3977   239.3052
  -4675.00   42260.45  0.1082192     1.7802   143.4422   218.3150   238.4975
  -4665.00   42260.02  0.1083019     1.7567   140.9320   218.8824   237.9984
  -4655.00   42260.87  0.1082544     1.7426   138.5559   219.2295   237.6770
  -4645.00   42259.75  0.1082861     1.7303   136.2817   219.8536   237.1256
  -4635.00   42257.37  0.1084267     1.7016   134.1273   220.6485   236.4546
  -4625.00   42256.83  0.1086290     1.6742   132.1630   220.9620   236.2320
  -4615.00   42257.86  0.1087953     1.6525   130.2946   221.4034   235.8871
  -4605.00   42256.89  0.1088548     1.6247   128.4018   222.4755   234.9982
  -4595.00   42255.58  0.1090737     1.5921   126.4907   223.4174   234.2746
  -4585.00   42256.64  0.1092939     1.5591   124.5454   224.2030   233.6616
  -4575.00   42258.90  0.1092126     1.5359   122.4348   225.3647   232.7078
  -4565.00   42259.07  0.1092012     1.5139   120.1188   226.8730   231.4743
  -4555.00   42259.08  0.1092654     1.4819   117.6640   228.3692   230.2268
  -4545.00   42260.97  0.1091224     1.4620   115.1336   229.4524   229.3232
  -4535.00   42262.76  0.1088983     1.4535   112.4772   230.8188   228.1624
  -4525.00   42261.90  0.1086946     1.4347   109.7621   232.5983   226.6119
  -4515.00   42260.29  0.1085940     1.4173   107.1808   233.7070   225.6469
  -4505.00   42260.64  0.1084134     1.4093   104.7566   234.4866   224.9407
  -4495.00   42260.28  0.1081016     1.4007   102.4152   235.8223   223.7278
  -4485.00   42258.02  0.1080390     1.3878   100.2512   236.9569   222.7183
  -4475.00   42256.28  0.1080983     1.3685    98.3383   237.5740   222.1232
  -4465.00   42256.86  0.1079401     1.3561    96.5252   238.2437   221.4818
  -4455.00   42257.56  0.1079186     1.3447    94.7067   239.2141   220.6193
  -4445.00   42256.51  0.1081084     1.3171    92.8950   240.3400   219.5973
  -4435.00   42256.61  0.1082404     1.2914    91.0790   240.9687   219.0140
  -4425.00   42259.05  0.1083058     1.2743    89.0869   241.8485   218.2375
  -4415.00   42260.26  0.1083847     1.2491    86.8309   243.6452   216.6538
  -4405.00   42259.93  0.1086230     1.2199    84.4511   245.1566   215.3314
  -4395.00   42260.43  0.1087612     1.1966    81.9745   246.4467   214.1773
  -4385.00   42262.17  0.1086174     1.1819    79.2829   248.5159   212.3501
  -4375.00   42262.50  0.1086245     1.1687    76.5128   250.7764   210.3873
  -4365.00   42260.83  0.1086986     1.1500    73.8682   252.8042   208.5574
  -4355.00   42260.04  0.1084406     1.1434    71.3479   254.4923   207.0285
  -4345.00   42260.49  0.1081719     1.1471    68.9133   256.2895   205.4528
  -4335.00   42259.38  0.1080475     1.1409    66.6462   258.4791   203.4719
  -4325.00   42257.13  0.1079188     1.1324    64.6731   259.7480   202.2724
  -4315.00   42256.60  0.1076901     1.1332    62.8506   260.5684   201.4914
  -4305.00   42257.39  0.1074541     1.1315    60.9971   262.2303   199.9607
  -4295.00   42257.37  0.1075192     1.1201    59.2020   263.5882   198.6924
  -4285.00   42256.70  0.1076141     1.1049    57.4607   264.3380   197.9160
  -4275.00   42257.90  0.1074836     1.0966    55.5150   265.5691   196.7406
  -4265.00   42260.29  0.1075819     1.0876    53.3303   267.1702   195.2993
  -4255.00   42260.90  0.1078907     1.0666    51.0349   268.9526   193.6234
  -4245.00   42260.79  0.1079736     1.0500    48.6228   270.4146   192.2323
  -4235.00   42261.81  0.1080021     1.0444    46.0138   272.0853   190.7366
  -4225.00   42262.80  0.1081516     1.0355    43.2638   274.8025   188.2913
  -4215.00   42262.05  0.1083571     1.0222    40.6256   277.0671   186.2158
  -4205.00   42260.14  0.1083656     1.0180    38.1164   278.8129   184.6199
  -4195.00   42259.52  0.1081859     1.0245    35.5997   281.4220   182.3008
  -4185.00   42259.46  0.1082284     1.0287    33.2429   283.9775   180.0487
  -4175.00   42257.88  0.1082574     1.0280    31.1778   285.9689   178.2159
  -4165.00   42256.36  0.1079067     1.0385    29.2007   287.7836   176.5830
  -4155.00   42256.61  0.1076392     1.0547    27.2381   289.5007   175.1213
  -4145.00   42257.63  0.1075853     1.0613    25.3412   291.5389   173.2770
  -4135.00   42257.64  0.1073505     1.0636    23.5041   292.8489   172.0333
  -4125.00   42257.62  0.1070239     1.0720    21.5575   293.6272   171.3281
  -4115.00   42259.26  0.1068123     1.0812    19.3679   295.3356   169.7860
  -4105.00   42261.16  0.1068478     1.0773    17.1220   296.8714   168.3121
  -4095.00   42261.36  0.1068309     1.0701    14.8259   297.7742   167.3716
  -4085.00   42261.13  0.1066328     1.0738    12.2919   299.3002   165.9337
  -4075.00   42262.03  0.1067696     1.0752     9.6596   301.2459   164.1452
  -4065.00   42262.49  0.1070791     1.0677     7.1421   303.2361   162.2174
  -4055.00   42261.20  0.1070746     1.0682     4.6801   305.0663   160.4679
  -4045.00   42259.38  0.1070873     1.0793     2.2417   306.9636   158.7796
  -4035.00   42258.90  0.1073047     1.0915   359.9164   309.5907   156.4121
  -4025.00   42258.59  0.1074310     1.0991   357.8338   311.7697   154.3969
  -4015.00   42256.96  0.1073335     1.1141   355.8720   313.2555   153.0811
  -4005.00   42255.79  0.1071460     1.1420   353.8412   315.2874   151.3636
  -3995.00   42256.64  0.1071758     1.1625   351.8904   317.2144   149.6934
  -3985.00   42257.82  0.1071071     1.1752   350.0242   318.4480   148.5722
  -3975.00   42257.96  0.1066995     1.1990   347.9584   319.6062   147.6041
  -3965.00   42258.44  0.1064810     1.2227   345.7151   320.7512   146.6982
  -3955.00   42260.54  0.1064825     1.2345   343.4353   322.0384   145.5241
  -3945.00   42262.00  0.1062205     1.2441   341.0480   322.9767   144.6353
  -3935.00   42261.72  0.1059497     1.2563   338.5204   323.5985   144.1046
  -3925.00   42261.23  0.1059140     1.2709   335.8847   324.9741   142.8851
  -3915.00   42261.80  0.1059763     1.2746   333.3827   326.3504   141.5411
  -3905.00   42261.75  0.1059842     1.2755   331.0144   327.2359   140.6397
  -3895.00   42259.69  0.1058860     1.2919   328.6057   328.6008   139.4309
  -3885.00   42258.23  0.1061090     1.3062   326.3658   330.3513   137.8406
  -3875.00   42258.20  0.1064024     1.3124   324.3845   331.9034   136.3502
  -3865.00   42257.89  0.1063558     1.3297   322.4328   333.2681   135.1305
  -3855.00   42256.26  0.1064120     1.3562   320.4520   334.7188   133.9479
  -3845.00   42255.76  0.1066486     1.3810   318.5142   336.4458   132.4734
  -3835.00   42257.15  0.1066540     1.4014   316.5840   337.7965   131.3045
  -3825.00   42258.30  0.1065026     1.4265   314.5058   338.6634   130.6639
  -3815.00   42258.18  0.1063686     1.4617   312.1682   339.8704   129.8011
  -3805.00   42259.24  0.1063369     1.4867   309.7798   341.0620   128.8440
  -3795.00   42261.59  0.1061707     1.5023   307.3442   341.7073   128.3241
  -3785.00   42262.70  0.1057669     1.5294   304.6702   342.3657   127.9024
  -3775.00   42261.72  0.1055955     1.5548   301.9494   343.2169   127.2927
  -3765.00   42261.39  0.1055390     1.5665   299.3973   344.0406   126.5584
  -3755.00   42261.65  0.1052080     1.5798   296.9086   344.6765   126.0062
  -3745.00   42260.73  0.1049581     1.5965   294.5133   345.2473   125.5659
  -3735.00   42258.12  0.1049647     1.6135   292.2868   346.2942   124.6503
  -3725.00   42257.07  0.1049109     1.6237   290.3038   347.3363   123.6420
  -3715.00   42257.62  0.1048369     1.6321   288.4812   348.0301   122.9603
  -3705.00   42257.05  0.1048037     1.6561   286.5840   349.0807   122.0818
  -3695.00   42255.94  0.1049772     1.6784   284.7575   350.4210   120.8689
  -3685.00   42256.54  0.1051636     1.6924   282.9718   351.4869   119.8552
  -3675.00   42258.79  0.1050882     1.7193   280.9403   352.3979   119.1289
  -3665.00   42259.13  0.1051930     1.7547   278.6942   353.4971   118.2917
  -3655.00   42258.86  0.1054029     1.7842   276.3444   354.6287   117.3747
  -3645.00   42260.32  0.1053031     1.8107   273.8362   355.4308   116.7763
  -3635.00   42262.35  0.1051530     1.8425   271.1567   355.9963   116.4687
  -3625.00   42262.20  0.1050875     1.8788   268.3701   356.7695   116.0055
  -3615.00   42260.98  0.1049623     1.9035   265.6924   357.5101   115.4673
  -3605.00   42261.14  0.1047206     1.9199   263.1576   357.8604   115.2517
  -3595.00   42261.73  0.1043892     1.9465   260.6492   358.2812   115.0614
  -3585.00   42259.45  0.1042633     1.9694   258.3588   358.9674   114.5478
  -3575.00   42257.06  0.1041827     1.9785   256.3614   359.5545   114.0064
  -3565.00   42256.85  0.1038940     1.9925   254.4356     0.0363   113.6211
  -3555.00   42257.27  0.1037922     2.0128   252.5807     0.6517   113.1260
  -3545.00   42255.95  0.1039052     2.0303   250.8032     1.5314   112.3266
  -3535.00   42255.50  0.1038693     2.0450   248.9932     2.3608   111.5589
  -3525.00   42257.56  0.1038599     2.0625   247.0740     2.9738   111.0294
  -3515.00   42259.69  0.1039770     2.0923   244.9166     3.8321   110.3579
  -3505.00   42259.71  0.1041293     2.1198   242.6286     4.8385   109.4988
  -3495.00   42259.91  0.1042495     2.1394   240.2276     5.5606   108.8918
  -3485.00   42262.30  0.1042212     2.1714   237.5601     6.1876   108.5242
  -3475.00   42262.85  0.1043290     2.2088   234.8230     7.0067   107.9643
  -3465.00   42261.16  0.1044638     2.2363   232.1531     7.7685   107.4059
  -3455.00   42260.02  0.1043078     2.2620   229.4850     8.2826   107.1542
  -3445.00   42260.54  0.1041990     2.2949   226.9201     8.7481   106.9733
  -3435.00   42260.00  0.1041631     2.3265   224.5340     9.3534   106.6362
  -3425.00   42257.41  0.1039589     2.3474   222.3459     9.9112   106.2951
  -3415.00   42256.33  0.1037041     2.3651   220.3202    10.2217   106.1799
  -3405.00   42257.66  0.1034580     2.3906   218.3411    10.6249   106.0221
  -3395.00   42257.25  0.1032763     2.4114   216.4721    11.2352   105.5677
  -3385.00   42255.87  0.1031000     2.4205   214.6562    11.7178   105.1579
  -3375.00   42256.66  0.1028186     2.4362   212.6656    12.1346   104.8950
  -3365.00   42259.14  0.1027202     2.4593   210.5801    12.7329   104.4080
  -3355.00   42259.86  0.1027507     2.4765   208.4067    13.4564   103.7287
  -3345.00   42259.42  0.1026402     2.4931   206.0191    14.1063   103.1707
  -3335.00   42260.78  0.1026545     2.5179   203.4967    14.6588   102.7329
  -3325.00   42262.86  0.1028010     2.5500   200.8898    15.3755   102.1576
  -3315.00   42262.18  0.1028688     2.5792   198.2699    16.1577   101.5111
  -3305.00   42260.02  0.1029453     2.6049   195.7058    16.6982   101.1245
  -3295.00   42260.03  0.1030061     2.6410   193.1587    17.1939   100.8991
  -3285.00   42260.04  0.1030721     2.6794   190.7953    17.8306   100.4907
  -3275.00   42257.97  0.1031027     2.7061   188.6278    18.3711   100.1436
  -3265.00   42255.74  0.1029527     2.7322   186.4897    18.7294   100.0873
  -3255.00   42256.21  0.1028764     2.7654   184.4843    19.1215    99.9595
  -3245.00   42257.40  0.1027984     2.7919   182.5767    19.6066    99.6801
  -3235.00   42256.41  0.1025214     2.8080   180.6123    20.0368    99.4655
  -3225.00   42256.20  0.1023227     2.8268   178.5786    20.3413    99.3610
  -3215.00   42258.68  0.1021841     2.8500   176.4350    20.7499    99.1403
  -3205.00   42260.45  0.1019747     2.8671   174.1882    21.3111    98.6922
  -3195.00   42260.03  0.1018128     2.8781   171.8125    21.7579    98.3303
  -3185.00   42260.00  0.1017003     2.8973   169.2453    22.1761    98.0757
  -3175.00   42261.80  0.1016831     2.9229   166.6849    22.7571    97.5777
  -3165.00   42262.33  0.1017051     2.9418   164.1608    23.3784    96.9986
  -3155.00   42260.15  0.1016570     2.9616   161.5813    23.9131    96.6187
  -3145.00   42258.95  0.1017931     2.9932   159.1456    24.4112    96.2616
  -3135.00   42259.55  0.1019770     3.0259   156.8895    25.0023    95.7992
  -3125.00   42258.78  0.1019847     3.0531   154.7225    25.6171    95.3639
  -3115.00   42256.32  0.1020877     3.0825   152.6590    26.0531    95.1473
  -3105.00   42255.68  0.1022397     3.1182   150.6619    26.4719    95.0003
  -3095.00   42257.09  0.1022500     3.1517   148.7321    27.0099    94.6906
  -3085.00   42257.27  0.1021998     3.1754   146.7561    27.4614    94.4779
  -3075.00   42256.28  0.1021158     3.2002   144.5945    27.7992    94.4844
  -3065.00   42257.47  0.1020632     3.2309   142.3899    28.1901    94.3474
  -3055.00   42260.23  0.1019143     3.2522   140.0746    28.6569    94.0845
  -3045.00   42260.71  0.1015962     3.2653   137.5098    29.0818    93.9397
  -3035.00   42260.07  0.1014446     3.2860   134.8748    29.4268    93.8204
  -3025.00   42261.04  0.1013188     3.3080   132.2451    29.8533    93.5564
  -3015.00   42262.35  0.1010020     3.3219   129.6099    30.3906    93.1596
  -3005.00   42261.21  0.1008006     3.3360   127.0281    30.8298    92.8601
  -2995.00   42258.79  0.1007502     3.3585   124.5677    31.2371    92.6082
  -2985.00   42258.47  0.1006751     3.3841   122.3602    31.7601    92.1395
  -2975.00   42258.75  0.1005942     3.4040   120.3053    32.2971    91.6601
  -2965.00   42256.84  0.1005714     3.4274   118.2640    32.7603    91.3834
  -2955.00   42255.25  0.1007315     3.4628   116.4149    33.1852    91.0632
  -2945.00   42256.25  0.1008670     3.4959   114.6386    33.6715    90.6637
  -2935.00   42257.71  0.1008193     3.5221   112.6884    34.1804    90.3740
  -2925.00   42257.41  0.1009613     3.5559   110.6377    34.5500    90.2380
  -2915.00   42257.39  0.1011530     3.5925   108.4854    34.8977    90.1161
  -2905.00   42259.79  0.1010786     3.6211   106.1622    35.3536    89.8842
  -2895.00   42261.42  0.1009948     3.6446   103.6037    35.7475    89.7732
  -2885.00   42260.76  0.1009755     3.6695   100.8652    36.0670    89.7965
  -2875.00   42260.34  0.1008939     3.6961    98.1904    36.4253    89.6398
  -2865.00   42261.62  0.1006699     3.7131    95.4995    36.8610    89.3996
  -2855.00   42261.71  0.1003778     3.7244    92.7435    37.2917    89.2774
  -2845.00   42259.63  0.1002933     3.7457    90.2361    37.6407    89.1058
  -2835.00   42258.24  0.1001794     3.7666    87.9875    38.0562    88.7760
  -2825.00   42258.63  0.0998644     3.7786    85.8329    38.5687    88.4068
  -2815.00   42258.20  0.0997779     3.7972    83.8114    38.9921    88.1317
  -2805.00   42256.06  0.0998676     3.8246    81.9606    39.3734    87.8525
  -2795.00   42255.68  0.0998152     3.8504    80.2297    39.8303    87.4263
  -2785.00   42257.28  0.0997844     3.8728    78.3931    40.2963    87.0682
  -2775.00   42257.96  0.0999102     3.9006    76.3573    40.7130    86.8820
  -2765.00   42257.68  0.1001155     3.9368    74.3277    41.0730    86.6226
  -2755.00   42258.96  0.1002099     3.9674    72.1347    41.4908    86.3157
  -2745.00   42261.48  0.1001872     3.9909    69.5718    41.9597    86.1562
  -2735.00   42262.33  0.1003749     4.0240    66.9120    42.3130    86.0702
  -2725.00   42261.26  0.1005474     4.0574    64.2487    42.6506    85.9365
  -2715.00   42261.48  0.1003916     4.0787    61.4973    43.0978    85.7547
  -2705.00   42261.90  0.1003292     4.1006    58.7118    43.5055    85.6801
  -2695.00   42260.68  0.1003825     4.1253    56.0417    43.8652    85.6602
  -2685.00   42258.28  0.1002334     4.1472    53.6782    44.2408    85.4701
  -2675.00   42257.64  0.0999686     4.1624    51.4163    44.6854    85.2585
  -2665.00   42258.01  0.0997454     4.1747    49.1807    45.1477    85.1519
  -2655.00   42257.24  0.0996650     4.1963    47.2490    45.5084    84.9536
  -2645.00   42256.06  0.0994598     4.2164    45.4566    45.9207    84.6189
  -2635.00   42256.91  0.0990994     4.2275    43.5316    46.4224    84.3121
  -2625.00   42258.74  0.0990393     4.2489    41.5596    46.8242    84.0707
  -2615.00   42258.86  0.0991039     4.2789    39.5749    47.1833    83.7690
  -2605.00   42258.92  0.0989410     4.3032    37.4626    47.5971    83.3869
  -2595.00   42260.49  0.0989008     4.3279    35.0773    48.0067    83.1119
  -2585.00   42262.27  0.0991111     4.3605    32.4823    48.3802    82.9531
  -2575.00   42262.25  0.0992791     4.3968    29.9493    48.6884    82.7153
  -2565.00   42261.40  0.0993087     4.4267    27.3335    49.0483    82.4818
  -2555.00   42261.65  0.0993480     4.4516    24.5398    49.4715    82.4082
  -2545.00   42261.81  0.0995697     4.4846    21.9462    49.7819    82.3522
  -2535.00   42259.84  0.0996738     4.5153    19.5820    50.0932    82.2172
  -2525.00   42257.86  0.0994514     4.5317    17.2445    50.5242    82.0936
  -2515.00   42257.32  0.0994020     4.5520    15.0188    50.9062    82.0445
  -2505.00   42257.53  0.0994760     4.5758    12.9706    51.2578    81.9679
  -2495.00   42256.51  0.0992202     4.5919    11.0926    51.6413    81.7439
  -2485.00   42256.23  0.0989443     4.6057     9.1253    52.0696    81.5395
  -2475.00   42257.68  0.0988310     4.6207     7.0062    52.5160    81.4061
  -2465.00   42259.58  0.0987708     4.6424     4.9971    52.8569    81.1498
  -2455.00   42259.85  0.0985700     4.6630     2.8482    53.2486    80.8166
  -2445.00   42260.18  0.0983156     4.6772     0.3848    53.7256    80.5586
  -2435.00   42261.84  0.0983936     4.7029   357.8772    54.0722    80.3427
  -2425.00   42262.77  0.0985151     4.7350   355.3785    54.3962    80.0500
  -2415.00   42261.95  0.0983771     4.7581   352.8000    54.7918    79.7437
  -2405.00   42260.84  0.0984370     4.7842   350.1637    55.1560    79.5652
  -2395.00   42260.89  0.0987441     4.8187   347.6216    55.4899    79.4351
  -2385.00   42260.65  0.0988798     4.8503   345.3450    55.7888    79.2252
  -2375.00   42258.61  0.0988941     4.8762   343.1132    56.1435    79.0624
  -2365.00   42256.92  0.0990091     4.9006   340.8434    56.5602    79.0293
  -2355.00   42257.09  0.0992238     4.9300   338.8392    56.8654    78.9607
  -2345.00   42257.23  0.0992555     4.9553   336.9273    57.2010    78.8154
  -2335.00   42256.37  0.0990451     4.9686   334.8202    57.6731    78.7183
  -2325.00   42256.34  0.0990286     4.9874   332.6718    58.0670    78.6693
  -2315.00   42258.41  0.0990743     5.0102   330.5096    58.4359    78.5409
  -2305.00   42260.10  0.0987562     5.0224   328.2213    58.8732    78.3143
  -2295.00   42260.37  0.0984861     5.0354   325.6989    59.3222    78.1349
  -2285.00   42260.77  0.0984215     5.0540   323.0196    59.7695    77.9875
  -2275.00   42262.57  0.0982720     5.0742   320.4798    60.1260    77.7102
  -2265.00   42262.87  0.0980259     5.0943   317.8801    60.5215    77.4054
  -2255.00   42261.23  0.0978283     5.1120   315.1642    60.9909    77.1903
  -2245.00   42259.95  0.0978851     5.1399   312.7257    61.2987    76.9780
  -2235.00   42259.91  0.0979305     5.1724   310.5028    61.5940    76.6978
  -2225.00   42259.23  0.0977829     5.1954   308.3248    61.9766    76.4488
  -2215.00   42256.90  0.0978878     5.2236   306.2483    62.2839    76.3248
  -2205.00   42255.98  0.0981697     5.2603   304.3180    62.5648    76.1997
  -2195.00   42257.09  0.0982171     5.2886   302.5067    62.8496    76.0181
  -2185.00   42257.22  0.0982403     5.3123   300.5498    63.1747    75.9186
  -2175.00   42256.43  0.0984207     5.3387   298.3872    63.5526    75.9068
  -2165.00   42257.26  0.0985570     5.3647   296.2758    63.8428    75.8251
  -2155.00   42259.63  0.0985095     5.3848   293.9930    64.1842    75.6912
  -2145.00   42260.70  0.0983574     5.3970   291.3509    64.6604    75.6148
  -2135.00   42260.22  0.0983554     5.4147   288.6741    65.0339    75.5432
  -2125.00   42261.10  0.0983162     5.4352   286.0109    65.4042    75.3647
  -2115.00   42262.77  0.0979851     5.4451   283.2812    65.8645    75.1314
  -2105.00   42262.19  0.0977924     5.4587   280.5656    66.2799    74.9566
  -2095.00   42260.00  0.0977904     5.4819   277.9879    66.6807    74.7669
  -2085.00   42259.34  0.0976136     5.5021   275.7225    67.0320    74.4757
  -2075.00   42259.40  0.0974376     5.5222   273.5701    67.3893    74.2082
  -2065.00   42257.83  0.0974292     5.5460   271.4343    67.7921    74.0319
  -2055.00   42255.56  0.0975293     5.5757   269.6012    68.0538    73.8337
  -2045.00   42255.67  0.0975880     5.6063   267.8414    68.3297    73.5983
  -2035.00   42257.26  0.0975561     5.6290   265.9142    68.7037    73.4288
  -2025.00   42256.89  0.0977546     5.6569   263.9481    68.9670    73.3492
  -2015.00   42256.67  0.0980170     5.6907   261.8832    69.2445    73.2330
  -2005.00   42258.85  0.0980216     5.7131   259.6466    69.5842    73.0818
  -1995.00   42261.14  0.0980967     5.7326   257.1548    69.9123    73.0203
  -1985.00   42261.21  0.0983160     5.7584   254.4442    70.2812    72.9896
  -1975.00   42260.59  0.0983680     5.7799   251.7639    70.6222    72.8764
  -1965.00   42261.80  0.0982986     5.7949   249.0011    71.0097    72.7473
  -1955.00   42262.58  0.0982448     5.8082   246.1141    71.4895    72.6747
  -1945.00   42260.43  0.0982331     5.8259   243.4722    71.8649    72.5710
  -1935.00   42258.46  0.0981312     5.8442   241.0224    72.2757    72.3756
  -1925.00   42258.74  0.0978331     5.8536   238.6500    72.7856    72.1671
  -1915.00   42258.60  0.0976790     5.8683   236.4961    73.1781    72.0080
  -1905.00   42256.57  0.0976261     5.8932   234.5123    73.5680    71.7990
  -1895.00   42255.44  0.0973663     5.9124   232.6707    73.9730    71.5177
  -1885.00   42257.06  0.0971868     5.9314   230.8202    74.3216    71.2931
  -1875.00   42258.06  0.0972063     5.9599   228.8439    74.6677    71.1286
  -1865.00   42257.12  0.0972048     5.9904   226.9064    74.9189    70.9263
  -1855.00   42257.69  0.0972089     6.0188   224.7901    75.1880    70.7236
  -1845.00   42260.48  0.0972557     6.0443   222.3494    75.5246    70.6096
  -1835.00   42261.54  0.0974366     6.0737   219.8661    75.7207    70.5440
  -1825.00   42260.68  0.0976344     6.1055   217.2576    75.9712    70.4382
  -1815.00   42260.92  0.0976499     6.1253   214.5009    76.3384    70.3308
  -1805.00   42262.38  0.0977696     6.1430   211.7760    76.6210    70.3031
  -1795.00   42261.89  0.0979533     6.1677   209.1067    76.9482    70.2561
  -1785.00   42258.89  0.0979130     6.1849   206.6126    77.3394    70.1236
  -1775.00   42258.00  0.0978528     6.1952   204.2502    77.7402    70.0046
  -1765.00   42258.54  0.0978511     6.2098   201.9616    78.1819    69.9150
  -1755.00   42257.10  0.0977497     6.2274   199.9455    78.5518    69.7578
  -1745.00   42255.12  0.0976069     6.2433   198.0036    78.9706    69.5399
  -1735.00   42255.86  0.0974210     6.2553   195.9719    79.4637    69.3455
  -1725.00   42258.02  0.0973114     6.2739   194.0343    79.7830    69.1791
  -1715.00   42258.39  0.0972460     6.3006   192.0057    80.1228    68.9590
  -1705.00   42257.85  0.0970587     6.3207   189.7957    80.5361    68.7107
  -1695.00   42260.11  0.0970194     6.3406   187.4746    80.8186    68.5457
  -1685.00   42262.24  0.0971128     6.3719   184.9818    81.0911    68.4039
  -1675.00   42261.49  0.0970903     6.4009   182.4491    81.3578    68.2196
  -1665.00   42260.26  0.0971653     6.4240   179.8325    81.6289    68.0707
  -1655.00   42261.07  0.0973460     6.4500   177.1240    81.9330    67.9987
  -1645.00   42261.57  0.0974845     6.4773   174.6299    82.1265    67.9275
  -1635.00   42259.42  0.0976300     6.5025   172.2089    82.4099    67.8180
  -1625.00   42257.47  0.0977414     6.5196   169.7961    82.8158    67.7379
  -1615.00   42258.00  0.0979026     6.5356   167.6381    83.0833    67.7075
  -1605.00   42258.49  0.0980284     6.5577   165.5685    83.4167    67.6281
  -1595.00   42256.17  0.0979705     6.5715   163.4932    83.8909    67.4860
  -1585.00   42255.54  0.0979873     6.5794   161.4603    84.3010    67.3810
  -1575.00   42257.43  0.0980221     6.5956   159.3460    84.7227    67.2788
  -1565.00   42258.65  0.0978184     6.6127   157.1968    85.1553    67.0942
  -1555.00   42258.04  0.0976582     6.6256   154.8896    85.6179    66.8850
  -1545.00   42258.88  0.0975599     6.6403   152.3599    86.1009    66.7160
  -1535.00   42261.64  0.0973777     6.6614   149.8735    86.4142    66.5418
  -1525.00   42262.73  0.0971968     6.6871   147.2721    86.7732    66.3182
  -1515.00   42260.97  0.0970352     6.7079   144.5391    87.2114    66.1061
  -1505.00   42260.72  0.0970160     6.7302   141.9867    87.4335    65.9721
  -1495.00   42261.35  0.0970406     6.7629   139.5143    87.6529    65.8356
  -1485.00   42260.11  0.0969337     6.7911   137.1305    87.9574    65.6654
  -1475.00   42257.21  0.0970518     6.8121   134.9213    88.1853    65.5627
  -1465.00   42256.49  0.0972799     6.8397   132.8037    88.4117    65.5148
  -1455.00   42257.57  0.0973211     6.8661   130.8850    88.6057    65.4381
  -1445.00   42256.83  0.0974269     6.8853   128.9393    88.9073    65.3403
  -1435.00   42255.70  0.0976276     6.9019   126.8736    89.2840    65.2892
  -1425.00   42256.86  0.0977653     6.9174   124.9103    89.5155    65.2490
  -1415.00   42259.42  0.0977853     6.9352   122.7705    89.8680    65.1380
  -1405.00   42259.25  0.0977447     6.9468   120.3273    90.3921    64.9979
  -1395.00   42258.84  0.0977997     6.9547   117.8613    90.7634    64.8909
  -1385.00   42260.45  0.0977935     6.9722   115.2684    91.1337    64.7583
  -1375.00   42262.29  0.0975159     6.9896   112.5209    91.6254    64.5479
  -1365.00   42261.44  0.0973947     7.0019   109.7634    92.0731    64.3483
  -1355.00   42260.13  0.0973894     7.0213   107.0450    92.4580    64.1940
  -1345.00   42260.67  0.0971688     7.0460   104.5661    92.7346    64.0130
  -1335.00   42261.04  0.0969909     7.0700   102.1687    93.0837    63.8037
  -1325.00   42258.62  0.0969897     7.0924    99.8408    93.4637    63.6460
  -1315.00   42256.61  0.0970442     7.1166    97.8884    93.5939    63.5439
  -1305.00   42256.83  0.0970677     7.1468    96.0266    93.7709    63.4207
  -1295.00   42257.30  0.0970454     7.1711    94.0645    94.1259    63.2846
  -1285.00   42255.91  0.0972704     7.1889    92.2156    94.3220    63.2193
  -1275.00   42255.81  0.0975402     7.2140    90.2966    94.5045    63.1772
  -1265.00   42258.25  0.0975297     7.2364    88.2332    94.7817    63.0843
  -1255.00   42259.96  0.0976744     7.2491    85.9311    95.1414    62.9928
  -1245.00   42259.90  0.0979486     7.2647    83.4000    95.5102    62.9447
  -1235.00   42260.31  0.0980221     7.2804    80.8853    95.7566    62.8781
  -1225.00   42262.41  0.0979831     7.2938    78.1440    96.1781    62.7441
  -1215.00   42262.55  0.0980216     7.3053    75.1825    96.7414    62.6157
  -1205.00   42260.73  0.0980945     7.3150    72.4554    97.0901    62.5108
  -1195.00   42259.62  0.0980061     7.3325    69.8415    97.4547    62.3602
  -1185.00   42260.05  0.0977336     7.3494    67.1943    98.0270    62.1560
  -1175.00   42259.28  0.0976573     7.3613    64.8085    98.4799    61.9795
  -1165.00   42256.97  0.0976371     7.3830    62.6730    98.8055    61.8345
  -1155.00   42256.32  0.0973011     7.4091    60.7268    99.1231    61.6470
  -1145.00   42257.50  0.0970955     7.4305    58.8054    99.4981    61.4548
  -1135.00   42257.35  0.0971419     7.4547    56.8660    99.8247    61.3304
  -1125.00   42256.49  0.0970992     7.4820    55.1159    99.9056    61.2359
  -1115.00   42257.37  0.0970132     7.5100    53.1980   100.0707    61.1167
  -1105.00   42259.71  0.0970637     7.5330    50.9104   100.4203    61.0183
  -1095.00   42260.52  0.0973151     7.5512    48.6309   100.5528    60.9816
  -1085.00   42260.25  0.0975260     7.5748    46.2103   100.6721    60.9430
  -1075.00   42261.32  0.0974949     7.5940    43.5046   101.0130    60.8534
  -1065.00   42262.88  0.0977032     7.6028    40.7105   101.3770    60.7801
  -1055.00   42262.23  0.0980107     7.6172    37.9252   101.7068    60.7313
  -1045.00   42260.34  0.0979559     7.6329    35.3252   101.9996    60.6319
  -1035.00   42259.80  0.0978755     7.6422    32.7342   102.4699    60.4805
  -1025.00   42259.58  0.0979667     7.6540    30.1810   103.0164    60.3496
  -1015.00   42258.20  0.0979720     7.6676    28.0436   103.3198    60.2252
  -1005.00   42256.22  0.0977593     7.6856    26.0446   103.6716    60.0473
   -995.00   42256.32  0.0975440     7.7038    23.9235   104.2213    59.8559
   -985.00   42257.61  0.0975429     7.7186    21.9933   104.5758    59.7051
   -975.00   42257.40  0.0975109     7.7431    20.1390   104.7896    59.5700
   -965.00   42257.38  0.0971918     7.7697    18.1049   105.1127    59.3997
   -955.00   42259.12  0.0971070     7.7885    15.9102   105.4424    59.2504
   -945.00   42261.05  0.0972886     7.8123    13.5719   105.6757    59.1656
   -935.00   42261.48  0.0972319     7.8395    11.2405   105.7646    59.0789
   -925.00   42261.08  0.0971602     7.8615     8.7028   105.9740    58.9696
   -915.00   42261.91  0.0973490     7.8807     5.9172   106.3179    58.9004
   -905.00   42262.69  0.0976304     7.8981     3.3472   106.4391    58.8674
   -895.00   42261.25  0.0977721     7.9181     0.8550   106.5861    58.8061
   -885.00   42259.44  0.0977948     7.9336   358.2376   107.0039    58.7159
   -875.00   42259.03  0.0980618     7.9407   355.8309   107.3613    58.6482
   -865.00   42258.77  0.0983725     7.9543   353.6278   107.6532    58.5870
   -855.00   42257.35  0.0982580     7.9695   351.5184   108.0408    58.4648
   -845.00   42255.95  0.0982040     7.9764   349.4080   108.5482    58.3168
   -835.00   42256.53  0.0983549     7.9879   347.2637   109.0641    58.1969
   -825.00   42257.94  0.0982697     8.0046   345.2986   109.3849    58.0614
   -815.00   42257.78  0.0979903     8.0211   343.1939   109.7986    57.8757
   -805.00   42258.09  0.0978141     8.0390   340.7649   110.3589    57.7056
   -795.00   42260.20  0.0977822     8.0568   338.4114   110.6670    57.5735
   -785.00   42261.90  0.0976397     8.0823   336.0194   110.8706    57.4338
   -775.00   42261.96  0.0973189     8.1088   333.3454   111.2415    57.2792
   -765.00   42261.36  0.0972551     8.1278   330.6743   111.5340    57.1632
   -755.00   42262.02  0.0974133     8.1525   328.1065   111.6792    57.0985
   -745.00   42262.19  0.0972836     8.1803   325.6530   111.8036    57.0140
   -735.00   42260.05  0.0972245     8.1990   323.2437   112.0268    56.9222
   -725.00   42258.14  0.0974732     8.2163   320.8666   112.3109    56.8812
   -715.00   42258.09  0.0976720     8.2345   318.8395   112.4069    56.8485
   -705.00   42257.88  0.0977382     8.2506   316.9003   112.5882    56.7708
   -695.00   42256.45  0.0978291     8.2628   314.7687   113.0286    56.6881
   -685.00   42255.73  0.0980783     8.2699   312.7819   113.3496    56.6227
   -675.00   42257.32  0.0982747     8.2830   310.8294   113.6135    56.5352
   -665.00   42258.66  0.0981395     8.2973   308.6081   114.0815    56.3938
   -655.00   42258.32  0.0981085     8.3041   306.2379   114.5771    56.2467
   -645.00   42258.86  0.0982507     8.3174   303.7424   115.0052    56.1281
   -635.00   42261.17  0.0980443     8.3380   301.2186   115.3451    55.9758
   -625.00   42262.29  0.0977816     8.3546   298.5549   115.7486    55.7929
   -615.00   42261.33  0.0977122     8.3731   295.7019   116.2259    55.6518
   -605.00   42261.01  0.0976444     8.3956   293.1111   116.4415    55.5404
   -595.00   42261.80  0.0974852     8.4206   290.6685   116.6145    55.4068
   -585.00   42261.34  0.0973099     8.4444   288.1474   116.9622    55.2816
   -575.00   42258.52  0.0973586     8.4629   285.8883   117.1731    55.2049
   -565.00   42257.15  0.0975202     8.4858   283.8908   117.2660    55.1498
   -555.00   42257.52  0.0974355     8.5096   281.9365   117.4610    55.0667
   -545.00   42256.92  0.0974904     8.5234   280.0225   117.6997    54.9892
   -535.00   42255.28  0.0978142     8.5376   278.0708   117.9496    54.9563
   -525.00   42255.86  0.0979322     8.5551   276.1929   118.1092    54.9054
   -515.00   42258.28  0.0979894     8.5669   274.1640   118.3676    54.8097
   -505.00   42259.33  0.0981753     8.5761   271.7666   118.8149    54.7289
   -495.00   42258.94  0.0983898     8.5854   269.3527   119.1212    54.6615
   -485.00   42260.42  0.0984904     8.5980   266.8382   119.4261    54.5520
   -475.00   42262.45  0.0984202     8.6108   263.9949   119.9496    54.4106
   -465.00   42262.16  0.0984466     8.6186   261.1497   120.4151    54.2803
   -455.00   42260.31  0.0985472     8.6335   258.3841   120.8016    54.1635
   -445.00   42260.29  0.0982972     8.6549   255.6821   121.2293    54.0079
   -435.00   42260.94  0.0980681     8.6706   253.1357   121.6545    53.8371
   -425.00   42259.18  0.0980438     8.6891   250.6937   122.0686    53.7182
   -415.00   42257.01  0.0978504     8.7152   248.5879   122.3040    53.6103
   -405.00   42257.00  0.0976202     8.7393   246.6713   122.5246    53.4772
   -395.00   42258.05  0.0974979     8.7608   244.6813   122.8518    53.3744
   -385.00   42256.52  0.0974982     8.7822   242.8620   122.9903    53.3227
   -375.00   42255.52  0.0975518     8.8050   241.0834   123.0681    53.2683
   -365.00   42257.19  0.0974880     8.8255   239.0499   123.3045    53.1945
   -355.00   42259.25  0.0975885     8.8377   236.9015   123.4936    53.1426
   -345.00   42259.04  0.0978911     8.8508   234.5811   123.6686    53.1170
   -335.00   42259.31  0.0979435     8.8669   232.0890   123.8979    53.0536
   -325.00   42261.65  0.0980199     8.8752   229.4472   124.2016    52.9532
   -315.00   42263.22  0.0982547     8.8821   226.6062   124.6035    52.8741
   -305.00   42261.48  0.0983567     8.8944   223.8767   124.9103    52.7902
   -295.00   42260.11  0.0983710     8.9069   221.2330   125.2714    52.6537
   -285.00   42260.46  0.0983512     8.9188   218.5384   125.7978    52.5079
   -275.00   42259.85  0.0983409     8.9310   216.1280   126.1769    52.3867
   -265.00   42256.90  0.0983337     8.9495   213.9471   126.5018    52.2616
   -255.00   42255.65  0.0981119     8.9718   211.7986   126.9423    52.1110
   -245.00   42256.93  0.0979595     8.9880   209.8334   127.2919    51.9697
   -235.00   42257.21  0.0979641     9.0077   207.9223   127.5610    51.8788
   -225.00   42256.16  0.0977613     9.0346   206.0113   127.7941    51.7832
   -215.00   42256.77  0.0976226     9.0552   204.0519   128.0202    51.6673
   -205.00   42259.84  0.0976536     9.0721   201.8653   128.2762    51.5952
   -195.00   42260.34  0.0976427     9.0937   199.6268   128.3855    51.5553
   -185.00   42259.49  0.0976898     9.1132   197.2648   128.5069    51.4914
   -175.00   42260.41  0.0977593     9.1279   194.6131   128.7935    51.4190
   -165.00   42262.38  0.0979001     9.1391   191.9832   128.9592    51.3770
   -155.00   42261.91  0.0981382     9.1516   189.3629   129.1226    51.3368
   -145.00   42259.83  0.0982093     9.1657   186.6857   129.4453    51.2550
   -135.00   42259.60  0.0983669     9.1721   184.1524   129.7720    51.1572
   -125.00   42260.49  0.0986247     9.1787   181.7281   130.1175    51.0810
   -115.00   42258.45  0.0986525     9.1931   179.4680   130.4698    50.9842
   -105.00   42255.95  0.0986902     9.2047   177.3359   130.8923    50.8401
    -95.00   42256.23  0.0987777     9.2146   175.1869   131.4043    50.7053
    -85.00   42257.45  0.0987091     9.2302   173.1928   131.7650    50.5936
    -75.00   42256.59  0.0986092     9.2500   171.1946   132.1289    50.4601
    -65.00   42256.13  0.0984483     9.2708   168.9769   132.6196    50.3151
    -55.00   42258.47  0.0983119     9.2882   166.7747   132.9376    50.2003
    -45.00   42260.91  0.0982025     9.3102   164.4732   133.1660    50.1182
    -35.00   42260.69  0.0979426     9.3375   161.9515   133.4547    50.0268
    -25.00   42260.22  0.0978350     9.3566   159.3915   133.6838    49.9308
    -15.00   42262.24  0.0978729     9.3728   156.7780   133.8511    49.8843
     -5.00   42262.54  0.0977492     9.3955   154.1882   133.9644    49.8505
      5.00   42260.38  0.0977524     9.4131   151.6723   134.1191    49.7843
     15.00   42258.68  0.0979281     9.4233   149.1702   134.3731    49.7242
     25.00   42259.11  0.0980272     9.4352   146.9153   134.4990    49.6903
     35.00   42258.92  0.0981571     9.4475   144.8004   134.6768    49.6319
     45.00   42256.38  0.0982781     9.4583   142.6441   135.0606    49.5331
     55.00   42255.60  0.0984741     9.4646   140.6669   135.3570    49.4400
     65.00   42257.46  0.0986627     9.4730   138.7223   135.6526    49.3544
     75.00   42257.78  0.0986072     9.4892   136.6404   136.0686    49.2357
     85.00   42256.77  0.0986599     9.5013   134.4898   136.4987    49.0893
     95.00   42257.66  0.0987853     9.5121   132.1973   136.9157    48.9680
    105.00   42260.31  0.0986117     9.5324   129.8080   137.2460    48.8620
    115.00   42261.17  0.0984543     9.5540   127.2612   137.6146    48.7289
    125.00   42260.17  0.0984064     9.5726   124.5136   138.0500    48.6034
    135.00   42260.88  0.0982837     9.5920   121.8861   138.2598    48.5231
    145.00   42262.54  0.0981240     9.6148   119.2875   138.4427    48.4498
    155.00   42261.55  0.0979418     9.6386   116.6179   138.7562    48.3636
    165.00   42259.04  0.0979569     9.6545   114.2086   138.9253    48.2938
    175.00   42258.59  0.0980380     9.6689   112.0132   139.0135    48.2582
    185.00   42258.85  0.0979169     9.6895   109.8868   139.1770    48.2150
    195.00   42257.39  0.0979992     9.7031   107.8883   139.3862    48.1408
    205.00   42255.36  0.0982946     9.7095   105.9700   139.5964    48.0845
    215.00   42256.04  0.0983730     9.7217   104.1335   139.7326    48.0435
    225.00   42257.97  0.0984674     9.7338   102.1962   139.9848    47.9631
    235.00   42257.59  0.0986987     9.7414   100.0088   140.4109    47.8565
    245.00   42257.57  0.0989105     9.7489    97.8234   140.6770    47.7732
    255.00   42259.80  0.0990336     9.7596    95.4764   140.9692    47.6822
    265.00   42261.77  0.0989946     9.7754    92.7789   141.4763    47.5525
    275.00   42261.43  0.0991028     9.7874    90.0322   141.9132    47.4200
    285.00   42260.54  0.0992261     9.7994    87.2876   142.2691    47.3138
    295.00   42261.49  0.0989835     9.8220    84.5062   142.6508    47.2070
    305.00   42261.85  0.0988234     9.8436    81.7613   143.0867    47.0751
    315.00   42259.57  0.0988386     9.8607    79.1455   143.4909    46.9667
    325.00   42257.82  0.0986256     9.8829    76.8655   143.6716    46.9026
    335.00   42258.15  0.0983652     9.9071    74.7355   143.8836    46.8279
    345.00   42258.06  0.0982285     9.9281    72.5989   144.2316    46.7446
    355.00   42256.44  0.0982182     9.9440    70.7673   144.3323    46.7003
    365.00   42255.79  0.0982015     9.9593    69.0476   144.3587    46.6728
    375.00   42257.46  0.0980528     9.9780    67.1206   144.5678    46.6215
    385.00   42258.63  0.0981914     9.9885    65.1236   144.7677    46.5553
    395.00   42258.09  0.0984999     9.9935    63.0508   144.9016    46.5075
    405.00   42258.76  0.0985083    10.0061    60.7970   145.0520    46.4564
    415.00   42261.19  0.0986089    10.0173    58.2685   145.3713    46.3577
    425.00   42262.05  0.0989319    10.0227    55.5150   145.7992    46.2461
    435.00   42261.28  0.0990773    10.0330    52.8420   146.0454    46.1617
    445.00   42261.04  0.0990850    10.0477    50.1332   146.3615    46.0559
    455.00   42261.82  0.0990798    10.0638    47.2703   146.9192    45.9138
    465.00   42261.17  0.0991775    10.0780    44.6731   147.2998    45.7970
    475.00   42258.61  0.0991987    10.0942    42.3415   147.5610    45.7052
    485.00   42257.50  0.0988996    10.1186    40.0596   147.9411    45.5992
    495.00   42257.82  0.0987973    10.1390    37.9168   148.3259    45.4846
    505.00   42257.18  0.0988803    10.1545    35.9512   148.6007    45.4042
    515.00   42255.97  0.0986299    10.1770    34.1404   148.7267    45.3538
    525.00   42256.55  0.0984087    10.1990    32.2472   148.9385    45.2804
    535.00   42258.59  0.0984540    10.2139    30.1540   149.2577    45.2037
    545.00   42259.58  0.0984826    10.2281    28.1384   149.3158    45.1713
    555.00   42259.40  0.0984417    10.2431    26.0030   149.3544    45.1363
    565.00   42260.68  0.0983884    10.2578    23.4858   149.6441    45.0653
    575.00   42262.38  0.0986115    10.2661    20.9205   149.8384    45.0028
    585.00   42262.34  0.0989230    10.2719    18.3630   149.9503    44.9544
    595.00   42261.00  0.0988953    10.2852    15.7024   150.1712    44.8862
    605.00   42260.86  0.0990612    10.2955    12.9967   150.5314    44.7814
    615.00   42261.08  0.0994721    10.3001    10.3777   150.9268    44.6760
    625.00   42259.98  0.0995782    10.3125     8.0251   151.1790    44.5930
    635.00   42257.78  0.0995523    10.3292     5.7482   151.5530    44.4792
    645.00   42257.26  0.0996424    10.3432     3.4327   152.1331    44.3370
    655.00   42257.75  0.0997351    10.3581     1.3929   152.4885    44.2347
    665.00   42257.01  0.0996610    10.3779   359.4752   152.7565    44.1477
    675.00   42256.24  0.0993495    10.4022   357.3688   153.2111    44.0355
    685.00   42257.33  0.0992530    10.4217   355.2419   153.5816    43.9367
    695.00   42259.39  0.0992852    10.4385   353.1130   153.7923    43.8765
    705.00   42260.16  0.0989394    10.4625   350.8616   153.9514    43.8288
    715.00   42260.30  0.0987022    10.4834   348.3981   154.1873    43.7606
    725.00   42261.68  0.0987971    10.4954   345.7825   154.4433    43.7008
    735.00   42263.11  0.0987644    10.5098   343.2778   154.4701    43.6792
    745.00   42262.29  0.0986689    10.5254   340.7479   154.5378    43.6379
    755.00   42260.65  0.0987052    10.5363   338.0603   154.8575    43.5582
    765.00   42260.15  0.0989268    10.5433   335.6209   155.0148    43.5010
    775.00   42260.09  0.0991769    10.5512   333.4028   155.1106    43.4460
    785.00   42258.32  0.0991453    10.5648   331.1613   155.4213    43.3517
    795.00   42256.68  0.0993300    10.5749   329.0167   155.7832    43.2421
    805.00   42256.73  0.0997057    10.5811   327.0017   156.1201    43.1404
    815.00   42257.78  0.0996972    10.5975   325.0810   156.3898    43.0483
    825.00   42257.05  0.0996438    10.6166   323.0232   156.7926    42.9291
    835.00   42256.73  0.0997653    10.6302   320.7794   157.3175    42.7982
    845.00   42258.47  0.0997709    10.6471   318.6075   157.5920    42.7155
    855.00   42260.30  0.0996169    10.6703   316.3045   157.8371    42.6356
    865.00   42260.45  0.0993859    10.6926   313.6740   158.2819    42.5282
    875.00   42260.50  0.0993296    10.7096   311.0467   158.5615    42.4534
    885.00   42262.02  0.0993324    10.7269   308.4786   158.6846    42.4111
    895.00   42263.04  0.0990399    10.7494   305.8519   158.8658    42.3564
    905.00   42261.46  0.0989272    10.7662   303.2417   159.0903    42.2900
    915.00   42259.67  0.0991078    10.7753   300.7747   159.2790    42.2407
    925.00   42259.55  0.0990750    10.7890   298.5859   159.3208    42.2114
    935.00   42258.99  0.0990387    10.8038   296.4902   159.4497    42.1522
    945.00   42256.71  0.0992211    10.8114   294.3618   159.7799    42.0648
    955.00   42255.40  0.0994429    10.8179   292.4791   159.9336    42.0073
    965.00   42256.53  0.0996310    10.8285   290.6751   160.0642    41.9429
    975.00   42257.46  0.0996875    10.8414   288.6352   160.4489    41.8306
    985.00   42257.05  0.0999098    10.8507   286.5225   160.8056    41.7256
    995.00   42257.48  0.1002384    10.8591   284.3331   161.1099    41.6359
   1005.00   42260.22  0.1001970    10.8775   281.9640   161.4514    41.5336
   1015.00   42261.33  0.1001963    10.8965   279.3476   161.8804    41.4162
   1025.00   42260.63  0.1003715    10.9097   276.5552   162.3652    41.3019
   1035.00   42260.75  0.1002963    10.9288   273.8538   162.6526    41.2277
   1045.00   42262.09  0.1001089    10.9540   271.1255   162.9512    41.1472
   1055.00   42261.95  0.0999600    10.9748   268.3238   163.4044    41.0431
   1065.00   42259.59  0.0998645    10.9913   265.8011   163.6468    40.9858
   1075.00   42258.56  0.0997472    11.0115   263.5253   163.7749    40.9523
   1085.00   42259.19  0.0994580    11.0332   261.3341   164.0095    40.8888
   1095.00   42258.00  0.0993670    11.0472   259.3075   164.2019    40.8292
   1105.00   42255.70  0.0994951    11.0564   257.4378   164.3208    40.7953
   1115.00   42255.63  0.0993954    11.0704   255.6643   164.4008    40.7571
   1125.00   42257.27  0.0993847    11.0835   253.8063   164.5612    40.6854
   1135.00   42257.42  0.0996420    11.0887   251.7584   164.8415    40.5996
   1145.00   42256.87  0.0998092    11.0958   249.6940   164.9898    40.5395
   1155.00   42258.65  0.0999350    11.1092   247.4501   165.1837    40.4587
   1165.00   42261.40  0.1000700    11.1216   244.8656   165.6046    40.3308
   1175.00   42261.64  0.1002663    11.1315   242.2134   165.9296    40.2281
   1185.00   42260.63  0.1004716    11.1453   239.5181   166.2141    40.1447
   1195.00   42261.65  0.1004012    11.1665   236.7336   166.6141    40.0311
   1205.00   42262.30  0.1003959    11.1858   233.9930   167.0022    39.9193
   1215.00   42260.48  0.1005285    11.2006   231.3726   167.3665    39.8308
   1225.00   42258.00  0.1003715    11.2221   228.9938   167.6337    39.7646
   1235.00   42257.80  0.1002054    11.2464   226.7565   167.9152    39.6875
   1245.00   42258.27  0.1001626    11.2634   224.5959   168.2764    39.5971
   1255.00   42256.22  0.1000577    11.2780   222.6954   168.4364    39.5544
   1265.00   42255.07  0.0999530    11.2979   220.8598   168.5689    39.5186
   1275.00   42256.81  0.0998125    11.3155   218.9199   168.8335    39.4424
   1285.00   42258.29  0.0998035    11.3252   216.9844   168.9826    39.3827
   1295.00   42257.84  0.0999222    11.3352   214.9464   169.0799    39.3499
   1305.00   42258.09  0.0998730    11.3493   212.7256   169.2449    39.2921
   1315.00   42260.67  0.0999520    11.3601   210.3268   169.4425    39.2068
   1325.00   42262.16  0.1002426    11.3651   207.7513   169.6746    39.1276
   1335.00   42260.87  0.1003661    11.3744   205.1479   169.8502    39.0641
   1345.00   42260.41  0.1005198    11.3892   202.4706   170.1105    38.9716
   1355.00   42261.75  0.1007656    11.4003   199.7220   170.5281    38.8440
   1365.00   42261.29  0.1009349    11.4103   197.1701   170.8216    38.7495
   1375.00   42258.62  0.1010884    11.4279   194.7398   171.1333    38.6673
   1385.00   42257.42  0.1011141    11.4493   192.3640   171.6020    38.5456
   1395.00   42258.17  0.1011433    11.4668   190.1917   171.9832    38.4366
   1405.00   42257.60  0.1012031    11.4842   188.1373   172.3110    38.3653
   1415.00   42255.46  0.1010134    11.5081   186.1345   172.6496    38.2959
   1425.00   42255.75  0.1008706    11.5315   184.1324   172.9678    38.2168
   1435.00   42258.22  0.1008293    11.5472   182.0517   173.2770    38.1450
   1445.00   42258.48  0.1005995    11.5632   179.9633   173.4344    38.1125
   1455.00   42258.07  0.1004480    11.5835   177.7083   173.6004    38.0748
   1465.00   42259.79  0.1003873    11.5982   175.2445   173.8648    37.9991
   1475.00   42262.22  0.1003183    11.6055   172.7869   173.9620    37.9473
   1485.00   42262.19  0.1003410    11.6171   170.2254   174.0552    37.9136
   1495.00   42260.44  0.1003475    11.6313   167.5716   174.2809    37.8384
   1505.00   42260.93  0.1004794    11.6392   165.0205   174.4689    37.7420
   1515.00   42261.50  0.1007143    11.6460   162.5496   174.6566    37.6662
   1525.00   42259.24  0.1007744    11.6592   160.1952   174.8875    37.5890
   1535.00   42256.87  0.1009584    11.6752   157.9589   175.1886    37.4789
   1545.00   42257.16  0.1012428    11.6868   155.8090   175.5590    37.3571
   1555.00   42257.83  0.1012889    11.6999   153.8316   175.8286    37.2702
   1565.00   42256.55  0.1013607    11.7215   151.8354   176.1568    37.1856
   1575.00   42255.68  0.1014608    11.7428   149.7440   176.6099    37.0668
   1585.00   42257.85  0.1014542    11.7582   147.7035   176.9079    36.9728
   1595.00   42259.61  0.1014089    11.7779   145.5151   177.1795    36.9182
   1605.00   42258.88  0.1012478    11.8020   143.1201   177.5318    36.8479
   1615.00   42259.09  0.1011835    11.8207   140.6577   177.8003    36.7676
   1625.00   42261.39  0.1011551    11.8346   138.0862   178.0147    36.7144
   1635.00   42262.31  0.1008955    11.8508   135.4662   178.1855    36.6796
   1645.00   42260.88  0.1008148    11.8691   132.8185   178.3741    36.6259
   1655.00   42260.08  0.1009011    11.8804   130.2168   178.5942    36.5496
   1665.00   42261.00  0.1008174    11.8866   127.8477   178.6720    36.4971
   1675.00   42260.62  0.1008276    11.8998   125.5495   178.8053    36.4502
   1685.00   42257.57  0.1009796    11.9135   123.3249   179.0758    36.3586
   1695.00   42256.62  0.1011710    11.9189   121.3710   179.2324    36.2586
   1705.00   42257.46  0.1013710    11.9279   119.4636   179.4094    36.1862
   1715.00   42257.11  0.1014591    11.9441   117.4924   179.7212    36.0976
   1725.00   42255.75  0.1017258    11.9587   115.5302   180.0382    35.9775
   1735.00   42256.69  0.1020401    11.9704   113.4743   180.3590    35.8699
   1745.00   42259.34  0.1020274    11.9862   111.2877   180.6683    35.7880
   1755.00   42260.27  0.1021067    12.0093   108.8643   181.0593    35.6958
   1765.00   42259.63  0.1023044    12.0295   106.2541   181.5037    35.5839
   1775.00   42261.00  0.1022388    12.0445   103.6572   181.7815    35.5039
   1785.00   42262.64  0.1021103    12.0669   100.9011   182.0930    35.4536
   1795.00   42261.73  0.1019977    12.0918    98.0440   182.5128    35.3797
   1805.00   42259.71  0.1019236    12.1074    95.4230   182.7517    35.3031
   1815.00   42259.55  0.1017970    12.1223    92.9220   182.9327    35.2648
   1825.00   42259.95  0.1014759    12.1404    90.5232   183.1673    35.2263
   1835.00   42258.26  0.1014094    12.1564    88.3309   183.3739    35.1581
   1845.00   42256.41  0.1014873    12.1660    86.3423   183.5182    35.0910
   1855.00   42256.84  0.1013132    12.1728    84.5365   183.5870    35.0392
   1865.00   42258.04  0.1013002    12.1869    82.6723   183.7637    34.9737
   1875.00   42256.91  0.1015562    12.1996    80.7443   184.0212    34.8720
   1885.00   42256.52  0.1017103    12.2041    78.9021   184.1319    34.7718
   1895.00   42258.29  0.1018327    12.2163    76.8286   184.3177    34.6953
   1905.00   42260.19  0.1019905    12.2359    74.4232   184.7054    34.5927
   1915.00   42260.03  0.1022735    12.2499    71.9710   185.0079    34.4672
   1925.00   42260.18  0.1024981    12.2639    69.3858   185.2755    34.3749
   1935.00   42261.94  0.1024085    12.2844    66.6255   185.6299    34.2982
   1945.00   42262.80  0.1024865    12.3079    63.7999   186.0407    34.1999
   1955.00   42261.05  0.1026776    12.3269    61.0672   186.3976    34.1050
   1965.00   42259.57  0.1024908    12.3421    58.5642   186.6167    34.0428
   1975.00   42259.47  0.1023148    12.3646    56.1067   186.9164    33.9907
   1985.00   42258.92  0.1023246    12.3867    53.7400   187.3030    33.9136
   1995.00   42256.68  0.1022458    12.3978    51.7603   187.4529    33.8408
   2005.00   42255.75  0.1020936    12.4118    49.8629   187.5864    33.8028
   2015.00   42256.95  0.1018847    12.4300    47.8980   187.8617    33.7497
   2025.00   42257.68  0.1019402    12.4418    46.0331   188.0532    33.6622
   2035.00   42257.30  0.1020391    12.4505    44.1547   188.1529    33.5974
   2045.00   42257.99  0.1018569    12.4596    42.1551   188.2613    33.5417
   2055.00   42260.36  0.1019293    12.4737    39.8969   188.4977    33.4544
   2065.00   42261.28  0.1022760    12.4857    37.4789   188.7334    33.3537
   2075.00   42260.80  0.1023816    12.4909    35.0713   188.8360    33.2613
   2085.00   42260.95  0.1024672    12.5055    32.4365   189.0649    33.1803
   2095.00   42262.19  0.1027657    12.5259    29.6025   189.4877    33.0719
   2105.00   42261.90  0.1030809    12.5381    26.9737   189.7730    32.9485
   2115.00   42260.00  0.1032425    12.5537    24.4305   190.0324    32.8656
   2125.00   42259.01  0.1031915    12.5776    21.8657   190.4621    32.7870
   2135.00   42259.17  0.1033396    12.5997    19.4804   190.8989    32.6787
   2145.00   42258.15  0.1035059    12.6182    17.3149   191.2248    32.5953
   2155.00   42256.36  0.1032137    12.6361    15.3063   191.4864    32.5439
   2165.00   42256.08  0.1030008    12.6590    13.2650   191.8402    32.4840
   2175.00   42257.45  0.1030461    12.6793    11.2111   192.1985    32.4094
   2185.00   42257.96  0.1028481    12.6889     9.3170   192.3225    32.3482
   2195.00   42257.92  0.1025719    12.7032     7.2542   192.4636    32.3112
   2205.00   42259.25  0.1024230    12.7213     4.9086   192.7616    32.2490
   2215.00   42261.57  0.1024778    12.7292     2.5924   192.9069    32.1552
   2225.00   42262.14  0.1025145    12.7376     0.1754   192.9746    32.0913
   2235.00   42261.51  0.1023273    12.7500   357.5858   193.1423    32.0282
   2245.00   42261.78  0.1024755    12.7632   354.9309   193.3991    31.9187
   2255.00   42262.19  0.1028341    12.7756   352.3473   193.6016    31.8163
   2265.00   42261.25  0.1028656    12.7845   349.9448   193.7297    31.7283
   2275.00   42259.01  0.1029231    12.8026   347.5269   194.0246    31.6345
   2285.00   42258.22  0.1032633    12.8241   345.1635   194.4251    31.5245
   2295.00   42258.50  0.1034870    12.8362   343.1218   194.6672    31.4114
   2305.00   42257.39  0.1035039    12.8540   341.1337   194.9207    31.3372
   2315.00   42256.14  0.1034799    12.8800   339.0097   195.3660    31.2588
   2325.00   42256.70  0.1036053    12.8985   336.9904   195.7363    31.1518
   2335.00   42258.24  0.1036735    12.9146   334.9817   195.9769    31.0805
   2345.00   42258.77  0.1033530    12.9341   332.7990   196.2519    31.0349
   2355.00   42258.72  0.1031944    12.9542   330.4282   196.5950    30.9622
   2365.00   42260.31  0.1032764    12.9704   327.9624   196.8654    30.8872
   2375.00   42262.38  0.1030483    12.9791   325.5256   196.9642    30.8314
   2385.00   42262.32  0.1028004    12.9934   322.9238   197.1304    30.7819
   2395.00   42261.34  0.1028093    13.0103   320.1946   197.4183    30.7061
   2405.00   42261.58  0.1028790    13.0157   317.7190   197.5283    30.6097
   2415.00   42261.67  0.1029056    13.0241   315.3494   197.5941    30.5421
   2425.00   42260.03  0.1028422    13.0399   312.9600   197.8303    30.4681
   2435.00   42257.72  0.1030643    13.0515   310.7675   198.0842    30.3470
   2445.00   42257.23  0.1034111    13.0628   308.7581   198.2657    30.2452
   2455.00   42257.74  0.1034236    13.0754   306.8505   198.4468    30.1628
   2465.00   42256.42  0.1035560    13.0943   304.8599   198.7918    30.0562
   2475.00   42255.71  0.1039295    13.1148   302.8094   199.1739    29.9473
   2485.00   42257.28  0.1040715    13.1271   300.8376   199.4173    29.8474
   2495.00   42259.06  0.1040549    13.1468   298.6511   199.7264    29.7725
   2505.00   42259.37  0.1041289    13.1734   296.1429   200.1963    29.6921
   2515.00   42259.44  0.1042159    13.1896   293.6297   200.5528    29.5910
   2525.00   42261.41  0.1041677    13.2050   291.0479   200.7985    29.5292
   2535.00   42262.82  0.1038767    13.2275   288.2566   201.1425    29.4844
   2545.00   42261.59  0.1037403    13.2459   285.4784   201.4910    29.4040
   2555.00   42260.40  0.1037402    13.2590   282.8399   201.7236    29.3328
   2565.00   42260.91  0.1034081    13.2695   280.3873   201.8578    29.2850
   2575.00   42260.58  0.1031634    13.2842   278.0301   202.0543    29.2213
   2585.00   42258.28  0.1032163    13.2991   275.7897   202.2993    29.1354
   2595.00   42256.63  0.1031866    13.3036   273.8757   202.3884    29.0424
   2605.00   42257.26  0.1031411    13.3129   272.0536   202.4746    28.9678
   2615.00   42257.43  0.1031985    13.3311   270.1128   202.7380    28.8776
   2625.00   42255.85  0.1034207    13.3417   268.2503   202.9651    28.7497
   2635.00   42255.90  0.1036836    13.3526   266.3416   203.1366    28.6490
   2645.00   42258.35  0.1036886    13.3709   264.2092   203.3960    28.5671
   2655.00   42259.52  0.1038547    13.3908   261.8726   203.7458    28.4514
   2665.00   42259.24  0.1041763    13.4100   259.3611   204.0876    28.3461
   2675.00   42260.22  0.1041665    13.4248   256.7931   204.3438    28.2661
   2685.00   42262.46  0.1041128    13.4456   254.0646   204.6715    28.1897
   2695.00   42262.84  0.1042109    13.4706   251.2116   205.0795    28.1078
   2705.00   42260.60  0.1041949    13.4840   248.5471   205.3633    28.0192
   2715.00   42260.01  0.1040603    13.4978   246.0153   205.5906    27.9616
   2725.00   42260.33  0.1038748    13.5200   243.5015   205.9242    27.9071
   2735.00   42258.75  0.1037884    13.5345   241.2474   206.1990    27.8156
   2745.00   42256.07  0.1037676    13.5439   239.2155   206.3778    27.7412
   2755.00   42255.90  0.1034902    13.5564   237.2748   206.5585    27.6893
   2765.00   42257.26  0.1033629    13.5704   235.4025   206.7642    27.6045
   2775.00   42256.93  0.1034793    13.5828   233.5219   206.9653    27.5072
   2785.00   42256.00  0.1034148    13.5883   231.6663   207.0756    27.4216
   2795.00   42257.80  0.1033998    13.5992   229.6615   207.2219    27.3389
   2805.00   42260.17  0.1035767    13.6175   227.3841   207.4868    27.2377
   2815.00   42260.03  0.1037686    13.6269   225.0435   207.6866    27.1147
   2825.00   42259.40  0.1039771    13.6374   222.5544   207.8764    27.0195
   2835.00   42260.99  0.1040833    13.6587   219.8242   208.2013    26.9344
   2845.00   42262.40  0.1042938    13.6777   217.0992   208.5348    26.8129
   2855.00   42260.97  0.1045783    13.6944   214.3997   208.8513    26.7089
   2865.00   42259.36  0.1045497    13.7128   211.7645   209.1798    26.6399
   2875.00   42259.81  0.1045599    13.7345   209.2516   209.5551    26.5559
   2885.00   42260.06  0.1046715    13.7574   206.8613   209.9453    26.4674
   2895.00   42257.30  0.1045384    13.7709   204.7029   210.2419    26.3942
   2905.00   42255.73  0.1043596    13.7853   202.6644   210.5298    26.3382
   2915.00   42256.58  0.1042308    13.8068   200.6088   210.8812    26.2752
   2925.00   42257.33  0.1040486    13.8186   198.6872   211.1217    26.1845
   2935.00   42256.09  0.1038999    13.8255   196.7488   211.2954    26.1133
   2945.00   42256.62  0.1036554    13.8397   194.6176   211.5284    26.0561
   2955.00   42259.55  0.1035487    13.8525   192.4278   211.7206    25.9563
   2965.00   42261.11  0.1035982    13.8616   190.1071   211.8756    25.8502
   2975.00   42260.29  0.1034797    13.8701   187.6355   212.0260    25.7693
   2985.00   42260.73  0.1035202    13.8835   185.0671   212.2148    25.6739
   2995.00   42262.34  0.1037452    13.9015   182.4146   212.4577    25.5593
   3005.00   42261.82  0.1038209    13.9123   179.8501   212.6505    25.4455
   3015.00   42259.12  0.1039633    13.9252   177.3415   212.8776    25.3541
   3025.00   42258.30  0.1041481    13.9488   174.8418   213.2258    25.2639
   3035.00   42259.12  0.1042876    13.9667   172.5911   213.5188    25.1447
   3045.00   42257.88  0.1044189    13.9807   170.4666   213.8010    25.0488
   3055.00   42255.91  0.1043842    14.0016   168.3428   214.1616    24.9857
   3065.00   42256.19  0.1044241    14.0217   166.3427   214.5030    24.8959
   3075.00   42258.24  0.1044752    14.0388   164.3538   214.8149    24.8005
   3085.00   42257.64  0.1042576    14.0523   162.2822   215.1047    24.7381
   3095.00   42256.89  0.1041320    14.0662   160.1197   215.3916    24.6750
   3105.00   42258.57  0.1041094    14.0844   157.7979   215.6912    24.5946
   3115.00   42260.99  0.1038702    14.0938   155.4153   215.8966    24.5056
   3125.00   42260.72  0.1037025    14.1000   152.9092   216.0822    24.4323
   3135.00   42260.10  0.1036111    14.1153   150.2339   216.3368    24.3628
   3145.00   42261.48  0.1035570    14.1268   147.6690   216.5010    24.2528
   3155.00   42262.56  0.1035528    14.1332   145.1535   216.6429    24.1440
   3165.00   42260.50  0.1034790    14.1450   142.6350   216.8515    24.0642
   3175.00   42258.34  0.1036297    14.1597   140.3131   217.0503    23.9587
   3185.00   42258.50  0.1038870    14.1748   138.1459   217.2575    23.8347
   3195.00   42258.44  0.1039023    14.1868   136.0788   217.4819    23.7311
   3205.00   42256.22  0.1040841    14.2016   134.0791   217.7545    23.6390
   3215.00   42255.28  0.1043922    14.2245   132.0645   218.0991    23.5400
   3225.00   42257.14  0.1044884    14.2409   130.1234   218.3846    23.4257
   3235.00   42258.46  0.1045484    14.2539   128.0510   218.7086    23.3373
   3245.00   42257.99  0.1045974    14.2762   125.7330   219.1273    23.2729
   3255.00   42258.49  0.1046645    14.2954   123.3965   219.4639    23.1795
   3265.00   42261.36  0.1046098    14.3081   120.9206   219.7741    23.0863
   3275.00   42261.97  0.1043414    14.3233   118.1980   220.1397    23.0310
   3285.00   42260.69  0.1042345    14.3379   115.4669   220.4585    22.9630
   3295.00   42260.47  0.1041860    14.3522   112.7836   220.7186    22.8706
   3305.00   42261.60  0.1038177    14.3613   110.1407   220.9506    22.7891
   3315.00   42261.00  0.1035922    14.3682   107.6058   221.1803    22.7135
   3325.00   42258.45  0.1035833    14.3834   105.2042   221.4212    22.6275
   3335.00   42257.73  0.1034580    14.3938   103.1059   221.5479    22.5129
   3345.00   42258.65  0.1033626    14.3992   101.1318   221.6955    22.4033
   3355.00   42257.59  0.1033573    14.4138    99.1257   221.9508    22.3167
   3365.00   42255.79  0.1035452    14.4299    97.3071   222.1225    22.2006
   3375.00   42256.36  0.1037411    14.4426    95.5011   222.2895    22.0730
   3385.00   42258.27  0.1037133    14.4569    93.4670   222.5712    21.9786
   3395.00   42258.54  0.1039207    14.4742    91.3070   222.8738    21.8860
   3405.00   42258.18  0.1042430    14.4952    89.0105   223.1724    21.7806
   3415.00   42260.00  0.1042017    14.5101    86.5684   223.4539    21.6795
   3425.00   42262.31  0.1041868    14.5228    83.9026   223.8083    21.5994
   3435.00   42261.99  0.1042906    14.5440    81.0626   224.2208    21.5299
   3445.00   42260.76  0.1042801    14.5603    78.3748   224.4902    21.4337
   3455.00   42261.30  0.1041174    14.5688    75.7159   224.7669    21.3430
   3465.00   42261.36  0.1038899    14.5835    72.9934   225.1528    21.2826
   3475.00   42259.51  0.1038561    14.5979    70.5569   225.4316    21.2003
   3485.00   42257.27  0.1037893    14.6077    68.3991   225.6141    21.0951
   3495.00   42257.24  0.1034356    14.6167    66.2852   225.8594    21.0130
   3505.00   42257.84  0.1033117    14.6252    64.2917   226.1135    20.9298
   3515.00   42256.44  0.1034233    14.6391    62.4274   226.3119    20.8261
   3525.00   42255.98  0.1032636    14.6485    60.6422   226.4314    20.7136
   3535.00   42257.77  0.1031696    14.6540    58.7394   226.6109    20.6080
   3545.00   42259.33  0.1033085    14.6694    56.5830   226.9003    20.5143
   3555.00   42259.34  0.1034993    14.6850    54.4449   227.0521    20.3944
   3565.00   42259.55  0.1036302    14.6950    52.1582   227.2098    20.2704
   3575.00   42261.43  0.1036589    14.7101    49.4983   227.5550    20.1803
   3585.00   42262.53  0.1039576    14.7289    46.7834   227.8783    20.0832
   3595.00   42261.28  0.1042874    14.7471    44.1036   228.1500    19.9715
   3605.00   42260.36  0.1041967    14.7617    41.3717   228.4827    19.8799
   3615.00   42260.81  0.1042250    14.7759    38.6500   228.8997    19.8035
   3625.00   42260.26  0.1044238    14.7962    36.0475   229.3272    19.7247
   3635.00   42258.21  0.1042996    14.8105    33.7595   229.6122    19.6309
   3645.00   42256.84  0.1040330    14.8177    31.5882   229.9310    19.5469
