  -7305.00   42255.60  0.0680958     2.9359    74.8381   174.2411   176.0456
  -7295.00   42255.77  0.0682891     2.9506    73.0525   175.1082   175.3932
  -7285.00   42255.55  0.0683906     2.9645    71.2687   175.9531   174.6138
  -7275.00   42257.39  0.0684467     2.9730    69.2162   176.7806   173.9545
  -7265.00   42259.61  0.0685307     2.9855    66.7642   177.6125   173.5260
  -7255.00   42259.88  0.0686957     3.0032    64.3534   178.3761   172.9979
  -7245.00   42258.97  0.0687747     3.0145    61.9216   179.1286   172.4545
  -7235.00   42259.70  0.0686461     3.0159    59.3066   179.9080   172.0669
  -7225.00   42259.95  0.0686603     3.0220    56.7895   180.6452   171.6800
  -7215.00   42257.96  0.0687280     3.0298    54.4700   181.3756   171.2447
  -7205.00   42255.82  0.0685228     3.0258    52.4015   182.1191   170.7100
  -7195.00   42255.46  0.0683633     3.0198    50.4230   182.8905   170.2079
  -7185.00   42255.55  0.0683246     3.0197    48.5053   183.6882   169.7691
  -7175.00   42254.02  0.0682354     3.0207    46.9728   184.4364   169.1000
  -7165.00   42253.41  0.0680725     3.0162    45.4700   185.2610   168.3663
  -7155.00   42254.93  0.0679054     3.0129    43.7525   186.1195   167.7910
  -7145.00   42256.49  0.0679424     3.0215    42.1233   186.8943   167.1214
  -7135.00   42256.20  0.0679686     3.0316    40.4596   187.7057   166.3261
  -7125.00   42256.80  0.0678128     3.0358    38.5336   188.5302   165.6213
  -7115.00   42258.90  0.0678583     3.0482    36.3851   189.2874   165.0308
  -7105.00   42260.07  0.0680657     3.0695    34.0977   190.0464   164.4458
  -7095.00   42259.35  0.0680852     3.0859    31.8410   190.7567   163.7928
  -7085.00   42259.11  0.0680952     3.0981    29.4286   191.4621   163.2681
  -7075.00   42259.89  0.0682298     3.1148    26.8539   192.1853   162.9331
  -7065.00   42259.65  0.0683849     3.1341    24.5873   192.8247   162.4760
  -7055.00   42257.22  0.0683976     3.1447    22.4836   193.4899   161.9802
  -7045.00   42255.91  0.0682871     3.1476    20.3102   194.2068   161.6671
  -7035.00   42255.93  0.0683392     3.1568    18.3748   194.8737   161.3100
  -7025.00   42255.19  0.0684034     3.1652    16.6672   195.5664   160.8270
  -7015.00   42253.63  0.0681660     3.1613    15.0212   196.3008   160.3124
  -7005.00   42253.73  0.0680300     3.1598    13.3276   197.0551   159.8154
  -6995.00   42255.62  0.0680678     3.1653    11.5517   197.8429   159.3177
  -6985.00   42256.47  0.0679579     3.1690     9.9131   198.5869   158.6192
  -6975.00   42256.67  0.0677952     3.1704     8.0703   199.4036   157.8908
  -6965.00   42258.00  0.0677211     3.1761     5.8744   200.2484   157.3309
  -6955.00   42260.28  0.0678163     3.1929     3.7581   200.9676   156.6700
  -6945.00   42260.35  0.0678529     3.2096     1.5840   201.7355   155.9030
  -6935.00   42259.33  0.0677510     3.2210   359.1773   202.5171   155.3072
  -6925.00   42259.30  0.0678889     3.2427   356.7811   203.1834   154.8272
  -6915.00   42259.64  0.0681530     3.2698   354.5043   203.8625   154.2991
  -6905.00   42258.30  0.0681728     3.2877   352.3846   204.5173   153.7724
  -6895.00   42256.21  0.0682161     3.3035   350.2774   205.1620   153.3910
  -6885.00   42255.61  0.0684199     3.3234   348.1920   205.8395   153.1217
  -6875.00   42256.05  0.0685480     3.3411   346.4521   206.4442   152.7186
  -6865.00   42254.73  0.0685046     3.3494   344.7531   207.1222   152.2790
  -6855.00   42253.59  0.0684173     3.3527   342.8492   207.8808   151.9975
  -6845.00   42254.53  0.0684619     3.3630   341.0811   208.5529   151.6346
  -6835.00   42256.10  0.0684431     3.3706   339.3379   209.2884   151.0882
  -6825.00   42256.34  0.0681731     3.3677   337.3614   210.0959   150.5688
  -6815.00   42256.66  0.0680395     3.3721   335.2254   210.8559   150.0878
  -6805.00   42258.72  0.0680718     3.3850   333.0000   211.6352   149.5291
  -6795.00   42260.53  0.0679100     3.3928   330.8154   212.3728   148.8507
  -6785.00   42260.18  0.0677359     3.4018   328.4766   213.1268   148.2170
  -6775.00   42259.24  0.0677240     3.4182   325.9762   213.8919   147.7321
  -6765.00   42259.71  0.0677859     3.4411   323.7945   214.4936   147.1618
  -6755.00   42259.29  0.0677744     3.4619   321.7328   215.1332   146.5324
  -6745.00   42257.06  0.0676996     3.4781   319.5877   215.8123   146.0996
  -6735.00   42255.14  0.0678345     3.5040   317.6882   216.3277   145.7536
  -6725.00   42255.19  0.0680265     3.5319   316.0046   216.8756   145.3053
  -6715.00   42255.22  0.0679920     3.5477   314.3693   217.4478   144.8941
  -6705.00   42253.85  0.0680344     3.5644   312.6738   217.9811   144.6243
  -6695.00   42253.59  0.0682350     3.5864   310.9089   218.5668   144.3691
  -6685.00   42255.59  0.0682912     3.6015   309.2506   219.1075   143.9901
  -6675.00   42256.69  0.0682329     3.6094   307.3793   219.7238   143.6051
  -6665.00   42256.50  0.0682195     3.6166   305.1342   220.4404   143.3406
  -6655.00   42257.30  0.0682656     3.6290   302.9463   221.0537   142.9732
  -6645.00   42259.43  0.0682111     3.6378   300.6943   221.7533   142.4293
  -6635.00   42260.22  0.0679994     3.6379   298.1863   222.5495   141.9453
  -6625.00   42258.99  0.0679300     3.6483   295.7006   223.2405   141.5070
  -6615.00   42258.76  0.0679529     3.6667   293.3535   223.9738   140.9255
  -6605.00   42259.48  0.0677884     3.6776   291.1878   224.6856   140.2871
  -6595.00   42258.39  0.0676726     3.6926   289.0939   225.3450   139.7522
  -6585.00   42255.83  0.0677498     3.7188   287.0692   226.0229   139.2989
  -6575.00   42254.94  0.0678112     3.7462   285.4322   226.5520   138.7853
  -6565.00   42255.29  0.0678227     3.7705   283.8883   227.0917   138.2757
  -6555.00   42254.41  0.0678804     3.7936   282.1644   227.6901   137.9601
  -6545.00   42252.97  0.0680780     3.8234   280.5852   228.1181   137.7017
  -6535.00   42253.85  0.0682587     3.8513   278.9943   228.6163   137.3309
  -6525.00   42256.08  0.0682660     3.8656   277.1493   229.1977   137.0220
  -6515.00   42256.43  0.0683738     3.8822   275.1074   229.6979   136.8387
  -6505.00   42256.46  0.0685670     3.9038   272.8886   230.2988   136.5722
  -6495.00   42258.48  0.0685572     3.9145   270.6186   230.9221   136.1907
  -6485.00   42260.32  0.0684895     3.9203   268.1547   231.5700   135.8371
  -6475.00   42259.82  0.0685138     3.9314   265.4813   232.3074   135.5383
  -6465.00   42258.54  0.0685006     3.9453   263.0346   232.9630   135.1194
  -6455.00   42258.83  0.0683814     3.9559   260.6999   233.6844   134.5793
  -6445.00   42258.98  0.0682164     3.9626   258.3302   234.4671   134.1336
  -6435.00   42256.57  0.0681669     3.9807   256.2505   235.0802   133.7347
  -6425.00   42254.64  0.0681358     4.0050   254.4176   235.7558   133.1915
  -6415.00   42254.97  0.0679576     4.0200   252.7305   236.4295   132.6573
  -6405.00   42255.11  0.0678750     4.0400   251.1339   236.9473   132.2778
  -6395.00   42253.71  0.0679472     4.0724   249.5423   237.5055   131.8975
  -6385.00   42253.31  0.0679397     4.1000   248.0808   237.9804   131.4723
  -6375.00   42255.38  0.0679126     4.1223   246.4959   238.4192   131.1059
  -6365.00   42256.73  0.0680058     4.1489   244.5814   238.9078   130.8772
  -6355.00   42256.29  0.0681498     4.1782   242.6568   239.2573   130.6571
  -6345.00   42257.04  0.0682516     4.2026   240.5685   239.6976   130.3377
  -6335.00   42259.51  0.0682803     4.2165   238.1532   240.2387   130.0949
  -6325.00   42260.15  0.0683959     4.2339   235.6958   240.6349   129.9479
  -6315.00   42258.82  0.0685455     4.2556   233.1981   241.1751   129.6685
  -6305.00   42258.52  0.0685165     4.2647   230.7423   241.8131   129.3004
  -6295.00   42259.26  0.0684847     4.2709   228.3751   242.3808   129.0040
  -6285.00   42258.19  0.0685365     4.2868   226.0746   243.0381   128.6942
  -6275.00   42255.35  0.0684937     4.3022   224.0958   243.6930   128.2525
  -6265.00   42254.51  0.0683821     4.3135   222.2886   244.3760   127.7579
  -6255.00   42255.25  0.0683004     4.3270   220.4779   245.0849   127.3573
  -6245.00   42254.18  0.0682605     4.3511   218.9141   245.6230   126.9658
  -6235.00   42252.94  0.0682202     4.3790   217.3933   246.2369   126.4596
  -6225.00   42254.18  0.0681151     4.3987   215.7451   246.8715   126.0079
  -6215.00   42256.44  0.0681074     4.4247   214.0625   247.2587   125.7228
  -6205.00   42256.97  0.0682015     4.4622   212.1986   247.7176   125.3899
  -6195.00   42256.71  0.0682256     4.4909   210.2083   248.1846   125.0273
  -6185.00   42258.89  0.0682834     4.5127   208.0380   248.5428   124.7879
  -6175.00   42260.54  0.0684563     4.5430   205.6156   248.9583   124.6137
  -6165.00   42259.54  0.0685994     4.5714   203.2422   249.3207   124.4048
  -6155.00   42258.24  0.0687143     4.5900   200.8341   249.7854   124.1327
  -6145.00   42258.77  0.0688381     4.6046   198.3224   250.3481   123.9307
  -6135.00   42258.79  0.0689530     4.6218   196.0619   250.7600   123.7690
  -6125.00   42256.47  0.0690475     4.6410   193.9333   251.3545   123.4495
  -6115.00   42254.74  0.0690440     4.6495   191.8779   252.0947   123.0769
  -6105.00   42255.35  0.0690356     4.6576   190.0454   252.6571   122.8001
  -6095.00   42255.58  0.0690442     4.6786   188.2815   253.3059   122.4580
  -6085.00   42253.64  0.0689503     4.6968   186.6137   254.0288   121.9953
  -6075.00   42253.52  0.0688489     4.7100   184.9516   254.6766   121.5698
  -6065.00   42255.68  0.0687994     4.7323   183.1363   255.2944   121.2306
  -6055.00   42256.72  0.0686992     4.7620   181.3455   255.7902   120.8678
  -6045.00   42256.37  0.0686165     4.7905   179.3935   256.3419   120.4428
  -6035.00   42257.55  0.0685719     4.8139   177.1835   256.8931   120.1127
  -6025.00   42260.07  0.0685490     4.8430   174.9933   257.1696   119.9116
  -6015.00   42260.82  0.0685671     4.8800   172.6817   257.5491   119.6354
  -6005.00   42258.96  0.0685817     4.9059   170.2920   258.0179   119.3358
  -5995.00   42258.91  0.0686584     4.9255   168.0109   258.2805   119.1843
  -5985.00   42259.31  0.0687921     4.9559   165.7563   258.6122   119.0336
  -5975.00   42257.56  0.0688522     4.9818   163.6831   259.0026   118.8034
  -5965.00   42254.88  0.0689599     4.9955   161.7393   259.4275   118.5691
  -5955.00   42254.43  0.0691220     5.0122   159.8213   259.9110   118.3892
  -5945.00   42255.29  0.0691855     5.0312   158.1475   260.2893   118.2011
  -5935.00   42254.33  0.0692297     5.0481   156.4715   260.8672   117.8701
  -5925.00   42253.46  0.0692974     5.0588   154.6717   261.5683   117.5308
  -5915.00   42255.09  0.0693226     5.0706   152.9617   262.0378   117.2816
  -5905.00   42257.39  0.0692939     5.0947   151.1039   262.6340   116.9312
  -5895.00   42256.98  0.0692201     5.1150   149.0454   263.3799   116.4789
  -5885.00   42256.99  0.0691846     5.1303   146.9232   263.9360   116.1216
  -5875.00   42258.95  0.0691655     5.1593   144.6405   264.4475   115.8189
  -5865.00   42260.30  0.0690343     5.1934   142.3306   264.9499   115.4559
  -5855.00   42259.18  0.0689771     5.2217   139.9727   265.4517   115.0900
  -5845.00   42258.34  0.0690339     5.2507   137.5814   265.8839   114.8440
  -5835.00   42259.11  0.0690303     5.2845   135.4434   266.0835   114.6794
  -5825.00   42259.15  0.0690428     5.3205   133.3632   266.4294   114.4354
  -5815.00   42256.37  0.0691720     5.3457   131.3239   266.8744   114.2037
  -5805.00   42254.93  0.0693425     5.3654   129.5778   267.0557   114.1124
  -5795.00   42255.37  0.0694979     5.3947   127.8847   267.3571   113.9724
  -5785.00   42254.97  0.0695936     5.4169   126.1744   267.8692   113.7214
  -5775.00   42253.33  0.0697757     5.4259   124.5118   268.3160   113.5122
  -5765.00   42253.60  0.0699823     5.4435   122.7418   268.7984   113.3270
  -5755.00   42256.05  0.0700003     5.4640   120.9401   269.2988   113.0738
  -5745.00   42256.97  0.0700217     5.4779   118.9187   269.9750   112.7169
  -5735.00   42256.97  0.0701290     5.4927   116.6639   270.6764   112.3948
  -5725.00   42258.28  0.0701177     5.5115   114.4550   271.1260   112.1442
  -5715.00   42260.59  0.0700050     5.5386   112.0619   271.7430   111.7847
  -5705.00   42260.24  0.0699521     5.5626   109.4927   272.4929   111.3832
  -5695.00   42258.60  0.0699338     5.5823   107.1096   272.9328   111.1122
  -5685.00   42258.38  0.0698713     5.6161   104.8067   273.3335   110.8654
  -5675.00   42258.74  0.0697106     5.6514   102.5737   273.8615   110.5394
  -5665.00   42256.97  0.0696731     5.6763   100.5320   274.3007   110.2598
  -5655.00   42254.86  0.0697441     5.7066    98.6691   274.6089   110.0903
  -5645.00   42254.79  0.0696754     5.7411    97.0784   274.7918   109.9374
  -5635.00   42255.58  0.0696404     5.7707    95.4806   275.1552   109.7086
  -5625.00   42254.40  0.0697998     5.7941    93.8420   275.5469   109.5236
  -5615.00   42253.60  0.0699315     5.8145    92.3855   275.6509   109.4469
  -5605.00   42255.12  0.0699952     5.8416    90.7653   275.9230   109.2902
  -5595.00   42256.84  0.0701108     5.8616    88.8238   276.4720   109.0360
  -5585.00   42256.74  0.0703094     5.8698    86.8346   276.8427   108.8547
  -5575.00   42256.98  0.0704868     5.8892    84.6701   277.2187   108.6800
  -5565.00   42259.21  0.0704747     5.9115    82.3089   277.7737   108.3908
  -5555.00   42260.40  0.0705282     5.9231    79.7880   278.4377   108.0514
  -5545.00   42259.49  0.0706761     5.9411    77.2256   279.0453   107.7640
  -5535.00   42258.48  0.0706226     5.9664    74.8923   279.4552   107.5047
  -5525.00   42258.96  0.0704889     5.9936    72.5500   280.0777   107.1427
  -5515.00   42258.25  0.0705053     6.0207    70.2493   280.7744   106.7856
  -5505.00   42255.75  0.0705020     6.0463    68.3691   281.0933   106.5627
  -5495.00   42254.34  0.0703949     6.0839    66.6647   281.4082   106.3353
  -5485.00   42254.90  0.0702969     6.1209    64.9388   281.9284   106.0389
  -5475.00   42254.76  0.0703472     6.1456    63.3817   282.2637   105.8300
  -5465.00   42253.64  0.0704552     6.1781    61.9036   282.4361   105.7152
  -5455.00   42254.18  0.0704039     6.2141    60.3981   282.6359   105.5616
  -5445.00   42256.45  0.0704612     6.2378    58.6540   283.0112   105.3577
  -5435.00   42257.33  0.0707285     6.2594    56.7146   283.3546   105.2126
  -5425.00   42257.12  0.0708743     6.2813    54.7987   283.4690   105.1262
  -5415.00   42258.25  0.0709300     6.3042    52.5901   283.8368   104.9319
  -5405.00   42260.04  0.0711528     6.3220    50.0525   284.4576   104.6722
  -5395.00   42260.01  0.0713917     6.3313    47.6142   284.8474   104.4899
  -5385.00   42258.52  0.0715006     6.3529    45.2035   285.2430   104.2895
  -5375.00   42258.43  0.0715008     6.3774    42.7008   285.9292   103.9619
  -5365.00   42258.71  0.0715882     6.3899    40.3281   286.6065   103.6407
  -5355.00   42257.17  0.0717200     6.4123    38.1841   287.1315   103.3927
  -5345.00   42255.03  0.0715780     6.4451    36.3179   287.5816   103.1225
  -5335.00   42254.71  0.0714243     6.4724    34.4904   288.2043   102.7901
  -5325.00   42255.12  0.0714781     6.5006    32.7146   288.8014   102.5071
  -5315.00   42254.31  0.0714185     6.5318    31.2484   289.0291   102.3354
  -5305.00   42253.62  0.0712266     6.5688    29.7379   289.3217   102.1330
  -5295.00   42255.06  0.0711705     6.6029    27.9702   289.8163   101.8835
  -5285.00   42257.06  0.0712411     6.6258    26.2201   290.0574   101.7355
  -5275.00   42257.35  0.0712812     6.6570    24.3919   290.1599   101.6467
  -5265.00   42257.71  0.0711961     6.6908    22.3182   290.4294   101.4772
  -5255.00   42259.53  0.0712752     6.7090    20.0281   290.7943   101.2903
  -5245.00   42260.66  0.0715402     6.7283    17.6625   291.0646   101.1687
  -5235.00   42259.80  0.0716013     6.7529    15.4111   291.2045   101.0522
  -5225.00   42258.58  0.0716140     6.7726    13.0468   291.6138   100.8334
  -5215.00   42258.54  0.0718647     6.7890    10.6370   292.1775   100.5887
  -5205.00   42258.18  0.0720788     6.8023     8.5639   292.4860   100.4170
  -5195.00   42255.96  0.0721013     6.8257     6.6436   292.8661   100.1974
  -5185.00   42254.53  0.0721357     6.8511     4.6747   293.5444    99.8712
  -5175.00   42254.90  0.0722599     6.8652     2.8888   294.1237    99.5850
  -5165.00   42255.03  0.0723593     6.8910     1.2752   294.5283    99.3663
  -5155.00   42254.28  0.0722028     6.9285   359.6527   295.0151    99.0825
  -5145.00   42254.44  0.0720823     6.9559   357.9040   295.6014    98.7749
  -5135.00   42256.42  0.0721823     6.9848   356.0668   296.0625    98.5503
  -5125.00   42257.74  0.0720863     7.0230   354.2976   296.2448    98.3922
  -5115.00   42257.66  0.0718913     7.0601   352.3036   296.5376    98.1975
  -5105.00   42258.41  0.0719256     7.0921   350.0180   296.9643    97.9914
  -5095.00   42260.22  0.0720429     7.1174   347.8173   297.0899    97.8906
  -5085.00   42260.52  0.0720889     7.1484   345.6087   297.1594    97.8090
  -5075.00   42259.29  0.0721047     7.1792   343.2468   297.4860    97.6322
  -5065.00   42258.59  0.0722936     7.1936   340.9426   297.8259    97.4656
  -5055.00   42258.69  0.0726124     7.2108   338.8188   298.0544    97.3558
  -5045.00   42257.67  0.0726945     7.2366   336.8798   298.3196    97.1896
  -5035.00   42255.24  0.0727633     7.2532   334.9401   298.8393    96.9369
  -5025.00   42254.37  0.0730588     7.2681   333.0575   299.4110    96.6958
  -5015.00   42254.98  0.0732165     7.2880   331.4567   299.7478    96.5066
  -5005.00   42254.53  0.0731769     7.3141   329.8215   300.2279    96.2510
  -4995.00   42253.93  0.0732281     7.3413   327.9761   300.9291    95.9351
  -4985.00   42255.05  0.0733220     7.3605   326.1713   301.4291    95.6942
  -4975.00   42257.25  0.0733183     7.3910   324.3404   301.7764    95.5031
  -4965.00   42258.28  0.0731657     7.4308   322.2486   302.2893    95.2379
  -4955.00   42258.13  0.0730671     7.4573   319.9772   302.8196    94.9833
  -4945.00   42259.55  0.0731448     7.4851   317.6764   303.1439    94.8303
  -4935.00   42260.87  0.0730012     7.5252   315.4163   303.3448    94.6827
  -4925.00   42260.12  0.0728133     7.5582   313.0708   303.6686    94.4941
  -4915.00   42258.50  0.0728851     7.5839   310.6939   304.0424    94.3262
  -4905.00   42258.23  0.0729318     7.6106   308.6386   304.1280    94.2395
  -4895.00   42258.16  0.0729029     7.6395   306.7442   304.2326    94.1354
  -4885.00   42256.45  0.0729429     7.6658   304.8262   304.5936    93.9453
  -4875.00   42254.52  0.0731081     7.6796   303.0983   304.8714    93.7953
  -4865.00   42254.68  0.0733317     7.6970   301.5547   305.0389    93.6891
  -4855.00   42255.37  0.0733810     7.7236   300.0037   305.3577    93.4913
  -4845.00   42254.33  0.0734663     7.7387   298.3182   305.8588    93.2372
  -4835.00   42254.08  0.0737489     7.7526   296.5447   306.3303    93.0258
  -4825.00   42255.96  0.0738270     7.7781   294.7921   306.6557    92.8273
  -4815.00   42257.70  0.0737796     7.8050   292.7938   307.1557    92.5541
  -4805.00   42257.86  0.0738742     7.8310   290.4937   307.8016    92.2582
  -4795.00   42258.30  0.0739335     7.8561   288.2138   308.2032    92.0504
  -4785.00   42260.21  0.0738672     7.8906   285.9080   308.5289    91.8601
  -4775.00   42261.12  0.0737631     7.9313   283.4451   309.0223    91.6039
  -4765.00   42259.34  0.0737116     7.9592   281.0312   309.4491    91.3929
  -4755.00   42258.22  0.0737585     7.9893   278.8346   309.6576    91.2826
  -4745.00   42258.11  0.0736359     8.0313   276.8080   309.8621    91.1394
  -4735.00   42257.24  0.0735280     8.0616   274.8894   310.1556    90.9611
  -4725.00   42254.64  0.0736840     8.0830   273.0904   310.4222    90.8359
  -4715.00   42253.72  0.0737350     8.1118   271.5709   310.4992    90.7513
  -4705.00   42254.72  0.0737461     8.1382   270.1041   310.6637    90.6195
  -4695.00   42254.73  0.0739110     8.1580   268.4825   311.0493    90.4200
  -4685.00   42253.92  0.0741202     8.1731   266.8836   311.3107    90.2738
  -4675.00   42254.89  0.0743198     8.1919   265.2212   311.5377    90.1425
  -4665.00   42257.31  0.0744227     8.2177   263.2999   311.9815    89.9033
  -4655.00   42257.93  0.0745598     8.2338   261.1475   312.5023    89.6471
  -4645.00   42257.51  0.0748162     8.2504   258.8589   312.9481    89.4538
  -4635.00   42258.70  0.0748366     8.2822   256.5133   313.3607    89.2390
  -4625.00   42260.47  0.0747857     8.3111   254.0366   313.9023    88.9633
  -4615.00   42259.82  0.0748898     8.3360   251.4866   314.4811    88.7099
  -4605.00   42258.21  0.0748672     8.3679   249.1577   314.8314    88.5386
  -4595.00   42258.05  0.0747425     8.4044   246.9803   315.1792    88.3595
  -4585.00   42258.24  0.0746620     8.4407   244.8692   315.6503    88.1280
  -4575.00   42256.06  0.0746011     8.4687   242.9856   315.9751    87.9686
  -4565.00   42253.88  0.0745766     8.4985   241.3389   316.1507    87.8819
  -4555.00   42253.84  0.0744558     8.5369   239.7734   316.4019    87.7355
  -4545.00   42254.73  0.0743637     8.5624   238.2380   316.6815    87.5654
  -4535.00   42253.64  0.0744848     8.5799   236.6939   316.8781    87.4639
  -4525.00   42253.61  0.0744709     8.6089   235.1453   316.9991    87.3659
  -4515.00   42255.99  0.0744521     8.6332   233.4361   317.2275    87.2039
  -4505.00   42257.87  0.0746185     8.6475   231.4652   317.5727    87.0098
  -4495.00   42257.89  0.0747501     8.6657   229.4048   317.7893    86.8681
  -4485.00   42258.10  0.0748715     8.6871   227.2028   318.0422    86.7173
  -4475.00   42259.95  0.0749883     8.7105   224.8012   318.4982    86.4647
  -4465.00   42260.33  0.0751072     8.7285   222.3633   318.9295    86.2288
  -4455.00   42258.31  0.0752953     8.7485   219.9811   319.2987    86.0525
  -4445.00   42257.18  0.0753089     8.7830   217.6893   319.7365    85.8281
  -4435.00   42257.72  0.0752832     8.8126   215.5133   320.2429    85.5593
  -4425.00   42256.80  0.0753814     8.8370   213.4823   320.7043    85.3435
  -4415.00   42254.51  0.0753129     8.8744   211.6996   321.0203    85.1858
  -4405.00   42253.78  0.0752009     8.9131   210.0386   321.3784    85.0030
  -4395.00   42255.01  0.0751707     8.9453   208.4089   321.7844    84.7948
  -4385.00   42254.64  0.0750956     8.9762   206.8746   322.0042    84.6717
  -4375.00   42253.51  0.0750548     9.0082   205.3287   322.1558    84.5926
  -4365.00   42254.52  0.0750142     9.0427   203.6352   322.4136    84.4424
  -4355.00   42257.04  0.0749869     9.0655   201.8157   322.6291    84.2931
  -4345.00   42257.46  0.0751164     9.0818   199.8528   322.7637    84.2073
  -4335.00   42257.23  0.0751592     9.1100   197.7327   322.9410    84.0909
  -4325.00   42258.88  0.0752344     9.1314   195.4680   323.2279    83.9004
  -4315.00   42260.56  0.0754622     9.1418   193.0970   323.5537    83.7095
  -4305.00   42259.66  0.0755853     9.1631   190.7668   323.8105    83.5552
  -4295.00   42257.73  0.0757285     9.1884   188.4668   324.1732    83.3642
  -4285.00   42257.77  0.0759120     9.2099   186.2222   324.6795    83.0998
  -4275.00   42257.60  0.0760022     9.2322   184.1642   325.0946    82.8807
  -4265.00   42255.26  0.0761118     9.2589   182.2592   325.4825    82.7115
  -4255.00   42253.39  0.0761392     9.2954   180.4506   325.9784    82.4859
  -4245.00   42254.13  0.0761116     9.3257   178.7585   326.4515    82.2486
  -4235.00   42254.92  0.0761381     9.3507   177.1193   326.8300    82.0831
  -4225.00   42254.00  0.0760141     9.3898   175.4787   327.1580    81.9453
  -4215.00   42254.10  0.0759142     9.4266   173.7563   327.5274    81.7690
  -4205.00   42256.69  0.0758902     9.4516   171.9127   327.8700    81.5956
  -4195.00   42258.09  0.0757427     9.4817   169.9768   328.0604    81.4937
  -4185.00   42257.58  0.0756602     9.5132   167.8815   328.2588    81.4013
  -4175.00   42258.02  0.0756544     9.5406   165.6418   328.5412    81.2391
  -4165.00   42259.85  0.0755899     9.5613   163.3726   328.7264    81.1010
  -4155.00   42260.04  0.0756140     9.5784   161.0932   328.8608    81.0133
  -4145.00   42258.01  0.0756401     9.6056   158.8241   329.0970    80.8721
  -4135.00   42257.30  0.0757087     9.6255   156.6769   329.3717    80.6742
  -4125.00   42257.92  0.0758716     9.6350   154.6706   329.6273    80.5001
  -4115.00   42256.70  0.0759124     9.6587   152.8020   329.8861    80.3446
  -4105.00   42254.23  0.0760492     9.6861   151.0368   330.2614    80.1314
  -4095.00   42253.96  0.0762571     9.7048   149.3628   330.7001    79.8785
  -4085.00   42255.07  0.0762877     9.7293   147.7672   331.0499    79.6801
  -4075.00   42254.65  0.0763483     9.7615   146.1146   331.4409    79.5060
  -4065.00   42253.78  0.0764279     9.7971   144.3666   331.9278    79.2766
  -4055.00   42255.35  0.0764036     9.8279   142.5590   332.3237    79.0658
  -4045.00   42257.85  0.0763661     9.8566   140.6039   332.6416    78.9293
  -4035.00   42258.00  0.0762409     9.8976   138.4649   332.9837    78.7958
  -4025.00   42257.76  0.0761782     9.9333   136.2307   333.3104    78.6276
  -4015.00   42259.49  0.0761599     9.9557   133.9455   333.5504    78.4897
  -4005.00   42260.61  0.0759765     9.9859   131.6310   333.7124    78.4052
  -3995.00   42259.28  0.0759318    10.0174   129.3206   333.9279    78.2959
  -3985.00   42257.55  0.0760259    10.0382   127.1353   334.1629    78.1320
  -3975.00   42257.63  0.0759919    10.0568   125.1292   334.3015    78.0024
  -3965.00   42257.53  0.0760294    10.0760   123.2310   334.4751    77.8973
  -3955.00   42255.04  0.0761731    10.1006   121.4406   334.7791    77.7192
  -3945.00   42253.70  0.0763142    10.1196   119.8247   335.0549    77.5126
  -3935.00   42254.73  0.0764804    10.1317   118.2759   335.3165    77.3416
  -3925.00   42255.19  0.0765392    10.1592   116.6513   335.6793    77.1693
  -3915.00   42254.37  0.0767109    10.1891   114.9768   336.1083    76.9392
  -3905.00   42254.77  0.0769302    10.2083   113.2314   336.5193    76.7073
  -3895.00   42257.30  0.0768844    10.2361   111.3217   336.8839    76.5378
  -3885.00   42258.52  0.0769141    10.2732   109.1743   337.3354    76.3629
  -3875.00   42257.90  0.0770188    10.3064   106.8939   337.8134    76.1489
  -3865.00   42258.59  0.0769364    10.3353   104.5777   338.1485    75.9789
  -3855.00   42260.38  0.0768192    10.3664   102.1503   338.4706    75.8665
  -3845.00   42260.03  0.0767036    10.4045    99.6782   338.8618    75.7319
  -3835.00   42258.15  0.0766305    10.4350    97.3800   339.1566    75.5735
  -3825.00   42257.55  0.0765531    10.4545    95.2668   339.3429    75.4587
  -3815.00   42257.84  0.0763165    10.4828    93.2510   339.5532    75.3731
  -3805.00   42256.56  0.0762712    10.5119    91.3977   339.8105    75.2377
  -3795.00   42254.17  0.0763593    10.5277    89.7867   340.0006    75.0733
  -3785.00   42254.06  0.0762435    10.5446    88.3004   340.1183    74.9506
  -3775.00   42255.22  0.0762365    10.5668    86.7625   340.3436    74.8248
  -3765.00   42254.62  0.0764051    10.5885    85.1959   340.6582    74.6271
  -3755.00   42254.26  0.0764974    10.6063    83.6331   340.8795    74.4289
  -3745.00   42256.06  0.0765785    10.6223    81.9020   341.1144    74.2691
  -3735.00   42258.22  0.0766448    10.6513    79.8737   341.5218    74.0845
  -3725.00   42258.70  0.0768043    10.6811    77.7259   341.9214    73.8553
  -3715.00   42258.41  0.0769794    10.7011    75.5032   342.2444    73.6479
  -3705.00   42259.95  0.0768785    10.7317    73.0928   342.6105    73.4951
  -3695.00   42260.74  0.0769160    10.7714    70.5845   343.0683    73.3136
  -3685.00   42259.14  0.0770523    10.8028    68.1798   343.4858    73.1115
  -3675.00   42257.53  0.0769018    10.8313    65.9610   343.7452    72.9729
  -3665.00   42257.48  0.0767671    10.8665    63.7946   344.0639    72.8662
  -3655.00   42257.13  0.0767207    10.9024    61.7593   344.4518    72.7266
  -3645.00   42255.14  0.0766485    10.9287    60.0421   344.6645    72.5828
  -3635.00   42253.97  0.0765348    10.9490    58.4891   344.7899    72.4865
  -3625.00   42254.85  0.0763479    10.9762    56.9042   345.0222    72.3934
  -3615.00   42255.50  0.0763804    11.0013    55.3710   345.2632    72.2393
  -3605.00   42254.62  0.0765089    11.0139    53.9046   345.3902    72.0781
  -3595.00   42255.11  0.0763986    11.0301    52.2919   345.5189    71.9551
  -3585.00   42257.28  0.0764843    11.0545    50.4078   345.8106    71.7970
  -3575.00   42258.48  0.0767736    11.0745    48.3745   346.1501    71.5800
  -3565.00   42258.27  0.0768724    11.0922    46.2700   346.3771    71.3865
  -3555.00   42258.94  0.0769486    11.1154    43.9459   346.6890    71.2248
  -3545.00   42260.48  0.0770980    11.1470    41.4263   347.1864    71.0272
  -3535.00   42260.52  0.0772647    11.1768    39.0000   347.6058    70.8080
  -3525.00   42258.54  0.0773535    11.2004    36.7163   347.9183    70.6337
  -3515.00   42257.66  0.0772131    11.2338    34.4200   348.3446    70.4979
  -3505.00   42257.45  0.0772318    11.2724    32.2662   348.8125    70.3242
  -3495.00   42256.21  0.0773418    11.2999    30.3862   349.1693    70.1473
  -3485.00   42254.06  0.0770821    11.3258    28.6871   349.4142    70.0383
  -3475.00   42253.76  0.0769227    11.3602    26.9888   349.7511    69.9294
  -3465.00   42254.97  0.0769294    11.3902    25.3299   350.1297    69.7810
  -3455.00   42255.01  0.0768008    11.4100    23.8183   350.3029    69.6468
  -3445.00   42254.85  0.0766212    11.4311    22.2024   350.4556    69.5506
  -3435.00   42256.34  0.0764620    11.4567    20.3441   350.7493    69.4369
  -3425.00   42258.51  0.0764883    11.4773    18.4230   350.9866    69.2698
  -3415.00   42258.92  0.0765391    11.4898    16.4544   351.0935    69.1164
  -3405.00   42258.57  0.0763587    11.5074    14.2626   351.2724    68.9935
  -3395.00   42259.45  0.0764320    11.5324    11.9108   351.5819    68.8185
  -3385.00   42260.47  0.0767199    11.5509     9.6002   351.8714    68.6032
  -3375.00   42259.37  0.0767280    11.5680     7.3886   352.0672    68.4267
  -3365.00   42257.76  0.0767703    11.5959     5.1460   352.3974    68.2623
  -3355.00   42257.44  0.0769658    11.6275     2.9551   352.8769    68.0570
  -3345.00   42257.33  0.0771099    11.6546     1.0379   353.2305    67.8497
  -3335.00   42255.50  0.0771250    11.6825   359.2779   353.5229    67.6944
  -3325.00   42253.92  0.0769988    11.7184   357.4717   353.9722    67.5592
  -3315.00   42254.16  0.0770173    11.7551   355.7669   354.4037    67.3887
  -3305.00   42255.16  0.0770813    11.7819   354.1969   354.6741    67.2352
  -3295.00   42254.66  0.0767718    11.8083   352.5274   354.9201    67.1454
  -3285.00   42255.00  0.0766149    11.8423   350.6837   355.2416    67.0347
  -3275.00   42257.23  0.0766748    11.8681   348.7514   355.5419    66.8868
  -3265.00   42258.98  0.0765151    11.8832   346.8054   355.6533    66.7688
  -3255.00   42259.06  0.0763645    11.9053   344.6460   355.8136    66.6676
  -3245.00   42259.08  0.0763287    11.9293   342.2892   356.1205    66.5304
  -3235.00   42260.26  0.0764209    11.9446   340.0290   356.3159    66.3536
  -3225.00   42260.33  0.0765005    11.9591   337.8389   356.4334    66.1988
  -3215.00   42258.40  0.0764135    11.9800   335.5842   356.7019    66.0592
  -3205.00   42256.96  0.0765718    12.0054   333.4360   357.0546    65.8632
  -3195.00   42257.00  0.0768830    12.0252   331.5308   357.3342    65.6523
  -3185.00   42256.35  0.0768671    12.0451   329.7575   357.5894    65.4906
  -3175.00   42254.45  0.0769291    12.0777   327.9712   357.9949    65.3236
  -3165.00   42253.72  0.0771556    12.1097   326.2293   358.4817    65.1233
  -3155.00   42254.97  0.0772220    12.1337   324.6372   358.8094    64.9450
  -3145.00   42255.28  0.0771747    12.1646   322.9443   359.1458    64.8108
  -3135.00   42254.77  0.0770748    12.2002   321.0130   359.6373    64.6790
  -3125.00   42255.68  0.0770702    12.2302   319.0493     0.0434    64.5183
  -3115.00   42258.09  0.0770361    12.2546   317.0462     0.2879    64.3876
  -3105.00   42259.07  0.0767192    12.2797   314.7993     0.5857    64.3023
  -3095.00   42258.75  0.0765675    12.3097   312.4123     0.9358    64.1801
  -3085.00   42259.39  0.0766027    12.3308   310.0745     1.1941    64.0311
  -3075.00   42260.67  0.0763757    12.3431   307.8214     1.3242    63.9206
  -3065.00   42259.83  0.0762126    12.3655   305.5519     1.5295    63.8076
  -3055.00   42257.57  0.0762219    12.3883   303.3407     1.8504    63.6496
  -3045.00   42256.78  0.0762384    12.3998   301.4441     2.0212    63.4763
  -3035.00   42256.71  0.0762460    12.4163   299.7097     2.1561    63.3253
  -3025.00   42255.30  0.0761869    12.4401   297.9533     2.4692    63.1729
  -3015.00   42253.47  0.0763223    12.4631   296.3312     2.8004    62.9711
  -3005.00   42253.84  0.0765384    12.4833   294.8391     3.0353    62.7745
  -2995.00   42255.42  0.0764777    12.5060   293.2487     3.3120    62.6237
  -2985.00   42255.27  0.0765413    12.5396   291.4730     3.7153    62.4529
  -2975.00   42255.11  0.0767623    12.5708   289.5771     4.1408    62.2584
  -2965.00   42257.21  0.0767417    12.5936   287.6167     4.4356    62.1047
  -2955.00   42259.05  0.0766811    12.6268   285.4170     4.7720    61.9799
  -2945.00   42259.02  0.0766487    12.6629   282.9683     5.2423    61.8441
  -2935.00   42258.55  0.0766142    12.6880   280.5682     5.5834    61.6966
  -2925.00   42259.67  0.0765231    12.7126   278.2100     5.8060    61.5841
  -2915.00   42260.37  0.0762606    12.7387   275.7941     6.1092    61.4973
  -2905.00   42258.41  0.0761595    12.7643   273.5088     6.4222    61.3646
  -2895.00   42256.69  0.0761752    12.7826   271.4869     6.6158    61.2218
  -2885.00   42256.89  0.0759596    12.7943   269.6511     6.7567    61.1141
  -2875.00   42256.43  0.0758710    12.8162   267.9097     6.9710    60.9832
  -2865.00   42254.29  0.0759908    12.8374   266.2646     7.2553    60.8053
  -2855.00   42253.28  0.0760173    12.8471   264.7997     7.4297    60.6333
  -2845.00   42254.60  0.0760668    12.8663   263.3061     7.6141    60.4793
  -2835.00   42255.46  0.0761479    12.8939   261.5978     7.9830    60.3066
  -2825.00   42254.74  0.0763217    12.9158   259.8408     8.3254    60.1037
  -2815.00   42255.64  0.0765047    12.9383   257.9731     8.6005    59.9261
  -2805.00   42258.47  0.0764728    12.9659   255.8244     8.9692    59.7852
  -2795.00   42259.45  0.0765570    12.9993   253.4895     9.3997    59.6177
  -2785.00   42258.75  0.0767343    13.0285   251.0748     9.8018    59.4435
  -2775.00   42259.20  0.0766358    13.0506   248.6299    10.1409    59.3183
  -2765.00   42260.38  0.0765552    13.0823   246.1567    10.5036    59.2033
  -2755.00   42259.63  0.0765516    13.1147   243.7055    10.9463    59.0633
  -2745.00   42256.97  0.0764439    13.1333   241.4987    11.2699    58.9286
  -2735.00   42256.16  0.0763122    13.1553   239.4776    11.5252    58.8232
  -2725.00   42256.68  0.0761031    13.1808   237.5316    11.8700    58.7197
  -2715.00   42255.04  0.0759934    13.2002   235.8061    12.1674    58.5731
  -2705.00   42253.28  0.0759452    13.2163   234.2447    12.3727    58.4326
  -2695.00   42253.93  0.0757155    13.2297   232.6891    12.5895    58.3220
  -2685.00   42255.61  0.0756258    13.2503   231.1106    12.8295    58.1748
  -2675.00   42255.53  0.0757047    13.2699   229.4542    13.0792    57.9937
  -2665.00   42255.13  0.0756440    13.2796   227.7066    13.2783    57.8336
  -2655.00   42257.32  0.0756550    13.3001   225.7781    13.4893    57.6833
  -2645.00   42259.41  0.0757612    13.3286   223.5867    13.8349    57.5006
  -2635.00   42258.86  0.0758569    13.3480   221.3339    14.1307    57.3064
  -2625.00   42258.26  0.0759815    13.3711   218.9937    14.3996    57.1455
  -2615.00   42259.62  0.0759895    13.4025   216.5082    14.7910    57.0034
  -2605.00   42260.05  0.0760619    13.4338   214.1150    15.1700    56.8344
  -2595.00   42258.01  0.0761810    13.4617   211.8412    15.5180    56.6751
  -2585.00   42256.23  0.0760722    13.4862   209.6619    15.8829    56.5659
  -2575.00   42256.60  0.0760111    13.5173   207.6631    16.2317    56.4525
  -2565.00   42256.31  0.0760115    13.5466   205.8022    16.6029    56.3127
  -2555.00   42253.80  0.0758464    13.5623   204.1039    16.9030    56.1939
  -2545.00   42253.05  0.0757271    13.5828   202.4879    17.1525    56.0960
  -2535.00   42254.81  0.0756057    13.6071   200.8143    17.4761    55.9769
  -2525.00   42255.36  0.0754813    13.6209   199.1844    17.7162    55.8247
  -2515.00   42254.84  0.0754420    13.6349   197.4594    17.9067    55.6857
  -2505.00   42256.00  0.0753193    13.6511   195.5178    18.1631    55.5630
  -2495.00   42258.84  0.0753091    13.6701   193.4920    18.3903    55.3954
  -2485.00   42259.79  0.0754132    13.6891   191.3209    18.6185    55.2108
  -2475.00   42258.56  0.0753968    13.7025   189.0050    18.8780    55.0569
  -2465.00   42259.21  0.0754972    13.7262   186.6584    19.1396    54.9031
  -2455.00   42260.16  0.0756754    13.7557   184.2741    19.4851    54.7179
  -2445.00   42258.84  0.0757265    13.7751   181.9985    19.8101    54.5407
  -2435.00   42256.21  0.0758546    13.7994   179.8285    20.1298    54.4015
  -2425.00   42255.86  0.0759405    13.8327   177.7051    20.5657    54.2614
  -2415.00   42256.40  0.0759672    13.8596   175.8225    20.9390    54.1005
  -2405.00   42254.88  0.0760131    13.8831   174.0433    21.2960    53.9620
  -2395.00   42253.22  0.0759255    13.9081   172.2455    21.7211    53.8613
  -2385.00   42254.34  0.0758753    13.9349   170.5613    22.0760    53.7424
  -2375.00   42255.96  0.0758298    13.9579   168.8389    22.4240    53.6024
  -2365.00   42255.30  0.0756108    13.9714   166.9859    22.7737    53.4911
  -2355.00   42255.16  0.0755058    13.9897   165.0555    23.0566    53.3897
  -2345.00   42257.47  0.0754215    14.0117   162.9543    23.3806    53.2536
  -2335.00   42259.33  0.0752030    14.0220   160.7807    23.6402    53.1008
  -2325.00   42258.74  0.0751132    14.0342   158.4968    23.8656    52.9669
  -2315.00   42258.43  0.0750365    14.0535   156.0920    24.1626    52.8330
  -2305.00   42259.89  0.0749741    14.0703   153.8251    24.3737    52.6580
  -2295.00   42260.15  0.0749831    14.0871   151.6001    24.5932    52.4795
  -2285.00   42257.46  0.0749476    14.1043   149.3933    24.8936    52.3331
  -2275.00   42255.99  0.0750574    14.1285   147.4322    25.1312    52.1749
  -2265.00   42256.08  0.0752062    14.1563   145.5866    25.4178    51.9919
  -2255.00   42255.54  0.0751757    14.1757   143.8116    25.7530    51.8296
  -2245.00   42253.24  0.0753089    14.2009   142.1336    26.0623    51.7007
  -2235.00   42253.15  0.0754513    14.2345   140.4198    26.4560    51.5584
  -2225.00   42255.26  0.0754122    14.2583   138.7522    26.7970    51.4055
  -2215.00   42255.87  0.0754133    14.2792   136.9454    27.1484    51.2852
  -2205.00   42255.40  0.0753862    14.3062   134.9133    27.5780    51.1860
  -2195.00   42256.83  0.0753370    14.3296   132.8886    27.8834    51.0635
  -2185.00   42259.34  0.0752388    14.3473   130.6931    28.1922    50.9307
  -2175.00   42259.40  0.0750245    14.3614   128.2622    28.5719    50.8261
  -2165.00   42258.19  0.0749684    14.3786   125.8935    28.8253    50.7169
  -2155.00   42258.74  0.0749237    14.3972   123.5283    29.0838    50.5688
  -2145.00   42259.83  0.0746799    14.4061   121.1966    29.3563    50.4162
  -2135.00   42258.36  0.0746408    14.4183   118.9875    29.5905    50.2818
  -2125.00   42256.27  0.0746967    14.4400   116.9031    29.8660    50.1298
  -2115.00   42256.20  0.0746588    14.4562   115.1059    30.0562    49.9478
  -2105.00   42256.73  0.0746873    14.4719   113.3760    30.2994    49.7776
  -2095.00   42254.73  0.0747747    14.4949   111.6247    30.6533    49.6325
  -2085.00   42253.32  0.0749510    14.5201   110.0956    30.8839    49.4728
  -2075.00   42254.27  0.0750992    14.5452   108.5131    31.1635    49.3009
  -2065.00   42255.76  0.0750830    14.5662   106.6836    31.5920    49.1605
  -2055.00   42255.22  0.0752522    14.5912   104.8151    31.9374    49.0425
  -2045.00   42255.62  0.0754192    14.6212   102.7788    32.3130    48.9049
  -2035.00   42258.23  0.0752975    14.6405   100.5748    32.7030    48.7660
  -2025.00   42259.91  0.0752702    14.6576    98.1690    33.1118    48.6604
  -2015.00   42259.22  0.0752887    14.6828    95.6129    33.5611    48.5550
  -2005.00   42258.79  0.0751787    14.7014    93.2094    33.8553    48.4243
  -1995.00   42259.87  0.0750089    14.7134    90.7727    34.1886    48.2954
  -1985.00   42259.32  0.0748274    14.7284    88.2745    34.6367    48.1863
  -1975.00   42256.79  0.0747719    14.7446    86.1396    34.8863    48.0628
  -1965.00   42255.40  0.0746795    14.7596    84.2065    35.1137    47.9080
  -1955.00   42255.93  0.0743958    14.7689    82.3030    35.4542    47.7605
  -1945.00   42255.44  0.0743601    14.7819    80.5984    35.7169    47.6264
  -1935.00   42253.75  0.0744231    14.8032    79.0216    35.9547    47.4667
  -1925.00   42253.84  0.0742827    14.8179    77.5477    36.1422    47.2889
  -1915.00   42255.94  0.0742612    14.8321    75.9311    36.4045    47.1328
  -1905.00   42256.19  0.0743883    14.8572    74.1132    36.7521    46.9868
  -1895.00   42255.74  0.0745071    14.8815    72.3658    36.9286    46.8253
  -1885.00   42256.97  0.0745699    14.9027    70.3844    37.1706    46.6648
  -1875.00   42259.21  0.0745930    14.9261    67.9877    37.6314    46.5364
  -1865.00   42259.46  0.0747834    14.9516    65.6176    37.9505    46.4196
  -1855.00   42258.54  0.0749278    14.9784    63.2061    38.2513    46.2847
  -1845.00   42259.09  0.0747633    14.9966    60.6569    38.6748    46.1605
  -1835.00   42259.95  0.0747621    15.0129    58.1504    39.0950    46.0644
  -1825.00   42258.43  0.0748325    15.0363    55.7760    39.4994    45.9548
  -1815.00   42256.16  0.0746349    15.0514    53.7233    39.7674    45.8222
  -1805.00   42255.83  0.0744318    15.0597    51.7580    40.0946    45.7004
  -1795.00   42255.85  0.0743376    15.0749    49.8023    40.5314    45.5842
  -1785.00   42254.47  0.0742846    15.0898    48.2360    40.7196    45.4443
  -1775.00   42253.28  0.0741607    15.1011    46.7519    40.8871    45.2842
  -1765.00   42254.47  0.0739616    15.1124    45.0354    41.2485    45.1374
  -1755.00   42256.22  0.0740379    15.1277    43.3719    41.4872    44.9959
  -1745.00   42256.16  0.0741756    15.1488    41.6578    41.6673    44.8296
  -1735.00   42256.46  0.0740477    15.1645    39.7465    41.8992    44.6607
  -1725.00   42258.72  0.0741186    15.1803    37.5818    42.2064    44.5195
  -1715.00   42259.97  0.0743710    15.2068    35.2141    42.5665    44.3778
  -1705.00   42259.41  0.0744640    15.2299    32.9416    42.7714    44.2230
  -1695.00   42258.70  0.0744857    15.2475    30.5320    43.0718    44.0831
  -1685.00   42259.29  0.0745895    15.2711    27.9073    43.5876    43.9662
  -1675.00   42259.26  0.0747861    15.2944    25.5859    43.9178    43.8489
  -1665.00   42257.01  0.0748445    15.3143    23.4528    44.2073    43.7167
  -1655.00   42255.55  0.0746713    15.3305    21.2425    44.7061    43.6017
  -1645.00   42255.83  0.0746947    15.3450    19.2458    45.1417    43.5030
  -1635.00   42255.45  0.0747776    15.3641    17.4477    45.5026    43.3823
  -1625.00   42254.02  0.0744887    15.3759    15.7644    45.8286    43.2473
  -1615.00   42253.78  0.0742665    15.3823    14.0397    46.1973    43.1281
  -1605.00   42255.39  0.0742375    15.3971    12.1819    46.6308    43.0049
  -1595.00   42256.55  0.0741092    15.4105    10.4935    46.8203    42.8552
  -1585.00   42256.30  0.0738930    15.4187     8.6639    47.0126    42.6996
  -1575.00   42257.29  0.0737217    15.4314     6.4413    47.4144    42.5579
  -1565.00   42259.63  0.0737876    15.4479     4.2816    47.6274    42.4124
  -1555.00   42260.22  0.0738598    15.4662     2.1049    47.7620    42.2462
  -1545.00   42259.31  0.0736872    15.4821   359.7123    48.0487    42.0887
  -1535.00   42259.10  0.0737676    15.4993   357.3173    48.3470    41.9551
  -1525.00   42259.50  0.0740469    15.5249   354.9985    48.6416    41.8140
  -1515.00   42258.62  0.0740550    15.5465   352.9050    48.8519    41.6636
  -1505.00   42256.13  0.0740471    15.5627   350.8444    49.1675    41.5376
  -1495.00   42255.18  0.0742010    15.5862   348.7387    49.6539    41.4261
  -1485.00   42255.72  0.0743514    15.6080   346.9968    49.9317    41.3058
  -1475.00   42254.81  0.0743262    15.6230   345.3463    50.2031    41.1805
  -1465.00   42253.76  0.0741859    15.6384   343.4429    50.7206    41.0731
  -1455.00   42254.50  0.0742190    15.6524   341.6519    51.1086    40.9713
  -1445.00   42256.40  0.0742628    15.6667   339.9009    51.3793    40.8438
  -1435.00   42257.05  0.0739555    15.6765   337.9103    51.7442    40.7116
  -1425.00   42256.86  0.0737701    15.6828   335.7772    52.1019    40.5924
  -1415.00   42258.43  0.0738226    15.6967   333.5065    52.4483    40.4600
  -1405.00   42260.32  0.0736558    15.7092   331.3043    52.6246    40.3030
  -1395.00   42259.98  0.0734755    15.7170   329.0131    52.8208    40.1508
  -1385.00   42258.81  0.0734508    15.7319   326.4972    53.2125    40.0105
  -1375.00   42259.13  0.0735558    15.7504   324.2889    53.3799    39.8594
  -1365.00   42259.33  0.0736462    15.7671   322.2536    53.4956    39.6978
  -1355.00   42257.63  0.0735857    15.7843   320.0945    53.8520    39.5542
  -1345.00   42255.43  0.0737528    15.8035   318.1440    54.1609    39.4281
  -1335.00   42255.25  0.0740608    15.8265   316.3866    54.4240    39.2917
  -1325.00   42255.59  0.0740387    15.8449   314.6876    54.7246    39.1540
  -1315.00   42254.13  0.0740635    15.8592   312.9446    55.1037    39.0414
  -1305.00   42253.36  0.0742652    15.8794   311.0630    55.5935    38.9336
  -1295.00   42255.15  0.0743082    15.8968   309.3219    55.8933    38.8103
  -1285.00   42256.80  0.0742255    15.9065   307.4351    56.2132    38.6902
  -1275.00   42257.03  0.0741347    15.9194   305.1323    56.7644    38.5835
  -1265.00   42257.46  0.0741403    15.9321   302.8794    57.1356    38.4716
  -1255.00   42259.71  0.0740990    15.9418   300.6240    57.3930    38.3382
  -1245.00   42260.93  0.0738183    15.9504   298.0802    57.8202    38.2077
  -1235.00   42259.52  0.0736710    15.9580   295.5724    58.1905    38.0867
  -1225.00   42258.57  0.0737112    15.9706   293.1885    58.4902    37.9481
  -1215.00   42258.92  0.0734690    15.9819   290.9603    58.7329    37.7934
  -1205.00   42258.35  0.0732813    15.9897   288.8859    58.9616    37.6486
  -1195.00   42255.75  0.0733077    16.0049   286.8143    59.3304    37.5107
  -1185.00   42254.65  0.0732967    16.0229   285.1228    59.4921    37.3576
  -1175.00   42255.41  0.0732921    16.0369   283.6016    59.6112    37.2031
  -1165.00   42255.36  0.0732719    16.0536   281.8664    59.9751    37.0688
  -1155.00   42253.78  0.0734160    16.0738   280.2502    60.2348    36.9429
  -1145.00   42254.19  0.0736434    16.0936   278.6510    60.4390    36.8083
  -1135.00   42256.39  0.0736024    16.1101   276.7843    60.7796    36.6818
  -1125.00   42257.02  0.0736621    16.1247   274.7441    61.1360    36.5770
  -1115.00   42256.49  0.0738895    16.1429   272.4839    61.5526    36.4707
  -1105.00   42257.93  0.0738375    16.1572   270.1831    61.8761    36.3508
  -1095.00   42260.19  0.0737427    16.1647   267.7655    62.2036    36.2391
  -1085.00   42260.38  0.0737226    16.1757   265.0882    62.7115    36.1347
  -1075.00   42258.74  0.0736662    16.1873   262.6358    63.0355    36.0145
  -1065.00   42258.83  0.0735590    16.1935   260.3660    63.2767    35.8793
  -1055.00   42259.30  0.0733445    16.2010   258.0181    63.6927    35.7493
  -1045.00   42257.15  0.0732482    16.2106   255.9524    63.9909    35.6204
  -1035.00   42254.58  0.0732862    16.2221   254.1513    64.2086    35.4733
  -1025.00   42254.26  0.0730909    16.2333   252.4152    64.4828    35.3209
  -1015.00   42255.08  0.0730017    16.2434   250.8287    64.6949    35.1812
  -1005.00   42253.78  0.0731529    16.2597   249.1880    64.9860    35.0442
   -995.00   42253.29  0.0731416    16.2772   247.6173    65.1845    34.8959
   -985.00   42255.28  0.0731749    16.2901   245.9934    65.3542    34.7556
   -975.00   42257.53  0.0732901    16.3063   243.9948    65.7296    34.6348
   -965.00   42257.15  0.0734313    16.3254   241.9563    65.9932    34.5126
   -955.00   42257.24  0.0736136    16.3406   239.8093    66.2313    34.3854
   -945.00   42259.34  0.0736221    16.3536   237.3230    66.6546    34.2714
   -935.00   42260.35  0.0736988    16.3671   234.8191    67.0115    34.1686
   -925.00   42258.71  0.0738972    16.3812   232.2963    67.3877    34.0577
   -915.00   42257.81  0.0737999    16.3915   229.7951    67.7982    33.9388
   -905.00   42258.64  0.0737185    16.3975   227.4521    68.1620    33.8285
   -895.00   42258.44  0.0737461    16.4069   225.1446    68.6239    33.7188
   -885.00   42255.67  0.0736091    16.4166   223.1241    68.9745    33.5907
   -875.00   42254.40  0.0734710    16.4209   221.3257    69.2696    33.4564
   -865.00   42255.47  0.0733203    16.4275   219.4708    69.7028    33.3292
   -855.00   42254.88  0.0731804    16.4379   217.8260    69.9825    33.1951
   -845.00   42253.23  0.0731371    16.4474   216.2609    70.2015    33.0473
   -835.00   42253.70  0.0729507    16.4570   214.4933    70.5362    32.9023
   -825.00   42256.40  0.0728504    16.4683   212.7301    70.7428    32.7677
   -815.00   42257.11  0.0729472    16.4837   210.8068    70.9632    32.6305
   -805.00   42256.88  0.0728656    16.4993   208.7013    71.2037    32.4883
   -795.00   42258.31  0.0728837    16.5117   206.5170    71.3903    32.3587
   -785.00   42260.74  0.0730300    16.5276   204.0953    71.6976    32.2437
   -775.00   42259.99  0.0730787    16.5456   201.7019    71.9372    32.1231
   -765.00   42257.97  0.0732066    16.5583   199.3589    72.1759    32.0032
   -755.00   42258.01  0.0732837    16.5698   196.9070    72.5931    31.8987
   -745.00   42258.32  0.0733270    16.5830   194.6951    72.8978    31.7959
   -735.00   42256.24  0.0734508    16.5939   192.6416    73.2182    31.6828
   -725.00   42254.06  0.0733694    16.6012   190.6073    73.6641    31.5685
   -715.00   42254.52  0.0733156    16.6069   188.8040    74.0030    31.4595
   -705.00   42255.67  0.0733368    16.6149   187.0449    74.3722    31.3430
   -695.00   42254.30  0.0731457    16.6222   185.3110    74.7313    31.2111
   -685.00   42253.60  0.0730348    16.6259   183.6165    75.0209    31.0782
   -675.00   42255.99  0.0729821    16.6329   181.7360    75.3822    30.9506
   -665.00   42257.38  0.0728116    16.6439   179.8336    75.6195    30.8115
   -655.00   42256.84  0.0727662    16.6529   177.8356    75.8191    30.6656
   -645.00   42256.99  0.0727187    16.6625   175.5456    76.1486    30.5301
   -635.00   42259.37  0.0726786    16.6762   173.2955    76.3188    30.4003
   -625.00   42260.34  0.0727766    16.6909   170.9921    76.4986    30.2666
   -615.00   42258.64  0.0727620    16.7045   168.5632    76.7988    30.1358
   -605.00   42257.77  0.0728722    16.7169   166.3000    77.0058    30.0193
   -595.00   42258.79  0.0730764    16.7313   164.0920    77.2795    29.9085
   -585.00   42257.75  0.0730857    16.7456   161.9974    77.5789    29.7916
   -575.00   42254.87  0.0732229    16.7549   160.0715    77.8756    29.6789
   -565.00   42253.99  0.0733934    16.7638   158.1478    78.2959    29.5777
   -555.00   42255.04  0.0733843    16.7743   156.4042    78.6181    29.4701
   -545.00   42254.77  0.0734326    16.7814   154.6811    78.9685    29.3531
   -535.00   42253.43  0.0734085    16.7858   152.7738    79.4655    29.2402
   -525.00   42254.63  0.0733619    16.7914   150.9452    79.7991    29.1283
   -515.00   42257.51  0.0733278    16.7978   148.9868    80.1453    29.0053
   -505.00   42257.84  0.0731051    16.8031   146.7803    80.5754    28.8743
   -495.00   42257.24  0.0730150    16.8071   144.5485    80.8880    28.7466
   -485.00   42258.88  0.0729828    16.8143   142.1928    81.2051    28.6195
   -475.00   42260.38  0.0727225    16.8242   139.7887    81.4833    28.4818
   -465.00   42259.46  0.0726171    16.8321   137.4202    81.7274    28.3421
   -455.00   42257.44  0.0726243    16.8415   135.0307    82.0376    28.2143
   -445.00   42257.67  0.0725156    16.8552   132.8986    82.1897    28.0864
   -435.00   42258.17  0.0725064    16.8682   130.9066    82.3623    27.9542
   -425.00   42255.88  0.0725067    16.8797   128.8999    82.6871    27.8315
   -415.00   42254.06  0.0726085    16.8926   127.1972    82.8440    27.7206
   -405.00   42254.89  0.0727716    16.9058   125.5750    83.0410    27.6097
   -395.00   42255.57  0.0727322    16.9171   123.8532    83.3710    27.4968
   -385.00   42254.37  0.0728794    16.9251   122.1653    83.6549    27.3925
   -375.00   42254.07  0.0730985    16.9329   120.3609    83.9951    27.2937
   -365.00   42256.36  0.0730257    16.9411   118.4551    84.3113    27.1855
   -355.00   42258.05  0.0730309    16.9454   116.3536    84.6809    27.0713
   -345.00   42257.37  0.0730789    16.9483   113.9828    85.1596    26.9617
   -335.00   42257.82  0.0730007    16.9536   111.6748    85.4413    26.8470
   -325.00   42260.10  0.0729010    16.9587   109.2595    85.7551    26.7194
   -315.00   42260.42  0.0727017    16.9628   106.6511    86.2141    26.5896
   -305.00   42258.60  0.0726457    16.9684   104.2811    86.4677    26.4637
   -295.00   42257.77  0.0726298    16.9768   102.0642    86.6790    26.3337
   -285.00   42258.24  0.0723727    16.9864    99.8993    86.9610    26.1978
   -275.00   42257.33  0.0723394    16.9948    97.9363    87.1984    26.0667
   -265.00   42254.56  0.0724764    17.0051    96.1371    87.4239    25.9457
   -255.00   42253.98  0.0723962    17.0182    94.5432    87.5557    25.8229
   -245.00   42255.34  0.0724205    17.0289    92.9613    87.7597    25.6986
   -235.00   42254.85  0.0725654    17.0381    91.2220    88.1155    25.5874
   -225.00   42254.12  0.0726947    17.0494    89.6231    88.2710    25.4820
   -215.00   42255.47  0.0728377    17.0593    87.8979    88.4733    25.3717
   -205.00   42257.94  0.0728323    17.0661    85.7820    88.9071    25.2633
   -195.00   42258.50  0.0729990    17.0724    83.6145    89.2211    25.1629
   -185.00   42257.89  0.0732164    17.0785    81.3282    89.5272    25.0603
   -175.00   42259.27  0.0730817    17.0836    78.8565    89.9039    24.9487
   -165.00   42260.69  0.0730865    17.0863    76.2755    90.3284    24.8366
   -155.00   42259.45  0.0731997    17.0890    73.6612    90.7983    24.7268
   -145.00   42257.64  0.0730582    17.0939    71.3120    91.0785    24.6088
   -135.00   42257.74  0.0729055    17.0977    69.0361    91.4244    24.4811
   -125.00   42257.80  0.0727672    17.1009    66.7355    91.9383    24.3556
   -115.00   42256.01  0.0726852    17.1071    64.8581    92.1793    24.2319
   -105.00   42254.15  0.0725896    17.1149    63.1989    92.3590    24.1012
    -95.00   42254.74  0.0722951    17.1224    61.4624    92.6981    23.9692
    -85.00   42255.63  0.0722593    17.1304    59.8488    92.9367    23.8456
    -75.00   42254.54  0.0723737    17.1407    58.2956    93.0931    23.7269
    -65.00   42254.46  0.0722006    17.1519    56.6780    93.2207    23.6067
    -55.00   42256.72  0.0721964    17.1609    54.8434    93.4362    23.4902
    -45.00   42258.29  0.0724077    17.1695    52.7377    93.7555    23.3862
    -35.00   42258.32  0.0724832    17.1797    50.6611    93.8786    23.2842
    -25.00   42258.52  0.0725525    17.1875    48.4147    94.0660    23.1772
    -15.00   42260.29  0.0726080    17.1922    45.8009    94.5321    23.0760
     -5.00   42260.77  0.0727679    17.1977    43.3276    94.8242    22.9795
      5.00   42258.72  0.0729330    17.2027    40.9725    95.0729    22.8750
     15.00   42257.56  0.0727516    17.2052    38.5597    95.4905    22.7633
     25.00   42257.58  0.0727626    17.2071    36.2910    95.8963    22.6539
     35.00   42256.75  0.0729096    17.2101    34.2045    96.2898    22.5416
     45.00   42254.50  0.0726804    17.2142    32.4072    96.5439    22.4188
     55.00   42253.91  0.0725102    17.2174    30.6525    96.8680    22.2924
     65.00   42255.06  0.0724787    17.2211    28.8174    97.3272    22.1701
     75.00   42255.45  0.0723953    17.2283    27.2617    97.4923    22.0470
     85.00   42254.62  0.0722774    17.2359    25.6863    97.6240    21.9186
     95.00   42255.62  0.0720767    17.2423    23.7718    97.9744    21.7949
    105.00   42257.87  0.0721316    17.2508    21.8537    98.1619    21.6812
    115.00   42258.50  0.0723007    17.2607    19.8742    98.2615    21.5674
    125.00   42258.02  0.0721473    17.2693    17.6742    98.4399    21.4534
    135.00   42258.93  0.0722318    17.2763    15.3012    98.6867    21.3483
    145.00   42260.32  0.0725607    17.2838    12.8331    98.9918    21.2495
    155.00   42259.94  0.0726296    17.2914    10.5296    99.1530    21.1475
    165.00   42257.95  0.0726802    17.2961     8.2252    99.4142    21.0431
    175.00   42257.39  0.0728216    17.2988     5.8090    99.9228    20.9443
    185.00   42257.44  0.0729720    17.3031     3.7377   100.2285    20.8450
    195.00   42255.71  0.0730640    17.3063     1.8794   100.4886    20.7357
    205.00   42253.72  0.0728830    17.3068   359.9130   100.9856    20.6236
    215.00   42253.70  0.0728853    17.3084   358.0945   101.3938    20.5154
    225.00   42254.95  0.0730235    17.3115   356.3722   101.7347    20.4006
    235.00   42254.72  0.0727279    17.3141   354.6375   102.0462    20.2767
    245.00   42254.76  0.0725440    17.3165   352.7504   102.3997    20.1563
    255.00   42256.62  0.0725654    17.3205   350.6561   102.8286    20.0387
    265.00   42258.88  0.0724161    17.3271   348.6647   102.9944    19.9165
    275.00   42258.82  0.0722337    17.3333   346.5215   103.1625    19.7933
    285.00   42258.46  0.0720719    17.3389   344.0513   103.5477    19.6775
    295.00   42259.49  0.0720887    17.3474   341.7365   103.7075    19.5682
    305.00   42260.14  0.0721868    17.3566   339.5273   103.7713    19.4564
    315.00   42258.58  0.0720118    17.3632   337.2200   104.0025    19.3469
    325.00   42257.01  0.0720906    17.3697   335.0261   104.2279    19.2490
    335.00   42257.01  0.0724151    17.3771   332.9932   104.4517    19.1520
    345.00   42257.06  0.0724202    17.3828   331.1745   104.6148    19.0493
    355.00   42254.98  0.0724596    17.3856   329.3656   104.8931    18.9508
    365.00   42253.68  0.0726558    17.3877   327.4627   105.3665    18.8554
    375.00   42254.60  0.0727545    17.3909   325.7947   105.6379    18.7537
    385.00   42255.24  0.0727702    17.3921   324.1109   105.8992    18.6446
    395.00   42254.61  0.0726322    17.3913   322.0890   106.4230    18.5350
    405.00   42255.01  0.0726122    17.3929   320.0811   106.7942    18.4270
    415.00   42257.55  0.0726819    17.3961   318.0476   107.0499    18.3100
    425.00   42259.11  0.0723767    17.3978   315.7966   107.3771    18.1865
    435.00   42258.84  0.0722198    17.4007   313.4159   107.6898    18.0717
    445.00   42259.01  0.0723026    17.4063   310.9657   108.0066    17.9577
    455.00   42260.53  0.0721433    17.4130   308.6974   108.1339    17.8363
    465.00   42260.06  0.0720234    17.4186   306.4365   108.2851    17.7214
    475.00   42257.73  0.0720298    17.4244   304.0839   108.6382    17.6152
    485.00   42256.48  0.0720942    17.4326   302.1014   108.7669    17.5094
    495.00   42256.71  0.0722051    17.4397   300.3306   108.8368    17.4019
    505.00   42255.83  0.0721491    17.4437   298.4699   109.1394    17.2991
    515.00   42253.84  0.0722861    17.4488   296.7596   109.3866    17.2054
    525.00   42253.71  0.0725984    17.4543   295.1479   109.6016    17.1071
    535.00   42255.58  0.0725763    17.4567   293.5010   109.8517    17.0024
    545.00   42255.61  0.0726390    17.4575   291.6883   110.1784    16.9066
    555.00   42255.02  0.0728800    17.4592   289.6394   110.6370    16.8107
    565.00   42256.54  0.0729092    17.4610   287.6176   110.9333    16.7034
    575.00   42258.77  0.0728881    17.4608   285.4122   111.2412    16.5960
    585.00   42259.17  0.0728344    17.4598   282.8423   111.7826    16.4903
    595.00   42258.37  0.0728041    17.4619   280.3503   112.1513    16.3818
    605.00   42259.35  0.0727935    17.4644   277.9297   112.4161    16.2658
    615.00   42260.61  0.0725135    17.4651   275.4221   112.8063    16.1466
    625.00   42259.14  0.0723629    17.4681   273.0520   113.1281    16.0367
    635.00   42256.87  0.0724091    17.4740   270.8708   113.4046    15.9243
    645.00   42256.79  0.0721728    17.4792   268.9563   113.5896    15.8030
    655.00   42256.75  0.0720232    17.4837   267.1793   113.7591    15.6938
    665.00   42254.86  0.0720714    17.4897   265.3856   114.0652    15.5929
    675.00   42253.27  0.0720543    17.4973   263.8665   114.1866    15.4857
    685.00   42254.35  0.0720879    17.5024   262.3854   114.2709    15.3821
    695.00   42255.89  0.0720885    17.5054   260.6295   114.5779    15.2869
    705.00   42255.29  0.0722090    17.5102   258.8614   114.7893    15.1957
    715.00   42255.50  0.0724463    17.5141   256.9843   114.9757    15.0989
    725.00   42258.25  0.0724125    17.5142   254.8433   115.2800    14.9981
    735.00   42259.69  0.0724783    17.5143   252.5244   115.5895    14.9070
    745.00   42258.93  0.0727125    17.5158   250.0253   115.9747    14.8117
    755.00   42258.71  0.0726647    17.5162   247.5600   116.2942    14.7015
    765.00   42259.91  0.0726164    17.5150   245.0871   116.6052    14.5967
    775.00   42259.95  0.0726204    17.5149   242.5268   117.0776    14.4939
    785.00   42257.25  0.0725453    17.5178   240.2631   117.3894    14.3812
    795.00   42256.03  0.0724851    17.5199   238.2119   117.6341    14.2664
    805.00   42256.79  0.0722817    17.5207   236.1982   118.0087    14.1524
    815.00   42255.84  0.0721739    17.5250   234.4330   118.2536    14.0454
    825.00   42253.74  0.0722202    17.5309   232.8083   118.4495    13.9357
    835.00   42253.70  0.0720381    17.5346   231.2264   118.6642    13.8191
    845.00   42255.56  0.0719700    17.5383   229.6468   118.8210    13.7182
    855.00   42255.87  0.0721168    17.5442   227.8981   119.0517    13.6231
    865.00   42255.04  0.0721179    17.5497   226.1258   119.2035    13.5165
    875.00   42256.61  0.0721913    17.5521   224.1946   119.3434    13.4182
    885.00   42259.33  0.0723185    17.5541   221.9174   119.6651    13.3301
    895.00   42259.32  0.0724401    17.5579   219.6218   119.8839    13.2367
    905.00   42258.34  0.0726431    17.5596   217.2379   120.1121    13.1391
    915.00   42259.34  0.0726712    17.5580   214.6865   120.5032    13.0416
    925.00   42260.28  0.0727446    17.5581   212.2434   120.8193    12.9501
    935.00   42258.64  0.0729370    17.5595   209.8691   121.1730    12.8519
    945.00   42256.13  0.0728692    17.5584   207.6246   121.5707    12.7400
    955.00   42256.04  0.0728323    17.5568   205.5702   121.9162    12.6372
    965.00   42256.46  0.0728707    17.5576   203.5701   122.3474    12.5365
    975.00   42254.22  0.0727316    17.5601   201.7958   122.6828    12.4206
    985.00   42252.95  0.0726463    17.5608   200.1098   122.9731    12.3084
    995.00   42254.63  0.0725108    17.5614   198.3141   123.3739    12.2018
   1005.00   42255.98  0.0723520    17.5662   196.6156   123.6076    12.0948
   1015.00   42255.63  0.0723154    17.5708   194.8212   123.8087    11.9872
   1025.00   42255.84  0.0721423    17.5727   192.8212   124.0914    11.8769
   1035.00   42258.59  0.0720571    17.5765   190.7757   124.2434    11.7811
   1045.00   42259.95  0.0721402    17.5823   188.5509   124.4160    11.6887
   1055.00   42258.57  0.0720710    17.5862   186.2418   124.6045    11.5836
   1065.00   42258.31  0.0721336    17.5873   183.9194   124.7544    11.4909
   1075.00   42259.61  0.0722960    17.5897   181.4928   125.0187    11.4085
   1085.00   42259.09  0.0723314    17.5932   179.2380   125.2171    11.3131
   1095.00   42256.48  0.0724846    17.5931   177.0781   125.4487    11.2165
   1105.00   42255.59  0.0725882    17.5908   174.9137   125.8445    11.1254
   1115.00   42256.41  0.0726327    17.5913   173.0213   126.1213    11.0324
   1125.00   42255.67  0.0727431    17.5920   171.2053   126.4378    10.9313
   1135.00   42253.35  0.0726855    17.5894   169.3679   126.8731    10.8215
   1145.00   42253.70  0.0726628    17.5877   167.6577   127.1890    10.7205
   1155.00   42255.70  0.0726832    17.5896   165.8628   127.5334    10.6195
   1165.00   42255.54  0.0724852    17.5915   163.9961   127.8709    10.5021
   1175.00   42254.95  0.0724152    17.5915   162.0503   128.1349    10.3936
   1185.00   42256.93  0.0723784    17.5933   159.8867   128.4570    10.2953
   1195.00   42259.38  0.0721965    17.5989   157.7221   128.6426    10.1886
   1205.00   42259.53  0.0721603    17.6025   155.4328   128.8202    10.0845
   1215.00   42258.32  0.0721284    17.6034   152.9926   129.1023     9.9854
   1225.00   42259.42  0.0721148    17.6076   150.7260   129.2158     9.8934
   1235.00   42260.00  0.0722088    17.6125   148.4717   129.3642     9.8019
   1245.00   42257.63  0.0721949    17.6138   146.2423   129.6298     9.7002
   1255.00   42255.39  0.0723417    17.6137   144.2555   129.7999     9.6108
   1265.00   42255.44  0.0725605    17.6158   142.3333   130.0417     9.5280
   1275.00   42255.68  0.0725519    17.6178   140.5431   130.3103     9.4274
   1285.00   42253.75  0.0727076    17.6157   138.8190   130.5976     9.3294
   1295.00   42253.10  0.0728978    17.6133   137.0142   130.9944     9.2420
   1305.00   42255.08  0.0729037    17.6143   135.3131   131.2806     9.1445
   1315.00   42256.60  0.0729518    17.6139   133.4516   131.6325     9.0402
   1325.00   42255.70  0.0729541    17.6102   131.3296   132.1209     8.9368
   1335.00   42256.29  0.0729460    17.6093   129.2427   132.4276     8.8382
   1345.00   42258.70  0.0729210    17.6114   126.9649   132.7592     8.7367
   1355.00   42259.51  0.0726900    17.6119   124.4740   133.1906     8.6223
   1365.00   42258.18  0.0726215    17.6111   122.0340   133.4842     8.5183
   1375.00   42258.19  0.0725925    17.6137   119.5733   133.7711     8.4246
   1385.00   42259.47  0.0723112    17.6191   117.2357   134.0046     8.3162
   1395.00   42259.04  0.0722038    17.6214   114.9953   134.2278     8.2121
   1405.00   42256.30  0.0722124    17.6223   112.8520   134.4912     8.1219
   1415.00   42255.59  0.0721330    17.6274   111.0720   134.5665     8.0292
   1425.00   42256.17  0.0721356    17.6315   109.3590   134.6996     7.9354
   1435.00   42254.93  0.0721471    17.6310   107.5885   135.0018     7.8409
   1445.00   42253.10  0.0722960    17.6310   106.0646   135.1206     7.7551
   1455.00   42253.62  0.0724847    17.6329   104.4631   135.2938     7.6721
   1465.00   42255.81  0.0724381    17.6329   102.6630   135.6220     7.5720
   1475.00   42255.91  0.0726013    17.6292   100.7735   135.9189     7.4768
   1485.00   42255.90  0.0728205    17.6271    98.6790   136.2555     7.3932
   1495.00   42257.91  0.0727457    17.6281    96.5066   136.5442     7.2925
   1505.00   42260.19  0.0727377    17.6265    94.0948   136.9259     7.1856
   1515.00   42259.50  0.0727915    17.6230    91.4821   137.3954     7.0895
   1525.00   42258.39  0.0727387    17.6237    89.0833   137.6336     6.9912
   1535.00   42258.95  0.0726416    17.6264    86.6609   137.9163     6.8863
   1545.00   42259.24  0.0724540    17.6261    84.1555   138.3704     6.7774
   1555.00   42257.10  0.0724270    17.6261    82.0106   138.5976     6.6785
   1565.00   42255.36  0.0724176    17.6300    80.0576   138.7760     6.5866
   1575.00   42255.72  0.0721511    17.6344    78.2124   139.0222     6.4788
   1585.00   42256.14  0.0721244    17.6349    76.4974   139.2493     6.3774
   1595.00   42254.36  0.0722488    17.6360    74.8657   139.4457     6.2944
   1605.00   42253.76  0.0721763    17.6407    73.4144   139.5080     6.2004
   1615.00   42255.52  0.0721912    17.6425    71.7962   139.6834     6.1023
   1625.00   42256.52  0.0723425    17.6405    69.8935   140.0226     6.0156
   1635.00   42256.08  0.0725171    17.6406    68.0941   140.1371     5.9304
   1645.00   42256.68  0.0726688    17.6420    66.0699   140.3102     5.8421
   1655.00   42259.19  0.0726732    17.6400    63.6419   140.7468     5.7439
   1665.00   42260.17  0.0728804    17.6360    61.2065   141.0787     5.6509
   1675.00   42259.22  0.0731029    17.6349    58.7146   141.3860     5.5671
   1685.00   42258.91  0.0729670    17.6356    56.2064   141.7455     5.4638
   1695.00   42259.83  0.0729663    17.6327    53.6819   142.1916     5.3560
   1705.00   42258.73  0.0730788    17.6299    51.2285   142.6555     5.2653
   1715.00   42256.22  0.0729526    17.6318    49.1735   142.8991     5.1658
   1725.00   42255.19  0.0727771    17.6336    47.2029   143.2190     5.0561
   1735.00   42255.69  0.0726503    17.6323    45.1728   143.7168     4.9536
   1745.00   42255.10  0.0726006    17.6331    43.5283   143.9297     4.8578
   1755.00   42253.84  0.0724994    17.6372    41.9762   144.0780     4.7630
   1765.00   42254.55  0.0721986    17.6397    40.2462   144.3938     4.6573
   1775.00   42256.79  0.0721799    17.6392    38.5160   144.6234     4.5600
   1785.00   42257.10  0.0722830    17.6411    36.7179   144.7608     4.4804
   1795.00   42256.91  0.0721064    17.6453    34.8494   144.8441     4.3861
   1805.00   42258.41  0.0720860    17.6452    32.7076   145.0499     4.2877
   1815.00   42260.08  0.0722998    17.6430    30.3056   145.3508     4.2091
   1825.00   42259.95  0.0724223    17.6439    28.0617   145.4366     4.1256
   1835.00   42258.72  0.0724778    17.6447    25.7137   145.6114     4.0321
   1845.00   42259.05  0.0725494    17.6412    23.1105   146.0787     3.9402
   1855.00   42259.51  0.0727701    17.6376    20.7923   146.3799     3.8501
   1865.00   42257.76  0.0729292    17.6375    18.6566   146.6254     3.7625
   1875.00   42255.72  0.0727461    17.6369    16.5185   147.0494     3.6582
   1885.00   42255.61  0.0727515    17.6332    14.5303   147.4833     3.5511
   1895.00   42255.72  0.0728794    17.6315    12.6784   147.8555     3.4620
   1905.00   42254.59  0.0726539    17.6344    11.0474   148.0866     3.3604
   1915.00   42253.79  0.0724379    17.6351     9.3462   148.3992     3.2476
   1925.00   42255.23  0.0724033    17.6335     7.4414   148.8222     3.1524
   1935.00   42257.05  0.0723541    17.6358     5.7297   148.9480     3.0603
   1945.00   42257.06  0.0722281    17.6400     3.8927   149.0497     2.9623
   1955.00   42257.46  0.0720407    17.6404     1.6619   149.3865     2.8634
   1965.00   42259.56  0.0721267    17.6396   359.4541   149.5678     2.7726
   1975.00   42260.57  0.0722916    17.6420   357.2148   149.6544     2.6929
   1985.00   42259.67  0.0721473    17.6446   354.8690   149.8267     2.5983
   1995.00   42258.66  0.0722082    17.6426   352.4732   150.0889     2.5007
   2005.00   42258.83  0.0725053    17.6405   350.1018   150.3754     2.4239
   2015.00   42258.56  0.0725951    17.6421   348.0449   150.5027     2.3372
   2025.00   42256.13  0.0726153    17.6417   346.0247   150.7612     2.2362
   2035.00   42254.74  0.0727565    17.6374   343.8991   151.2511     2.1478
   2045.00   42255.27  0.0729601    17.6349   342.1267   151.5337     2.0586
   2055.00   42255.14  0.0730412    17.6356   340.4603   151.7801     1.9634
   2065.00   42254.07  0.0728957    17.6334   338.5436   152.2903     1.8617
   2075.00   42254.17  0.0729230    17.6290   336.6776   152.7293     1.7585
   2085.00   42256.13  0.0730343    17.6284   334.7995   153.0535     1.6691
   2095.00   42257.34  0.0727519    17.6307   332.7916   153.3769     1.5669
   2105.00   42256.98  0.0725305    17.6297   330.5937   153.7551     1.4546
   2115.00   42257.81  0.0725219    17.6281   328.1901   154.1581     1.3645
   2125.00   42259.93  0.0723719    17.6316   325.9505   154.2924     1.2734
   2135.00   42260.15  0.0721654    17.6352   323.6492   154.4352     1.1706
   2145.00   42258.78  0.0720214    17.6346   321.1142   154.7956     1.0778
   2155.00   42258.38  0.0720635    17.6348   318.8865   154.9295     0.9924
   2165.00   42258.73  0.0721495    17.6383   316.8621   154.9667     0.9091
   2175.00   42257.62  0.0720125    17.6395   314.7925   155.2006     0.8163
   2185.00   42255.04  0.0720983    17.6364   312.8808   155.4494     0.7235
   2195.00   42254.28  0.0723864    17.6348   311.1044   155.6701     0.6478
   2205.00   42255.13  0.0723920    17.6361   309.4944   155.8354     0.5589
   2215.00   42254.30  0.0724069    17.6336   307.8023   156.1375     0.4555
   2225.00   42253.41  0.0725825    17.6285   305.8915   156.6015     0.3702
   2235.00   42254.71  0.0726903    17.6270   304.1365   156.8521     0.2817
   2245.00   42256.91  0.0726689    17.6275   302.2567   157.1079     0.1781
   2255.00   42257.56  0.0725737    17.6242   299.9388   157.6233     0.0798
   2265.00   42257.28  0.0725874    17.6205   297.6354   157.9957   359.9820
   2275.00   42258.99  0.0726187    17.6219   295.3368   158.2259   359.8886
   2285.00   42260.49  0.0723513    17.6236   292.8294   158.5750   359.7872
   2295.00   42259.48  0.0721989    17.6219   290.3445   158.9050   359.6796
   2305.00   42257.86  0.0722575    17.6216   287.9220   159.1944   359.5929
   2315.00   42258.10  0.0720797    17.6258   285.7657   159.3279   359.5017
   2325.00   42258.14  0.0719312    17.6283   283.7558   159.4757   359.3961
   2335.00   42256.08  0.0719451    17.6268   281.6954   159.8008   359.3076
   2345.00   42254.23  0.0720021    17.6278   280.0101   159.9085   359.2253
   2355.00   42254.75  0.0720725    17.6310   278.4945   159.9652   359.1341
   2365.00   42255.34  0.0720521    17.6302   276.7722   160.2701   359.0415
   2375.00   42253.88  0.0722031    17.6265   275.1166   160.5173   358.9530
   2385.00   42253.61  0.0724823    17.6256   273.4308   160.7208   358.8731
   2395.00   42255.85  0.0724681    17.6259   271.5623   160.9984   358.7806
   2405.00   42257.36  0.0725302    17.6218   269.4987   161.3399   358.6776
   2415.00   42257.14  0.0727559    17.6169   267.1488   161.7798   358.5933
   2425.00   42257.82  0.0727801    17.6166   264.8235   162.0732   358.5041
   2435.00   42260.08  0.0727323    17.6162   262.3932   162.3940   358.3951
   2445.00   42260.89  0.0727096    17.6122   259.6851   162.9156   358.2986
   2455.00   42258.79  0.0726959    17.6098   257.1850   163.2698   358.2061
   2465.00   42258.03  0.0726425    17.6122   254.8795   163.5295   358.1057
   2475.00   42258.30  0.0724096    17.6127   252.5212   163.9527   358.0041
   2485.00   42257.16  0.0722683    17.6107   250.4376   164.2711   357.9017
   2495.00   42254.39  0.0722792    17.6118   248.5685   164.5149   357.8135
   2505.00   42253.89  0.0720318    17.6156   246.8417   164.7384   357.7203
   2515.00   42255.17  0.0718667    17.6165   245.2595   164.9180   357.6145
   2525.00   42254.90  0.0719076    17.6148   243.5755   165.1843   357.5292
   2535.00   42253.87  0.0718628    17.6167   242.0050   165.2962   357.4491
   2545.00   42255.22  0.0718633    17.6190   240.3812   165.3887   357.3531
   2555.00   42257.75  0.0719016    17.6164   238.3798   165.6943   357.2632
   2565.00   42257.73  0.0720204    17.6129   236.3336   165.8870   357.1821
   2575.00   42257.15  0.0722230    17.6126   234.1650   166.0630   357.0982
   2585.00   42258.72  0.0722205    17.6113   231.7032   166.4140   357.0044
   2595.00   42260.43  0.0722910    17.6059   229.2277   166.7285   356.9057
   2605.00   42259.44  0.0724941    17.6018   226.6930   167.0837   356.8210
   2615.00   42257.93  0.0724337    17.6020   224.2492   167.4258   356.7279
   2625.00   42258.32  0.0723746    17.6004   221.9606   167.7631   356.6152
   2635.00   42258.80  0.0723885    17.5962   219.6805   168.2075   356.5183
   2645.00   42256.03  0.0722961    17.5961   217.7059   168.5035   356.4274
   2655.00   42254.11  0.0722022    17.5989   215.9452   168.7535   356.3200
   2665.00   42254.59  0.0720612    17.5984   214.1086   169.1505   356.2173
   2675.00   42255.13  0.0719454    17.5970   212.4805   169.3768   356.1227
   2685.00   42253.70  0.0719485    17.5994   210.8927   169.5435   356.0319
   2695.00   42253.87  0.0717867    17.6022   209.1157   169.8098   355.9374
   2705.00   42256.59  0.0717196    17.6012   207.3307   169.9771   355.8363
   2715.00   42258.31  0.0718304    17.5996   205.3429   170.1679   355.7532
   2725.00   42257.84  0.0717912    17.6016   203.2166   170.3364   355.6718
   2735.00   42258.36  0.0718466    17.6022   201.0045   170.4969   355.5719
   2745.00   42260.59  0.0719930    17.5982   198.5433   170.8005   355.4823
   2755.00   42260.35  0.0720745    17.5959   196.1532   170.9986   355.4034
   2765.00   42258.06  0.0722370    17.5961   193.8138   171.2166   355.3117
   2775.00   42257.28  0.0723209    17.5934   191.3733   171.6338   355.2142
   2785.00   42258.04  0.0724003    17.5881   189.1918   171.9364   355.1197
   2795.00   42256.89  0.0725533    17.5856   187.1416   172.2576   355.0311
   2805.00   42254.54  0.0725017    17.5854   185.1271   172.6904   354.9333
   2815.00   42254.36  0.0724912    17.5822   183.3152   173.0626   354.8209
   2825.00   42256.09  0.0725272    17.5780   181.5051   173.4664   354.7243
   2835.00   42255.13  0.0723624    17.5788   179.7315   173.8187   354.6319
   2845.00   42254.02  0.0722550    17.5805   177.9675   174.1371   354.5200
   2855.00   42255.50  0.0721752    17.5785   175.9836   174.5428   354.4163
   2865.00   42257.78  0.0719765    17.5782   174.0117   174.7705   354.3273
   2875.00   42257.70  0.0718755    17.5815   171.9383   174.9587   354.2327
   2885.00   42257.36  0.0717407    17.5831   169.5838   175.2770   354.1361
   2895.00   42259.25  0.0716534    17.5815   167.3127   175.4192   354.0430
   2905.00   42260.83  0.0716784    17.5811   164.9998   175.5499   353.9614
   2915.00   42259.36  0.0715925    17.5830   162.6088   175.7686   353.8785
   2925.00   42257.53  0.0716662    17.5816   160.3919   175.9320   353.7802
   2935.00   42258.06  0.0718386    17.5768   158.2282   176.1615   353.6929
   2945.00   42257.64  0.0718351    17.5751   156.2166   176.3711   353.6140
   2955.00   42255.06  0.0719571    17.5744   154.3527   176.6172   353.5161
   2965.00   42253.54  0.0721185    17.5695   152.4552   177.0209   353.4151
   2975.00   42254.72  0.0721461    17.5644   150.7628   177.2884   353.3237
   2985.00   42255.40  0.0722013    17.5631   149.0592   177.5933   353.2285
   2995.00   42254.29  0.0721711    17.5619   147.1467   178.0609   353.1243
   3005.00   42254.72  0.0721722    17.5577   145.3073   178.3779   353.0153
   3015.00   42257.68  0.0721650    17.5551   143.3276   178.6856   352.9186
   3025.00   42258.48  0.0719600    17.5567   141.1079   179.0550   352.8234
   3035.00   42257.67  0.0718908    17.5574   138.8504   179.3475   352.7115
   3045.00   42258.31  0.0718962    17.5550   136.4656   179.6421   352.6105
   3055.00   42260.04  0.0716769    17.5561   134.0774   179.8473   352.5249
   3065.00   42259.80  0.0715842    17.5596   131.7233   180.0443   352.4271
   3075.00   42257.53  0.0715991    17.5596   129.3258   180.3453   352.3277
   3085.00   42257.17  0.0715540    17.5578   127.2375   180.4467   352.2412
   3095.00   42257.94  0.0715716    17.5584   125.2834   180.5716   352.1564
   3105.00   42256.37  0.0715616    17.5594   123.2996   180.8683   352.0664
   3115.00   42254.01  0.0717076    17.5561   121.6078   181.0287   351.9698
   3125.00   42254.21  0.0719066    17.5514   119.9909   181.2127   351.8815
   3135.00   42255.36  0.0718854    17.5501   118.2863   181.4993   351.7974
   3145.00   42254.77  0.0720359    17.5481   116.5694   181.8027   351.6946
   3155.00   42254.03  0.0722797    17.5417   114.7065   182.1757   351.5920
   3165.00   42255.97  0.0722680    17.5373   112.7840   182.4628   351.5021
   3175.00   42258.38  0.0722841    17.5365   110.6425   182.8311   351.4011
   3185.00   42258.19  0.0723301    17.5340   108.1886   183.3531   351.2921
   3195.00   42257.89  0.0723218    17.5294   105.8251   183.6574   351.1888
   3205.00   42259.65  0.0722491    17.5281   103.3739   183.9705   351.0907
   3215.00   42260.34  0.0720305    17.5298   100.7234   184.4407   350.9904
   3225.00   42258.62  0.0719649    17.5293    98.2903   184.7583   350.8802
   3235.00   42256.88  0.0719361    17.5273    96.0421   184.9943   350.7814
   3245.00   42257.05  0.0716391    17.5293    93.8867   185.2496   350.6944
   3255.00   42256.94  0.0715092    17.5323    91.9180   185.4991   350.5935
   3265.00   42254.42  0.0715641    17.5308    90.0915   185.7506   350.4940
   3275.00   42253.45  0.0714400    17.5292    88.5326   185.8244   350.4122
   3285.00   42254.82  0.0713859    17.5301    86.9979   185.9550   350.3251
   3295.00   42255.27  0.0714348    17.5292    85.2544   186.2843   350.2298
   3305.00   42254.51  0.0715554    17.5241    83.6646   186.3947   350.1395
   3315.00   42255.10  0.0716944    17.5192    81.9627   186.5210   350.0519
   3325.00   42257.60  0.0716597    17.5174    79.8686   186.8761   349.9613
   3335.00   42258.66  0.0718257    17.5130    77.6746   187.1857   349.8575
   3345.00   42257.86  0.0720670    17.5057    75.3606   187.4840   349.7552
   3355.00   42258.47  0.0719700    17.5023    72.9231   187.7869   349.6624
   3365.00   42260.14  0.0719600    17.5015    70.3612   188.1887   349.5551
   3375.00   42259.57  0.0720662    17.4981    67.7309   188.6814   349.4419
   3385.00   42257.58  0.0719830    17.4947    65.4244   188.9230   349.3418
   3395.00   42257.00  0.0718436    17.4954    63.2301   189.1990   349.2408
   3405.00   42257.29  0.0716866    17.4972    60.9746   189.6799   349.1342
   3415.00   42256.04  0.0716538    17.4960    59.1190   189.9149   349.0286
   3425.00   42253.80  0.0716124    17.4948    57.5024   190.0439   348.9325
   3435.00   42253.82  0.0713454    17.4971    55.8130   190.3042   348.8421
   3445.00   42255.23  0.0713208    17.4983    54.1820   190.5429   348.7400
   3455.00   42254.79  0.0714753    17.4951    52.5748   190.7163   348.6421
   3465.00   42254.56  0.0713590    17.4934    50.9365   190.7981   348.5602
   3475.00   42256.43  0.0713449    17.4937    49.0860   190.9797   348.4681
   3485.00   42258.60  0.0715380    17.4906    46.9033   191.3357   348.3673
   3495.00   42259.02  0.0716592    17.4850    44.7818   191.4593   348.2790
   3505.00   42258.50  0.0717548    17.4810    42.5423   191.6059   348.1893
   3515.00   42259.73  0.0717817    17.4788    39.9344   192.0543   348.0897
   3525.00   42260.41  0.0719794    17.4732    37.4483   192.3759   347.9864
   3535.00   42258.72  0.0722076    17.4665    35.0924   192.6436   347.8851
   3545.00   42256.87  0.0720701    17.4640    32.7354   193.0196   347.7867
   3555.00   42256.83  0.0720930    17.4622    30.4712   193.4649   347.6751
   3565.00   42256.66  0.0722661    17.4578    28.3422   193.9370   347.5601
   3575.00   42254.97  0.0721120    17.4551    26.5299   194.2090   347.4596
   3585.00   42253.80  0.0719183    17.4561    24.7692   194.5422   347.3543
   3595.00   42254.82  0.0718216    17.4567    22.8634   195.0635   347.2415
   3605.00   42255.86  0.0717358    17.4548    21.2201   195.2849   347.1391
   3615.00   42255.15  0.0715881    17.4546    19.5994   195.4093   347.0447
   3625.00   42255.49  0.0712878    17.4566    17.6455   195.7334   346.9498
   3635.00   42257.73  0.0712611    17.4558    15.6539   195.9462   346.8502
   3645.00   42259.07  0.0713856    17.4520    13.6194   196.0472   346.7577
