  -7305.00   42257.52  0.0579505     0.4370   253.3313    75.5169    76.5839
  -7295.00   42259.78  0.0579757     0.4586   251.1057    73.8524    78.4238
  -7285.00   42260.03  0.0581254     0.4878   248.5855    72.2997    80.2759
  -7275.00   42259.94  0.0581459     0.5116   246.0369    71.5965    81.1824
  -7265.00   42261.70  0.0581331     0.5244   243.4363    70.6809    82.2779
  -7255.00   42262.80  0.0581137     0.5434   240.5949    69.4678    83.8835
  -7245.00   42260.70  0.0581119     0.5627   237.9490    68.9443    84.6765
  -7235.00   42258.94  0.0581034     0.5744   235.5237    69.1297    84.6630
  -7225.00   42258.73  0.0579413     0.5869   233.0697    69.0905    85.0395
  -7215.00   42258.36  0.0578425     0.6012   230.9103    68.9785    85.3734
  -7205.00   42255.81  0.0578561     0.6202   228.9413    69.6575    84.8741
  -7195.00   42254.87  0.0576818     0.6373   227.0565    70.5456    84.1777
  -7185.00   42256.25  0.0575704     0.6510   225.3268    70.9277    83.8934
  -7175.00   42257.20  0.0575728     0.6770   223.4753    71.2657    83.7478
  -7165.00   42256.32  0.0575237     0.7049   221.6372    72.0107    83.1005
  -7155.00   42257.04  0.0575295     0.7250   219.7475    72.5125    82.6281
  -7145.00   42259.77  0.0575289     0.7516   217.4997    72.3889    82.9674
  -7135.00   42260.62  0.0575829     0.7839   215.1852    72.2710    83.2080
  -7125.00   42259.79  0.0577253     0.8115   212.7648    72.4014    83.1754
  -7115.00   42260.30  0.0577294     0.8352   210.0860    72.1888    83.6487
  -7105.00   42261.97  0.0577889     0.8593   207.4640    71.5368    84.4939
  -7095.00   42261.62  0.0579334     0.8872   204.8283    71.2202    85.0617
  -7085.00   42259.27  0.0579265     0.9081   202.2554    71.1831    85.3924
  -7075.00   42258.51  0.0579457     0.9202   199.8927    70.8027    86.0195
  -7065.00   42259.10  0.0579732     0.9402   197.5618    70.4596    86.7313
  -7055.00   42257.29  0.0579136     0.9596   195.4508    70.6297    86.8566
  -7045.00   42255.02  0.0578817     0.9683   193.5193    70.9572    86.7662
  -7035.00   42255.09  0.0577772     0.9816   191.4823    71.1358    86.9724
  -7025.00   42256.83  0.0576485     0.9998   189.6001    71.4018    86.9335
  -7015.00   42256.55  0.0575868     1.0170   187.6935    72.1562    86.3580
  -7005.00   42256.52  0.0574100     1.0344   185.5468    72.8659    85.9283
  -6995.00   42258.63  0.0573008     1.0524   183.4167    73.1627    85.7565
  -6985.00   42261.22  0.0572576     1.0807   181.1123    73.6483    85.4045
  -6975.00   42260.98  0.0571305     1.1095   178.6359    74.2910    84.9130
  -6965.00   42260.18  0.0571217     1.1309   176.1696    74.5468    84.7229
  -6955.00   42261.37  0.0571522     1.1613   173.5732    74.4884    84.9489
  -6945.00   42261.69  0.0571210     1.1962   171.0680    74.5631    84.9824
  -6935.00   42259.58  0.0571972     1.2216   168.6828    74.6726    84.9717
  -6925.00   42257.63  0.0572508     1.2456   166.2675    74.4695    85.4461
  -6915.00   42257.92  0.0572970     1.2729   164.1404    74.0887    85.9810
  -6905.00   42257.99  0.0573732     1.2978   162.1247    74.0677    86.1954
  -6895.00   42255.90  0.0573542     1.3155   160.0697    74.1468    86.4515
  -6885.00   42254.93  0.0574018     1.3286   158.2011    73.9238    86.9016
  -6875.00   42256.69  0.0574309     1.3482   156.2863    73.9259    87.1699
  -6865.00   42257.38  0.0573078     1.3657   154.2546    74.3517    87.0471
  -6855.00   42256.66  0.0572753     1.3735   152.1891    74.7124    86.9140
  -6845.00   42257.27  0.0572489     1.3889   149.8955    74.9661    86.9612
  -6835.00   42260.01  0.0570951     1.4112   147.5586    75.4249    86.6807
  -6825.00   42261.12  0.0570057     1.4281   145.1092    76.1249    86.1300
  -6815.00   42260.33  0.0569190     1.4471   142.4277    76.6523    85.8735
  -6805.00   42260.50  0.0568754     1.4721   139.9294    76.8392    85.7550
  -6795.00   42261.85  0.0568436     1.5013   137.4632    77.2683    85.4004
  -6785.00   42260.92  0.0567521     1.5292   134.9413    77.7503    85.1238
  -6775.00   42258.19  0.0568262     1.5524   132.7041    77.7841    85.1703
  -6765.00   42257.24  0.0569331     1.5834   130.6124    77.7286    85.3359
  -6755.00   42257.53  0.0568942     1.6159   128.6046    77.8987    85.3305
  -6745.00   42256.45  0.0569811     1.6369   126.7225    78.0071    85.3888
  -6735.00   42254.62  0.0571269     1.6595   124.8051    77.8738    85.7965
  -6725.00   42255.35  0.0571706     1.6871   123.0048    77.7497    86.0858
  -6715.00   42257.51  0.0572098     1.7073   121.0792    77.9497    86.1179
  -6705.00   42257.68  0.0572297     1.7223   118.8410    78.1640    86.3161
  -6695.00   42257.47  0.0573059     1.7384   116.6435    78.0929    86.6191
  -6685.00   42259.43  0.0573152     1.7574   114.2732    78.3134    86.6463
  -6675.00   42261.38  0.0571685     1.7733   111.5729    78.8798    86.4827
  -6665.00   42261.06  0.0571456     1.7826   108.8796    79.2472    86.4102
  -6655.00   42259.88  0.0571410     1.8004   106.1817    79.5389    86.3818
  -6645.00   42260.55  0.0569293     1.8241   103.5258    80.1086    86.0480
  -6635.00   42261.02  0.0567847     1.8401   100.9717    80.7867    85.5978
  -6625.00   42258.94  0.0567275     1.8606    98.4906    81.2303    85.4426
  -6615.00   42257.00  0.0566284     1.8913    96.4250    81.4389    85.2813
  -6605.00   42257.18  0.0565191     1.9205    94.5156    81.8612    84.9220
  -6595.00   42257.29  0.0564167     1.9479    92.5202    82.2873    84.7533
  -6585.00   42255.69  0.0564826     1.9767    90.8249    82.2146    84.8722
  -6575.00   42254.94  0.0565536     2.0098    89.1916    82.1434    84.9614
  -6565.00   42256.58  0.0564787     2.0408    87.3144    82.3321    84.9639
  -6555.00   42258.08  0.0565733     2.0615    85.3302    82.3587    85.1266
  -6545.00   42257.70  0.0567510     2.0848    83.1887    82.2061    85.4842
  -6535.00   42258.38  0.0567444     2.1117    80.9279    82.2012    85.6419
  -6525.00   42260.86  0.0567474     2.1274    78.4083    82.4723    85.6291
  -6515.00   42261.84  0.0568090     2.1400    75.5891    82.7404    85.7899
  -6505.00   42260.86  0.0568523     2.1588    72.9638    82.7937    85.9207
  -6495.00   42260.34  0.0567971     2.1764    70.3596    83.1455    85.7581
  -6485.00   42260.93  0.0566533     2.1905    67.5823    83.7889    85.5375
  -6475.00   42260.22  0.0566584     2.2043    65.1142    84.1297    85.4480
  -6465.00   42257.54  0.0566505     2.2264    62.9440    84.4102    85.2990
  -6455.00   42256.38  0.0564369     2.2518    60.8509    84.9647    84.9503
  -6445.00   42256.99  0.0563472     2.2696    58.8940    85.4866    84.6394
  -6435.00   42256.40  0.0563963     2.2936    57.0356    85.7520    84.5764
  -6425.00   42255.31  0.0563099     2.3278    55.3872    85.9153    84.4306
  -6415.00   42255.93  0.0562234     2.3551    53.6689    86.2403    84.1660
  -6405.00   42258.13  0.0562375     2.3794    51.6035    86.5610    84.1385
  -6395.00   42259.00  0.0563449     2.4109    49.6435    86.4712    84.2720
  -6385.00   42258.73  0.0564107     2.4419    47.5744    86.4552    84.2934
  -6375.00   42260.06  0.0563640     2.4671    45.0628    86.7319    84.2894
  -6365.00   42261.92  0.0565190     2.4876    42.4670    86.7754    84.4750
  -6355.00   42261.68  0.0567289     2.5110    39.8576    86.7284    84.7090
  -6345.00   42260.32  0.0566958     2.5355    37.2160    86.9042    84.7441
  -6335.00   42260.26  0.0567140     2.5488    34.5341    87.2440    84.7269
  -6325.00   42260.47  0.0568511     2.5612    31.8516    87.5622    84.8562
  -6315.00   42259.09  0.0568714     2.5824    29.5569    87.7602    84.8739
  -6305.00   42256.75  0.0567644     2.5989    27.4222    88.2108    84.6527
  -6295.00   42256.46  0.0566478     2.6109    25.1607    88.8836    84.4676
  -6285.00   42257.02  0.0566527     2.6292    23.2243    89.2302    84.3806
  -6275.00   42256.04  0.0565840     2.6538    21.4767    89.5745    84.1558
  -6265.00   42255.43  0.0563210     2.6784    19.5395    90.1797    83.8181
  -6255.00   42256.99  0.0562272     2.6990    17.5506    90.6198    83.6097
  -6245.00   42258.96  0.0562719     2.7274    15.5168    90.8323    83.5442
  -6235.00   42259.61  0.0561245     2.7639    13.4122    91.0425    83.3790
  -6225.00   42259.71  0.0559913     2.7913    11.1130    91.3201    83.1894
  -6215.00   42261.48  0.0560522     2.8164     8.5023    91.5285    83.2499
  -6205.00   42262.64  0.0561249     2.8515     6.0469    91.4461    83.3634
  -6195.00   42261.44  0.0561364     2.8818     3.6275    91.4547    83.3524
  -6185.00   42260.03  0.0561033     2.9023     0.9380    91.7337    83.3922
  -6175.00   42259.85  0.0562582     2.9248   358.4880    91.7356    83.5840
  -6165.00   42259.53  0.0564448     2.9482   356.2715    91.7365    83.7115
  -6155.00   42257.44  0.0563662     2.9682   354.0823    92.0458    83.6540
  -6145.00   42256.02  0.0563823     2.9808   351.9718    92.3768    83.6395
  -6135.00   42256.48  0.0565308     2.9944   349.9307    92.6815    83.6961
  -6125.00   42257.13  0.0564952     3.0168   348.1033    92.9881    83.5743
  -6115.00   42256.11  0.0563508     3.0333   346.2179    93.4717    83.3118
  -6105.00   42256.24  0.0562762     3.0460   344.0310    94.0759    83.1493
  -6095.00   42258.26  0.0562710     3.0704   341.9858    94.3644    83.0301
  -6085.00   42259.73  0.0561868     3.0982   339.9048    94.6809    82.7639
  -6075.00   42259.66  0.0559721     3.1219   337.4312    95.2336    82.4836
  -6065.00   42260.26  0.0559499     3.1467   334.9261    95.5034    82.3874
  -6055.00   42262.00  0.0560421     3.1784   332.4661    95.6159    82.3343
  -6045.00   42262.56  0.0559443     3.2130   329.9702    95.8363    82.1784
  -6035.00   42260.72  0.0558895     3.2384   327.4615    96.0489    82.0948
  -6025.00   42259.54  0.0560368     3.2629   324.9634    96.1849    82.2013
  -6015.00   42259.39  0.0561283     3.2967   322.7908    96.1811    82.2662
  -6005.00   42258.34  0.0561508     3.3230   320.7917    96.2768    82.2215
  -5995.00   42255.91  0.0561951     3.3391   318.6117    96.5989    82.2776
  -5985.00   42255.12  0.0563491     3.3622   316.7079    96.6656    82.4200
  -5975.00   42256.31  0.0565046     3.3853   314.9527    96.7713    82.4390
  -5965.00   42256.53  0.0564455     3.4008   312.9560    97.2165    82.3322
  -5955.00   42256.18  0.0564898     3.4149   310.8708    97.5660    82.3276
  -5945.00   42257.26  0.0566338     3.4314   308.6854    97.8956    82.3350
  -5935.00   42259.80  0.0565648     3.4532   306.4275    98.3353    82.1384
  -5925.00   42260.45  0.0564345     3.4701   303.9479    98.8551    81.9078
  -5915.00   42259.92  0.0564002     3.4847   301.1740    99.4326    81.7856
  -5905.00   42260.64  0.0563447     3.5127   298.5739    99.7807    81.6331
  -5895.00   42262.00  0.0562065     3.5417   296.0526   100.1486    81.3529
  -5885.00   42261.20  0.0560195     3.5643   293.3367   100.6973    81.1246
  -5875.00   42259.29  0.0559756     3.5939   290.8895   100.9164    81.0682
  -5865.00   42258.77  0.0559939     3.6295   288.7392   101.0250    80.9892
  -5855.00   42259.01  0.0558647     3.6620   286.6726   101.2805    80.8323
  -5845.00   42257.23  0.0558287     3.6890   284.7216   101.4124    80.8278
  -5835.00   42255.17  0.0559683     3.7165   282.8487   101.4722    80.9507
  -5825.00   42255.31  0.0560115     3.7492   281.1431   101.5220    80.9736
  -5815.00   42256.57  0.0560134     3.7726   279.4147   101.6300    80.9449
  -5805.00   42256.13  0.0561093     3.7868   277.3433   101.9037    81.0268
  -5795.00   42256.10  0.0562259     3.8101   275.3050   102.0155    81.1166
  -5785.00   42258.36  0.0563020     3.8318   273.1971   102.2068    81.0466
  -5775.00   42260.56  0.0562598     3.8428   270.6750   102.7040    80.9087
  -5765.00   42260.69  0.0562971     3.8589   268.0640   103.0365    80.8724
  -5755.00   42260.30  0.0563885     3.8798   265.4124   103.3756    80.7916
  -5745.00   42261.64  0.0562831     3.9007   262.7379   103.8866    80.5225
  -5735.00   42261.89  0.0561831     3.9203   260.0878   104.3280    80.3158
  -5725.00   42259.81  0.0561942     3.9406   257.4505   104.7623    80.2161
  -5715.00   42257.95  0.0561302     3.9721   255.1527   105.0906    80.0374
  -5705.00   42258.03  0.0560146     4.0019   253.0863   105.4010    79.8004
  -5695.00   42257.74  0.0559363     4.0241   250.9805   105.8052    79.6647
  -5685.00   42255.66  0.0559412     4.0563   249.1587   105.9345    79.6485
  -5675.00   42254.79  0.0559704     4.0918   247.5009   106.0459    79.5662
  -5665.00   42256.41  0.0559106     4.1181   245.7177   106.3250    79.4406
  -5655.00   42257.12  0.0559516     4.1438   243.8951   106.4080    79.4792
  -5645.00   42256.49  0.0561166     4.1723   241.9351   106.4756    79.5702
  -5635.00   42257.30  0.0561707     4.2002   239.8405   106.6597    79.5277
  -5625.00   42259.87  0.0562149     4.2205   237.5615   106.8283    79.5017
  -5615.00   42260.98  0.0563661     4.2351   234.9520   107.0813    79.5751
  -5605.00   42260.20  0.0564800     4.2586   232.3347   107.2905    79.5959
  -5595.00   42260.54  0.0565419     4.2790   229.7053   107.5990    79.4804
  -5585.00   42261.91  0.0565640     4.2880   226.8944   108.1156    79.3577
  -5575.00   42261.09  0.0566071     4.3061   224.2660   108.4556    79.3121
  -5565.00   42258.51  0.0566637     4.3305   221.8103   108.8659    79.1756
  -5555.00   42257.70  0.0565759     4.3488   219.4580   109.4790    78.8994
  -5545.00   42257.92  0.0564923     4.3696   217.3288   109.9130    78.7233
  -5535.00   42256.69  0.0564813     4.3957   215.3002   110.3136    78.6218
  -5525.00   42254.76  0.0563746     4.4283   213.4503   110.7387    78.4078
  -5515.00   42255.30  0.0562482     4.4586   211.6777   111.0800    78.2040
  -5505.00   42257.31  0.0561833     4.4835   209.7497   111.4026    78.1273
  -5495.00   42257.27  0.0561308     4.5193   207.8633   111.5263    78.1055
  -5485.00   42257.12  0.0561068     4.5556   205.8727   111.6685    78.0203
  -5475.00   42259.28  0.0560751     4.5790   203.5876   111.9286    77.9461
  -5465.00   42261.34  0.0560966     4.6054   201.2439   111.9403    78.0150
  -5455.00   42261.11  0.0562004     4.6358   198.7561   111.9991    78.0713
  -5445.00   42260.17  0.0562481     4.6589   196.1424   112.2605    77.9975
  -5435.00   42261.00  0.0563096     4.6764   193.5698   112.4199    77.9821
  -5425.00   42261.52  0.0564368     4.6929   190.9757   112.6239    78.0287
  -5415.00   42259.20  0.0564986     4.7158   188.5416   112.9225    77.9581
  -5405.00   42257.28  0.0565485     4.7346   186.2767   113.2872    77.8043
  -5395.00   42257.57  0.0566054     4.7443   184.0452   113.7550    77.6816
  -5385.00   42257.50  0.0566003     4.7661   182.0635   114.0744    77.5926
  -5375.00   42255.72  0.0566062     4.7939   180.1691   114.4993    77.3983
  -5365.00   42254.97  0.0565721     4.8122   178.2154   115.0830    77.1385
  -5355.00   42256.82  0.0565131     4.8352   176.3601   115.3944    77.0054
  -5345.00   42258.04  0.0564841     4.8679   174.3817   115.7063    76.8997
  -5335.00   42257.41  0.0564068     4.9000   172.2638   116.1272    76.6899
  -5325.00   42258.22  0.0563612     4.9282   170.0686   116.3823    76.5485
  -5315.00   42260.88  0.0563606     4.9557   167.6598   116.5770    76.5293
  -5305.00   42261.68  0.0563101     4.9909   165.2089   116.7147    76.4919
  -5295.00   42260.63  0.0563280     5.0233   162.6960   116.8841    76.4086
  -5285.00   42260.47  0.0564088     5.0432   160.0857   117.1079    76.3761
  -5275.00   42261.40  0.0564472     5.0683   157.6676   117.1184    76.4349
  -5265.00   42260.52  0.0565331     5.0979   155.3056   117.2581    76.4293
  -5255.00   42257.64  0.0566533     5.1162   152.9864   117.6080    76.3312
  -5245.00   42256.76  0.0567769     5.1313   150.9312   117.7674    76.3161
  -5235.00   42257.41  0.0569005     5.1512   148.9299   117.9956    76.3226
  -5225.00   42256.30  0.0569604     5.1728   146.9614   118.4283    76.1882
  -5215.00   42254.94  0.0570576     5.1899   145.0592   118.8395    76.0318
  -5205.00   42255.90  0.0571672     5.2025   143.0592   119.2698    75.9328
  -5195.00   42258.10  0.0571275     5.2269   141.0312   119.6670    75.8081
  -5185.00   42258.62  0.0571096     5.2554   138.8325   120.1737    75.5938
  -5175.00   42258.26  0.0571356     5.2736   136.4086   120.7593    75.3719
  -5165.00   42260.22  0.0570559     5.2991   134.0142   121.0474    75.2642
  -5155.00   42261.96  0.0569616     5.3363   131.4335   121.4112    75.1340
  -5145.00   42261.20  0.0568726     5.3677   128.7243   121.9102    74.9273
  -5135.00   42259.88  0.0568303     5.3952   126.1925   122.1102    74.8311
  -5125.00   42260.33  0.0567872     5.4282   123.6908   122.2521    74.8297
  -5115.00   42260.51  0.0566675     5.4638   121.3093   122.4598    74.7680
  -5105.00   42258.51  0.0566717     5.4931   119.1118   122.6343    74.6943
  -5095.00   42256.59  0.0567756     5.5136   117.0541   122.7514    74.7071
  -5085.00   42256.93  0.0567648     5.5388   115.2409   122.7498    74.7486
  -5075.00   42257.26  0.0568076     5.5662   113.4125   122.9461    74.6959
  -5065.00   42255.58  0.0569758     5.5807   111.5162   123.2958    74.5972
  -5055.00   42255.17  0.0570950     5.5944   109.7731   123.3983    74.5756
  -5045.00   42257.06  0.0571700     5.6170   107.8258   123.6580    74.5185
  -5035.00   42258.49  0.0572249     5.6372   105.5968   124.2014    74.3240
  -5025.00   42258.35  0.0573329     5.6533   103.3241   124.5914    74.1563
  -5015.00   42259.13  0.0574173     5.6722   100.8786   124.9392    74.0545
  -5005.00   42261.48  0.0573276     5.7004    98.2817   125.3841    73.8839
  -4995.00   42262.34  0.0572976     5.7296    95.5752   125.8866    73.6641
  -4985.00   42260.75  0.0573682     5.7509    92.8617   126.3289    73.5008
  -4975.00   42260.10  0.0572659     5.7799    90.3999   126.5086    73.4189
  -4965.00   42260.21  0.0571686     5.8181    87.9481   126.8276    73.2894
  -4955.00   42259.22  0.0571689     5.8467    85.5430   127.2902    73.1200
  -4945.00   42256.55  0.0571775     5.8714    83.5801   127.3529    73.0756
  -4935.00   42255.77  0.0571625     5.9056    81.6993   127.4445    73.0711
  -4925.00   42256.68  0.0571009     5.9373    79.8246   127.7303    72.9825
  -4915.00   42256.37  0.0571904     5.9599    78.0754   127.9087    72.9105
  -4905.00   42255.48  0.0573375     5.9813    76.3302   127.9807    72.9297
  -4895.00   42256.49  0.0573290     6.0060    74.5515   128.0510    72.9256
  -4885.00   42258.72  0.0574063     6.0295    72.4952   128.3485    72.8267
  -4875.00   42259.23  0.0576527     6.0432    70.2063   128.6995    72.7385
  -4865.00   42258.92  0.0577664     6.0578    67.9621   128.7972    72.7097
  -4855.00   42260.16  0.0578287     6.0820    65.4160   129.1286    72.6084
  -4845.00   42261.93  0.0579572     6.1009    62.5670   129.7701    72.4018
  -4835.00   42261.39  0.0581028     6.1156    59.8864   130.1557    72.2511
  -4825.00   42259.95  0.0581613     6.1398    57.2450   130.5109    72.1447
  -4815.00   42259.86  0.0580655     6.1696    54.6092   131.0717    71.9451
  -4805.00   42259.91  0.0580593     6.1966    52.1228   131.6334    71.7263
  -4795.00   42257.98  0.0581227     6.2221    49.8774   132.0252    71.6010
  -4785.00   42255.91  0.0579424     6.2552    47.9507   132.2370    71.5128
  -4775.00   42255.71  0.0577912     6.2936    46.0338   132.5951    71.3730
  -4765.00   42256.56  0.0578275     6.3219    44.0934   133.0226    71.2416
  -4755.00   42255.69  0.0577729     6.3477    42.4733   133.0150    71.2298
  -4745.00   42255.69  0.0576901     6.3836    40.7059   133.0849    71.2177
  -4735.00   42257.72  0.0576478     6.4128    38.6487   133.4109    71.1226
  -4725.00   42259.66  0.0577570     6.4302    36.5868   133.5270    71.0732
  -4715.00   42259.87  0.0578690     6.4536    34.3711   133.5646    71.0883
  -4705.00   42260.01  0.0578218     6.4780    31.9832   133.7132    71.0389
  -4695.00   42261.56  0.0579226     6.4959    29.3638   134.0626    70.9055
  -4685.00   42262.14  0.0581837     6.5107    26.6865   134.3764    70.8165
  -4675.00   42260.63  0.0582337     6.5283    24.2227   134.5033    70.7533
  -4665.00   42259.31  0.0582401     6.5535    21.6804   134.9009    70.5940
  -4655.00   42259.42  0.0584093     6.5731    19.1000   135.5238    70.3827
  -4645.00   42258.94  0.0585284     6.5897    16.9339   135.8252    70.2457
  -4635.00   42256.85  0.0585134     6.6199    14.9011   136.1401    70.1231
  -4625.00   42255.69  0.0584195     6.6516    12.8386   136.7016    69.9160
  -4615.00   42256.49  0.0584481     6.6760    10.9278   137.1501    69.7308
  -4605.00   42256.75  0.0584983     6.7056     9.1176   137.4008    69.6448
  -4595.00   42256.08  0.0583034     6.7407     7.3257   137.5955    69.5579
  -4585.00   42256.63  0.0581862     6.7742     5.3202   137.9301    69.4209
  -4575.00   42259.00  0.0583080     6.8005     3.1417   138.2247    69.3347
  -4565.00   42260.33  0.0582747     6.8257     1.0654   138.1802    69.3332
  -4555.00   42260.31  0.0582024     6.8590   358.7334   138.2751    69.2938
  -4545.00   42260.86  0.0582736     6.8838   356.0953   138.6300    69.1909
  -4535.00   42262.36  0.0584406     6.8974   353.6198   138.7116    69.1510
  -4525.00   42261.96  0.0585754     6.9214   351.1481   138.7764    69.1396
  -4515.00   42259.97  0.0585721     6.9458   348.6454   139.0585    69.0430
  -4505.00   42258.90  0.0587330     6.9590   346.2261   139.4345    68.9000
  -4495.00   42258.75  0.0590151     6.9758   343.9786   139.7330    68.8127
  -4485.00   42257.73  0.0590548     6.9970   341.9996   139.9431    68.7214
  -4475.00   42255.74  0.0590671     7.0207   339.9660   140.4316    68.5318
  -4465.00   42255.51  0.0592756     7.0410   337.8955   141.0256    68.3416
  -4455.00   42256.92  0.0593674     7.0601   336.0885   141.3146    68.2202
  -4445.00   42257.02  0.0593085     7.0931   334.1674   141.6883    68.0775
  -4435.00   42256.73  0.0592522     7.1254   331.9496   142.3142    67.8717
  -4425.00   42258.17  0.0592684     7.1484   329.7515   142.7214    67.7199
  -4415.00   42260.27  0.0592613     7.1818   327.4791   142.9555    67.6465
  -4405.00   42260.91  0.0590433     7.2198   325.0416   143.2411    67.5457
  -4395.00   42260.41  0.0589217     7.2496   322.4445   143.5942    67.4168
  -4385.00   42261.20  0.0590050     7.2769   319.8503   143.8010    67.3668
  -4375.00   42262.26  0.0589146     7.3045   317.4798   143.7644    67.3653
  -4365.00   42261.05  0.0588049     7.3352   315.0706   143.9030    67.2992
  -4355.00   42259.00  0.0589178     7.3572   312.6366   144.2124    67.2090
  -4345.00   42258.52  0.0590402     7.3696   310.5914   144.2452    67.1780
  -4335.00   42258.36  0.0591257     7.3934   308.6758   144.3156    67.1333
  -4325.00   42256.75  0.0591697     7.4167   306.6850   144.6892    66.9929
  -4315.00   42255.13  0.0593258     7.4268   304.8106   145.0435    66.8435
  -4305.00   42255.74  0.0595519     7.4457   302.9881   145.3150    66.7429
  -4295.00   42257.20  0.0595430     7.4720   301.1480   145.6133    66.6047
  -4285.00   42256.95  0.0595495     7.4947   299.0654   146.1253    66.3910
  -4275.00   42257.22  0.0597264     7.5176   296.7944   146.6279    66.2225
  -4265.00   42259.51  0.0597311     7.5426   294.5875   146.8639    66.1130
  -4255.00   42261.29  0.0596327     7.5773   292.1521   147.2150    65.9583
  -4245.00   42261.12  0.0596363     7.6092   289.4296   147.7454    65.7801
  -4235.00   42260.63  0.0596411     7.6318   286.8436   148.0124    65.6771
  -4225.00   42261.50  0.0596173     7.6655   284.3337   148.1638    65.6173
  -4215.00   42261.64  0.0594848     7.7019   281.8077   148.4538    65.5072
  -4205.00   42259.29  0.0594467     7.7250   279.4149   148.7351    65.3948
  -4195.00   42257.56  0.0595552     7.7503   277.2346   148.8794    65.3593
  -4185.00   42257.73  0.0594882     7.7783   275.3444   148.9037    65.3317
  -4175.00   42257.30  0.0594453     7.8033   273.4858   149.1013    65.2278
  -4165.00   42255.58  0.0596274     7.8230   271.6101   149.3768    65.1402
  -4155.00   42255.04  0.0597399     7.8367   269.9526   149.4342    65.1044
  -4145.00   42256.76  0.0598117     7.8600   268.2233   149.5769    65.0205
  -4135.00   42257.71  0.0599537     7.8820   266.1841   149.9932    64.8637
  -4125.00   42257.20  0.0601287     7.8913   264.0763   150.3251    64.7284
  -4115.00   42258.11  0.0603330     7.9119   261.8229   150.6089    64.6269
  -4105.00   42260.59  0.0603578     7.9407   259.3467   151.0251    64.4609
  -4095.00   42261.34  0.0604084     7.9609   256.6842   151.5432    64.2487
  -4085.00   42260.36  0.0605831     7.9849   253.9162   152.0220    64.1009
  -4075.00   42260.52  0.0605414     8.0156   251.2954   152.3353    63.9878
  -4065.00   42261.47  0.0604363     8.0496   248.6906   152.7546    63.8159
  -4055.00   42260.52  0.0604582     8.0814   246.1002   153.2474    63.6570
  -4045.00   42257.84  0.0604002     8.1072   243.8439   153.4908    63.5838
  -4035.00   42257.01  0.0603055     8.1423   241.8031   153.6786    63.5210
  -4025.00   42257.37  0.0601990     8.1775   239.8106   154.0003    63.4079
  -4015.00   42256.10  0.0601344     8.1978   237.9995   154.2097    63.3224
  -4005.00   42254.52  0.0601847     8.2224   236.2673   154.3172    63.3008
  -3995.00   42255.48  0.0600958     8.2511   234.5515   154.4264    63.2489
  -3985.00   42257.53  0.0600606     8.2703   232.7164   154.6296    63.1280
  -3975.00   42257.91  0.0602231     8.2876   230.6775   154.8493    63.0422
  -3965.00   42257.80  0.0602790     8.3043   228.5904   154.9449    62.9893
  -3955.00   42259.96  0.0603202     8.3262   226.2954   155.1720    62.8572
  -3945.00   42261.71  0.0604870     8.3473   223.7132   155.5692    62.6856
  -3935.00   42261.07  0.0605997     8.3596   221.1321   155.8531    62.5550
  -3925.00   42259.84  0.0607259     8.3837   218.5306   156.1438    62.4357
  -3915.00   42260.36  0.0607728     8.4152   215.8735   156.6046    62.2497
  -3905.00   42260.59  0.0607928     8.4354   213.3775   157.0284    62.0540
  -3895.00   42258.24  0.0609081     8.4610   211.0126   157.3927    61.9339
  -3885.00   42256.55  0.0608409     8.4968   208.8600   157.7192    61.8187
  -3875.00   42256.95  0.0607588     8.5278   206.8674   158.0897    61.6517
  -3865.00   42257.14  0.0607922     8.5559   204.9351   158.4463    61.5237
  -3855.00   42255.35  0.0607121     8.5840   203.1706   158.6202    61.4724
  -3845.00   42254.92  0.0606453     8.6162   201.4115   158.8108    61.3975
  -3835.00   42256.80  0.0606397     8.6459   199.5006   159.0981    61.2823
  -3825.00   42258.13  0.0605893     8.6634   197.5634   159.2335    61.2135
  -3815.00   42257.67  0.0606467     8.6861   195.4695   159.3330    61.1838
  -3805.00   42258.68  0.0606485     8.7137   193.1725   159.5339    61.0981
  -3795.00   42261.25  0.0606681     8.7283   190.7794   159.7332    60.9681
  -3785.00   42262.10  0.0608279     8.7433   188.2420   159.9270    60.8828
  -3775.00   42260.56  0.0608916     8.7645   185.7024   160.1044    60.8074
  -3765.00   42260.18  0.0609918     8.7844   183.1829   160.4005    60.6481
  -3755.00   42260.55  0.0611961     8.8034   180.6765   160.7762    60.4786
  -3745.00   42259.33  0.0612712     8.8198   178.3657   161.0604    60.3593
  -3735.00   42256.50  0.0613941     8.8458   176.1808   161.4160    60.2222
  -3725.00   42255.78  0.0615224     8.8770   174.0428   161.9156    60.0321
  -3715.00   42256.81  0.0615290     8.8973   172.1063   162.3147    59.8583
  -3705.00   42256.06  0.0615852     8.9246   170.1946   162.6794    59.7519
  -3695.00   42255.18  0.0615428     8.9634   168.2423   163.1027    59.6257
  -3685.00   42256.41  0.0614777     8.9923   166.3038   163.4863    59.4655
  -3675.00   42258.86  0.0614537     9.0180   164.2338   163.8014    59.3655
  -3665.00   42258.87  0.0613020     9.0508   162.0488   164.0270    59.3181
  -3655.00   42258.53  0.0612205     9.0816   159.7443   164.2639    59.2324
  -3645.00   42260.16  0.0612160     9.1065   157.2886   164.5128    59.1264
  -3635.00   42261.85  0.0610741     9.1250   154.8148   164.6226    59.0757
  -3625.00   42260.94  0.0610551     9.1472   152.2958   164.7456    59.0330
  -3615.00   42259.68  0.0611017     9.1722   149.7672   164.9800    58.9216
  -3605.00   42260.12  0.0610983     9.1840   147.4331   165.1369    58.7917
  -3595.00   42260.44  0.0611788     9.1979   145.1805   165.3078    58.7024
  -3585.00   42257.96  0.0612360     9.2228   143.0307   165.5688    58.5881
  -3575.00   42256.03  0.0613577     9.2417   141.0779   165.8679    58.4041
  -3565.00   42256.38  0.0615293     9.2592   139.1947   166.1854    58.2361
  -3555.00   42256.67  0.0615270     9.2828   137.3440   166.4925    58.1143
  -3545.00   42255.28  0.0616221     9.3114   135.4753   166.8695    57.9592
  -3535.00   42255.29  0.0617734     9.3416   133.5039   167.3028    57.7758
  -3525.00   42257.76  0.0617099     9.3642   131.4946   167.6161    57.6380
  -3515.00   42259.39  0.0616896     9.3931   129.2773   167.9452    57.5458
  -3505.00   42259.32  0.0616918     9.4310   126.8505   168.3459    57.4217
  -3495.00   42259.87  0.0616414     9.4558   124.4296   168.6189    57.2839
  -3485.00   42262.14  0.0615810     9.4776   121.8865   168.8390    57.2114
  -3475.00   42262.09  0.0614482     9.5105   119.2474   169.0923    57.1531
  -3465.00   42260.15  0.0614340     9.5369   116.7280   169.3143    57.0488
  -3455.00   42259.28  0.0614786     9.5550   114.3427   169.4816    56.9459
  -3445.00   42259.65  0.0613378     9.5748   112.0822   169.6090    56.8911
  -3435.00   42258.64  0.0613470     9.5965   109.9522   169.7972    56.8177
  -3425.00   42256.28  0.0614955     9.6179   107.9818   170.0327    56.6842
  -3415.00   42255.80  0.0615035     9.6295   106.2348   170.1586    56.5622
  -3405.00   42257.19  0.0615659     9.6441   104.4620   170.3579    56.4696
  -3395.00   42256.69  0.0616942     9.6701   102.5940   170.7014    56.3312
  -3385.00   42255.76  0.0618577     9.6877   100.7886   170.9831    56.1461
  -3375.00   42257.04  0.0620133     9.7032    98.8363   171.2637    55.9956
  -3365.00   42259.27  0.0620184     9.7312    96.5895   171.6625    55.8688
  -3355.00   42259.71  0.0621501     9.7603    94.1906   172.1044    55.7005
  -3345.00   42259.41  0.0623272     9.7874    91.6737   172.5113    55.5256
  -3335.00   42260.81  0.0622145     9.8138    89.0539   172.8540    55.4108
  -3325.00   42262.35  0.0621615     9.8451    86.2996   173.2736    55.3153
  -3315.00   42261.35  0.0621977     9.8817    83.5552   173.7197    55.1880
  -3305.00   42259.44  0.0620824     9.9058    81.0946   173.9581    55.0746
  -3295.00   42259.43  0.0619275     9.9276    78.7332   174.1795    55.0206
  -3285.00   42259.12  0.0617810     9.9605    76.4251   174.5064    54.9537
  -3275.00   42257.17  0.0617450     9.9836    74.4491   174.7111    54.8424
  -3265.00   42255.38  0.0617149     9.9968    72.6967   174.7978    54.7531
  -3255.00   42255.90  0.0615272    10.0179    70.9186   174.9573    54.6901
  -3245.00   42256.97  0.0615426    10.0386    69.1393   175.1898    54.5851
  -3235.00   42256.27  0.0617076    10.0550    67.3893   175.3807    54.4344
  -3225.00   42256.44  0.0616514    10.0687    65.5841   175.4915    54.3141
  -3215.00   42258.79  0.0616767    10.0861    63.5033   175.7377    54.2032
  -3205.00   42260.36  0.0618545    10.1127    61.1537   176.1310    54.0384
  -3195.00   42260.19  0.0619687    10.1313    58.8160   176.3763    53.8587
  -3185.00   42260.23  0.0620266    10.1488    56.3266   176.6207    53.7253
  -3175.00   42261.58  0.0620229    10.1809    53.5649   177.0707    53.5946
  -3165.00   42261.94  0.0621492    10.2103    50.8901   177.4898    53.4263
  -3155.00   42259.96  0.0622665    10.2336    48.3953   177.7822    53.2763
  -3145.00   42258.69  0.0620916    10.2628    45.9496   178.0979    53.1828
  -3135.00   42258.90  0.0620446    10.2936    43.5993   178.4978    53.0847
  -3125.00   42258.16  0.0621395    10.3236    41.4601   178.8616    52.9553
  -3115.00   42256.15  0.0619755    10.3457    39.6192   179.0210    52.8631
  -3105.00   42255.44  0.0618082    10.3661    37.8137   179.2117    52.8093
  -3095.00   42256.56  0.0617609    10.3952    35.9079   179.5494    52.7217
  -3085.00   42257.13  0.0617576    10.4139    34.1789   179.6993    52.6031
  -3075.00   42256.55  0.0617142    10.4243    32.4273   179.7460    52.5182
  -3065.00   42257.51  0.0615697    10.4457    30.3545   179.9591    52.4403
  -3055.00   42260.01  0.0616683    10.4653    28.1392   180.2138    52.3099
  -3045.00   42260.87  0.0618761    10.4776    25.8749   180.3742    52.1576
  -3035.00   42260.49  0.0618112    10.4937    23.4554   180.5265    52.0419
  -3025.00   42260.94  0.0618726    10.5137    20.8394   180.8370    51.9181
  -3015.00   42261.95  0.0621454    10.5378    18.1610   181.2534    51.7417
  -3005.00   42261.26  0.0622467    10.5571    15.6952   181.5079    51.5760
  -2995.00   42258.94  0.0622703    10.5770    13.2931   181.7952    51.4531
  -2985.00   42257.99  0.0623172    10.6100    10.8227   182.3176    51.3157
  -2975.00   42258.15  0.0624538    10.6384     8.6457   182.7376    51.1492
  -2965.00   42256.88  0.0625163    10.6601     6.7077   183.0184    51.0200
  -2955.00   42255.31  0.0623079    10.6916     4.7062   183.4103    50.9335
  -2945.00   42255.67  0.0622576    10.7226     2.7306   183.8454    50.8291
  -2935.00   42257.22  0.0623372    10.7472     0.8444   184.1673    50.7057
  -2925.00   42257.57  0.0620860    10.7698   358.9362   184.3598    50.6311
  -2915.00   42257.38  0.0618626    10.7911   356.8478   184.5968    50.5759
  -2905.00   42259.06  0.0618453    10.8158   354.5334   184.9388    50.4732
  -2895.00   42261.04  0.0617635    10.8318   352.2825   185.0561    50.3609
  -2885.00   42261.12  0.0616547    10.8416   349.9501   185.1085    50.2782
  -2875.00   42260.36  0.0615241    10.8628   347.3284   185.3878    50.1810
  -2865.00   42261.10  0.0616182    10.8811   344.8089   185.6148    50.0300
  -2855.00   42261.63  0.0617955    10.8913   342.4581   185.7362    49.8761
  -2845.00   42260.19  0.0617027    10.9104   340.0937   185.9492    49.7544
  -2835.00   42258.11  0.0617712    10.9342   337.7868   186.2981    49.6103
  -2825.00   42257.78  0.0620439    10.9566   335.6530   186.6717    49.4279
  -2815.00   42257.76  0.0620611    10.9778   333.7435   186.9174    49.2791
  -2805.00   42256.07  0.0620287    11.0019   331.8500   187.2272    49.1646
  -2795.00   42254.92  0.0620865    11.0342   329.8195   187.7393    49.0268
  -2785.00   42256.10  0.0621392    11.0601   327.9533   188.0701    48.8787
  -2775.00   42257.62  0.0621234    11.0800   326.0818   188.2807    48.7748
  -2765.00   42257.76  0.0619253    11.1100   323.8698   188.6703    48.6941
  -2755.00   42258.27  0.0618888    11.1376   321.5648   189.0351    48.5835
  -2745.00   42260.56  0.0619565    11.1550   319.2566   189.2454    48.4689
  -2735.00   42262.13  0.0617268    11.1755   316.7829   189.4316    48.3972
  -2725.00   42261.27  0.0615753    11.1967   314.1839   189.6798    48.3236
  -2715.00   42260.54  0.0616479    11.2157   311.5671   189.9788    48.2024
  -2705.00   42260.90  0.0615649    11.2299   309.1608   190.0944    48.0915
  -2695.00   42260.64  0.0614950    11.2412   306.8903   190.1753    48.0032
  -2685.00   42258.22  0.0614815    11.2617   304.5463   190.5067    47.8857
  -2675.00   42256.87  0.0615729    11.2788   302.5144   190.7215    47.7302
  -2665.00   42257.22  0.0617336    11.2881   300.7249   190.8367    47.5858
  -2655.00   42257.27  0.0616905    11.3084   298.8415   191.1202    47.4632
  -2645.00   42255.59  0.0618063    11.3334   296.9584   191.4918    47.3070
  -2635.00   42255.48  0.0620814    11.3525   295.1062   191.8444    47.1306
  -2625.00   42257.39  0.0620762    11.3740   293.1771   192.1423    46.9962
  -2615.00   42258.25  0.0620769    11.4015   291.0321   192.5176    46.8794
  -2605.00   42257.90  0.0621959    11.4316   288.6013   193.0511    46.7373
  -2595.00   42258.97  0.0621838    11.4562   286.1701   193.4076    46.6057
  -2585.00   42261.37  0.0621174    11.4776   283.6652   193.6646    46.5182
  -2575.00   42262.13  0.0619615    11.5072   280.8713   194.1120    46.4369
  -2565.00   42260.80  0.0618820    11.5325   278.1704   194.4738    46.3268
  -2555.00   42260.57  0.0618596    11.5467   275.6739   194.6724    46.2286
  -2545.00   42261.16  0.0616027    11.5659   273.2040   194.9075    46.1617
  -2535.00   42259.58  0.0614549    11.5868   270.8890   195.1631    46.0704
  -2525.00   42256.89  0.0615080    11.6006   268.7819   195.4160    45.9405
  -2515.00   42256.03  0.0613639    11.6131   266.8952   195.5643    45.8299
  -2505.00   42256.81  0.0612785    11.6269   265.1525   195.6821    45.7274
  -2495.00   42255.92  0.0613317    11.6460   263.2934   196.0117    45.5841
  -2485.00   42255.10  0.0613576    11.6626   261.5405   196.2320    45.4249
  -2475.00   42256.34  0.0614501    11.6743   259.7929   196.3711    45.2864
  -2465.00   42258.89  0.0614374    11.6972   257.7106   196.7091    45.1566
  -2455.00   42258.96  0.0615185    11.7230   255.4902   197.0526    44.9965
  -2445.00   42258.72  0.0617196    11.7412   253.1592   197.3595    44.8369
  -2435.00   42260.53  0.0616615    11.7634   250.6213   197.6845    44.7228
  -2425.00   42262.00  0.0616498    11.7924   247.9706   198.0283    44.6066
  -2415.00   42261.08  0.0617652    11.8184   245.2289   198.4612    44.4690
  -2405.00   42259.69  0.0616851    11.8393   242.6096   198.7787    44.3576
  -2395.00   42260.09  0.0616039    11.8606   240.1481   199.0156    44.2778
  -2385.00   42260.38  0.0615249    11.8864   237.6905   199.4046    44.1846
  -2375.00   42257.95  0.0614321    11.9067   235.5029   199.6942    44.0715
  -2365.00   42255.95  0.0614040    11.9183   233.5755   199.8655    43.9791
  -2355.00   42256.51  0.0612314    11.9356   231.6573   200.1251    43.9031
  -2345.00   42256.69  0.0611375    11.9545   229.8653   200.3478    43.7904
  -2335.00   42255.28  0.0612143    11.9647   228.1166   200.5533    43.6565
  -2325.00   42255.11  0.0611098    11.9757   226.2805   200.7503    43.5478
  -2315.00   42257.60  0.0610833    11.9917   224.3766   200.9087    43.4328
  -2305.00   42259.25  0.0612050    12.0084   222.2232   201.2049    43.2774
  -2295.00   42259.12  0.0612269    12.0233   219.9435   201.4501    43.1242
  -2285.00   42259.64  0.0613337    12.0377   217.5658   201.6429    42.9950
  -2275.00   42262.06  0.0614160    12.0608   214.9207   202.0158    42.8575
  -2265.00   42262.16  0.0614855    12.0855   212.2749   202.3547    42.6988
  -2255.00   42260.10  0.0616621    12.1032   209.6832   202.6698    42.5550
  -2245.00   42259.25  0.0616590    12.1264   207.0613   203.0786    42.4494
  -2235.00   42259.63  0.0616616    12.1558   204.6260   203.4439    42.3296
  -2225.00   42258.61  0.0617544    12.1788   202.3280   203.8512    42.1968
  -2215.00   42255.98  0.0616449    12.1979   200.1672   204.2335    42.1022
  -2205.00   42255.55  0.0615682    12.2207   198.1970   204.5334    42.0243
  -2195.00   42257.04  0.0615086    12.2433   196.2353   204.9212    41.9229
  -2185.00   42256.52  0.0613339    12.2592   194.3545   205.2225    41.8154
  -2175.00   42255.45  0.0612535    12.2707   192.4938   205.4309    41.7311
  -2165.00   42256.87  0.0611227    12.2866   190.4382   205.7321    41.6444
  -2155.00   42259.20  0.0609758    12.3025   188.3441   205.9438    41.5187
  -2145.00   42259.53  0.0609765    12.3106   186.1282   206.1270    41.3850
  -2135.00   42258.96  0.0608808    12.3217   183.6790   206.3776    41.2745
  -2125.00   42260.57  0.0608586    12.3396   181.2235   206.5519    41.1419
  -2115.00   42262.27  0.0609506    12.3553   178.6829   206.8032    40.9773
  -2105.00   42261.07  0.0609150    12.3698   176.1166   207.0750    40.8304
  -2095.00   42259.14  0.0610137    12.3890   173.6826   207.2945    40.7041
  -2085.00   42259.37  0.0611335    12.4127   171.2853   207.6431    40.5618
  -2075.00   42259.29  0.0611203    12.4354   169.0703   207.9560    40.4112
  -2065.00   42257.00  0.0612230    12.4539   167.0091   208.2490    40.2886
  -2055.00   42255.11  0.0612642    12.4770   164.9551   208.6511    40.1906
  -2045.00   42255.86  0.0612384    12.5030   163.0764   208.9585    40.0725
  -2035.00   42256.94  0.0612670    12.5211   161.1959   209.2855    39.9507
  -2025.00   42255.83  0.0611600    12.5369   159.1761   209.6622    39.8672
  -2015.00   42256.05  0.0611214    12.5579   157.1691   209.9195    39.7817
  -2005.00   42258.79  0.0611010    12.5753   155.0007   210.2273    39.6690
  -1995.00   42260.35  0.0609033    12.5863   152.6663   210.5168    39.5622
  -1985.00   42259.88  0.0608603    12.5983   150.2472   210.7251    39.4741
  -1975.00   42260.02  0.0608487    12.6130   147.6802   211.0029    39.3709
  -1965.00   42261.71  0.0607097    12.6258   145.1586   211.1987    39.2368
  -1955.00   42261.83  0.0606996    12.6338   142.6516   211.3896    39.1081
  -1945.00   42259.36  0.0606998    12.6457   140.1217   211.6788    38.9957
  -1935.00   42258.25  0.0607303    12.6635   137.8734   211.8438    38.8547
  -1925.00   42258.89  0.0608277    12.6773   135.7482   212.0699    38.6927
  -1915.00   42257.88  0.0608090    12.6908   133.6406   212.4010    38.5562
  -1905.00   42255.68  0.0609600    12.7119   131.7475   212.6401    38.4285
  -1895.00   42255.44  0.0611525    12.7343   129.8891   212.9611    38.2825
  -1885.00   42257.09  0.0611190    12.7539   128.0002   213.3114    38.1397
  -1875.00   42257.22  0.0612259    12.7739   126.0347   213.6569    38.0294
  -1865.00   42256.31  0.0613544    12.7973   123.8881   214.0878    37.9310
  -1855.00   42257.68  0.0613166    12.8204   121.7127   214.4106    37.8148
  -1845.00   42260.25  0.0612949    12.8367   119.3176   214.7776    37.7087
  -1835.00   42260.41  0.0612017    12.8520   116.6455   215.2433    37.6340
  -1825.00   42259.70  0.0611473    12.8713   114.0580   215.5188    37.5454
  -1815.00   42260.80  0.0610795    12.8850   111.4290   215.8113    37.4325
  -1805.00   42261.95  0.0608109    12.8928   108.7182   216.1744    37.3322
  -1795.00   42260.79  0.0607341    12.9050   106.1919   216.4171    37.2380
  -1785.00   42258.42  0.0607382    12.9186   103.8420   216.6541    37.1183
  -1775.00   42258.24  0.0605307    12.9282   101.7074   216.8455    36.9776
  -1765.00   42258.41  0.0604788    12.9374    99.6895   217.0593    36.8492
  -1755.00   42256.34  0.0605366    12.9516    97.7240   217.3581    36.7261
  -1745.00   42254.81  0.0605439    12.9691    96.0385   217.4861    36.5764
  -1735.00   42255.93  0.0605954    12.9829    94.3132   217.6877    36.4221
  -1725.00   42257.31  0.0605922    12.9978    92.3304   218.0766    36.2969
  -1715.00   42257.16  0.0607273    13.0201    90.4075   218.3026    36.1714
  -1705.00   42257.30  0.0608911    13.0409    88.3520   218.5515    36.0316
  -1695.00   42259.82  0.0607936    13.0568    85.9940   218.9208    35.9075
  -1685.00   42261.47  0.0608722    13.0767    83.4745   219.2615    35.8088
  -1675.00   42260.62  0.0610263    13.0980    80.8232   219.6323    35.7090
  -1665.00   42260.19  0.0609195    13.1151    78.2267   219.8953    35.5951
  -1655.00   42261.17  0.0608721    13.1288    75.5352   220.2304    35.4990
  -1645.00   42261.09  0.0608471    13.1427    72.7741   220.6973    35.4197
  -1635.00   42258.88  0.0607990    13.1584    70.4079   220.9087    35.3182
  -1625.00   42257.54  0.0607263    13.1688    68.2012   221.1331    35.2028
  -1615.00   42257.94  0.0605089    13.1750    65.9779   221.5209    35.1024
  -1605.00   42257.75  0.0604900    13.1869    64.0395   221.7528    34.9980
  -1595.00   42255.62  0.0605437    13.1989    62.2909   221.9208    34.8671
  -1585.00   42255.36  0.0603359    13.2057    60.5596   222.1127    34.7287
  -1575.00   42256.99  0.0603295    13.2157    58.7373   222.3392    34.6040
  -1565.00   42257.66  0.0604968    13.2306    56.7677   222.6315    34.4744
  -1555.00   42257.28  0.0605039    13.2457    54.8611   222.7437    34.3237
  -1545.00   42258.47  0.0605613    13.2589    52.6897   222.9523    34.1815
  -1535.00   42260.93  0.0606613    13.2747    50.1044   223.4015    34.0627
  -1525.00   42261.82  0.0608365    13.2963    47.5942   223.6505    33.9366
  -1515.00   42260.66  0.0609944    13.3154    45.0367   223.8922    33.8033
  -1505.00   42260.77  0.0609149    13.3302    42.2484   224.3436    33.6939
  -1495.00   42261.28  0.0610173    13.3503    39.5521   224.7386    33.6005
  -1485.00   42260.00  0.0612075    13.3704    37.0087   225.1167    33.4984
  -1475.00   42257.49  0.0610281    13.3835    34.6855   225.4346    33.3921
  -1465.00   42256.73  0.0609484    13.3964    32.4336   225.8103    33.3051
  -1455.00   42257.25  0.0609724    13.4096    30.2046   226.3097    33.2216
  -1445.00   42256.38  0.0608542    13.4214    28.3752   226.5250    33.1124
  -1435.00   42255.31  0.0607031    13.4294    26.5631   226.7566    33.0009
  -1425.00   42256.16  0.0604911    13.4351    24.5271   227.1878    32.8996
  -1415.00   42258.26  0.0604617    13.4461    22.6219   227.4073    32.7830
  -1405.00   42258.30  0.0604655    13.4566    20.6884   227.5379    32.6452
  -1395.00   42258.21  0.0602115    13.4628    18.5035   227.7706    32.5098
  -1385.00   42259.78  0.0602047    13.4745    16.1430   228.0058    32.3850
  -1375.00   42261.62  0.0604176    13.4908    13.6524   228.2555    32.2490
  -1365.00   42261.36  0.0603694    13.5046    11.2260   228.3800    32.1022
  -1355.00   42260.40  0.0603879    13.5187     8.6677   228.6053    31.9746
  -1345.00   42260.73  0.0605465    13.5362     5.9381   229.0546    31.8625
  -1335.00   42261.09  0.0606918    13.5558     3.5575   229.2773    31.7390
  -1325.00   42259.01  0.0607730    13.5721     1.3249   229.4952    31.6188
  -1315.00   42256.87  0.0606837    13.5853   358.9837   229.9700    31.5222
  -1305.00   42256.57  0.0607608    13.6026   356.8934   230.3258    31.4292
  -1295.00   42256.87  0.0609211    13.6184   354.9881   230.6077    31.3235
  -1285.00   42255.66  0.0606947    13.6270   353.0897   230.9279    31.2211
  -1275.00   42255.25  0.0605997    13.6374   351.1298   231.2648    31.1331
  -1265.00   42257.06  0.0606933    13.6489   349.0317   231.6742    31.0377
  -1255.00   42259.00  0.0605590    13.6565   347.0597   231.8476    30.9203
  -1245.00   42259.17  0.0604233    13.6629   344.8755   232.0551    30.8100
  -1235.00   42259.43  0.0603154    13.6694   342.3199   232.4857    30.7059
  -1225.00   42261.45  0.0603268    13.6789   339.9081   232.6627    30.5805
  -1215.00   42262.20  0.0603577    13.6881   337.4765   232.7724    30.4451
  -1205.00   42261.00  0.0601701    13.6943   334.8551   233.0627    30.3169
  -1195.00   42259.81  0.0602183    13.7064   332.3284   233.3077    30.1925
  -1185.00   42260.14  0.0604733    13.7218   329.9591   233.5129    30.0552
  -1175.00   42259.87  0.0604381    13.7335   327.7874   233.6797    29.9146
  -1165.00   42257.56  0.0604842    13.7475   325.6502   233.9442    29.7957
  -1155.00   42256.15  0.0607249    13.7656   323.4788   234.3876    29.6835
  -1145.00   42256.90  0.0608572    13.7824   321.6386   234.6209    29.5604
  -1135.00   42256.84  0.0609288    13.7969   319.7939   234.8792    29.4510
  -1125.00   42255.68  0.0609133    13.8105   317.6300   235.4296    29.3626
  -1115.00   42255.88  0.0609872    13.8258   315.5598   235.8170    29.2694
  -1105.00   42258.17  0.0610901    13.8384   313.4602   236.1054    29.1684
  -1095.00   42259.52  0.0608563    13.8449   311.0739   236.5222    29.0756
  -1085.00   42259.33  0.0607350    13.8536   308.5430   236.9120    28.9894
  -1075.00   42260.18  0.0608012    13.8632   305.9089   237.2901    28.8878
  -1065.00   42262.31  0.0605853    13.8674   303.3768   237.5034    28.7698
  -1055.00   42262.31  0.0604090    13.8727   300.7872   237.7268    28.6599
  -1045.00   42260.39  0.0603569    13.8805   298.0583   238.1480    28.5484
  -1035.00   42259.66  0.0603077    13.8887   295.7336   238.3060    28.4137
  -1025.00   42259.71  0.0602973    13.8974   293.5940   238.4053    28.2792
  -1015.00   42258.54  0.0601699    13.9059   291.3828   238.7357    28.1551
  -1005.00   42255.97  0.0602238    13.9189   289.4238   238.9710    28.0282
   -995.00   42255.54  0.0604237    13.9337   287.6287   239.1479    27.8950
   -985.00   42256.92  0.0603524    13.9445   285.8491   239.3688    27.7677
   -975.00   42256.49  0.0603891    13.9583   283.9769   239.6466    27.6593
   -965.00   42255.79  0.0606218    13.9751   281.9207   240.0353    27.5511
   -955.00   42257.35  0.0606524    13.9877   279.9191   240.2692    27.4355
   -945.00   42259.65  0.0606643    13.9989   277.7179   240.5156    27.3374
   -935.00   42260.13  0.0607031    14.0111   275.0864   241.0216    27.2514
   -925.00   42259.57  0.0607351    14.0224   272.5193   241.3499    27.1528
   -915.00   42260.86  0.0607758    14.0308   269.9395   241.5902    27.0530
   -905.00   42262.38  0.0605972    14.0359   267.1588   241.9997    26.9619
   -895.00   42261.02  0.0605176    14.0432   264.4944   242.3341    26.8678
   -885.00   42259.07  0.0605899    14.0506   261.9790   242.6316    26.7590
   -875.00   42259.09  0.0603865    14.0531   259.6886   242.8705    26.6418
   -865.00   42259.09  0.0602537    14.0577   257.5697   243.0763    26.5317
   -855.00   42257.05  0.0603031    14.0659   255.4582   243.4280    26.4144
   -845.00   42255.15  0.0602473    14.0722   253.6821   243.5954    26.2785
   -835.00   42255.84  0.0602476    14.0793   252.0003   243.7058    26.1493
   -825.00   42257.06  0.0602395    14.0888   250.0751   244.0463    26.0294
   -815.00   42256.06  0.0603220    14.1008   248.2282   244.2611    25.9004
   -805.00   42256.11  0.0605215    14.1134   246.2800   244.4454    25.7728
   -795.00   42258.77  0.0605044    14.1239   244.0602   244.7491    25.6571
   -785.00   42260.45  0.0605935    14.1375   241.6853   245.0329    25.5526
   -775.00   42260.15  0.0608493    14.1529   239.0804   245.3959    25.4475
   -765.00   42260.08  0.0608630    14.1633   236.4416   245.7183    25.3417
   -755.00   42261.74  0.0608848    14.1732   233.7610   246.0234    25.2535
   -745.00   42262.00  0.0609848    14.1849   230.9134   246.5157    25.1694
   -735.00   42259.41  0.0609652    14.1934   228.3216   246.8771    25.0710
   -725.00   42258.02  0.0609551    14.1988   225.9208   247.1775    24.9770
   -715.00   42258.57  0.0608235    14.2036   223.5060   247.6466    24.8886
   -705.00   42257.67  0.0607065    14.2093   221.4005   247.9716    24.7866
   -695.00   42255.45  0.0607083    14.2141   219.4504   248.2587    24.6742
   -685.00   42255.09  0.0604918    14.2158   217.5448   248.5851    24.5593
   -675.00   42256.93  0.0603456    14.2207   215.7448   248.8014    24.4453
   -665.00   42257.35  0.0603823    14.2287   213.8114   249.0838    24.3220
   -655.00   42256.33  0.0602695    14.2344   211.8691   249.2912    24.1880
   -645.00   42257.70  0.0602451    14.2415   209.8294   249.4305    24.0658
   -635.00   42260.28  0.0602984    14.2528   207.4367   249.7463    23.9498
   -625.00   42260.55  0.0603126    14.2642   205.0484   249.9369    23.8239
   -615.00   42259.52  0.0604528    14.2749   202.5521   250.1187    23.7073
   -605.00   42260.50  0.0604763    14.2856   199.8377   250.4714    23.6059
   -595.00   42261.78  0.0605259    14.2980   197.2709   250.7107    23.5045
   -585.00   42260.69  0.0607039    14.3099   194.7257   251.0032    23.4034
   -575.00   42258.08  0.0606862    14.3174   192.2585   251.3667    23.3076
   -565.00   42257.91  0.0607068    14.3251   190.0276   251.6483    23.2211
   -555.00   42258.28  0.0608063    14.3342   187.8281   252.0365    23.1313
   -545.00   42256.17  0.0607210    14.3389   185.8208   252.3743    23.0300
   -535.00   42254.45  0.0607132    14.3417   183.9363   252.6531    22.9357
   -525.00   42255.64  0.0606829    14.3460   181.9109   253.0739    22.8429
   -515.00   42257.32  0.0605462    14.3500   180.0061   253.3393    22.7325
   -505.00   42257.10  0.0605351    14.3525   177.9999   253.5860    22.6192
   -495.00   42257.20  0.0604199    14.3544   175.7437   253.9428    22.5094
   -485.00   42259.86  0.0603271    14.3594   173.5106   254.1287    22.3931
   -475.00   42261.74  0.0603664    14.3660   171.0813   254.3512    22.2699
   -465.00   42260.56  0.0602696    14.3707   168.5243   254.6123    22.1442
   -455.00   42259.92  0.0603073    14.3777   166.0290   254.7656    22.0281
   -445.00   42260.83  0.0604390    14.3888   163.4225   255.0356    21.9138
   -435.00   42260.81  0.0604130    14.3987   160.9814   255.2465    21.7910
   -425.00   42258.17  0.0605603    14.4077   158.6623   255.4529    21.6823
   -415.00   42256.96  0.0607070    14.4190   156.3181   255.8275    21.5876
   -405.00   42257.73  0.0607641    14.4303   154.2860   256.0649    21.4860
   -395.00   42257.71  0.0609069    14.4393   152.2878   256.3704    21.3888
   -385.00   42255.49  0.0609539    14.4459   150.2075   256.8234    21.3046
   -375.00   42255.42  0.0610185    14.4528   148.3025   257.1305    21.2199
   -365.00   42257.46  0.0611004    14.4591   146.2650   257.5063    21.1292
   -355.00   42257.86  0.0609614    14.4611   144.0571   257.9489    21.0347
   -345.00   42257.11  0.0609427    14.4624   141.8189   258.2821    20.9436
   -335.00   42258.37  0.0609445    14.4658   139.3457   258.6872    20.8476
   -325.00   42261.06  0.0607064    14.4679   136.8456   258.9944    20.7338
   -315.00   42261.57  0.0606087    14.4689   134.2509   259.2784    20.6210
   -305.00   42260.27  0.0605431    14.4721   131.5145   259.6520    20.5131
   -295.00   42260.64  0.0604136    14.4778   129.0423   259.8078    20.3921
   -285.00   42261.53  0.0603731    14.4838   126.6005   260.0006    20.2686
   -275.00   42259.68  0.0602794    14.4894   124.1545   260.3232    20.1531
   -265.00   42257.02  0.0603310    14.4977   122.0746   260.4501    20.0415
   -255.00   42256.47  0.0604600    14.5082   120.0676   260.6437    19.9305
   -245.00   42257.24  0.0603676    14.5162   118.1264   260.9077    19.8179
   -235.00   42255.86  0.0604878    14.5237   116.2958   261.1282    19.7199
   -225.00   42255.00  0.0606791    14.5336   114.3644   261.4490    19.6307
   -215.00   42256.55  0.0606600    14.5417   112.5262   261.6599    19.5304
   -205.00   42258.87  0.0607202    14.5464   110.4724   261.9650    19.4374
   -195.00   42258.56  0.0608054    14.5514   108.1097   262.4121    19.3584
   -185.00   42258.50  0.0608517    14.5564   105.8363   262.6432    19.2686
   -175.00   42260.57  0.0608728    14.5592   103.3427   262.9394    19.1726
   -165.00   42261.89  0.0607467    14.5597   100.5359   263.4194    19.0822
   -155.00   42260.79  0.0607590    14.5608    97.8751   263.7156    18.9889
   -145.00   42259.73  0.0607997    14.5635    95.2297   264.0089    18.8872
   -135.00   42260.53  0.0605458    14.5641    92.6465   264.3312    18.7746
   -125.00   42260.64  0.0604684    14.5645    90.2109   264.6312    18.6650
   -115.00   42258.19  0.0605080    14.5683    87.8974   264.9539    18.5582
   -105.00   42256.55  0.0603738    14.5732    85.9853   265.0645    18.4357
    -95.00   42257.15  0.0603166    14.5772    84.1244   265.2465    18.3148
    -85.00   42257.02  0.0603239    14.5828    82.1474   265.6036    18.2077
    -75.00   42255.50  0.0604154    14.5911    80.4833   265.6926    18.0970
    -65.00   42255.45  0.0605474    14.5997    78.7303   265.8200    17.9867
    -55.00   42257.83  0.0604999    14.6062    76.6564   266.1610    17.8850
    -45.00   42259.10  0.0606817    14.6136    74.5253   266.4153    17.7941
    -35.00   42258.97  0.0609429    14.6224    72.1862   266.6985    17.7082
    -25.00   42259.79  0.0608968    14.6281    69.7389   266.9617    17.6143
    -15.00   42262.13  0.0609661    14.6311    67.0402   267.3500    17.5304
     -5.00   42262.11  0.0611284    14.6353    64.1402   267.8465    17.4572
      5.00   42260.38  0.0611323    14.6387    61.5277   268.0998    17.3667
     15.00   42259.78  0.0610666    14.6386    58.9081   268.4370    17.2715
     25.00   42260.05  0.0609718    14.6383    56.1537   269.0048    17.1864
     35.00   42258.97  0.0609664    14.6395    53.8326   269.3228    17.0896
     45.00   42256.51  0.0609239    14.6408    51.7553   269.5615    16.9807
     55.00   42256.07  0.0606232    14.6405    49.6626   269.9465    16.8716
     65.00   42257.19  0.0605396    14.6416    47.7349   270.2652    16.7633
     75.00   42256.59  0.0605979    14.6463    45.8891   270.5168    16.6542
     85.00   42255.69  0.0603748    14.6506    44.1667   270.6304    16.5342
     95.00   42256.90  0.0602678    14.6540    42.2695   270.8254    16.4208
    105.00   42258.99  0.0603515    14.6604    40.0520   271.1702    16.3233
    115.00   42259.53  0.0604027    14.6686    37.9793   271.2335    16.2169
    125.00   42259.23  0.0604400    14.6746    35.7184   271.3297    16.1120
    135.00   42260.67  0.0604240    14.6797    33.0182   271.7202    16.0252
    145.00   42262.30  0.0606101    14.6864    30.4100   271.9647    15.9394
    155.00   42261.46  0.0608345    14.6927    27.8297   272.1692    15.8521
    165.00   42259.76  0.0607138    14.6951    25.2166   272.4788    15.7648
    175.00   42259.64  0.0607667    14.6965    22.6615   272.8596    15.6835
    185.00   42259.41  0.0609705    14.6995    20.1876   273.2853    15.6061
    195.00   42257.62  0.0608920    14.7007    18.1062   273.5050    15.5110
    205.00   42255.62  0.0607698    14.6985    16.0785   273.8186    15.4147
    215.00   42255.80  0.0607414    14.6978    13.9043   274.3399    15.3300
    225.00   42256.90  0.0607471    14.6990    12.0773   274.5791    15.2283
    235.00   42256.15  0.0606630    14.6985    10.2953   274.7508    15.1158
    245.00   42256.15  0.0604150    14.6975     8.1771   275.1479    15.0141
    255.00   42258.25  0.0603948    14.6992     6.0657   275.4259    14.9090
    265.00   42260.04  0.0605011    14.7034     3.8993   275.5923    14.7979
    275.00   42260.16  0.0602809    14.7061     1.5838   275.7517    14.6857
    285.00   42260.01  0.0602092    14.7090   359.0960   275.9694    14.5807
    295.00   42261.32  0.0603973    14.7157   356.4245   276.2734    14.4871
    305.00   42262.03  0.0604501    14.7229   353.9978   276.3421    14.3833
    315.00   42260.23  0.0604757    14.7272   351.5742   276.4698    14.2841
    325.00   42258.71  0.0605573    14.7321   348.9408   276.8929    14.2071
    335.00   42258.87  0.0607790    14.7389   346.6676   277.1289    14.1235
    345.00   42258.40  0.0609924    14.7432   344.5960   277.3171    14.0350
    355.00   42256.48  0.0609072    14.7437   342.4118   277.7380    13.9585
    365.00   42255.33  0.0609819    14.7447   340.3412   278.1630    13.8822
    375.00   42256.30  0.0612040    14.7465   338.3229   278.5635    13.8012
    385.00   42257.09  0.0610491    14.7450   336.3724   278.8783    13.7093
    395.00   42256.32  0.0608871    14.7414   334.2757   279.2693    13.6171
    405.00   42256.81  0.0608764    14.7406   331.8851   279.7997    13.5320
    415.00   42259.36  0.0607840    14.7412   329.6657   280.0303    13.4268
    425.00   42260.59  0.0606159    14.7395   327.3416   280.2200    13.3137
    435.00   42260.32  0.0603945    14.7390   324.6199   280.6474    13.2180
    445.00   42260.62  0.0603556    14.7426   322.0433   280.8823    13.1145
    455.00   42261.96  0.0604122    14.7469   319.5988   280.9798    13.0010
    465.00   42261.81  0.0602035    14.7493   317.0710   281.1923    12.8995
    475.00   42259.34  0.0601538    14.7531   314.6549   281.4190    12.8050
    485.00   42258.11  0.0603576    14.7602   312.3658   281.6597    12.7133
    495.00   42258.31  0.0603336    14.7653   310.3783   281.7610    12.6158
    505.00   42257.23  0.0603225    14.7675   308.4740   281.9216    12.5257
    515.00   42255.29  0.0604386    14.7713   306.3900   282.3338    12.4540
    525.00   42255.31  0.0605663    14.7761   304.5869   282.5351    12.3691
    535.00   42257.04  0.0606702    14.7769   302.8146   282.6916    12.2778
    545.00   42257.66  0.0606092    14.7755   300.6479   283.1252    12.2063
    555.00   42257.10  0.0606667    14.7761   298.4429   283.4937    12.1287
    565.00   42258.60  0.0608349    14.7765   296.1681   283.7856    12.0379
    575.00   42260.88  0.0606617    14.7730   293.6766   284.1207    11.9495
    585.00   42261.10  0.0605409    14.7696   291.0518   284.4726    11.8611
    595.00   42260.05  0.0606008    14.7695   288.2509   284.9110    11.7725
    605.00   42260.75  0.0604586    14.7690   285.6742   285.1254    11.6679
    615.00   42261.68  0.0603098    14.7665   283.2020   285.3004    11.5589
    625.00   42260.53  0.0602031    14.7664   280.5855   285.6935    11.4682
    635.00   42258.16  0.0601689    14.7703   278.3471   285.8814    11.3651
    645.00   42257.85  0.0602008    14.7731   276.3995   285.9581    11.2498
    655.00   42258.25  0.0600715    14.7745   274.3913   286.2002    11.1561
    665.00   42256.37  0.0600892    14.7792   272.5350   286.4014    11.0677
    675.00   42254.84  0.0603176    14.7859   270.7477   286.5932    10.9725
    685.00   42255.88  0.0602974    14.7888   268.9498   286.7681    10.8822
    695.00   42257.60  0.0603394    14.7905   267.0559   286.9607    10.8027
    705.00   42257.50  0.0605516    14.7944   264.8169   287.3523    10.7343
    715.00   42257.75  0.0606422    14.7973   262.5824   287.6030    10.6527
    725.00   42260.19  0.0607180    14.7957   260.2246   287.8313    10.5677
    735.00   42262.17  0.0607355    14.7935   257.4429   288.3097    10.5037
    745.00   42261.14  0.0607774    14.7938   254.6959   288.6885    10.4273
    755.00   42260.35  0.0608682    14.7922   252.0177   289.0037    10.3317
    765.00   42260.98  0.0606971    14.7874   249.2391   289.4365    10.2483
    775.00   42260.92  0.0605711    14.7849   246.6586   289.7891    10.1628
    785.00   42258.25  0.0606106    14.7856   244.2080   290.1665    10.0656
    795.00   42256.85  0.0603903    14.7840   242.0056   290.4551     9.9628
    805.00   42257.46  0.0602177    14.7818   240.0528   290.6588     9.8591
    815.00   42257.51  0.0601624    14.7838   238.0461   290.9975     9.7697
    825.00   42255.63  0.0600541    14.7877   236.2652   291.1756     9.6686
    835.00   42255.44  0.0600299    14.7892   234.5777   291.2800     9.5578
    845.00   42257.68  0.0599519    14.7905   232.6174   291.5449     9.4749
    855.00   42258.25  0.0599474    14.7957   230.6349   291.7061     9.3933
    865.00   42257.59  0.0601125    14.8006   228.5280   291.8638     9.2976
    875.00   42258.63  0.0600763    14.8009   226.1516   292.1104     9.2163
    885.00   42261.25  0.0601022    14.8019   223.6946   292.2953     9.1463
    895.00   42261.77  0.0602915    14.8055   221.0271   292.5970     9.0741
    905.00   42260.41  0.0602940    14.8055   218.3686   292.8676     8.9927
    915.00   42260.38  0.0603338    14.8020   215.7989   293.1050     8.9119
    925.00   42261.36  0.0603898    14.8002   213.1344   293.5107     8.8464
    935.00   42259.57  0.0603651    14.8000   210.7220   293.8170     8.7651
    945.00   42256.76  0.0604087    14.7966   208.5284   294.0967     8.6657
    955.00   42256.11  0.0603121    14.7912   206.3153   294.5166     8.5843
    965.00   42256.99  0.0602041    14.7899   204.3646   294.7928     8.4998
    975.00   42255.82  0.0602285    14.7904   202.4885   295.0751     8.3954
    985.00   42254.90  0.0600494    14.7874   200.5566   295.3949     8.2965
    995.00   42256.43  0.0599409    14.7852   198.6983   295.5891     8.2016
   1005.00   42258.93  0.0599444    14.7885   196.6521   295.8419     8.1099
   1015.00   42258.83  0.0598200    14.7909   194.5089   296.0321     8.0121
   1025.00   42258.51  0.0598270    14.7909   192.2925   296.1635     7.9095
   1035.00   42260.63  0.0598626    14.7930   189.7910   296.4102     7.8329
   1045.00   42261.85  0.0598472    14.7982   187.2866   296.5496     7.7549
   1055.00   42260.63  0.0599915    14.8016   184.7621   296.7057     7.6605
   1065.00   42259.24  0.0600522    14.8007   182.1021   297.0076     7.5882
   1075.00   42259.99  0.0601244    14.8025   179.6418   297.1958     7.5265
   1085.00   42260.16  0.0603053    14.8058   177.2535   297.4677     7.4502
   1095.00   42257.67  0.0603140    14.8034   174.9275   297.8281     7.3727
   1105.00   42255.99  0.0603985    14.7990   172.8255   298.1235     7.3019
   1115.00   42256.92  0.0605016    14.7978   170.7358   298.5202     7.2339
   1125.00   42256.89  0.0604040    14.7961   168.7414   298.8854     7.1497
   1135.00   42255.27  0.0604022    14.7905   166.7973   299.2286     7.0529
   1145.00   42255.23  0.0603634    14.7853   164.6722   299.6742     6.9737
   1155.00   42257.75  0.0601960    14.7850   162.5963   299.9572     6.8876
   1165.00   42259.02  0.0601196    14.7850   160.3975   300.2403     6.7783
   1175.00   42258.61  0.0599511    14.7815   157.9263   300.6130     6.6840
   1185.00   42259.51  0.0598446    14.7813   155.5146   300.7888     6.5988
   1195.00   42261.98  0.0598059    14.7862   152.9965   300.9822     6.5036
   1205.00   42261.92  0.0596240    14.7879   150.3747   301.2172     6.4111
   1215.00   42259.84  0.0596298    14.7874   147.8898   301.3591     6.3230
   1225.00   42259.37  0.0597101    14.7910   145.4431   301.5469     6.2504
   1235.00   42259.66  0.0596210    14.7952   143.1551   301.6952     6.1745
   1245.00   42258.33  0.0596891    14.7958   141.0230   301.8726     6.0842
   1255.00   42255.66  0.0598016    14.7938   138.9072   302.1665     6.0177
   1265.00   42255.52  0.0598349    14.7952   137.0440   302.3180     5.9560
   1275.00   42256.96  0.0599268    14.7968   135.1985   302.5513     5.8713
   1285.00   42256.25  0.0599214    14.7919   133.1858   302.9407     5.7935
   1295.00   42255.45  0.0600071    14.7875   131.2644   303.1792     5.7275
   1305.00   42257.19  0.0601035    14.7871   129.1991   303.4709     5.6512
   1315.00   42259.42  0.0599571    14.7840   126.8984   303.8417     5.5631
   1325.00   42259.54  0.0599588    14.7776   124.4939   304.1648     5.4735
   1335.00   42259.05  0.0600044    14.7738   121.9109   304.5179     5.3960
   1345.00   42260.67  0.0598231    14.7739   119.3284   304.7652     5.3082
   1355.00   42262.09  0.0597222    14.7725   116.6889   305.0485     5.2000
   1365.00   42260.62  0.0596458    14.7686   113.9587   305.4214     5.1113
   1375.00   42258.94  0.0595697    14.7699   111.5647   305.5412     5.0312
   1385.00   42259.31  0.0595252    14.7748   109.3079   305.6875     4.9312
   1395.00   42259.17  0.0593724    14.7752   107.0402   305.9752     4.8395
   1405.00   42256.97  0.0594332    14.7751   105.0863   306.0967     4.7636
   1415.00   42255.39  0.0595732    14.7799   103.2844   306.2038     4.6898
   1425.00   42256.20  0.0594924    14.7832   101.4739   306.3769     4.6130
   1435.00   42257.10  0.0595974    14.7819    99.6375   306.5986     4.5328
   1445.00   42255.95  0.0598206    14.7803    97.6832   306.8746     4.4733
   1455.00   42256.27  0.0598675    14.7812    95.7247   307.0378     4.4135
   1465.00   42258.93  0.0599461    14.7804    93.5295   307.3267     4.3291
   1475.00   42260.23  0.0600116    14.7738    90.9545   307.8146     4.2572
   1485.00   42259.93  0.0600958    14.7697    88.4358   308.0839     4.1970
   1495.00   42260.22  0.0601492    14.7692    85.8211   308.3781     4.1145
   1505.00   42261.87  0.0599685    14.7646    82.9560   308.8662     4.0227
   1515.00   42261.88  0.0599509    14.7584    80.2093   309.2419     3.9412
   1525.00   42259.52  0.0599865    14.7569    77.6222   309.5504     3.8616
   1535.00   42258.50  0.0597238    14.7577    75.2050   309.8246     3.7680
   1545.00   42258.92  0.0595796    14.7556    72.9157   310.1421     3.6643
   1555.00   42257.80  0.0595565    14.7532    70.7232   310.4978     3.5819
   1565.00   42255.79  0.0594227    14.7563    68.9204   310.5836     3.5039
   1575.00   42255.59  0.0593171    14.7604    67.1954   310.7068     3.4036
   1585.00   42257.10  0.0592021    14.7592    65.2511   311.0447     3.3169
   1595.00   42257.38  0.0592508    14.7598    63.4828   311.1365     3.2525
   1605.00   42256.65  0.0593475    14.7646    61.6858   311.1816     3.1774
   1615.00   42258.04  0.0592168    14.7655    59.5642   311.4018     3.0971
   1625.00   42260.41  0.0593210    14.7624    57.2629   311.6299     3.0282
   1635.00   42260.69  0.0595561    14.7614    54.8148   311.8537     2.9699
   1645.00   42260.10  0.0595228    14.7618    52.3221   312.0052     2.9036
   1655.00   42261.02  0.0595523    14.7585    49.6576   312.2971     2.8198
   1665.00   42262.02  0.0596721    14.7518    46.8094   312.7706     2.7500
   1675.00   42261.11  0.0597219    14.7491    44.2677   312.9949     2.6878
   1685.00   42258.81  0.0597109    14.7483    41.8853   313.2276     2.5986
   1695.00   42258.43  0.0595568    14.7423    39.3971   313.7235     2.5043
   1705.00   42258.50  0.0595638    14.7371    37.2175   314.0418     2.4288
   1715.00   42256.74  0.0596094    14.7374    35.2941   314.2522     2.3457
   1725.00   42255.22  0.0593274    14.7373    33.4056   314.5231     2.2458
   1735.00   42256.02  0.0592230    14.7339    31.5200   314.8120     2.1507
   1745.00   42257.47  0.0592960    14.7330    29.5883   315.0958     2.0726
   1755.00   42257.56  0.0591568    14.7368    27.7663   315.1641     1.9922
   1765.00   42257.68  0.0590498    14.7389    25.7773   315.2852     1.8949
   1775.00   42259.81  0.0590477    14.7370    23.3946   315.6254     1.8154
   1785.00   42261.61  0.0591312    14.7389    21.0951   315.6986     1.7571
   1795.00   42261.07  0.0592344    14.7436    18.7487   315.7277     1.6818
   1805.00   42260.42  0.0591505    14.7425    16.0747   316.0241     1.6024
   1815.00   42261.10  0.0593163    14.7392    13.4428   316.2556     1.5462
   1825.00   42261.26  0.0596159    14.7394    10.9123   316.4668     1.4898
   1835.00   42259.30  0.0595670    14.7390     8.4862   316.7027     1.4172
   1845.00   42257.77  0.0596159    14.7332     6.0967   317.0618     1.3416
   1855.00   42257.85  0.0598005    14.7268     3.7348   317.5534     1.2751
   1865.00   42257.90  0.0598127    14.7251     1.7178   317.8222     1.2071
   1875.00   42256.01  0.0597265    14.7226   359.7843   318.1233     1.1148
   1885.00   42255.34  0.0595812    14.7155   357.6327   318.6823     1.0211
   1895.00   42256.69  0.0595424    14.7120   355.6643   318.9966     0.9477
   1905.00   42257.75  0.0595134    14.7138   353.7503   319.1794     0.8601
   1915.00   42257.47  0.0591852    14.7129   351.5581   319.5182     0.7566
   1925.00   42258.31  0.0590648    14.7099   349.2534   319.7917     0.6726
   1935.00   42260.70  0.0591489    14.7115   346.8650   319.9935     0.5997
   1945.00   42261.96  0.0589681    14.7161   344.4685   320.0817     0.5161
   1955.00   42261.02  0.0588480    14.7164   341.9490   320.2313     0.4285
   1965.00   42260.64  0.0589055    14.7145   339.2558   320.5482     0.3591
   1975.00   42261.15  0.0589537    14.7174   336.8553   320.6169     0.3012
   1985.00   42260.30  0.0590025    14.7204   334.6202   320.6594     0.2244
   1995.00   42257.72  0.0589395    14.7169   332.2305   321.0158     0.1459
   2005.00   42256.53  0.0590562    14.7137   330.1191   321.2227     0.0926
   2015.00   42257.06  0.0592939    14.7144   328.2262   321.3671     0.0301
   2025.00   42256.60  0.0591928    14.7125   326.3055   321.6460   359.9460
   2035.00   42255.41  0.0592193    14.7058   324.3558   321.9717   359.8752
   2045.00   42255.79  0.0594049    14.7006   322.3204   322.3667   359.8095
   2055.00   42258.02  0.0593604    14.7001   320.3624   322.5988   359.7304
   2065.00   42258.47  0.0592702    14.6960   318.2176   322.8838   359.6406
   2075.00   42258.15  0.0591997    14.6886   315.6955   323.4010   359.5530
   2085.00   42259.31  0.0591580    14.6870   313.2588   323.6603   359.4793
   2095.00   42261.39  0.0591139    14.6886   310.8244   323.8012   359.3898
   2105.00   42261.46  0.0588624    14.6864   308.1131   324.1625   359.2865
   2115.00   42260.21  0.0587831    14.6841   305.4897   324.4008   359.2105
   2125.00   42260.23  0.0588811    14.6875   303.0422   324.5280   359.1385
   2135.00   42260.85  0.0587213    14.6918   300.7382   324.6416   359.0474
   2145.00   42259.11  0.0586646    14.6910   298.5318   324.7893   358.9684
   2155.00   42256.65  0.0588113    14.6904   296.3629   325.0552   358.9076
   2165.00   42256.20  0.0588680    14.6944   294.5190   325.1354   358.8453
   2175.00   42256.78  0.0589387    14.6955   292.7792   325.2139   358.7709
   2185.00   42255.74  0.0589989    14.6904   290.7691   325.6056   358.7009
   2195.00   42254.95  0.0591373    14.6876   288.8651   325.8453   358.6513
   2205.00   42256.58  0.0593425    14.6877   286.9611   326.0221   358.5859
   2215.00   42258.83  0.0592790    14.6831   284.7272   326.4165   358.4985
   2225.00   42259.05  0.0593153    14.6756   282.3269   326.7878   358.4336
   2235.00   42258.98  0.0594837    14.6718   279.7643   327.1812   358.3685
   2245.00   42261.08  0.0593674    14.6712   277.1669   327.5057   358.2765
   2255.00   42262.13  0.0592606    14.6663   274.4658   327.8323   358.1900
   2265.00   42260.98  0.0592252    14.6604   271.5965   328.3236   358.1091
   2275.00   42259.55  0.0591186    14.6618   269.0095   328.5903   358.0289
   2285.00   42259.89  0.0590097    14.6633   266.6314   328.7586   357.9386
   2295.00   42259.88  0.0588074    14.6607   264.2164   329.1282   357.8408
   2305.00   42257.41  0.0587205    14.6605   262.0910   329.3388   357.7709
   2315.00   42255.83  0.0587590    14.6649   260.2178   329.4456   357.6988
   2325.00   42256.73  0.0585868    14.6676   258.3989   329.6287   357.6042
   2335.00   42256.88  0.0585359    14.6657   256.6285   329.7745   357.5336
   2345.00   42255.60  0.0586826    14.6659   254.7703   329.9835   357.4785
   2355.00   42255.73  0.0586722    14.6695   252.9355   330.1134   357.4068
   2365.00   42258.13  0.0586989    14.6679   250.9772   330.2295   357.3331
   2375.00   42259.59  0.0587922    14.6622   248.6265   330.5771   357.2696
   2385.00   42259.13  0.0588727    14.6606   246.2379   330.7966   357.2150
   2395.00   42259.88  0.0589922    14.6597   243.7739   330.9749   357.1432
   2405.00   42262.15  0.0589523    14.6534   241.0273   331.3729   357.0548
   2415.00   42262.16  0.0589692    14.6469   238.3201   331.6764   356.9909
   2425.00   42260.08  0.0591003    14.6449   235.6723   331.9801   356.9229
   2435.00   42259.41  0.0589806    14.6435   233.1218   332.3356   356.8217
   2445.00   42259.66  0.0588962    14.6381   230.7600   332.6160   356.7363
   2455.00   42258.48  0.0589115    14.6341   228.4592   332.9922   356.6616
   2465.00   42255.79  0.0587939    14.6368   226.4419   333.2532   356.5721
   2475.00   42255.47  0.0587098    14.6370   224.6023   333.4328   356.4807
   2485.00   42257.02  0.0586046    14.6339   222.6703   333.7650   356.3909
   2495.00   42256.45  0.0585324    14.6356   220.8723   333.9296   356.3212
   2505.00   42255.75  0.0585716    14.6398   219.0594   334.0331   356.2477
   2515.00   42257.44  0.0584807    14.6404   217.0222   334.2701   356.1550
   2525.00   42259.85  0.0584792    14.6386   214.9079   334.3909   356.0919
   2535.00   42260.12  0.0586485    14.6400   212.5857   334.5448   356.0415
   2545.00   42259.47  0.0586698    14.6425   210.1124   334.7519   355.9653
   2555.00   42260.95  0.0587538    14.6389   207.5761   334.9181   355.8960
   2565.00   42262.35  0.0589198    14.6335   204.8481   335.2351   355.8428
   2575.00   42260.74  0.0589860    14.6328   202.2229   335.5013   355.7827
   2585.00   42258.87  0.0591058    14.6300   199.7118   335.7670   355.7068
   2595.00   42259.17  0.0591440    14.6220   197.1686   336.2270   355.6229
   2605.00   42259.17  0.0591313    14.6168   194.8948   336.5521   355.5570
   2615.00   42256.99  0.0591962    14.6157   192.7688   336.8820   355.4812
   2625.00   42255.31  0.0590920    14.6128   190.6698   337.3424   355.3743
   2635.00   42256.35  0.0589936    14.6075   188.7563   337.6447   355.2888
   2645.00   42257.28  0.0589697    14.6064   186.7966   337.9711   355.2165
   2655.00   42256.07  0.0587963    14.6099   184.8084   338.2917   355.1192
   2665.00   42256.29  0.0587078    14.6094   182.7969   338.5008   355.0282
   2675.00   42259.05  0.0586425    14.6071   180.5429   338.7933   354.9520
   2685.00   42260.42  0.0584996    14.6110   178.2562   338.9537   354.8815
   2695.00   42259.97  0.0584941    14.6143   175.8556   339.0805   354.8074
   2705.00   42260.20  0.0584611    14.6127   173.2458   339.3502   354.7232
   2715.00   42261.98  0.0584260    14.6114   170.7496   339.4491   354.6642
   2725.00   42261.93  0.0585131    14.6133   168.2403   339.5788   354.6108
   2735.00   42259.21  0.0585183    14.6136   165.7262   339.8528   354.5282
   2745.00   42258.15  0.0585995    14.6084   163.4604   340.0086   354.4580
   2755.00   42258.59  0.0587367    14.6043   161.2474   340.2490   354.4054
   2765.00   42257.39  0.0587192    14.6044   159.1634   340.5331   354.3324
   2775.00   42255.16  0.0588218    14.6001   157.2262   340.7900   354.2495
   2785.00   42255.26  0.0589178    14.5919   155.2258   341.1780   354.1713
   2795.00   42257.12  0.0588570    14.5888   153.3302   341.4539   354.0999
   2805.00   42257.39  0.0588812    14.5877   151.3419   341.7556   354.0170
   2815.00   42256.57  0.0588564    14.5830   149.1217   342.2076   353.9125
   2825.00   42258.29  0.0587875    14.5781   146.9437   342.4485   353.8294
   2835.00   42260.62  0.0587525    14.5787   144.5578   342.7148   353.7558
   2845.00   42260.49  0.0585941    14.5814   141.9628   343.0824   353.6540
   2855.00   42259.48  0.0585598    14.5797   139.4366   343.2696   353.5636
   2865.00   42260.54  0.0585531    14.5790   136.8216   343.4878   353.4966
   2875.00   42261.55  0.0583813    14.5844   134.2842   343.6720   353.4213
   2885.00   42260.16  0.0583925    14.5870   131.8658   343.8181   353.3439
   2895.00   42257.97  0.0584743    14.5843   129.5069   344.0509   353.2721
   2905.00   42258.11  0.0584597    14.5844   127.4642   344.1217   353.2153
   2915.00   42258.38  0.0585457    14.5863   125.4827   344.2650   353.1579
   2925.00   42256.16  0.0586470    14.5837   123.4522   344.6046   353.0782
   2935.00   42254.82  0.0587950    14.5771   121.6775   344.7538   353.0118
   2945.00   42255.98  0.0589556    14.5735   119.8014   344.9876   352.9585
   2955.00   42257.35  0.0589426    14.5722   117.7131   345.4048   352.8767
   2965.00   42256.83  0.0590732    14.5656   115.6049   345.7317   352.7890
   2975.00   42257.33  0.0592078    14.5578   113.2851   346.1122   352.7164
   2985.00   42259.99  0.0590828    14.5565   110.8431   346.4683   352.6366
   2995.00   42261.60  0.0590527    14.5553   108.2182   346.8578   352.5439
   3005.00   42260.51  0.0590634    14.5501   105.4155   347.3336   352.4465
   3015.00   42260.21  0.0589396    14.5477   102.8189   347.5578   352.3654
   3025.00   42261.03  0.0588325    14.5504   100.1809   347.8290   352.2874
   3035.00   42260.62  0.0586777    14.5524    97.4809   348.2764   352.1868
   3045.00   42257.97  0.0586343    14.5505    95.1979   348.4339   352.1011
   3055.00   42256.90  0.0586069    14.5517    93.0485   348.5887   352.0394
   3065.00   42257.54  0.0583929    14.5570    90.9848   348.8394   351.9596
   3075.00   42257.16  0.0583996    14.5574    89.1050   349.0214   351.8767
   3085.00   42255.36  0.0585037    14.5542    87.2886   349.1943   351.8152
   3095.00   42255.55  0.0584214    14.5549    85.6097   349.2586   351.7544
   3105.00   42257.57  0.0584480    14.5558    83.7557   349.4375   351.6844
   3115.00   42257.87  0.0585877    14.5508    81.6279   349.7840   351.6083
   3125.00   42257.38  0.0586875    14.5443    79.6161   349.8761   351.5418
   3135.00   42258.64  0.0587764    14.5418    77.3378   350.0586   351.4806
   3145.00   42261.08  0.0587719    14.5393    74.6432   350.5344   351.3925
   3155.00   42261.33  0.0589061    14.5317    72.0232   350.8308   351.3028
   3165.00   42260.31  0.0590308    14.5256    69.3498   351.1096   351.2329
   3175.00   42260.62  0.0588695    14.5255    66.6299   351.4812   351.1455
   3185.00   42261.33  0.0588529    14.5235    63.9653   351.8834   351.0437
   3195.00   42259.58  0.0589299    14.5184    61.4130   352.2895   350.9545
   3205.00   42257.16  0.0587715    14.5181    59.2595   352.4649   350.8723
   3215.00   42256.62  0.0586452    14.5212    57.1772   352.7171   350.7851
   3225.00   42257.16  0.0585883    14.5216    55.0274   353.1719   350.6874
   3235.00   42255.96  0.0585636    14.5200    53.3065   353.2701   350.6062
   3245.00   42255.20  0.0585349    14.5224    51.5891   353.3544   350.5438
   3255.00   42256.61  0.0583691    14.5266    49.6416   353.6510   350.4615
   3265.00   42258.71  0.0584540    14.5250    47.7100   353.8247   350.3795
   3275.00   42258.70  0.0586159    14.5220    45.6554   353.9384   350.3271
   3285.00   42258.75  0.0585326    14.5229    43.4848   354.0364   350.2657
   3295.00   42260.69  0.0586091    14.5216    41.0250   354.2828   350.1875
   3305.00   42261.88  0.0588623    14.5147    38.3176   354.6389   350.1209
   3315.00   42261.07  0.0589656    14.5087    35.8034   354.7644   350.0563
   3325.00   42259.98  0.0590194    14.5063    33.1787   355.0140   349.9837
   3335.00   42260.51  0.0591001    14.5014    30.3170   355.5894   349.8934
   3345.00   42260.54  0.0592516    14.4934    27.8318   355.9279   349.8025
   3355.00   42258.36  0.0593219    14.4894    25.5358   356.2095   349.7275
   3365.00   42256.69  0.0591223    14.4897    23.2171   356.6980   349.6311
   3375.00   42257.06  0.0590984    14.4869    21.0851   357.1443   349.5224
   3385.00   42257.00  0.0591679    14.4833    19.0902   357.5012   349.4384
   3395.00   42255.77  0.0589136    14.4854    17.2738   357.7155   349.3550
   3405.00   42255.60  0.0587237    14.4886    15.3505   358.0030   349.2599
   3415.00   42257.66  0.0587228    14.4877    13.1862   358.4199   349.1711
   3425.00   42259.21  0.0586540    14.4871    11.2273   358.4887   349.0970
   3435.00   42259.22  0.0585551    14.4900     9.0895   358.5579   349.0313
   3445.00   42259.89  0.0584260    14.4917     6.5335   358.9146   348.9492
   3455.00   42262.04  0.0585183    14.4882     4.0734   359.0652   348.8699
   3465.00   42262.37  0.0586577    14.4855     1.5858   359.1399   348.8168
   3475.00   42260.89  0.0585219    14.4862   359.0233   359.3242   348.7482
   3485.00   42259.97  0.0585846    14.4826   356.4678   359.5981   348.6602
   3495.00   42260.04  0.0588394    14.4756   353.9750   359.8955   348.5938
   3505.00   42259.31  0.0588655    14.4713   351.8325     0.0167   348.5248
   3515.00   42256.85  0.0588490    14.4690   349.7140     0.2860   348.4370
   3525.00   42256.01  0.0589623    14.4627   347.4646     0.8117   348.3467
   3535.00   42257.01  0.0590825    14.4554   345.5894     1.0686   348.2569
   3545.00   42256.82  0.0590967    14.4530   343.7587     1.2899   348.1738
   3555.00   42255.98  0.0589367    14.4520   341.6078     1.8084   348.0735
   3565.00   42256.80  0.0589374    14.4478   339.5122     2.2006   347.9645
   3575.00   42258.97  0.0590163    14.4452   337.3721     2.4592   347.8820
   3585.00   42259.92  0.0587583    14.4482   335.0812     2.7162   347.7957
   3595.00   42259.50  0.0585954    14.4501   332.6085     3.0209   347.6944
   3605.00   42260.49  0.0586581    14.4485   329.9549     3.3588   347.6127
   3615.00   42262.25  0.0585783    14.4494   327.5313     3.4012   347.5435
   3625.00   42261.74  0.0584831    14.4527   325.0724     3.4732   347.4716
   3635.00   42259.92  0.0584706    14.4521   322.3949     3.8331   347.3943
   3645.00   42259.47  0.0585960    14.4477   320.1076     3.9382   347.3226
