  -7305.00   42259.50  0.0069359     3.7981   177.4789    63.9261   318.9238
  -7295.00   42261.93  0.0069390     3.7744   174.5717    64.4673   318.9401
  -7285.00   42262.03  0.0069072     3.7475   171.5567    64.9569   319.0331
  -7275.00   42260.46  0.0070028     3.7272   169.5983    64.4295   319.0860
  -7265.00   42260.29  0.0070212     3.7094   166.8334    64.9355   318.9866
  -7255.00   42260.54  0.0069416     3.6849   164.5114    65.0693   318.9233
  -7245.00   42259.09  0.0070327     3.6657   162.0315    65.4723   318.9138
  -7235.00   42256.43  0.0070884     3.6561   159.5088    66.1419   318.8499
  -7225.00   42255.96  0.0070459     3.6420   158.1843    65.7672   318.7630
  -7215.00   42256.93  0.0070643     3.6278   155.7165    66.6110   318.7148
  -7205.00   42255.89  0.0070775     3.6193   153.1006    67.5226   318.7830
  -7195.00   42255.16  0.0071065     3.6119   151.9597    66.9464   318.8290
  -7185.00   42256.78  0.0070998     3.6032   149.6096    67.5656   318.8193
  -7175.00   42258.93  0.0070126     3.5891   146.9315    68.2167   318.9611
  -7165.00   42259.27  0.0070730     3.5782   144.9351    67.9593   319.1611
  -7155.00   42259.11  0.0070950     3.5698   142.2509    68.3488   319.2543
  -7145.00   42260.91  0.0069790     3.5505   140.0096    68.1332   319.3710
  -7135.00   42262.36  0.0069963     3.5297   137.0869    68.4326   319.5754
  -7125.00   42261.07  0.0070105     3.5145   133.8966    69.0281   319.7402
  -7115.00   42259.59  0.0069676     3.4937   132.3090    68.1790   319.7989
  -7105.00   42259.89  0.0069438     3.4682   129.6332    68.5703   319.8345
  -7095.00   42259.65  0.0068798     3.4451   126.6622    69.3304   319.9433
  -7085.00   42257.44  0.0069132     3.4260   125.3752    68.6488   319.9664
  -7075.00   42255.67  0.0069251     3.4069   123.5160    68.8490   319.8437
  -7065.00   42256.24  0.0068102     3.3835   121.7160    68.9998   319.8103
  -7055.00   42256.77  0.0068578     3.3670   120.0731    68.9791   319.8341
  -7045.00   42255.48  0.0069142     3.3584   118.1260    69.3684   319.7406
  -7035.00   42255.58  0.0068531     3.3431   117.1855    68.6444   319.6652
  -7025.00   42258.07  0.0068668     3.3289   114.9590    68.9773   319.6972
  -7015.00   42259.45  0.0068878     3.3237   112.0576    69.7607   319.7888
  -7005.00   42259.40  0.0069075     3.3150   110.7049    68.8471   319.8517
  -6995.00   42259.98  0.0069202     3.3029   108.2525    68.9245   319.9061
  -6985.00   42261.96  0.0068518     3.2906   105.0372    69.4992   320.1368
  -6975.00   42262.25  0.0068982     3.2793   102.8772    68.9648   320.3827
  -6965.00   42260.12  0.0069559     3.2669   100.3423    69.0037   320.4942
  -6955.00   42259.17  0.0068613     3.2448    98.2831    68.6029   320.6842
  -6945.00   42259.35  0.0068954     3.2234    95.9910    68.4909   320.9625
  -6935.00   42258.15  0.0069559     3.2072    93.2630    69.1110   321.1129
  -6925.00   42255.72  0.0069380     3.1823    92.3704    68.1425   321.1659
  -6915.00   42255.32  0.0069597     3.1544    90.5367    68.1991   321.2589
  -6905.00   42256.59  0.0069531     3.1341    87.8308    69.1663   321.3682
  -6895.00   42256.59  0.0070087     3.1146    86.7180    68.6451   321.3484
  -6885.00   42255.74  0.0070654     3.0930    84.9881    68.7793   321.2320
  -6875.00   42257.15  0.0069921     3.0729    82.6861    69.2302   321.2473
  -6865.00   42259.47  0.0070550     3.0601    80.5383    69.3246   321.2905
  -6855.00   42259.86  0.0071505     3.0518    77.7645    70.0221   321.1966
  -6845.00   42259.33  0.0070924     3.0368    75.8529    69.6308   321.1860
  -6835.00   42260.67  0.0071192     3.0249    72.9608    69.9584   321.3428
  -6825.00   42262.05  0.0071646     3.0220    69.1407    71.2061   321.4771
  -6815.00   42261.16  0.0071702     3.0116    67.1101    70.7218   321.5809
  -6805.00   42259.20  0.0071694     2.9960    64.5481    70.8095   321.7638
  -6795.00   42259.02  0.0071014     2.9853    61.2310    71.6839   322.0704
  -6785.00   42258.98  0.0071117     2.9728    59.1984    71.4727   322.3249
  -6775.00   42256.79  0.0071492     2.9549    57.1460    71.5681   322.4598
  -6765.00   42254.94  0.0070194     2.9323    55.3911    71.3856   322.7088
  -6755.00   42255.39  0.0070040     2.9122    53.7035    71.1454   323.0017
  -6745.00   42256.58  0.0070618     2.8951    51.2418    71.8745   323.1032
  -6735.00   42256.03  0.0069911     2.8692    50.3148    71.0504   323.1590
  -6725.00   42256.36  0.0069713     2.8430    48.6415    70.7516   323.3192
  -6715.00   42258.82  0.0069602     2.8268    45.6020    71.7297   323.4156
  -6705.00   42260.82  0.0069763     2.8078    44.0052    71.2223   323.3718
  -6695.00   42260.38  0.0070013     2.7849    41.9699    71.0064   323.3324
  -6685.00   42260.28  0.0069090     2.7688    39.1603    71.3463   323.4149
  -6675.00   42261.44  0.0069322     2.7581    36.8565    71.1523   323.4653
  -6665.00   42261.62  0.0070325     2.7473    34.0784    71.5831   323.3962
  -6655.00   42259.42  0.0069531     2.7327    32.2079    71.0600   323.4739
  -6645.00   42258.15  0.0069558     2.7231    30.0756    70.7712   323.7172
  -6635.00   42258.46  0.0070225     2.7205    26.9429    71.7502   323.8645
  -6625.00   42258.10  0.0070295     2.7084    25.6366    71.0517   324.0166
  -6615.00   42255.90  0.0070276     2.6921    24.0808    70.5433   324.3624
  -6605.00   42255.29  0.0069776     2.6836    21.5099    71.1006   324.7466
  -6595.00   42256.73  0.0070006     2.6701    20.0574    70.6415   325.0257
  -6585.00   42257.00  0.0070638     2.6471    18.4626    70.2851   325.2922
  -6575.00   42256.37  0.0069629     2.6250    16.6619    69.9332   325.6630
  -6565.00   42257.38  0.0069530     2.6053    14.9020    69.4186   325.9899
  -6555.00   42260.05  0.0070693     2.5837    12.1616    69.9345   326.1002
  -6545.00   42260.97  0.0070467     2.5560    10.4915    69.2216   326.2189
  -6535.00   42260.47  0.0070518     2.5319     8.3946    68.7051   326.4480
  -6525.00   42261.01  0.0070988     2.5173     4.7963    69.8103   326.5089
  -6515.00   42262.26  0.0071602     2.4984     2.6402    69.6082   326.4450
  -6505.00   42260.97  0.0072271     2.4772     0.4084    69.4169   326.5284
  -6495.00   42258.50  0.0071742     2.4670   357.3725    70.1062   326.6828
  -6485.00   42257.63  0.0072005     2.4595   355.1265    70.2498   326.7456
  -6475.00   42257.83  0.0073264     2.4472   352.7154    70.7353   326.7962
  -6465.00   42256.42  0.0072633     2.4357   350.8450    70.6204   327.0506
  -6455.00   42254.97  0.0072324     2.4289   349.0153    70.4395   327.4060
  -6445.00   42255.66  0.0073022     2.4237   346.1192    71.5085   327.6078
  -6435.00   42257.62  0.0072948     2.4092   344.6140    71.0760   327.8785
  -6425.00   42257.49  0.0072660     2.3934   342.8927    70.5088   328.3884
  -6415.00   42257.39  0.0072074     2.3854   339.7627    71.3096   328.8041
  -6405.00   42259.48  0.0072003     2.3698   337.6287    71.0972   329.0675
  -6395.00   42261.20  0.0072412     2.3453   335.4716    70.5981   329.4762
  -6385.00   42260.96  0.0071329     2.3269   332.7888    70.4728   329.9289
  -6375.00   42260.24  0.0070732     2.3100   330.3408    70.1973   330.2240
  -6365.00   42261.16  0.0071641     2.2863   327.4588    70.4895   330.3915
  -6355.00   42261.63  0.0071242     2.2614   325.5550    69.8224   330.6250
  -6345.00   42259.60  0.0070733     2.2425   323.7268    69.1305   330.9237
  -6335.00   42257.60  0.0071028     2.2281   320.6058    70.1363   330.9816
  -6325.00   42257.73  0.0071221     2.2090   319.0286    69.8380   330.9700
  -6315.00   42257.38  0.0071543     2.1909   317.7628    69.1074   331.2080
  -6305.00   42255.57  0.0070986     2.1844   315.3117    69.6908   331.4146
  -6295.00   42254.82  0.0070861     2.1773   313.5825    69.7357   331.4679
  -6285.00   42256.48  0.0071870     2.1641   311.8274    69.6138   331.6782
  -6275.00   42257.85  0.0071300     2.1569   310.0801    69.1842   332.1003
  -6265.00   42257.68  0.0070720     2.1537   308.2353    68.7025   332.5190
  -6255.00   42258.45  0.0071439     2.1457   305.2452    69.3187   332.8271
  -6245.00   42261.07  0.0071411     2.1319   303.3828    68.4875   333.3074
  -6235.00   42261.89  0.0071170     2.1198   301.5565    67.2561   334.0082
  -6225.00   42260.80  0.0071002     2.1114   298.1280    67.7637   334.5064
  -6215.00   42260.49  0.0071115     2.0930   295.7638    67.3386   334.8798
  -6205.00   42261.02  0.0071811     2.0694   293.8622    66.2405   335.5179
  -6195.00   42260.31  0.0071365     2.0540   291.4237    65.8776   336.0882
  -6185.00   42257.65  0.0071131     2.0369   289.2573    65.6905   336.3634
  -6175.00   42256.67  0.0072348     2.0112   286.9587    65.7470   336.6895
  -6165.00   42257.31  0.0072438     1.9904   285.4762    65.0892   337.0725
  -6155.00   42256.46  0.0072162     1.9775   284.0673    64.5128   337.3831
  -6145.00   42255.01  0.0072968     1.9622   281.2511    65.5773   337.4982
  -6135.00   42255.61  0.0073409     1.9452   279.5056    65.5519   337.6248
  -6125.00   42257.60  0.0073752     1.9346   278.1461    64.7533   338.0375
  -6115.00   42258.15  0.0073712     1.9320   275.1816    65.5502   338.3181
  -6105.00   42257.89  0.0073711     1.9253   272.5981    65.9575   338.4532
  -6095.00   42259.54  0.0074637     1.9148   270.1504    65.7181   338.9371
  -6085.00   42261.75  0.0074232     1.9134   267.4603    65.4586   339.5543
  -6075.00   42261.53  0.0073551     1.9125   264.8041    65.2261   340.0205
  -6065.00   42260.29  0.0074277     1.9018   261.3442    65.7405   340.5351
  -6055.00   42260.58  0.0074114     1.8909   258.9316    65.0818   341.2512
  -6045.00   42260.77  0.0073501     1.8843   257.1018    63.8575   342.0497
  -6035.00   42258.86  0.0073451     1.8743   253.9250    64.3776   342.6025
  -6025.00   42256.50  0.0073343     1.8556   251.7146    64.1509   343.1208
  -6015.00   42256.25  0.0073583     1.8377   250.3174    62.9592   343.9299
  -6005.00   42256.77  0.0073030     1.8272   248.2445    62.7520   344.5367
  -5995.00   42255.36  0.0072480     1.8107   246.3809    62.7037   344.8247
  -5985.00   42254.79  0.0073303     1.7882   244.3774    62.5253   345.3628
  -5975.00   42256.70  0.0073026     1.7747   242.7678    61.8774   345.9103
  -5965.00   42258.48  0.0072221     1.7667   241.2361    61.2636   346.1985
  -5955.00   42258.64  0.0072807     1.7516   238.3321    61.8564   346.4825
  -5945.00   42258.94  0.0072954     1.7381   236.0721    61.5934   346.8370
  -5935.00   42261.08  0.0072736     1.7353   234.4009    60.4415   347.3411
  -5925.00   42262.10  0.0072716     1.7340   231.2672    60.8059   347.6867
  -5915.00   42260.69  0.0072555     1.7274   228.5276    60.8333   347.9658
  -5905.00   42259.61  0.0073260     1.7232   226.2688    59.9937   348.6807
  -5895.00   42260.10  0.0072986     1.7280   223.7940    59.4722   349.4008
  -5885.00   42259.50  0.0072211     1.7290   221.7697    58.8659   349.9027
  -5875.00   42257.10  0.0073040     1.7207   219.2084    58.6670   350.7029
  -5865.00   42255.87  0.0073133     1.7168   217.4156    57.6855   351.6894
  -5855.00   42256.62  0.0072553     1.7164   216.3740    56.1931   352.5404
  -5845.00   42256.55  0.0072881     1.7059   214.0184    56.1624   353.2933
  -5835.00   42255.15  0.0073152     1.6897   212.1743    55.5547   354.1252
  -5825.00   42255.58  0.0073632     1.6794   210.9780    54.0796   355.1000
  -5815.00   42257.92  0.0073670     1.6710   208.7274    53.8398   355.7585
  -5805.00   42258.82  0.0073439     1.6541   206.5290    53.6275   356.1824
  -5795.00   42258.62  0.0074605     1.6377   204.0806    53.1634   356.9376
  -5785.00   42259.95  0.0074863     1.6324   201.5907    52.7371   357.5586
  -5775.00   42262.00  0.0074266     1.6279   199.3544    52.3502   357.7787
  -5765.00   42262.10  0.0075047     1.6176   196.0818    52.6971   358.2557
  -5755.00   42260.19  0.0075564     1.6133   193.3036    52.4812   358.8588
  -5745.00   42259.88  0.0075467     1.6200   191.3460    51.6784   359.3254
  -5735.00   42259.89  0.0075742     1.6219   188.3769    52.0223   359.7874
  -5725.00   42258.11  0.0075655     1.6192   185.8288    52.0274     0.3495
  -5715.00   42255.69  0.0076337     1.6246   183.9518    51.2185     1.2178
  -5705.00   42255.57  0.0076443     1.6339   181.6633    51.0602     1.9631
  -5695.00   42256.56  0.0075544     1.6348   179.7982    50.7220     2.5380
  -5685.00   42256.07  0.0076188     1.6319   177.5315    50.3488     3.5536
  -5675.00   42255.57  0.0076390     1.6362   175.4411    49.7090     4.6082
  -5665.00   42257.47  0.0075559     1.6393   173.9234    48.7180     5.3207
  -5655.00   42259.64  0.0075648     1.6316   171.2097    48.5927     6.1973
  -5645.00   42259.57  0.0075619     1.6238   168.6405    48.0194     7.2238
  -5635.00   42259.45  0.0075642     1.6234   166.7570    46.7561     8.1023
  -5625.00   42261.00  0.0075580     1.6183   163.8886    46.5720     8.7638
  -5615.00   42262.07  0.0074759     1.6056   161.1705    46.2474     9.3775
  -5605.00   42260.77  0.0075281     1.5997   158.6655    45.4966    10.2259
  -5595.00   42259.39  0.0075478     1.6014   156.1348    45.1285    10.8065
  -5585.00   42259.59  0.0074464     1.5978   154.2079    44.6620    11.0246
  -5575.00   42259.55  0.0074714     1.5932   151.6913    44.5507    11.6335
  -5565.00   42256.91  0.0075102     1.5991   149.5834    44.1400    12.3034
  -5555.00   42255.52  0.0074833     1.6100   148.4474    43.2753    12.5887
  -5545.00   42256.12  0.0075044     1.6149   146.3917    43.1892    13.0814
  -5535.00   42256.56  0.0074817     1.6205   144.3530    42.8619    13.8254
  -5525.00   42255.64  0.0075322     1.6364   142.9671    41.8297    14.5753
  -5515.00   42256.26  0.0075792     1.6501   140.9136    41.4099    15.2600
  -5505.00   42258.85  0.0074932     1.6544   138.9118    40.7709    15.9725
  -5495.00   42260.43  0.0075433     1.6620   136.4907    40.0075    17.0621
  -5485.00   42260.07  0.0076070     1.6748   133.9615    39.2905    18.0550
  -5475.00   42260.66  0.0075483     1.6791   132.0703    38.1531    18.7186
  -5465.00   42262.25  0.0075707     1.6764   129.1715    37.6371    19.7062
  -5455.00   42261.77  0.0075956     1.6792   126.2592    37.0717    20.7732
  -5445.00   42259.58  0.0076203     1.6843   124.4338    35.9079    21.4336
  -5435.00   42258.65  0.0076658     1.6815   121.9531    35.5444    22.0718
  -5425.00   42258.96  0.0076149     1.6760   119.5298    35.2173    22.7891
  -5415.00   42257.80  0.0076802     1.6813   117.5390    34.6731    23.4522
  -5405.00   42255.82  0.0077667     1.6882   115.5516    34.4971    23.8688
  -5395.00   42255.66  0.0077070     1.6876   114.0575    34.0972    24.1153
  -5385.00   42257.25  0.0077477     1.6931   111.8474    34.0922    24.7079
  -5375.00   42256.76  0.0078357     1.7097   109.6239    34.1257    25.2272
  -5365.00   42256.23  0.0078326     1.7232   108.2368    33.5947    25.3814
  -5355.00   42257.73  0.0078654     1.7323   105.8572    33.5527    25.8917
  -5345.00   42259.99  0.0078661     1.7489   102.9162    33.6699    26.6426
  -5335.00   42260.31  0.0079057     1.7710   100.6251    33.2338    27.1425
  -5325.00   42260.06  0.0079609     1.7859    97.9062    33.0296    27.7046
  -5315.00   42261.27  0.0078660     1.7949    95.0584    32.6896    28.4789
  -5305.00   42262.39  0.0078790     1.8113    92.0282    32.4471    29.3450
  -5295.00   42260.86  0.0079420     1.8282    89.1773    32.2269    30.0661
  -5285.00   42258.73  0.0078460     1.8328    87.2658    31.3410    30.6494
  -5275.00   42258.42  0.0078205     1.8368    84.7540    30.9324    31.5204
  -5265.00   42258.10  0.0078344     1.8489    82.0988    30.8817    32.3329
  -5255.00   42256.10  0.0078079     1.8563    80.7756    30.0468    32.7386
  -5245.00   42254.74  0.0078107     1.8563    79.0920    29.5184    33.2897
  -5235.00   42255.83  0.0077339     1.8604    77.0171    29.3084    33.9572
  -5225.00   42257.10  0.0077540     1.8726    75.2943    29.0109    34.3270
  -5215.00   42256.85  0.0078176     1.8817    73.5487    28.7249    34.5983
  -5205.00   42257.19  0.0077170     1.8846    71.9939    28.0809    34.9110
  -5195.00   42259.71  0.0077194     1.8986    69.5992    28.0128    35.3316
  -5185.00   42260.97  0.0078092     1.9204    66.9609    28.1323    35.6271
  -5175.00   42260.41  0.0077761     1.9342    65.2179    27.4350    35.7217
  -5165.00   42260.19  0.0077728     1.9484    62.7389    27.0481    36.1755
  -5155.00   42261.35  0.0077935     1.9746    59.5462    27.2548    36.7377
  -5145.00   42261.25  0.0078292     1.9998    57.2593    26.9183    37.0030
  -5135.00   42259.04  0.0078785     2.0162    55.0697    26.3904    37.4759
  -5125.00   42257.81  0.0077932     2.0341    52.7272    25.9011    38.2316
  -5115.00   42258.14  0.0078140     2.0572    50.4119    25.7070    38.8394
  -5105.00   42257.31  0.0079129     2.0755    48.3920    25.4280    39.3617
  -5095.00   42255.28  0.0078227     2.0826    47.2020    24.3384    39.9749
  -5085.00   42255.01  0.0078015     2.0927    45.4106    23.8058    40.6914
  -5075.00   42256.56  0.0078781     2.1093    43.1342    23.9000    41.2284
  -5065.00   42257.08  0.0078803     2.1160    41.8960    23.1336    41.4985
  -5055.00   42256.72  0.0078999     2.1187    40.2123    22.5001    41.9503
  -5045.00   42258.19  0.0078808     2.1315    37.6748    22.5526    42.4126
  -5035.00   42260.74  0.0079456     2.1471    35.3451    22.6096    42.4977
  -5025.00   42261.28  0.0080575     2.1579    32.9529    22.5339    42.6254
  -5015.00   42260.43  0.0079856     2.1693    30.5860    22.1859    42.9285
  -5005.00   42260.92  0.0080099     2.1914    27.6212    22.5386    43.1255
  -4995.00   42261.47  0.0081479     2.2165    24.5695    23.0881    43.2428
  -4985.00   42260.09  0.0081249     2.2324    22.5188    22.7307    43.3836
  -4975.00   42257.62  0.0081001     2.2525    20.0988    22.6662    43.7724
  -4965.00   42257.02  0.0081393     2.2832    17.1788    23.2751    44.1446
  -4955.00   42257.36  0.0081676     2.3065    15.2253    23.2933    44.2946
  -4945.00   42255.84  0.0081847     2.3221    13.4811    22.9453    44.7114
  -4935.00   42254.70  0.0080861     2.3458    11.3028    22.9111    45.3076
  -4925.00   42255.83  0.0080778     2.3697     9.1677    23.0896    45.6483
  -4915.00   42257.51  0.0081619     2.3852     7.2167    22.9999    45.9767
  -4905.00   42257.59  0.0080350     2.3966     5.5482    22.2895    46.5166
  -4895.00   42257.72  0.0079616     2.4119     3.2668    22.1092    46.9982
  -4885.00   42259.82  0.0080256     2.4296     0.5255    22.4103    47.2754
  -4875.00   42261.54  0.0079855     2.4367   358.6235    21.7800    47.4929
  -4865.00   42260.92  0.0079497     2.4435   356.4290    21.2142    47.8530
  -4855.00   42260.20  0.0079116     2.4620   353.4742    21.4729    48.1186
  -4845.00   42260.99  0.0079332     2.4774   351.1058    21.4912    48.0786
  -4835.00   42260.91  0.0080182     2.4877   349.0178    21.2109    48.1515
  -4825.00   42258.76  0.0079253     2.5062   346.9008    20.9528    48.3870
  -4815.00   42257.01  0.0079100     2.5320   344.6032    21.2697    48.4107
  -4805.00   42257.12  0.0080352     2.5563   342.4460    21.6247    48.3948
  -4795.00   42256.97  0.0079900     2.5761   341.1201    21.0831    48.5646
  -4785.00   42255.21  0.0079390     2.6028   339.3661    20.9488    48.8396
  -4775.00   42254.90  0.0079761     2.6363   337.0233    21.4576    49.0486
  -4765.00   42256.89  0.0079856     2.6591   335.4808    21.1684    49.1891
  -4755.00   42257.94  0.0079967     2.6776   333.9114    20.5342    49.5846
  -4745.00   42258.02  0.0079272     2.7063   331.5329    20.4830    50.0453
  -4735.00   42259.02  0.0079194     2.7298   329.1600    20.5168    50.2588
  -4725.00   42261.41  0.0080271     2.7418   327.0037    20.1141    50.5305
  -4715.00   42262.16  0.0079507     2.7579   324.8469    19.4162    50.9885
  -4705.00   42260.76  0.0079073     2.7764   322.2366    19.3175    51.2774
  -4695.00   42260.48  0.0080185     2.7912   319.4190    19.6386    51.3708
  -4685.00   42260.88  0.0080148     2.8002   317.5010    19.0600    51.5508
  -4675.00   42259.63  0.0080220     2.8126   315.5370    18.6395    51.7754
  -4665.00   42257.17  0.0080474     2.8348   312.8827    19.2404    51.8303
  -4655.00   42256.45  0.0080808     2.8509   310.9254    19.4536    51.7335
  -4645.00   42257.05  0.0081879     2.8637   309.3420    19.2758    51.7831
  -4635.00   42256.48  0.0081456     2.8901   307.3818    19.4660    51.9161
  -4625.00   42255.15  0.0081321     2.9185   305.1699    20.1308    51.8468
  -4615.00   42256.20  0.0082624     2.9405   302.9951    20.6645    51.8086
  -4605.00   42258.23  0.0082157     2.9649   301.2085    20.4595    52.0063
  -4595.00   42258.51  0.0081620     2.9955   298.9016    20.6549    52.1868
  -4585.00   42258.44  0.0082046     3.0263   295.8675    21.4920    52.2762
  -4575.00   42260.23  0.0081771     3.0473   293.5156    21.4120    52.4445
  -4565.00   42262.03  0.0081691     3.0675   291.2656    20.9702    52.7712
  -4555.00   42261.85  0.0081124     3.0967   288.2756    21.2475    53.0572
  -4545.00   42260.42  0.0080655     3.1172   285.4455    21.5569    53.1730
  -4535.00   42260.67  0.0081338     3.1269   283.1920    21.2728    53.3922
  -4525.00   42260.71  0.0080506     3.1463   281.0497    20.9023    53.7158
  -4515.00   42258.30  0.0079689     3.1667   278.7649    21.0499    53.8351
  -4505.00   42256.25  0.0080440     3.1778   276.4672    21.4797    53.8409
  -4495.00   42256.19  0.0079889     3.1898   274.9556    21.1040    53.9924
  -4485.00   42256.64  0.0079482     3.2073   273.6001    20.7059    54.1071
  -4475.00   42255.55  0.0079576     3.2292   271.4182    21.3361    54.0319
  -4465.00   42255.48  0.0079318     3.2455   269.6495    21.5053    53.9537
  -4455.00   42257.60  0.0079869     3.2614   268.2065    21.1365    53.9960
  -4445.00   42259.49  0.0079428     3.2918   266.1373    21.2579    54.0224
  -4435.00   42259.18  0.0078939     3.3207   263.6650    21.7550    53.9091
  -4425.00   42259.65  0.0079993     3.3414   261.1876    22.0125    53.8880
  -4415.00   42261.45  0.0079476     3.3710   258.9474    21.7216    54.0580
  -4405.00   42262.01  0.0078807     3.4054   256.5491    21.6128    54.1493
  -4395.00   42260.41  0.0079363     3.4333   253.5323    22.1822    54.1814
  -4385.00   42259.61  0.0079025     3.4561   251.2485    21.9196    54.3864
  -4375.00   42260.05  0.0079016     3.4800   249.4828    21.2169    54.6596
  -4365.00   42259.47  0.0078849     3.5084   247.2127    21.2828    54.8173
  -4355.00   42256.94  0.0078545     3.5264   245.0703    21.4258    54.9259
  -4345.00   42255.95  0.0079489     3.5358   243.4981    21.0568    55.1283
  -4335.00   42256.76  0.0079276     3.5569   241.9620    20.7417    55.3269
  -4325.00   42256.31  0.0078709     3.5767   240.1720    20.9038    55.3261
  -4315.00   42255.21  0.0079901     3.5849   238.0925    21.3589    55.2869
  -4305.00   42255.99  0.0079871     3.6005   236.3161    21.2839    55.3765
  -4295.00   42258.54  0.0079650     3.6235   234.6449    21.0734    55.3640
  -4285.00   42259.38  0.0080176     3.6448   231.9955    21.8247    55.1946
  -4275.00   42259.41  0.0080141     3.6640   229.4173    22.2284    55.1362
  -4265.00   42260.68  0.0080828     3.6863   227.1819    22.0935    55.1675
  -4255.00   42262.44  0.0080732     3.7193   224.4720    22.4452    55.1117
  -4245.00   42261.65  0.0080206     3.7478   221.5099    23.0706    55.0199
  -4235.00   42259.65  0.0081325     3.7683   218.7467    23.4491    55.0554
  -4225.00   42259.09  0.0081095     3.7998   216.2883    23.5497    55.1918
  -4215.00   42259.19  0.0080180     3.8331   214.0701    23.6734    55.2207
  -4205.00   42257.26  0.0080706     3.8548   211.4783    24.3464    55.2335
  -4195.00   42255.43  0.0080324     3.8772   209.3844    24.4876    55.4236
  -4185.00   42255.73  0.0080081     3.9026   207.9047    24.1418    55.6029
  -4175.00   42256.86  0.0079761     3.9264   205.9097    24.4899    55.6321
  -4165.00   42256.22  0.0079105     3.9428   203.8110    24.8418    55.7199
  -4155.00   42255.89  0.0079752     3.9544   202.0810    24.6809    55.8819
  -4145.00   42257.85  0.0079409     3.9762   200.1885    24.6356    55.9539
  -4135.00   42259.66  0.0078252     3.9950   197.8902    24.9369    55.9025
  -4125.00   42259.53  0.0078983     4.0026   195.3564    25.2998    55.8681
  -4115.00   42259.46  0.0078835     4.0209   192.9262    25.3479    55.9157
  -4105.00   42261.22  0.0077989     4.0465   190.7803    25.1673    55.8289
  -4095.00   42261.94  0.0078045     4.0650   188.0118    25.6974    55.6350
  -4085.00   42260.38  0.0077662     4.0858   185.3629    26.0077    55.5919
  -4075.00   42258.86  0.0078047     4.1140   183.4526    25.6751    55.5901
  -4065.00   42259.04  0.0077841     4.1464   181.3311    25.8330    55.4647
  -4055.00   42258.34  0.0076969     4.1749   179.0839    26.2122    55.3912
  -4045.00   42255.94  0.0077959     4.1989   177.2289    26.2220    55.4581
  -4035.00   42254.82  0.0078063     4.2328   175.5824    26.1202    55.5461
  -4025.00   42255.99  0.0077057     4.2653   174.0007    26.0764    55.5505
  -4015.00   42256.47  0.0077603     4.2843   171.9985    26.3954    55.5926
  -4005.00   42255.90  0.0077603     4.3075   170.0797    26.4107    55.7765
  -3995.00   42256.82  0.0077553     4.3342   168.6236    25.9145    55.8891
  -3985.00   42259.51  0.0077536     4.3522   166.4254    26.1280    55.8649
  -3975.00   42260.50  0.0077050     4.3672   163.8925    26.3949    55.9395
  -3965.00   42259.93  0.0078003     4.3824   161.7371    26.1280    56.0482
  -3955.00   42260.56  0.0078200     4.4030   159.4262    26.0878    56.0007
  -3945.00   42261.76  0.0077281     4.4210   156.7169    26.4423    55.9090
  -3935.00   42261.17  0.0078166     4.4313   154.0162    26.7950    55.8653
  -3925.00   42258.87  0.0078679     4.4540   151.6320    26.9309    55.8414
  -3915.00   42258.22  0.0078118     4.4821   149.6154    26.9597    55.7015
  -3905.00   42258.56  0.0078422     4.5001   147.2248    27.5699    55.5222
  -3895.00   42257.09  0.0078419     4.5237   144.8727    28.1347    55.5001
  -3885.00   42255.17  0.0078953     4.5571   143.3871    27.9686    55.4704
  -3875.00   42255.47  0.0079118     4.5867   141.5738    28.3055    55.3319
  -3865.00   42256.82  0.0078307     4.6127   139.2864    28.9904    55.2954
  -3855.00   42256.69  0.0079237     4.6394   137.3207    29.1735    55.3782
  -3845.00   42256.41  0.0079609     4.6715   135.3575    29.2934    55.4106
  -3835.00   42258.35  0.0078533     4.6992   133.0755    29.6073    55.3946
  -3825.00   42260.65  0.0078839     4.7157   130.3315    30.1438    55.4502
  -3815.00   42260.66  0.0078849     4.7384   127.5332    30.5152    55.5835
  -3805.00   42260.24  0.0078417     4.7642   125.3125    30.3122    55.6150
  -3795.00   42261.42  0.0078169     4.7776   122.5667    30.6833    55.5608
  -3785.00   42261.89  0.0077262     4.7914   119.4751    31.3176    55.6109
  -3775.00   42260.11  0.0077636     4.8109   117.2723    31.1775    55.6563
  -3765.00   42258.10  0.0077590     4.8295   115.2815    31.1394    55.5413
  -3755.00   42257.88  0.0076257     4.8459   112.9701    31.5555    55.4383
  -3745.00   42257.80  0.0076628     4.8599   110.8585    31.8706    55.4012
  -3735.00   42255.70  0.0076951     4.8848   109.2191    31.8938    55.3183
  -3725.00   42254.80  0.0076058     4.9125   107.8349    31.7930    55.1608
  -3715.00   42256.28  0.0076101     4.9303   106.0109    32.1316    55.0152
  -3705.00   42257.31  0.0076048     4.9566   103.8384    32.6378    54.9908
  -3695.00   42257.16  0.0076151     4.9929   102.4735    32.2573    54.9272
  -3685.00   42257.76  0.0076302     5.0206   100.7230    32.1906    54.7924
  -3675.00   42260.27  0.0075450     5.0454    98.0226    32.7657    54.7882
  -3665.00   42261.52  0.0076171     5.0770    95.7248    32.7114    54.8621
  -3655.00   42260.61  0.0076701     5.1081    93.5357    32.5321    54.8567
  -3645.00   42260.56  0.0075674     5.1318    91.0421    32.6016    54.8474
  -3635.00   42261.62  0.0076086     5.1493    88.2669    32.8873    54.9282
  -3625.00   42260.98  0.0076473     5.1723    85.5499    33.2071    55.0136
  -3615.00   42258.70  0.0076089     5.1955    83.7217    32.8767    54.9916
  -3605.00   42257.60  0.0076167     5.2058    81.7191    32.9205    54.9366
  -3595.00   42257.94  0.0075711     5.2191    79.1575    33.6022    54.9595
  -3585.00   42257.14  0.0076220     5.2416    77.6288    33.4393    54.9232
  -3575.00   42255.16  0.0076651     5.2587    76.3762    33.2155    54.7567
  -3565.00   42255.36  0.0075676     5.2741    74.4795    33.5883    54.6418
  -3555.00   42257.19  0.0076453     5.2949    72.5360    33.9032    54.5864
  -3545.00   42257.44  0.0077340     5.3225    70.7316    34.0597    54.4503
  -3535.00   42257.36  0.0076753     5.3499    68.9423    34.0606    54.2911
  -3525.00   42259.09  0.0077142     5.3704    66.5467    34.4432    54.2000
  -3515.00   42261.38  0.0077614     5.3994    63.4777    35.2881    54.1739
  -3505.00   42261.83  0.0077753     5.4352    61.1207    35.3418    54.0994
  -3495.00   42260.65  0.0078012     5.4593    58.7517    35.3873    53.9989
  -3485.00   42261.15  0.0077299     5.4816    55.3916    36.3148    54.0235
  -3475.00   42261.46  0.0077798     5.5135    52.7177    36.6155    54.0650
  -3465.00   42259.51  0.0078373     5.5401    50.4826    36.7083    54.0164
  -3455.00   42257.18  0.0077046     5.5579    48.1216    37.0465    54.0015
  -3445.00   42256.87  0.0077204     5.5768    45.7891    37.4411    54.0650
  -3435.00   42257.13  0.0077636     5.5991    43.4508    38.0361    54.0776
  -3425.00   42255.88  0.0076822     5.6186    41.9031    37.9940    54.0076
  -3415.00   42254.99  0.0076490     5.6288    40.2835    38.0271    53.9608
  -3405.00   42256.52  0.0075932     5.6433    37.7704    38.8769    53.9573
  -3395.00   42258.26  0.0075892     5.6666    36.0837    38.8753    53.8677
  -3385.00   42257.98  0.0075957     5.6821    34.6479    38.5588    53.6969
  -3375.00   42258.27  0.0074538     5.6963    32.2369    38.9813    53.5978
  -3365.00   42260.34  0.0074853     5.7216    29.9295    39.1219    53.5223
  -3355.00   42261.69  0.0075689     5.7493    27.6821    39.1782    53.3544
  -3345.00   42260.86  0.0074724     5.7742    25.4934    39.0860    53.1988
  -3335.00   42260.25  0.0074825     5.7988    23.0385    39.1780    53.1385
  -3325.00   42260.98  0.0075375     5.8305    20.0659    39.8632    53.0903
  -3315.00   42260.80  0.0075376     5.8651    17.9587    39.8371    52.9984
  -3305.00   42258.16  0.0075468     5.8888    16.2505    39.5413    52.9388
  -3295.00   42256.68  0.0074771     5.9121    13.5806    40.2828    52.9810
  -3285.00   42256.77  0.0075006     5.9441    11.7154    40.3749    52.9988
  -3275.00   42256.48  0.0075795     5.9672    10.3848    40.0996    52.9424
  -3265.00   42254.88  0.0074455     5.9809     8.5684    40.2820    52.9451
  -3255.00   42255.14  0.0074555     6.0011     6.8244    40.3174    52.9892
  -3245.00   42257.43  0.0075462     6.0219     4.8064    40.6308    52.9448
  -3235.00   42258.53  0.0074897     6.0363     3.1916    40.4423    52.8419
  -3225.00   42258.47  0.0074872     6.0483     1.3543    40.2577    52.7928
  -3215.00   42259.66  0.0074875     6.0657   358.4255    41.0228    52.7431
  -3205.00   42261.74  0.0075188     6.0889   356.1922    41.0483    52.5966
  -3195.00   42261.77  0.0075848     6.1055   354.3004    40.6713    52.4309
  -3185.00   42260.14  0.0074946     6.1224   351.3414    41.2897    52.3420
  -3175.00   42259.80  0.0075418     6.1521   348.8236    41.5418    52.2434
  -3165.00   42260.32  0.0076874     6.1800   346.6203    41.6770    52.0716
  -3155.00   42258.84  0.0076215     6.2022   344.4556    41.8753    51.9464
  -3145.00   42256.66  0.0076440     6.2303   342.2913    42.1527    51.9118
  -3135.00   42256.24  0.0077227     6.2618   339.6950    43.0515    51.8518
  -3125.00   42257.05  0.0077282     6.2903   337.8817    43.2933    51.7517
  -3115.00   42256.04  0.0077358     6.3126   336.3080    43.2561    51.7269
  -3105.00   42255.05  0.0076695     6.3351   333.5655    44.3276    51.7589
  -3095.00   42256.23  0.0076618     6.3632   331.3873    44.7990    51.7329
  -3085.00   42258.43  0.0077292     6.3821   329.7822    44.5904    51.6687
  -3075.00   42258.63  0.0075899     6.3934   327.1938    45.1424    51.6687
  -3065.00   42258.84  0.0075492     6.4141   324.6911    45.4382    51.6750
  -3055.00   42260.77  0.0076284     6.4334   322.1023    45.7874    51.5854
  -3045.00   42262.33  0.0075476     6.4437   319.7840    45.7936    51.4730
  -3035.00   42261.37  0.0075126     6.4583   317.5016    45.6814    51.4211
  -3025.00   42259.82  0.0074974     6.4782   314.3250    46.5690    51.3373
  -3015.00   42259.89  0.0074829     6.4987   312.1035    46.6957    51.1650
  -3005.00   42259.54  0.0075167     6.5161   310.6423    46.1765    51.0195
  -2995.00   42257.18  0.0074185     6.5358   308.0974    46.8600    50.9349
  -2985.00   42255.51  0.0074040     6.5664   306.1342    47.1508    50.8133
  -2975.00   42256.15  0.0075147     6.5935   304.7992    46.9660    50.6474
  -2965.00   42256.72  0.0074307     6.6146   303.1594    47.0667    50.5508
  -2955.00   42255.82  0.0074130     6.6456   301.4797    47.1290    50.5182
  -2945.00   42255.90  0.0074817     6.6777   299.1766    47.7937    50.4452
  -2935.00   42258.32  0.0074616     6.7011   297.4168    47.7917    50.3573
  -2925.00   42259.53  0.0074645     6.7247   295.7779    47.4065    50.3582
  -2915.00   42259.20  0.0074202     6.7485   292.7310    48.2621    50.3811
  -2905.00   42259.68  0.0074089     6.7721   290.1360    48.5966    50.3282
  -2895.00   42261.56  0.0074787     6.7886   288.3981    47.9624    50.2791
  -2885.00   42261.92  0.0073876     6.7994   285.6996    48.2240    50.2772
  -2875.00   42260.17  0.0073547     6.8197   283.1401    48.4238    50.2404
  -2865.00   42259.35  0.0074694     6.8370   280.9267    48.4667    50.1203
  -2855.00   42259.83  0.0074311     6.8451   279.0151    48.3546    50.0025
  -2845.00   42258.60  0.0074282     6.8626   277.4015    48.0581    49.9284
  -2835.00   42256.10  0.0074823     6.8858   274.8507    48.9193    49.8009
  -2825.00   42255.46  0.0075009     6.9045   273.0432    49.2139    49.6148
  -2815.00   42256.43  0.0075680     6.9244   272.0136    48.7187    49.4888
  -2805.00   42256.33  0.0075352     6.9490   269.6507    49.5236    49.4047
  -2795.00   42255.56  0.0075401     6.9793   267.4179    50.1808    49.2724
  -2785.00   42256.95  0.0076646     7.0048   265.7437    50.1533    49.1383
  -2775.00   42259.63  0.0076113     7.0254   263.4524    50.5167    49.0789
  -2765.00   42260.20  0.0075865     7.0559   261.0324    50.8126    49.0460
  -2755.00   42259.84  0.0076785     7.0847   258.0068    51.6229    48.9654
  -2745.00   42261.14  0.0076551     7.1018   255.3166    51.9895    48.8948
  -2735.00   42262.23  0.0076481     7.1236   253.1368    51.7249    48.8943
  -2725.00   42261.22  0.0076255     7.1471   249.7756    52.7015    48.8804
  -2715.00   42259.09  0.0076031     7.1647   246.8511    53.4108    48.7961
  -2705.00   42258.75  0.0076476     7.1793   245.0823    53.0596    48.7452
  -2695.00   42258.97  0.0075566     7.1917   242.6449    53.5229    48.7249
  -2685.00   42256.94  0.0074890     7.2109   240.3431    54.0657    48.6430
  -2675.00   42255.27  0.0075720     7.2266   238.5822    54.2267    48.5163
  -2665.00   42255.99  0.0075077     7.2344   236.8284    54.4410    48.4099
  -2655.00   42257.02  0.0074409     7.2534   235.4754    54.2334    48.3216
  -2645.00   42256.51  0.0074833     7.2772   233.1731    54.9755    48.1726
  -2635.00   42256.43  0.0074654     7.2931   231.0523    55.4568    47.9965
  -2625.00   42258.65  0.0074792     7.3139   229.7739    54.8667    47.8869
  -2615.00   42260.57  0.0074364     7.3421   227.0897    55.5094    47.7913
  -2605.00   42260.15  0.0074033     7.3705   224.3335    56.1256    47.6480
  -2595.00   42260.11  0.0074945     7.3952   222.2968    55.8729    47.5397
  -2585.00   42261.71  0.0074339     7.4184   219.6784    56.0977    47.5013
  -2575.00   42261.93  0.0073623     7.4489   217.2740    56.1342    47.4575
  -2565.00   42259.97  0.0074479     7.4754   214.6851    56.4725    47.3817
  -2555.00   42258.45  0.0074320     7.4903   212.2926    56.7297    47.3398
  -2545.00   42258.55  0.0074071     7.5110   210.9004    56.0970    47.3418
  -2535.00   42257.99  0.0074105     7.5335   208.5261    56.6502    47.3004
  -2525.00   42255.53  0.0074054     7.5457   206.3240    57.2127    47.2083
  -2515.00   42254.83  0.0074776     7.5583   205.2805    56.6417    47.1566
  -2505.00   42256.42  0.0074348     7.5728   203.3743    56.9557    47.1086
  -2495.00   42256.80  0.0073851     7.5896   201.3394    57.4224    46.9815
  -2485.00   42256.48  0.0075024     7.6047   199.6815    57.3957    46.8472
  -2475.00   42257.61  0.0074991     7.6154   197.5571    57.6750    46.7430
  -2465.00   42260.27  0.0074434     7.6371   195.7024    57.5279    46.6281
  -2455.00   42261.22  0.0075263     7.6619   193.0721    58.0342    46.4697
  -2445.00   42260.27  0.0075533     7.6780   190.1879    58.6883    46.3175
  -2435.00   42260.81  0.0075898     7.7005   188.3406    58.1878    46.2292
  -2425.00   42261.84  0.0075998     7.7308   185.3448    58.8613    46.1292
  -2415.00   42260.69  0.0075739     7.7555   182.3053    59.6995    45.9947
  -2405.00   42258.29  0.0076881     7.7775   180.3004    59.5736    45.9173
  -2395.00   42257.72  0.0076756     7.8014   177.7661    60.1034    45.8872
  -2385.00   42258.05  0.0075922     7.8278   175.5566    60.5043    45.8225
  -2375.00   42256.78  0.0076781     7.8491   173.4545    60.9282    45.7463
  -2365.00   42254.93  0.0076893     7.8619   171.1965    61.5610    45.7142
  -2355.00   42255.62  0.0076460     7.8807   169.8467    61.2968    45.6946
  -2345.00   42257.24  0.0076567     7.9004   167.5462    61.9845    45.6201
  -2335.00   42256.98  0.0076329     7.9091   164.9138    62.9254    45.5242
  -2325.00   42256.83  0.0076834     7.9203   163.4086    62.5485    45.4687
  -2315.00   42259.00  0.0076464     7.9369   160.8083    63.1287    45.3935
  -2305.00   42261.06  0.0075419     7.9510   157.9001    63.9304    45.2468
  -2295.00   42261.05  0.0076082     7.9646   155.5874    63.9830    45.1166
  -2285.00   42260.32  0.0075940     7.9787   152.8245    64.4077    45.0191
  -2275.00   42261.36  0.0074811     8.0005   150.4991    64.4447    44.8846
  -2265.00   42261.63  0.0075081     8.0240   147.9683    64.7648    44.7260
  -2255.00   42259.27  0.0075045     8.0408   145.1689    65.4630    44.5977
  -2245.00   42257.27  0.0074938     8.0648   143.8545    64.8018    44.5135
  -2235.00   42257.16  0.0075025     8.0953   141.7059    65.1514    44.4063
  -2225.00   42257.10  0.0074367     8.1176   139.2165    65.9997    44.2847
  -2215.00   42255.21  0.0075191     8.1385   138.0924    65.5033    44.2307
  -2205.00   42254.79  0.0075312     8.1644   136.2256    65.7628    44.2010
  -2195.00   42256.66  0.0074293     8.1875   134.3275    66.0686    44.1278
  -2185.00   42257.98  0.0074988     8.2044   132.5263    66.1537    44.0643
  -2175.00   42257.49  0.0075324     8.2179   130.2270    66.5580    44.0454
  -2165.00   42258.27  0.0074858     8.2350   128.6866    66.0700    44.0062
  -2155.00   42260.58  0.0075177     8.2508   126.2332    66.3722    43.9146
  -2145.00   42261.45  0.0075072     8.2578   123.0171    67.3107    43.8223
  -2135.00   42260.24  0.0075605     8.2689   121.2926    66.6633    43.7555
  -2125.00   42260.23  0.0075826     8.2868   118.6496    66.9739    43.6469
  -2115.00   42261.24  0.0074947     8.2996   115.5765    67.8371    43.4860
  -2105.00   42260.62  0.0075764     8.3128   113.4746    67.8060    43.3575
  -2095.00   42258.02  0.0076211     8.3325   111.1688    68.1217    43.2535
  -2085.00   42257.07  0.0075421     8.3550   109.3741    68.1485    43.1062
  -2075.00   42257.48  0.0075963     8.3767   107.4791    68.4014    42.9580
  -2065.00   42256.40  0.0076453     8.3961   105.0524    69.2384    42.8604
  -2055.00   42254.72  0.0076566     8.4207   104.0632    68.6746    42.7818
  -2045.00   42255.25  0.0077132     8.4481   102.2744    68.8967    42.6790
  -2035.00   42257.53  0.0076832     8.4667    99.3673    70.1455    42.5826
  -2025.00   42257.98  0.0077666     8.4848    97.7432    69.9176    42.5439
  -2015.00   42258.11  0.0078250     8.5088    95.3542    70.2937    42.5018
  -2005.00   42259.92  0.0077272     8.5266    92.5127    71.0143    42.4168
  -1995.00   42262.15  0.0077850     8.5383    89.7940    71.4419    42.3556
  -1985.00   42261.62  0.0078327     8.5527    86.6179    72.2137    42.3253
  -1975.00   42260.20  0.0077555     8.5680    84.3688    72.1002    42.2556
  -1965.00   42260.30  0.0077627     8.5800    81.6784    72.5075    42.1501
  -1955.00   42260.53  0.0077478     8.5876    78.1058    73.8917    42.0625
  -1945.00   42258.50  0.0077446     8.5996    76.3881    73.5742    41.9825
  -1935.00   42256.53  0.0077503     8.6168    74.3532    73.7796    41.8563
  -1925.00   42256.65  0.0076344     8.6281    71.5769    74.9090    41.7017
  -1915.00   42257.38  0.0076654     8.6406    69.9037    74.9984    41.5845
  -1905.00   42255.95  0.0076947     8.6626    68.1090    75.2496    41.4721
  -1895.00   42255.27  0.0075623     8.6839    66.5508    75.3036    41.3198
  -1885.00   42257.05  0.0075665     8.7026    64.8258    75.4160    41.1853
  -1875.00   42258.53  0.0076119     8.7249    62.2546    76.1859    41.1024
  -1865.00   42258.32  0.0075703     8.7502    60.9413    75.5553    41.0193
  -1855.00   42258.67  0.0075862     8.7747    59.0709    75.3247    40.9205
  -1845.00   42260.97  0.0075657     8.7927    55.6004    76.5262    40.8522
  -1835.00   42262.18  0.0076193     8.8109    53.5232    76.2135    40.8235
  -1825.00   42261.02  0.0076836     8.8333    51.1909    76.1437    40.7755
  -1815.00   42260.05  0.0075741     8.8474    48.2256    76.7940    40.6978
  -1805.00   42260.70  0.0076194     8.8558    45.7883    76.9955    40.6483
  -1795.00   42259.78  0.0077026     8.8703    43.1231    77.5568    40.6049
  -1785.00   42257.15  0.0076088     8.8834    41.4545    77.3495    40.5105
  -1775.00   42255.81  0.0076046     8.8914    39.7184    77.3755    40.3965
  -1765.00   42256.52  0.0076365     8.9006    36.9082    78.5595    40.3049
  -1755.00   42256.49  0.0076408     8.9145    35.7759    78.1438    40.2000
  -1745.00   42255.37  0.0076664     8.9310    34.5012    77.8925    40.0558
  -1735.00   42256.00  0.0075922     8.9433    31.8734    78.9265    39.9126
  -1725.00   42258.68  0.0076536     8.9582    30.1533    78.8975    39.8046
  -1715.00   42259.42  0.0077504     8.9820    28.1722    78.9668    39.6888
  -1705.00   42259.04  0.0076472     9.0024    25.9315    79.1705    39.5481
  -1695.00   42260.17  0.0076755     9.0188    23.5621    79.3286    39.4428
  -1685.00   42261.84  0.0077923     9.0420    20.3489    80.1866    39.3738
  -1675.00   42261.67  0.0077811     9.0654    18.2363    79.9447    39.2890
  -1665.00   42259.78  0.0077950     9.0838    15.9932    79.8751    39.1976
  -1655.00   42259.48  0.0078180     9.1002    12.3157    81.2978    39.1465
  -1645.00   42259.98  0.0078809     9.1167    10.1301    81.3760    39.1078
  -1635.00   42258.28  0.0079536     9.1346     8.1983    81.3803    39.0386
  -1625.00   42255.97  0.0078459     9.1453     5.3114    82.5021    38.9625
  -1615.00   42255.91  0.0078636     9.1523     3.1920    82.9630    38.9096
  -1605.00   42256.71  0.0079676     9.1660     0.9566    83.5987    38.8446
  -1595.00   42256.11  0.0078449     9.1770   359.0895    83.9140    38.7339
  -1585.00   42255.41  0.0077874     9.1823   357.2143    84.1771    38.6226
  -1575.00   42257.16  0.0078200     9.1929   354.1779    85.4540    38.5306
  -1565.00   42259.56  0.0077827     9.2074   352.4207    85.3324    38.4109
  -1555.00   42259.66  0.0077563     9.2212   350.6343    85.0957    38.2632
  -1545.00   42259.57  0.0076661     9.2341   347.1996    86.3400    38.1378
  -1535.00   42261.33  0.0076733     9.2508   344.8852    86.3573    38.0327
  -1525.00   42262.25  0.0077559     9.2739   342.7298    86.1780    37.9113
  -1515.00   42260.87  0.0076285     9.2932   339.9948    86.6201    37.7834
  -1505.00   42259.10  0.0076016     9.3095   337.6603    86.7290    37.6980
  -1495.00   42259.03  0.0077133     9.3333   334.9712    87.3008    37.6332
  -1485.00   42258.94  0.0076703     9.3553   333.2877    87.0604    37.5469
  -1475.00   42256.48  0.0076371     9.3698   331.7398    86.8292    37.4712
  -1465.00   42255.14  0.0076576     9.3861   328.8246    88.0410    37.4346
  -1455.00   42256.19  0.0076814     9.4019   327.3365    87.9223    37.3896
  -1445.00   42256.79  0.0077281     9.4148   326.2118    87.4653    37.3117
  -1435.00   42256.13  0.0076402     9.4235   323.4652    88.5500    37.2468
  -1425.00   42256.45  0.0076304     9.4301   321.4519    88.7999    37.1904
  -1415.00   42258.94  0.0077486     9.4421   319.4898    88.8644    37.1028
  -1405.00   42260.39  0.0076453     9.4512   317.1362    89.1784    36.9844
  -1395.00   42259.76  0.0075913     9.4562   314.9121    89.2173    36.8744
  -1385.00   42260.12  0.0076702     9.4689   311.6651    90.1571    36.7731
  -1375.00   42261.84  0.0076462     9.4847   309.5676    89.9388    36.6388
  -1365.00   42261.66  0.0076521     9.4975   307.8297    89.3918    36.4943
  -1355.00   42259.59  0.0076349     9.5127   304.4178    90.5680    36.3856
  -1345.00   42258.58  0.0076597     9.5320   302.2923    90.6076    36.2843
  -1335.00   42258.88  0.0077826     9.5532   300.7968    90.1887    36.1649
  -1325.00   42257.87  0.0077220     9.5706   298.3401    90.8662    36.0618
  -1315.00   42255.39  0.0077155     9.5864   296.3526    91.1835    35.9957
  -1305.00   42255.03  0.0078641     9.6076   294.1408    91.7929    35.9315
  -1295.00   42256.58  0.0078314     9.6250   292.3860    91.9800    35.8470
  -1285.00   42256.53  0.0078073     9.6351   290.7495    91.9812    35.7823
  -1275.00   42256.13  0.0078620     9.6490   287.5566    93.3944    35.7431
  -1265.00   42257.78  0.0078638     9.6626   285.3814    93.6812    35.6797
  -1255.00   42260.35  0.0078934     9.6704   283.6721    93.3548    35.5917
  -1245.00   42261.08  0.0078430     9.6779   280.1324    94.6662    35.5265
  -1235.00   42260.23  0.0078110     9.6856   277.2101    95.2698    35.4593
  -1225.00   42261.19  0.0079063     9.6954   274.7681    95.3734    35.3531
  -1215.00   42262.04  0.0078100     9.7033   271.6967    96.1129    35.2385
  -1205.00   42260.48  0.0077274     9.7092   269.2305    96.3312    35.1353
  -1195.00   42258.13  0.0078024     9.7225   266.1472    97.3028    35.0272
  -1185.00   42257.88  0.0077270     9.7373   263.9614    97.5644    34.8909
  -1175.00   42258.10  0.0076792     9.7483   262.7220    97.0427    34.7570
  -1165.00   42256.50  0.0076656     9.7643   259.8953    98.1983    34.6576
  -1155.00   42255.02  0.0076286     9.7846   258.0549    98.4706    34.5537
  -1145.00   42256.10  0.0076871     9.8029   257.0768    97.9182    34.4361
  -1135.00   42257.57  0.0076224     9.8195   254.7553    98.6184    34.3526
  -1125.00   42256.92  0.0075703     9.8367   252.7694    98.8658    34.2970
  -1115.00   42256.95  0.0076916     9.8560   250.5985    99.1629    34.2314
  -1105.00   42259.26  0.0076311     9.8703   248.2346    99.4869    34.1609
  -1095.00   42261.00  0.0075668     9.8790   246.3460    99.1625    34.1135
  -1085.00   42260.59  0.0076301     9.8915   243.0057   100.1504    34.0753
  -1075.00   42260.36  0.0075986     9.9025   240.3442   100.4375    34.0048
  -1065.00   42261.66  0.0075985     9.9065   238.6908    99.7421    33.9191
  -1055.00   42261.96  0.0075766     9.9128   235.5227   100.5972    33.8525
  -1045.00   42259.28  0.0075353     9.9217   232.9653   101.0001    33.7686
  -1035.00   42257.68  0.0076319     9.9293   231.2717   100.7445    33.6452
  -1025.00   42257.64  0.0075882     9.9370   228.8318   101.3704    33.5310
  -1015.00   42257.09  0.0075101     9.9460   227.2295   101.2970    33.4271
  -1005.00   42254.95  0.0076283     9.9605   225.1021   101.8586    33.3074
   -995.00   42254.78  0.0075966     9.9752   223.0846   102.3432    33.1779
   -985.00   42256.80  0.0075656     9.9867   222.1564   101.6998    33.0638
   -975.00   42257.83  0.0076122    10.0038   219.5815   102.5722    32.9764
   -965.00   42257.42  0.0076004    10.0234   217.2537   103.0691    32.8792
   -955.00   42258.65  0.0076820    10.0377   215.7767   102.5686    32.7776
   -945.00   42261.17  0.0076796    10.0520   212.8493   103.3094    32.7145
   -935.00   42261.47  0.0076311    10.0684   210.1465   103.6932    32.6616
   -925.00   42260.19  0.0077736    10.0829   207.5068   103.9706    32.5885
   -915.00   42260.32  0.0077630    10.0930   204.3741   104.7208    32.5252
   -905.00   42261.28  0.0076894    10.1007   202.1918   104.5775    32.4788
   -895.00   42260.18  0.0077673    10.1112   199.0928   105.4765    32.4230
   -885.00   42257.77  0.0077484    10.1194   196.2442   106.3035    32.3425
   -875.00   42257.20  0.0077458    10.1216   194.7788   105.9279    32.2579
   -865.00   42257.94  0.0077410    10.1275   192.1345   106.8466    32.1858
   -855.00   42256.35  0.0076755    10.1366   189.6998   107.6751    32.0888
   -845.00   42254.82  0.0077550    10.1420   188.2096   107.6398    31.9630
   -835.00   42255.60  0.0077382    10.1487   185.7567   108.5072    31.8565
   -825.00   42257.63  0.0076055    10.1596   183.7918   108.7964    31.7538
   -815.00   42257.65  0.0076829    10.1731   181.5054   109.2997    31.6273
   -805.00   42257.84  0.0076540    10.1862   178.6778   110.1650    31.5083
   -795.00   42259.99  0.0075650    10.1985   177.0185   109.6950    31.4109
   -785.00   42262.11  0.0075700    10.2162   174.0814   110.3589    31.3241
   -775.00   42261.38  0.0075114    10.2347   170.9771   111.1072    31.2327
   -765.00   42260.16  0.0075440    10.2473   169.2547   110.4737    31.1488
   -755.00   42260.70  0.0075333    10.2613   166.4552   110.9379    31.0996
   -745.00   42260.54  0.0074179    10.2775   163.8168   111.3511    31.0486
   -735.00   42258.16  0.0075109    10.2886   161.8872   111.2381    30.9779
   -725.00   42256.29  0.0075252    10.2958   159.4497   111.7704    30.9278
   -715.00   42256.71  0.0074137    10.3035   157.9875   111.4703    30.8846
   -705.00   42257.08  0.0074663    10.3116   155.9149   111.9092    30.8143
   -695.00   42255.58  0.0074647    10.3165   153.5603   112.6750    30.7323
   -685.00   42255.21  0.0074588    10.3182   152.6879   111.9531    30.6513
   -675.00   42257.49  0.0074716    10.3246   150.5442   112.4201    30.5668
   -665.00   42258.49  0.0074066    10.3333   147.9055   113.2575    30.4585
   -655.00   42258.08  0.0074904    10.3382   146.3682   112.8657    30.3343
   -645.00   42258.69  0.0075296    10.3461   143.8436   113.2744    30.2338
   -635.00   42261.05  0.0074030    10.3599   141.2467   113.6170    30.1306
   -625.00   42261.84  0.0074791    10.3732   138.6811   113.8763    30.0054
   -615.00   42260.45  0.0075215    10.3853   135.6010   114.6002    29.9040
   -605.00   42259.96  0.0074506    10.3995   133.8172   114.0665    29.8264
   -595.00   42260.80  0.0074807    10.4164   131.1653   114.5266    29.7413
   -585.00   42259.58  0.0074647    10.4313   128.0941   115.5351    29.6599
   -575.00   42256.86  0.0075176    10.4416   126.8883   114.8388    29.5959
   -565.00   42255.96  0.0075623    10.4537   124.8478   115.1163    29.5486
   -555.00   42256.64  0.0074719    10.4666   122.3689   115.9354    29.4909
   -545.00   42256.19  0.0075717    10.4731   120.7679   115.9498    29.4192
   -535.00   42254.96  0.0076481    10.4777   118.6109   116.4843    29.3698
   -525.00   42256.09  0.0075470    10.4850   116.8349   116.5641    29.3171
   -515.00   42258.72  0.0076004    10.4906   114.4172   117.1958    29.2306
   -505.00   42259.21  0.0076338    10.4932   111.2877   118.3625    29.1476
   -495.00   42258.91  0.0076087    10.4959   109.6134   117.9152    29.0713
   -485.00   42260.50  0.0076186    10.5026   106.8361   118.4591    28.9758
   -475.00   42262.01  0.0075464    10.5100   103.0820   119.8811    28.8662
   -465.00   42261.36  0.0075861    10.5145   100.8440   119.7756    28.7539
   -455.00   42259.48  0.0076128    10.5234    98.2115   120.0992    28.6579
   -445.00   42259.48  0.0074576    10.5374    95.2272   120.8756    28.5545
   -435.00   42259.86  0.0074810    10.5490    92.7581   121.3140    28.4335
   -425.00   42257.75  0.0075210    10.5603    90.1654   122.0006    28.3452
   -415.00   42255.81  0.0073888    10.5760    88.7769   121.6169    28.2758
   -405.00   42256.24  0.0073755    10.5918    86.8850   121.8847    28.1889
   -395.00   42256.94  0.0073581    10.6039    84.1305   123.0402    28.1173
   -385.00   42256.01  0.0073391    10.6143    83.3557   122.1867    28.0730
   -375.00   42255.58  0.0073516    10.6259    81.8851   121.9767    28.0272
   -365.00   42257.62  0.0072492    10.6358    79.1943   122.8582    27.9708
   -355.00   42259.60  0.0073092    10.6396    77.4910   122.5995    27.9130
   -345.00   42259.29  0.0073849    10.6431    75.3016   122.6538    27.8686
   -335.00   42259.53  0.0072599    10.6493    73.0400   122.6463    27.8090
   -325.00   42261.58  0.0073001    10.6522    70.4155   122.9458    27.7160
   -315.00   42262.24  0.0073680    10.6532    67.0106   123.9707    27.6330
   -305.00   42260.63  0.0073127    10.6580    65.2508   123.3841    27.5538
   -295.00   42259.31  0.0073178    10.6655    62.9782   123.4559    27.4441
   -285.00   42259.50  0.0072796    10.6724    59.5183   124.8457    27.3314
   -275.00   42258.95  0.0073140    10.6790    57.9410   124.5075    27.2319
   -265.00   42256.24  0.0073554    10.6905    56.3751   124.3190    27.1372
   -255.00   42255.19  0.0072282    10.7045    54.0982   124.9533    27.0379
   -245.00   42256.46  0.0072767    10.7148    52.4097   125.0813    26.9346
   -235.00   42256.58  0.0073771    10.7257    50.4690   125.4288    26.8644
   -225.00   42255.96  0.0072705    10.7407    49.1113   125.1113    26.8039
   -215.00   42256.83  0.0072864    10.7530    47.3264   125.1460    26.7215
   -205.00   42259.47  0.0073513    10.7608    44.1951   126.3415    26.6612
   -195.00   42260.57  0.0073468    10.7700    42.6290   125.7741    26.6253
   -185.00   42259.83  0.0073844    10.7795    40.6213   125.5392    26.5700
   -175.00   42260.58  0.0073280    10.7851    37.0506   126.7624    26.5060
   -165.00   42262.08  0.0073965    10.7873    34.6812   126.7265    26.4545
   -155.00   42261.34  0.0075075    10.7911    32.1033   126.9355    26.4021
   -145.00   42259.18  0.0073878    10.7962    29.3382   127.4349    26.3299
   -135.00   42258.65  0.0074199    10.7973    26.8121   127.8642    26.2373
   -125.00   42258.96  0.0075263    10.7982    23.6666   129.0615    26.1567
   -115.00   42257.68  0.0074500    10.8043    21.8892   129.0388    26.0747
   -105.00   42255.41  0.0074218    10.8109    20.0748   129.2248    25.9602
    -95.00   42255.60  0.0073920    10.8159    16.8719   130.8609    25.8514
    -85.00   42257.00  0.0073789    10.8237    15.3680   130.7821    25.7640
    -75.00   42256.50  0.0073875    10.8361    13.8947   130.6360    25.6672
    -65.00   42256.11  0.0072302    10.8484    11.1944   131.5972    25.5690
    -55.00   42258.12  0.0072246    10.8578     9.2338   131.6633    25.4846
    -45.00   42260.37  0.0073115    10.8699     6.9778   131.8410    25.4238
    -35.00   42260.77  0.0071730    10.8845     4.7573   131.8124    25.3674
    -25.00   42260.21  0.0071339    10.8944     2.5560   131.6867    25.2964
    -15.00   42261.55  0.0072013    10.9008   359.2058   132.6374    25.2516
     -5.00   42262.25  0.0071555    10.9100   357.2263   132.2034    25.2236
      5.00   42260.23  0.0071607    10.9177   355.4608   131.6840    25.1660
     15.00   42258.22  0.0071030    10.9196   352.1182   132.8816    25.1046
     25.00   42258.03  0.0071136    10.9213   350.3939   132.5944    25.0616
     35.00   42257.91  0.0072208    10.9253   348.8046   132.3588    25.0001
     45.00   42255.87  0.0070948    10.9285   346.5678   132.9146    24.9141
     55.00   42254.92  0.0070890    10.9287   344.9609   132.9249    24.8266
     65.00   42256.31  0.0072052    10.9310   342.7043   133.6058    24.7447
     75.00   42257.57  0.0071281    10.9388   341.1739   133.5065    24.6534
     85.00   42256.81  0.0070939    10.9454   339.6817   133.2910    24.5403
     95.00   42257.32  0.0070977    10.9505   336.4977   134.6135    24.4421
    105.00   42259.69  0.0070791    10.9609   334.7264   134.3288    24.3663
    115.00   42260.94  0.0071258    10.9740   333.1441   133.7247    24.2735
    125.00   42260.14  0.0070247    10.9841   329.9106   134.6503    24.1840
    135.00   42260.30  0.0070311    10.9932   327.6915   134.4792    24.1246
    145.00   42261.61  0.0071736    11.0053   325.4394   134.3585    24.0709
    155.00   42261.52  0.0071034    11.0173   323.0399   134.4541    24.0116
    165.00   42258.91  0.0070953    11.0234   320.9915   134.3350    23.9537
    175.00   42257.70  0.0072063    11.0282   318.0263   135.2886    23.9141
    185.00   42257.88  0.0071940    11.0360   316.1748   135.2684    23.8772
    195.00   42256.83  0.0072242    11.0407   314.9017   134.8344    23.8115
    205.00   42254.75  0.0072112    11.0399   311.8068   136.3130    23.7486
    215.00   42254.79  0.0072024    11.0418   310.0071   136.4920    23.7038
    225.00   42256.84  0.0073167    11.0460   308.5808   136.2929    23.6307
    235.00   42257.37  0.0072236    11.0471   305.8844   137.2771    23.5363
    245.00   42257.29  0.0071908    11.0473   303.7149   137.5698    23.4593
    255.00   42258.89  0.0073027    11.0513   300.9341   138.3304    23.3791
    265.00   42261.43  0.0072264    11.0590   298.4248   138.6702    23.2800
    275.00   42261.34  0.0071730    11.0645   296.2040   138.5982    23.1781
    285.00   42260.14  0.0071819    11.0698   292.3979   140.0480    23.0922
    295.00   42260.44  0.0071243    11.0816   289.8426   140.2334    23.0187
    305.00   42261.14  0.0071370    11.0942   288.2374   139.5567    22.9282
    315.00   42259.53  0.0070467    11.1025   285.0208   140.6109    22.8473
    325.00   42257.40  0.0069905    11.1124   282.9239   140.6659    22.8030
    335.00   42257.21  0.0070882    11.1252   281.3352   140.3933    22.7517
    345.00   42257.87  0.0070014    11.1348   279.4176   140.5876    22.6897
    355.00   42256.17  0.0069458    11.1394   277.9707   140.3741    22.6513
    365.00   42254.91  0.0070323    11.1442   275.5910   141.1359    22.6204
    375.00   42256.12  0.0069919    11.1508   273.8368   141.2401    22.5760
    385.00   42257.69  0.0069740    11.1524   272.8559   140.4831    22.5164
    395.00   42257.46  0.0069692    11.1501   269.7914   141.6790    22.4599
    405.00   42257.71  0.0069256    11.1524   267.4628   141.9606    22.4113
    415.00   42260.16  0.0070000    11.1561   266.0031   141.2525    22.3290
    425.00   42261.90  0.0069271    11.1558   263.0713   141.9075    22.2302
    435.00   42261.16  0.0068664    11.1576   260.6713   141.9233    22.1589
    445.00   42260.29  0.0069820    11.1647   258.0457   142.1900    22.0761
    455.00   42261.15  0.0069290    11.1729   255.6340   142.3305    21.9683
    465.00   42260.59  0.0068815    11.1790   254.0443   141.7367    21.8814
    475.00   42258.01  0.0069367    11.1867   251.0343   142.7196    21.8109
    485.00   42256.33  0.0069165    11.1996   248.9240   142.9671    21.7382
    495.00   42256.81  0.0069493    11.2103   248.1665   142.0040    21.6590
    505.00   42256.79  0.0069251    11.2165   245.7521   142.7875    21.5948
    515.00   42255.29  0.0068966    11.2260   243.8842   143.0291    21.5602
    525.00   42255.38  0.0070270    11.2367   242.5615   142.7245    21.5078
    535.00   42257.86  0.0069947    11.2417   240.5057   143.0769    21.4431
    545.00   42258.68  0.0069554    11.2445   238.7519   142.9433    21.4130
    555.00   42258.27  0.0070813    11.2493   235.9469   143.7191    21.3787
    565.00   42259.28  0.0070849    11.2537   233.2774   144.2269    21.3163
    575.00   42261.41  0.0070712    11.2534   231.5362   143.6545    21.2599
    585.00   42261.79  0.0070971    11.2518   228.0179   144.7908    21.2070
    595.00   42260.21  0.0070787    11.2552   224.8276   145.5898    21.1476
    605.00   42260.04  0.0071446    11.2580   222.9626   145.1433    21.0631
    615.00   42260.83  0.0070967    11.2569   219.9668   145.9626    20.9690
    625.00   42259.39  0.0070140    11.2601   217.4620   146.4039    20.9023
    635.00   42256.83  0.0071242    11.2684   215.2267   146.7642    20.8176
    645.00   42256.39  0.0070853    11.2748   212.9200   147.3765    20.7067
    655.00   42257.01  0.0069946    11.2806   211.5944   147.0604    20.6314
    665.00   42256.25  0.0070390    11.2904   209.0682   147.9866    20.5696
    675.00   42255.09  0.0070144    11.3032   206.7774   148.6801    20.4907
    685.00   42256.45  0.0070011    11.3122   205.8195   147.9393    20.4228
    695.00   42258.89  0.0069603    11.3184   203.2364   148.6801    20.3765
    705.00   42259.05  0.0068912    11.3289   200.6825   149.2109    20.3456
    715.00   42258.96  0.0069748    11.3381   198.9364   148.7893    20.2983
    725.00   42260.89  0.0069323    11.3402   196.2731   149.1664    20.2445
    735.00   42262.25  0.0068241    11.3427   194.0203   148.9995    20.2246
    745.00   42261.29  0.0069096    11.3477   191.2794   149.3216    20.1899
    755.00   42259.66  0.0069112    11.3494   188.5105   149.7664    20.1186
    765.00   42259.77  0.0068553    11.3478   187.0608   148.9682    20.0671
    775.00   42259.88  0.0068615    11.3477   184.3378   149.6038    20.0157
    785.00   42257.38  0.0068442    11.3522   181.7445   150.2968    19.9384
    795.00   42255.71  0.0068942    11.3544   180.7864   149.5020    19.8534
    805.00   42256.42  0.0068720    11.3541   178.7094   149.9555    19.7663
    815.00   42256.85  0.0067824    11.3607   176.7239   150.3417    19.6975
    825.00   42255.86  0.0068914    11.3701   175.3238   150.1398    19.6135
    835.00   42255.79  0.0069079    11.3756   173.2927   150.5314    19.5106
    845.00   42258.11  0.0068212    11.3821   171.9213   150.0838    19.4511
    855.00   42259.69  0.0068912    11.3939   169.4900   150.5291    19.3994
    865.00   42259.17  0.0069165    11.4050   166.7308   151.1758    19.3205
    875.00   42259.65  0.0069342    11.4112   165.3261   150.2972    19.2672
    885.00   42261.72  0.0069436    11.4174   162.3955   150.8390    19.2364
    895.00   42261.96  0.0068983    11.4273   159.2588   151.5643    19.1980
    905.00   42260.20  0.0070018    11.4332   157.3767   151.0801    19.1496
    915.00   42259.24  0.0070272    11.4329   154.7237   151.4863    19.1027
    925.00   42259.60  0.0069331    11.4356   152.4443   151.6363    19.0774
    935.00   42258.68  0.0070286    11.4404   150.1988   151.9288    19.0312
    945.00   42255.97  0.0070848    11.4397   147.7564   152.6125    18.9529
    955.00   42255.26  0.0070521    11.4376   146.5911   152.0997    18.9018
    965.00   42256.55  0.0070857    11.4398   144.2474   152.8307    18.8489
    975.00   42256.30  0.0070881    11.4441   141.5294   153.9679    18.7583
    985.00   42255.64  0.0071400    11.4452   140.3465   153.4811    18.6770
    995.00   42256.98  0.0071477    11.4460   137.9384   154.1093    18.6034
   1005.00   42259.55  0.0070501    11.4545   135.0271   155.0819    18.5286
   1015.00   42260.36  0.0071159    11.4633   132.8985   155.0985    18.4473
   1025.00   42259.66  0.0071436    11.4675   130.0741   155.6960    18.3578
   1035.00   42260.83  0.0070217    11.4755   127.7107   155.6972    18.3066
   1045.00   42262.03  0.0070498    11.4886   124.8741   156.1224    18.2575
   1055.00   42260.85  0.0070509    11.4980   121.5685   157.0886    18.1810
   1065.00   42258.68  0.0070140    11.5032   120.0881   156.2908    18.1403
   1075.00   42258.51  0.0070072    11.5112   117.5533   156.6722    18.1215
   1085.00   42258.72  0.0069258    11.5207   114.5843   157.6785    18.0765
   1095.00   42257.02  0.0069667    11.5240   113.3656   157.0755    18.0319
   1105.00   42255.19  0.0069843    11.5231   111.5703   157.1691    18.0012
   1115.00   42255.87  0.0068614    11.5264   109.7463   157.3602    17.9706
   1125.00   42257.05  0.0069123    11.5298   108.1707   157.3139    17.9160
   1135.00   42256.22  0.0069682    11.5269   106.0790   157.7495    17.8415
   1145.00   42256.05  0.0069056    11.5251   105.0542   156.9801    17.7908
   1155.00   42258.29  0.0069378    11.5296   102.8735   157.2205    17.7310
   1165.00   42260.19  0.0069471    11.5337    99.6888   158.3426    17.6308
   1175.00   42260.09  0.0069785    11.5350    98.2092   157.5818    17.5524
   1185.00   42260.08  0.0070044    11.5395    95.7123   157.7321    17.4915
   1195.00   42261.68  0.0069230    11.5504    92.4023   158.6785    17.4098
   1205.00   42262.20  0.0069755    11.5592    90.2079   158.5132    17.3323
   1215.00   42259.87  0.0070358    11.5638    87.6947   158.7615    17.2667
   1225.00   42258.29  0.0069328    11.5737    85.7036   158.6175    17.2218
   1235.00   42258.15  0.0069743    11.5859    83.7161   158.6174    17.1740
   1245.00   42257.60  0.0070292    11.5922    80.9548   159.5748    17.1063
   1255.00   42255.28  0.0070093    11.5957    80.1222   158.6964    17.0744
   1265.00   42254.80  0.0070537    11.6036    78.4744   158.6906    17.0549
   1275.00   42256.46  0.0070303    11.6107    75.7061   159.8611    16.9972
   1285.00   42257.32  0.0070968    11.6108    74.4778   159.4151    16.9490
   1295.00   42256.76  0.0071649    11.6105    72.6231   159.4662    16.9245
   1305.00   42257.81  0.0070800    11.6146    70.2350   159.9331    16.8791
   1315.00   42260.31  0.0071453    11.6166    67.9906   160.0964    16.8130
   1325.00   42260.94  0.0072460    11.6133    65.0193   160.8360    16.7484
   1335.00   42259.98  0.0071876    11.6135    62.9843   160.5250    16.6974
   1345.00   42260.37  0.0072238    11.6192    60.2981   160.8239    16.6307
   1355.00   42261.61  0.0072654    11.6221    56.3756   162.4134    16.5314
   1365.00   42260.90  0.0072836    11.6231    54.3145   162.1957    16.4585
   1375.00   42258.59  0.0073048    11.6305    51.9218   162.4312    16.4037
   1385.00   42257.91  0.0072196    11.6416    48.6560   163.7450    16.3147
   1395.00   42258.36  0.0072402    11.6488    46.6242   163.9582    16.2360
   1405.00   42256.77  0.0072880    11.6549    44.5498   164.3153    16.1893
   1415.00   42254.95  0.0071446    11.6667    42.7381   164.5048    16.1429
   1425.00   42255.28  0.0071223    11.6780    41.1278   164.4997    16.0920
   1435.00   42257.12  0.0071776    11.6826    38.4870   165.4807    16.0413
   1445.00   42257.10  0.0071024    11.6869    37.3361   164.8453    16.0193
   1455.00   42257.26  0.0070947    11.6950    35.7344   164.5010    16.0008
   1465.00   42259.32  0.0070648    11.6994    32.4942   165.6797    15.9436
   1475.00   42261.66  0.0070919    11.6972    30.7065   165.2327    15.9015
   1485.00   42261.32  0.0071421    11.6983    28.5732   164.9857    15.8826
   1495.00   42260.43  0.0070343    11.7025    25.6894   165.4846    15.8253
   1505.00   42261.16  0.0070622    11.7024    23.3373   165.4730    15.7492
   1515.00   42261.32  0.0071727    11.7004    20.5526   165.9464    15.6937
   1525.00   42259.24  0.0070937    11.7039    18.6565   165.6755    15.6360
   1535.00   42257.33  0.0070883    11.7108    16.7644   165.5748    15.5564
   1545.00   42257.46  0.0071473    11.7137    13.6691   166.8533    15.4638
   1555.00   42257.72  0.0071565    11.7168    12.3448   166.4707    15.3988
   1565.00   42255.97  0.0071702    11.7274    10.9884   166.1886    15.3455
   1575.00   42255.19  0.0070989    11.7380     8.3202   167.2892    15.2579
   1585.00   42256.98  0.0071255    11.7432     6.7575   167.2242    15.1875
   1595.00   42257.96  0.0072080    11.7510     5.0707   167.1353    15.1580
   1605.00   42257.60  0.0070963    11.7630     3.0458   167.2745    15.1104
   1615.00   42258.15  0.0070804    11.7711     1.1348   167.1387    15.0533
   1625.00   42260.61  0.0071984    11.7739   358.2298   167.8163    15.0195
   1635.00   42261.81  0.0071779    11.7788   356.3632   167.3336    14.9970
   1645.00   42260.89  0.0071882    11.7862   354.3853   166.8948    14.9647
   1655.00   42260.47  0.0072180    11.7877   350.7263   168.1720    14.9074
   1665.00   42261.45  0.0072805    11.7851   348.5903   167.9889    14.8652
   1675.00   42260.49  0.0073752    11.7881   346.5993   167.7547    14.8390
   1685.00   42257.84  0.0073064    11.7922   343.6459   168.6925    14.7695
   1695.00   42256.63  0.0073332    11.7903   341.4681   169.0305    14.6881
   1705.00   42257.02  0.0074727    11.7902   339.1626   169.5920    14.6392
   1715.00   42256.55  0.0074128    11.7961   337.2951   169.8332    14.5746
   1725.00   42255.06  0.0073789    11.8022   335.4666   170.0878    14.4840
   1735.00   42255.66  0.0074461    11.8045   332.4218   171.5150    14.4050
   1745.00   42258.07  0.0074402    11.8097   330.6804   171.5364    14.3457
   1755.00   42258.61  0.0074259    11.8216   328.9533   171.3904    14.2867
   1765.00   42258.31  0.0073561    11.8307   325.4871   172.8503    14.2048
   1775.00   42259.80  0.0073416    11.8352   323.0691   173.0923    14.1452
   1785.00   42261.62  0.0074024    11.8452   320.8678   172.9406    14.1224
   1795.00   42261.52  0.0072835    11.8576   317.9923   173.4254    14.0733
   1805.00   42259.96  0.0072171    11.8631   315.4672   173.5634    14.0168
   1815.00   42260.08  0.0073085    11.8665   312.6102   174.0524    13.9998
   1825.00   42260.66  0.0072609    11.8729   310.7213   173.7119    13.9775
   1835.00   42258.82  0.0072125    11.8791   309.1261   173.2416    13.9323
   1845.00   42256.61  0.0072389    11.8785   306.0470   174.4178    13.8865
   1855.00   42256.57  0.0072512    11.8763   304.4643   174.2509    13.8472
   1865.00   42257.04  0.0073007    11.8807   303.4363   173.6105    13.8080
   1875.00   42255.92  0.0072404    11.8836   300.8446   174.6083    13.7321
   1885.00   42255.05  0.0072253    11.8807   298.9513   174.9010    13.6507
   1895.00   42256.67  0.0073382    11.8833   297.1233   175.0001    13.6019
   1905.00   42258.71  0.0072699    11.8920   295.1020   175.1859    13.5280
   1915.00   42258.59  0.0072111    11.8975   293.0844   175.2284    13.4311
   1925.00   42258.84  0.0072854    11.9012   289.8952   176.2483    13.3681
   1935.00   42261.01  0.0072695    11.9101   287.7854   176.0628    13.3155
   1945.00   42262.13  0.0072529    11.9230   286.0645   175.4083    13.2502
   1955.00   42260.93  0.0072383    11.9306   282.5412   176.5441    13.1830
   1965.00   42259.65  0.0072399    11.9351   280.1076   176.6438    13.1383
   1975.00   42259.89  0.0073256    11.9459   278.4346   176.0652    13.1142
   1985.00   42259.53  0.0072721    11.9564   275.9585   176.4701    13.0609
   1995.00   42256.85  0.0072427    11.9584   273.9088   176.6199    13.0053
   2005.00   42255.44  0.0073721    11.9617   271.7128   177.0154    12.9900
   2015.00   42256.33  0.0073616    11.9688   270.1517   176.9115    12.9559
   2025.00   42256.43  0.0073343    11.9725   268.9021   176.5622    12.8913
   2035.00   42255.51  0.0074152    11.9713   266.0669   177.7493    12.8503
   2045.00   42255.92  0.0074469    11.9710   264.1354   177.9747    12.8101
   2055.00   42258.41  0.0074939    11.9765   262.8311   177.4483    12.7515
   2065.00   42259.61  0.0074929    11.9784   259.6564   178.6357    12.6775
   2075.00   42259.04  0.0074905    11.9756   256.8886   179.2727    12.6040
   2085.00   42259.81  0.0076065    11.9806   254.3749   179.4937    12.5527
   2095.00   42261.69  0.0075599    11.9898   251.3635   180.1487    12.4738
   2105.00   42261.52  0.0074937    11.9937   248.7320   180.4236    12.3773
   2115.00   42259.65  0.0075787    11.9987   245.2813   181.5204    12.3241
   2125.00   42259.18  0.0075467    12.0103   242.7023   181.8677    12.2714
   2135.00   42259.61  0.0074902    12.0226   241.0579   181.4469    12.1944
   2145.00   42258.39  0.0074845    12.0295   237.9710   182.6006    12.1386
   2155.00   42255.87  0.0074576    12.0359   235.7212   183.0625    12.1061
   2165.00   42255.60  0.0074935    12.0478   234.4787   182.6220    12.0743
   2175.00   42256.72  0.0074352    12.0563   232.2126   183.2690    12.0234
   2185.00   42256.09  0.0073644    12.0568   230.3156   183.5367    11.9799
   2195.00   42255.40  0.0074616    12.0606   228.2892   183.8245    11.9674
   2205.00   42257.16  0.0074211    12.0675   226.2451   184.0397    11.9270
   2215.00   42259.52  0.0073351    12.0681   224.6424   183.6824    11.8562
   2225.00   42260.11  0.0073945    12.0666   221.6449   184.5109    11.8196
   2235.00   42259.72  0.0073931    12.0687   219.0672   184.8062    11.7774
   2245.00   42261.32  0.0073799    12.0742   217.4110   184.1219    11.6975
   2255.00   42262.33  0.0073808    12.0759   214.2011   184.9368    11.6251
   2265.00   42260.76  0.0073450    12.0759   211.4565   185.3383    11.5598
   2275.00   42258.82  0.0074329    12.0844   209.4343   185.1204    11.4971
   2285.00   42258.71  0.0074093    12.0941   206.7702   185.6967    11.4167
   2295.00   42258.64  0.0073197    12.0980   204.9303   185.6276    11.3289
   2305.00   42256.52  0.0074136    12.1052   202.6076   186.1477    11.2835
   2315.00   42255.20  0.0074087    12.1185   200.5722   186.5090    11.2311
   2325.00   42256.23  0.0073578    12.1284   199.6149   185.8855    11.1502
   2335.00   42257.30  0.0073887    12.1337   197.2631   186.6048    11.1054
   2345.00   42256.30  0.0073902    12.1415   195.1527   187.0081    11.0803
   2355.00   42256.57  0.0074513    12.1522   193.9330   186.4258    11.0335
   2365.00   42258.90  0.0074601    12.1575   191.3832   187.0113    10.9821
   2375.00   42260.37  0.0074041    12.1574   189.0038   187.2557    10.9456
   2385.00   42259.88  0.0075267    12.1622   186.6010   187.3654    10.9223
   2395.00   42260.25  0.0075499    12.1683   183.7400   187.8628    10.8701
   2405.00   42261.90  0.0074805    12.1669   181.5917   187.6375    10.7962
   2415.00   42262.21  0.0075548    12.1662   178.5101   188.3325    10.7572
   2425.00   42259.75  0.0075892    12.1713   175.6031   188.9686    10.7082
   2435.00   42258.61  0.0076001    12.1757   173.9356   188.5583    10.6143
   2445.00   42258.67  0.0076388    12.1769   171.1473   189.3919    10.5426
   2455.00   42257.60  0.0076035    12.1798   168.5857   190.1489    10.4849
   2465.00   42255.27  0.0076928    12.1897   166.9516   190.1240    10.4081
   2475.00   42255.01  0.0077229    12.1982   164.4704   191.0040    10.3273
   2485.00   42256.75  0.0076181    12.2019   162.5450   191.3401    10.2511
   2495.00   42257.11  0.0076887    12.2114   160.2811   191.9223    10.2048
   2505.00   42256.81  0.0077026    12.2250   157.6580   192.7514    10.1504
   2515.00   42258.27  0.0076291    12.2326   156.0219   192.4778    10.0725
   2525.00   42260.93  0.0076332    12.2378   153.1613   193.2151    10.0370
   2535.00   42260.98  0.0076003    12.2479   150.0814   194.0080    10.0161
   2545.00   42260.08  0.0076139    12.2573   148.1819   193.5597     9.9612
   2555.00   42260.72  0.0076139    12.2601   145.2454   194.0871     9.9149
   2565.00   42261.70  0.0074961    12.2613   142.3502   194.5817     9.8895
   2575.00   42260.38  0.0075475    12.2671   140.0630   194.5695     9.8547
   2585.00   42258.32  0.0075719    12.2713   137.4633   195.0259     9.7949
   2595.00   42258.07  0.0074572    12.2686   135.7610   194.7664     9.7254
   2605.00   42258.59  0.0074804    12.2694   133.5357   195.1563     9.6809
   2615.00   42256.58  0.0075055    12.2763   131.2184   195.7747     9.6191
   2625.00   42255.02  0.0074882    12.2795   130.3350   195.0860     9.5173
   2635.00   42255.86  0.0075168    12.2808   128.4089   195.4137     9.4458
   2645.00   42257.20  0.0074710    12.2882   125.9619   196.1923     9.3903
   2655.00   42256.82  0.0075325    12.2993   124.5790   195.8373     9.3028
   2665.00   42257.07  0.0075944    12.3069   122.2827   196.2271     9.2242
   2675.00   42259.55  0.0074846    12.3123   119.9590   196.4715     9.1668
   2685.00   42261.48  0.0075371    12.3239   117.4386   196.7562     9.1180
   2695.00   42261.03  0.0075944    12.3363   114.4319   197.4093     9.0624
   2705.00   42260.45  0.0075276    12.3413   112.5939   196.8696     8.9957
   2715.00   42261.58  0.0075440    12.3464   109.8354   197.2363     8.9635
   2725.00   42261.18  0.0075453    12.3568   106.6049   198.1409     8.9354
   2735.00   42258.74  0.0075726    12.3636   105.0633   197.5390     8.8692
   2745.00   42257.04  0.0076180    12.3640   102.9303   197.6700     8.8202
   2755.00   42257.37  0.0075389    12.3669   100.4207   198.3137     8.7924
   2765.00   42257.14  0.0076079    12.3733    98.6863   198.3438     8.7365
   2775.00   42255.39  0.0076982    12.3757    96.7080   198.7019     8.6666
   2785.00   42255.17  0.0076137    12.3734    95.2730   198.5387     8.6042
   2795.00   42257.30  0.0076586    12.3765    93.1810   198.9819     8.5501
   2805.00   42257.93  0.0077377    12.3836    90.4955   199.9141     8.4783
   2815.00   42257.45  0.0077314    12.3854    89.1215   199.4271     8.3800
   2825.00   42258.42  0.0077687    12.3870    86.7674   199.7311     8.3118
   2835.00   42260.73  0.0077571    12.3967    83.2671   201.0076     8.2538
   2845.00   42261.32  0.0078112    12.4072    80.9153   201.0632     8.1590
   2855.00   42260.15  0.0078819    12.4132    78.1432   201.4572     8.0818
   2865.00   42260.27  0.0077666    12.4211    75.0412   202.1667     8.0359
   2875.00   42261.23  0.0077934    12.4343    72.1196   202.7931     7.9784
   2885.00   42259.98  0.0078640    12.4455    69.0403   203.6903     7.9180
   2895.00   42257.42  0.0077445    12.4501    67.2459   203.4625     7.8672
   2905.00   42256.82  0.0077135    12.4565    64.9962   203.8437     7.8362
   2915.00   42257.15  0.0077129    12.4667    62.0455   205.0440     7.8015
   2925.00   42256.12  0.0076781    12.4708    60.8868   204.5745     7.7366
   2935.00   42254.69  0.0076675    12.4696    59.4135   204.4326     7.6917
   2945.00   42255.74  0.0075669    12.4736    56.9660   205.2058     7.6610
   2955.00   42257.94  0.0075926    12.4790    55.2717   205.1721     7.5901
   2965.00   42258.09  0.0076636    12.4789    53.3497   205.2193     7.5134
   2975.00   42258.10  0.0075335    12.4783    51.4494   205.0683     7.4572
   2985.00   42260.15  0.0075428    12.4839    49.0500   205.2844     7.3896
   2995.00   42261.79  0.0076373    12.4911    45.9197   206.1058     7.3054
   3005.00   42261.20  0.0075887    12.4933    44.1150   205.5476     7.2159
   3015.00   42259.89  0.0075825    12.4978    41.7982   205.4946     7.1502
   3025.00   42260.25  0.0075876    12.5098    38.2997   206.6770     7.0869
   3035.00   42260.45  0.0076254    12.5197    36.2764   206.5464     6.9925
   3045.00   42258.09  0.0076790    12.5247    34.3716   206.4292     6.9224
   3055.00   42256.30  0.0075692    12.5347    31.8746   207.0334     6.8829
   3065.00   42256.70  0.0075931    12.5474    29.8877   207.3066     6.8174
   3075.00   42256.93  0.0077065    12.5552    27.8038   207.7557     6.7497
   3085.00   42255.67  0.0075892    12.5594    26.4592   207.4710     6.7103
   3095.00   42255.31  0.0075624    12.5661    24.7804   207.5086     6.6716
   3105.00   42257.31  0.0076283    12.5746    22.0227   208.5290     6.6193
   3115.00   42258.86  0.0076131    12.5763    20.6882   207.9960     6.5559
   3125.00   42258.47  0.0076240    12.5752    18.9963   207.6549     6.5092
   3135.00   42259.04  0.0075756    12.5804    15.9209   208.5275     6.4666
   3145.00   42261.34  0.0076328    12.5847    13.6770   208.4853     6.3845
   3155.00   42261.96  0.0077578    12.5832    11.3044   208.4913     6.3049
   3165.00   42260.60  0.0076652    12.5850     8.6782   208.7182     6.2508
   3175.00   42259.81  0.0076881    12.5921     6.0431   209.0572     6.1720
   3185.00   42260.27  0.0078390    12.5980     2.9247   210.0011     6.0766
   3195.00   42259.47  0.0078058    12.6007     0.9962   209.8907     5.9968
   3205.00   42256.73  0.0077922    12.6075   358.9426   210.0711     5.9295
   3215.00   42255.74  0.0078185    12.6197   355.7548   211.5230     5.8555
   3225.00   42256.71  0.0078390    12.6279   354.0029   211.6576     5.7643
   3235.00   42256.31  0.0078761    12.6331   352.3819   211.6776     5.7004
   3245.00   42255.43  0.0077646    12.6445   349.6822   212.7200     5.6598
   3255.00   42256.40  0.0077461    12.6562   347.5387   213.1647     5.5900
   3265.00   42258.87  0.0078465    12.6612   345.3275   213.5319     5.5233
   3275.00   42259.78  0.0077066    12.6663   343.0825   213.7259     5.4937
   3285.00   42259.25  0.0076269    12.6737   340.7349   213.8964     5.4518
   3295.00   42260.57  0.0076872    12.6795   337.4690   214.8676     5.3876
   3305.00   42262.13  0.0076166    12.6798   335.4175   214.5242     5.3341
   3315.00   42261.42  0.0075895    12.6797   333.4309   214.1109     5.2873
   3325.00   42259.55  0.0075360    12.6851   330.0770   215.1253     5.2290
   3335.00   42259.47  0.0075296    12.6876   328.0551   214.9500     5.1428
   3345.00   42259.72  0.0076275    12.6858   326.3351   214.6235     5.0614
   3355.00   42258.12  0.0075285    12.6903   324.0445   215.0007     5.0004
   3365.00   42255.94  0.0075005    12.6985   322.1424   215.1755     4.9102
   3375.00   42256.19  0.0076319    12.7031   319.9638   215.7419     4.8076
   3385.00   42257.14  0.0075674    12.7077   318.4797   215.6213     4.7360
   3395.00   42256.11  0.0075222    12.7174   316.9568   215.5310     4.6670
   3405.00   42255.65  0.0075524    12.7290   314.0331   216.7704     4.5842
   3415.00   42257.68  0.0075288    12.7357   312.3455   216.6398     4.5050
   3425.00   42259.70  0.0075589    12.7415   310.8319   216.1612     4.4491
   3435.00   42259.90  0.0074842    12.7528   307.7938   217.0255     4.4031
   3445.00   42259.93  0.0074561    12.7619   305.3887   217.1577     4.3314
   3455.00   42261.73  0.0075743    12.7640   303.1559   217.0298     4.2666
   3465.00   42262.64  0.0074947    12.7693   300.6259   217.1320     4.2335
   3475.00   42260.61  0.0074429    12.7767   298.3379   217.0754     4.1788
   3485.00   42259.03  0.0075516    12.7794   295.3540   217.8487     4.1007
   3495.00   42258.89  0.0075108    12.7796   293.4291   217.6744     4.0471
   3505.00   42258.42  0.0075224    12.7816   292.0829   217.0972     3.9924
   3515.00   42256.01  0.0075383    12.7868   289.2032   218.2193     3.9146
   3525.00   42255.14  0.0075322    12.7881   287.5100   218.2674     3.8290
   3535.00   42256.40  0.0076492    12.7869   286.2430   217.9500     3.7494
   3545.00   42257.24  0.0076076    12.7929   283.9730   218.6036     3.6789
   3555.00   42256.32  0.0075847    12.8002   281.9134   218.9978     3.5837
   3565.00   42257.02  0.0077301    12.8029   279.4413   219.6963     3.4820
   3575.00   42259.50  0.0076865    12.8086   277.1154   220.0496     3.4135
   3585.00   42260.36  0.0076406    12.8196   274.9274   220.1102     3.3398
   3595.00   42259.64  0.0076983    12.8294   271.2622   221.5278     3.2493
   3605.00   42260.20  0.0076504    12.8356   268.5270   221.8999     3.1799
   3615.00   42261.81  0.0076573    12.8432   266.5120   221.5161     3.1284
   3625.00   42261.60  0.0076030    12.8546   263.1249   222.5398     3.0733
   3635.00   42259.35  0.0075345    12.8615   260.4550   222.9625     3.0061
   3645.00   42258.59  0.0076151    12.8628   258.3916   222.9283     2.9496
