  -7305.00   42257.50  0.0475081     0.1127   344.6535   335.7417   139.1105
  -7295.00   42255.65  0.0474385     0.1376   342.7567   340.8563   134.2186
  -7285.00   42255.18  0.0474451     0.1686   340.6606   346.4901   129.0157
  -7275.00   42256.97  0.0474515     0.1918   338.7768   350.2843   125.3876
  -7265.00   42257.97  0.0473915     0.2095   336.8686   350.6628   125.0880
  -7255.00   42257.95  0.0471813     0.2351   334.5449   351.2792   124.8044
  -7245.00   42259.03  0.0471474     0.2557   332.1841   352.8348   123.4693
  -7235.00   42261.46  0.0472121     0.2661   329.8492   354.4137   121.9250
  -7225.00   42262.41  0.0470110     0.2800   327.3139   355.2965   121.1450
  -7215.00   42261.16  0.0469133     0.2948   324.6988   356.2830   120.3079
  -7205.00   42260.91  0.0470296     0.3085   322.0815   359.2497   117.5111
  -7195.00   42261.23  0.0469906     0.3201   319.7071     1.8998   114.8564
  -7185.00   42260.14  0.0469715     0.3317   317.4798     3.4140   113.3387
  -7175.00   42257.52  0.0469928     0.3548   315.1200     5.9198   111.1265
  -7165.00   42256.69  0.0470968     0.3770   313.1202     8.9217   108.2217
  -7155.00   42257.27  0.0472450     0.3941   311.3545    10.8834   106.2616
  -7145.00   42256.72  0.0471781     0.4216   309.4028    11.9540   105.4537
  -7135.00   42255.40  0.0472498     0.4535   307.4627    13.2768   104.4166
  -7125.00   42256.22  0.0474505     0.4801   305.5463    14.7109   103.2022
  -7115.00   42258.29  0.0473732     0.5058   303.5205    15.0210   103.1011
  -7105.00   42258.69  0.0473101     0.5339   301.2765    14.7574   103.6540
  -7095.00   42258.48  0.0473543     0.5642   298.7240    15.2107   103.6329
  -7085.00   42260.12  0.0472886     0.5864   296.2363    15.4966   103.5497
  -7075.00   42262.15  0.0471955     0.6025   293.7079    14.9945   104.1784
  -7065.00   42262.07  0.0470269     0.6265   290.8576    14.8474   104.7035
  -7055.00   42260.73  0.0469552     0.6463   288.1786    15.3173   104.4559
  -7045.00   42260.89  0.0469515     0.6551   285.7612    15.6627   104.1514
  -7035.00   42261.16  0.0467390     0.6701   283.3423    15.8007   104.1705
  -7025.00   42258.90  0.0466348     0.6883   281.0914    16.3421   103.7909
  -7015.00   42256.61  0.0467133     0.7027   279.0518    17.6002   102.6546
  -7005.00   42256.31  0.0466077     0.7179   277.2146    18.5441   101.7529
  -6995.00   42256.93  0.0465546     0.7356   275.5085    19.1026   101.2078
  -6985.00   42255.74  0.0466073     0.7624   273.6039    20.3175   100.2371
  -6975.00   42255.49  0.0466313     0.7883   271.8061    21.5445    99.1025
  -6965.00   42257.48  0.0467117     0.8092   270.0123    22.1351    98.5135
  -6955.00   42259.62  0.0466727     0.8412   267.8057    22.5402    98.3732
  -6945.00   42259.45  0.0467175     0.8763   265.4620    23.1826    97.9674
  -6935.00   42259.68  0.0468651     0.9019   263.0361    23.6838    97.6347
  -6925.00   42261.65  0.0467673     0.9286   260.4072    23.5791    97.9751
  -6915.00   42262.44  0.0467122     0.9592   257.7009    23.4203    98.3800
  -6905.00   42260.89  0.0467730     0.9859   254.9233    23.7138    98.4081
  -6895.00   42259.87  0.0466619     1.0051   252.3311    23.7438    98.5742
  -6885.00   42260.37  0.0465671     1.0212   249.9625    23.3913    99.0326
  -6875.00   42260.03  0.0464762     1.0433   247.5691    23.5090    99.2006
  -6865.00   42257.43  0.0463958     1.0604   245.4674    23.9492    98.9129
  -6855.00   42256.13  0.0463956     1.0681   243.6549    24.1743    98.7043
  -6845.00   42257.13  0.0462651     1.0845   241.7974    24.3926    98.6375
  -6835.00   42256.75  0.0462203     1.1059   240.0184    25.0142    98.1220
  -6825.00   42255.49  0.0463357     1.1207   238.2528    25.8875    97.3208
  -6815.00   42256.04  0.0462835     1.1387   236.3531    26.4477    96.8657
  -6805.00   42258.69  0.0462881     1.1637   234.3666    26.8532    96.5207
  -6795.00   42259.75  0.0464083     1.1922   232.0765    27.7067    95.8723
  -6785.00   42259.65  0.0464311     1.2188   229.6551    28.4018    95.3414
  -6775.00   42260.75  0.0465131     1.2428   227.1866    28.6056    95.2345
  -6765.00   42262.88  0.0465379     1.2758   224.4478    28.9154    95.2197
  -6755.00   42262.22  0.0465527     1.3088   221.7321    29.3712    95.0155
  -6745.00   42260.03  0.0466643     1.3308   219.1376    29.6166    94.9738
  -6735.00   42259.49  0.0465963     1.3561   216.5462    29.5797    95.3327
  -6725.00   42259.62  0.0465352     1.3860   214.1718    29.6397    95.5277
  -6715.00   42257.89  0.0465725     1.4077   211.9383    29.9724    95.4757
  -6705.00   42255.69  0.0464439     1.4240   209.8415    30.0720    95.6568
  -6695.00   42255.91  0.0463517     1.4422   207.9593    29.9624    95.9417
  -6685.00   42257.35  0.0462770     1.4628   206.0335    30.2801    95.8851
  -6675.00   42256.68  0.0461342     1.4782   204.1355    30.7154    95.6417
  -6665.00   42256.11  0.0460927     1.4876   202.2713    30.8999    95.5405
  -6655.00   42258.20  0.0459861     1.5062   200.1748    31.2027    95.4238
  -6645.00   42260.08  0.0458756     1.5288   197.9908    31.7880    94.9355
  -6635.00   42259.96  0.0459128     1.5435   195.6963    32.4169    94.3604
  -6625.00   42259.64  0.0458532     1.5636   193.1765    32.8236    94.1018
  -6615.00   42261.36  0.0458331     1.5941   190.6763    33.2028    93.7741
  -6605.00   42262.35  0.0459051     1.6229   188.1034    33.8651    93.2293
  -6595.00   42260.66  0.0458809     1.6498   185.5180    34.3308    92.9374
  -6585.00   42259.02  0.0459563     1.6798   183.1296    34.4133    92.9610
  -6575.00   42259.39  0.0460090     1.7145   180.7848    34.6817    92.9207
  -6565.00   42258.84  0.0459643     1.7463   178.5911    35.0067    92.8153
  -6555.00   42256.36  0.0460363     1.7689   176.5819    35.0623    92.9468
  -6545.00   42255.13  0.0460206     1.7947   174.5726    35.0362    93.2779
  -6535.00   42256.28  0.0459418     1.8232   172.7012    35.1450    93.3711
  -6525.00   42256.95  0.0459366     1.8403   170.8078    35.3972    93.3220
  -6515.00   42256.08  0.0458278     1.8542   168.7553    35.5019    93.4947
  -6505.00   42256.92  0.0457747     1.8741   166.7257    35.5294    93.5961
  -6495.00   42259.78  0.0457299     1.8922   164.5129    35.9242    93.3572
  -6485.00   42260.85  0.0455824     1.9057   162.0998    36.3646    93.0910
  -6475.00   42260.17  0.0455871     1.9197   159.6601    36.5580    92.9715
  -6465.00   42260.72  0.0455865     1.9419   157.0981    36.9235    92.7336
  -6455.00   42262.03  0.0454930     1.9661   154.5413    37.4726    92.2692
  -6445.00   42261.43  0.0455365     1.9836   152.0527    37.9301    91.8824
  -6435.00   42258.89  0.0455738     2.0079   149.5773    38.2394    91.7538
  -6425.00   42258.14  0.0456014     2.0417   147.3653    38.5683    91.4919
  -6415.00   42258.64  0.0456754     2.0691   145.2717    39.0668    91.1135
  -6405.00   42257.16  0.0456687     2.0941   143.1764    39.4071    91.0349
  -6395.00   42255.27  0.0457780     2.1269   141.3093    39.4850    91.1079
  -6385.00   42255.66  0.0458682     2.1591   139.4511    39.7627    91.0427
  -6375.00   42257.26  0.0457912     2.1851   137.4849    40.1089    90.9823
  -6365.00   42257.16  0.0458491     2.2078   135.4712    40.1898    91.1563
  -6355.00   42256.75  0.0458871     2.2332   133.2858    40.2927    91.3704
  -6345.00   42258.66  0.0457874     2.2585   131.0136    40.5371    91.3572
  -6335.00   42260.96  0.0457335     2.2731   128.5445    40.8272    91.3225
  -6325.00   42260.76  0.0456369     2.2871   125.8336    41.0424    91.4658
  -6315.00   42260.16  0.0455731     2.3089   123.2406    41.2040    91.4540
  -6305.00   42261.33  0.0454889     2.3252   120.6258    41.6321    91.1763
  -6295.00   42261.90  0.0452847     2.3371   117.9273    42.1054    90.9662
  -6285.00   42260.09  0.0452576     2.3558   115.4874    42.3379    90.8485
  -6275.00   42258.03  0.0452503     2.3800   113.2591    42.7075    90.5518
  -6265.00   42257.98  0.0450933     2.4032   111.1654    43.2185    90.1307
  -6255.00   42257.92  0.0450817     2.4239   109.2145    43.5808    89.8676
  -6245.00   42255.80  0.0451361     2.4530   107.3461    43.8484    89.7489
  -6235.00   42254.87  0.0451329     2.4889   105.6650    44.1170    89.4975
  -6225.00   42256.47  0.0451606     2.5165   103.9145    44.4672    89.2326
  -6215.00   42257.58  0.0451598     2.5431   101.8814    44.7300    89.2636
  -6205.00   42257.47  0.0452551     2.5795    99.8970    44.7807    89.3320
  -6195.00   42258.11  0.0453308     2.6107    97.7645    44.9731    89.2649
  -6185.00   42260.72  0.0452218     2.6322    95.2611    45.2718    89.2802
  -6175.00   42261.91  0.0452677     2.6570    92.6591    45.3471    89.4631
  -6165.00   42260.87  0.0453280     2.6823    89.9959    45.4721    89.5769
  -6155.00   42260.72  0.0451917     2.7024    87.3439    45.7401    89.4917
  -6145.00   42261.57  0.0451249     2.7161    84.6630    46.0024    89.4667
  -6135.00   42260.88  0.0450791     2.7314    81.9923    46.2810    89.5246
  -6125.00   42258.49  0.0450212     2.7536    79.7336    46.5020    89.3732
  -6115.00   42257.50  0.0449439     2.7696    77.6480    46.8744    89.0657
  -6105.00   42257.94  0.0447926     2.7823    75.5091    47.3322    88.8803
  -6095.00   42257.33  0.0448230     2.8070    73.6813    47.5728    88.7227
  -6085.00   42255.50  0.0448673     2.8343    72.0384    47.8809    88.3952
  -6075.00   42255.85  0.0447390     2.8566    70.2759    48.3115    88.0606
  -6065.00   42257.68  0.0447905     2.8820    68.4050    48.5882    87.9217
  -6055.00   42258.06  0.0449289     2.9150    66.4193    48.8349    87.8233
  -6045.00   42257.91  0.0449381     2.9490    64.3846    49.0792    87.6150
  -6035.00   42259.58  0.0449747     2.9750    62.0758    49.3492    87.4878
  -6025.00   42261.80  0.0450380     3.0016    59.3828    49.6455    87.5742
  -6015.00   42262.25  0.0451422     3.0367    56.7805    49.7893    87.6092
  -6005.00   42261.02  0.0451911     3.0638    54.1883    50.0020    87.5303
  -5995.00   42261.35  0.0450819     3.0810    51.3443    50.3621    87.5799
  -5985.00   42261.56  0.0451294     3.1061    48.6709    50.5538    87.7110
  -5975.00   42259.66  0.0451957     3.1310    46.2431    50.7842    87.7110
  -5965.00   42257.34  0.0450075     3.1462    43.9708    51.1339    87.5946
  -5955.00   42256.89  0.0449228     3.1613    41.7954    51.4339    87.5795
  -5945.00   42257.27  0.0449091     3.1794    39.6852    51.7994    87.5736
  -5935.00   42256.21  0.0448017     3.2007    37.9148    52.1085    87.3535
  -5925.00   42255.58  0.0446639     3.2170    36.1530    52.4564    87.0910
  -5915.00   42257.06  0.0445112     3.2318    34.1103    52.9178    86.9497
  -5905.00   42259.03  0.0445140     3.2598    32.1851    53.1969    86.7590
  -5895.00   42258.91  0.0444991     3.2884    30.2562    53.4690    86.4288
  -5885.00   42259.16  0.0443167     3.3099    27.9751    53.8572    86.1708
  -5875.00   42260.97  0.0443517     3.3401    25.5375    54.0850    86.0774
  -5865.00   42262.25  0.0444990     3.3771    23.0426    54.3010    85.9514
  -5855.00   42261.44  0.0444584     3.4095    20.5506    54.5211    85.7626
  -5845.00   42260.62  0.0444685     3.4372    17.9568    54.7031    85.7309
  -5835.00   42261.03  0.0445678     3.4670    15.2523    54.9616    85.8330
  -5825.00   42260.95  0.0446590     3.5011    12.8816    55.1194    85.8306
  -5815.00   42258.52  0.0446556     3.5255    10.7102    55.2795    85.7832
  -5805.00   42256.87  0.0445442     3.5410     8.3952    55.6170    85.8686
  -5795.00   42256.92  0.0445781     3.5657     6.3416    55.8268    85.9456
  -5785.00   42256.87  0.0446245     3.5887     4.5273    56.0458    85.8542
  -5775.00   42255.59  0.0444035     3.5995     2.6249    56.4122    85.7173
  -5765.00   42255.72  0.0443176     3.6160     0.6627    56.6932    85.6710
  -5755.00   42257.92  0.0443560     3.6379   358.6062    57.0368    85.5640
  -5745.00   42259.35  0.0442518     3.6580   356.6024    57.3597    85.2709
  -5735.00   42259.53  0.0441428     3.6770   354.3948    57.6485    85.0406
  -5725.00   42260.30  0.0440799     3.6977   351.8204    58.0577    84.9211
  -5715.00   42262.27  0.0441399     3.7290   349.3770    58.3232    84.7016
  -5705.00   42262.43  0.0441670     3.7588   346.9774    58.5332    84.4266
  -5695.00   42260.79  0.0440490     3.7810   344.3248    58.8922    84.2764
  -5685.00   42259.92  0.0441365     3.8138   341.7970    59.1090    84.2308
  -5675.00   42260.18  0.0443239     3.8506   339.5015    59.3059    84.1081
  -5665.00   42259.09  0.0442897     3.8774   337.3200    59.5655    83.9636
  -5655.00   42256.89  0.0443166     3.9040   335.1791    59.7714    83.9890
  -5645.00   42256.13  0.0444470     3.9345   333.0481    60.0707    84.0608
  -5635.00   42257.04  0.0445167     3.9633   331.1895    60.3155    83.9947
  -5625.00   42256.65  0.0444935     3.9846   329.3301    60.5358    83.9593
  -5615.00   42255.74  0.0444081     4.0007   327.1310    60.9505    84.0379
  -5605.00   42256.66  0.0444318     4.0249   325.0056    61.2653    84.0432
  -5595.00   42258.98  0.0444361     4.0462   322.9104    61.5328    83.9088
  -5585.00   42259.68  0.0442137     4.0555   320.4538    61.9803    83.7896
  -5575.00   42259.61  0.0441132     4.0737   317.8695    62.3322    83.7376
  -5565.00   42260.96  0.0441280     4.0984   315.2686    62.7027    83.5743
  -5555.00   42262.56  0.0439745     4.1160   312.7287    63.0811    83.2760
  -5545.00   42261.92  0.0438411     4.1365   310.1573    63.3794    83.0837
  -5535.00   42260.00  0.0437862     4.1632   307.4985    63.7878    82.9630
  -5525.00   42259.63  0.0437884     4.1949   305.2339    64.0711    82.7112
  -5515.00   42259.45  0.0437684     4.2255   303.2055    64.2438    82.4753
  -5505.00   42257.59  0.0436667     4.2513   301.0454    64.5705    82.3872
  -5495.00   42255.58  0.0437341     4.2873   299.1176    64.7737    82.3406
  -5485.00   42255.87  0.0438632     4.3246   297.4088    64.9160    82.2218
  -5475.00   42256.93  0.0438022     4.3489   295.5974    65.1542    82.1342
  -5465.00   42256.39  0.0438259     4.3765   293.6576    65.3295    82.1974
  -5455.00   42256.23  0.0439445     4.4085   291.5608    65.5976    82.2384
  -5445.00   42258.39  0.0439508     4.4319   289.4626    65.8552    82.1476
  -5435.00   42260.20  0.0439093     4.4506   287.1607    66.0609    82.1272
  -5425.00   42260.17  0.0438591     4.4687   284.4484    66.4568    82.1784
  -5415.00   42260.10  0.0438630     4.4913   281.8116    66.7964    82.0949
  -5405.00   42261.59  0.0438251     4.5106   279.2606    67.0511    81.9244
  -5395.00   42262.30  0.0436490     4.5209   276.5009    67.4682    81.8015
  -5385.00   42260.49  0.0435915     4.5425   273.8748    67.8009    81.7049
  -5375.00   42259.04  0.0436116     4.5703   271.5093    68.1235    81.4854
  -5365.00   42259.23  0.0434842     4.5878   269.3305    68.4821    81.2048
  -5355.00   42258.61  0.0434158     4.6109   267.3009    68.7141    81.0566
  -5345.00   42256.35  0.0434487     4.6444   265.2932    69.0561    80.9307
  -5335.00   42255.30  0.0434705     4.6754   263.5622    69.3446    80.6915
  -5325.00   42256.40  0.0434836     4.7042   261.9127    69.4991    80.5236
  -5315.00   42257.03  0.0434760     4.7331   259.9537    69.7982    80.4950
  -5305.00   42256.29  0.0435765     4.7685   258.0050    70.0353    80.4408
  -5295.00   42257.18  0.0436919     4.8017   256.0103    70.2214    80.3341
  -5285.00   42259.92  0.0436599     4.8226   253.6703    70.5203    80.2939
  -5275.00   42260.98  0.0437119     4.8490   251.1538    70.7373    80.3504
  -5265.00   42260.49  0.0438283     4.8800   248.4801    71.0538    80.3352
  -5255.00   42261.03  0.0438089     4.8982   245.7669    71.4292    80.2270
  -5245.00   42262.28  0.0437771     4.9145   243.0539    71.6927    80.2071
  -5235.00   42261.67  0.0437602     4.9360   240.2229    72.1129    80.2141
  -5225.00   42259.16  0.0437360     4.9570   237.6550    72.5505    80.0708
  -5215.00   42258.27  0.0436725     4.9743   235.3509    72.8928    79.8995
  -5205.00   42258.67  0.0435232     4.9877   233.0365    73.3454    79.7970
  -5195.00   42257.18  0.0434503     5.0118   230.9851    73.7216    79.6627
  -5185.00   42255.39  0.0434150     5.0401   229.1430    74.0853    79.4281
  -5175.00   42255.80  0.0432661     5.0576   227.2972    74.5095    79.1883
  -5165.00   42257.45  0.0431784     5.0833   225.5091    74.7357    79.0651
  -5155.00   42257.54  0.0431793     5.1211   223.5820    75.0428    78.9151
  -5145.00   42257.11  0.0431447     5.1515   221.5904    75.3713    78.6862
  -5135.00   42259.11  0.0431323     5.1793   219.5042    75.5101    78.5694
  -5125.00   42261.26  0.0431360     5.2141   217.0505    75.7488    78.5572
  -5115.00   42261.00  0.0431874     5.2499   214.5543    75.9681    78.4833
  -5105.00   42260.34  0.0432623     5.2799   212.0177    76.1450    78.3962
  -5095.00   42261.47  0.0432503     5.3017   209.2660    76.4243    78.4048
  -5085.00   42262.02  0.0432817     5.3283   206.6491    76.5982    78.4433
  -5075.00   42260.27  0.0433501     5.3569   204.1227    76.8825    78.3854
  -5065.00   42258.20  0.0433228     5.3713   201.6675    77.2974    78.2814
  -5055.00   42258.28  0.0433012     5.3858   199.4755    77.5343    78.2553
  -5045.00   42258.20  0.0432828     5.4099   197.3336    77.9058    78.1927
  -5035.00   42255.92  0.0432298     5.4291   195.3508    78.3739    77.9888
  -5025.00   42254.97  0.0431898     5.4450   193.5230    78.7053    77.8090
  -5015.00   42256.56  0.0431052     5.4646   191.5550    79.0990    77.6983
  -5005.00   42257.62  0.0430364     5.4923   189.6411    79.4441    77.5132
  -4995.00   42257.44  0.0430150     5.5214   187.6550    79.7693    77.2776
  -4985.00   42258.22  0.0429538     5.5421   185.3994    80.1549    77.1001
  -4975.00   42260.94  0.0429248     5.5714   183.1290    80.3212    77.0027
  -4965.00   42262.24  0.0429461     5.6105   180.6753    80.5699    76.8565
  -4955.00   42260.97  0.0429512     5.6384   178.0633    80.9309    76.6732
  -4945.00   42260.93  0.0430092     5.6635   175.5416    81.0522    76.6178
  -4935.00   42261.62  0.0430669     5.6996   172.9162    81.2797    76.6023
  -4925.00   42260.72  0.0430974     5.7316   170.4202    81.5764    76.5029
  -4915.00   42258.07  0.0431941     5.7550   168.1002    81.8137    76.4255
  -4905.00   42257.20  0.0432501     5.7778   165.7706    82.1324    76.4418
  -4895.00   42257.80  0.0432757     5.8035   163.7121    82.3717    76.4302
  -4885.00   42257.10  0.0433147     5.8283   161.7183    82.7352    76.3263
  -4875.00   42255.37  0.0433291     5.8418   159.6338    83.2308    76.2361
  -4865.00   42256.04  0.0433388     5.8568   157.7201    83.5023    76.2027
  -4855.00   42258.01  0.0433062     5.8822   155.6615    83.9178    76.0915
  -4845.00   42258.09  0.0432252     5.9001   153.4021    84.5088    75.8767
  -4835.00   42257.78  0.0432010     5.9144   151.1470    84.8800    75.7200
  -4825.00   42259.52  0.0431315     5.9391   148.6570    85.2887    75.6028
  -4815.00   42261.69  0.0429907     5.9681   146.1041    85.7253    75.3859
  -4805.00   42261.61  0.0429172     5.9953   143.5051    86.1125    75.1548
  -4795.00   42260.54  0.0428687     6.0204   140.8009    86.4848    75.0206
  -4785.00   42261.13  0.0427991     6.0536   138.3452    86.6385    74.9156
  -4775.00   42261.45  0.0427460     6.0929   135.9409    86.8801    74.7582
  -4765.00   42259.21  0.0427345     6.1210   133.5303    87.2533    74.6186
  -4755.00   42257.02  0.0427962     6.1474   131.5115    87.2914    74.6002
  -4745.00   42256.70  0.0428410     6.1850   129.5324    87.4435    74.5758
  -4735.00   42257.07  0.0428225     6.2144   127.5563    87.7914    74.4703
  -4725.00   42255.44  0.0429215     6.2329   125.7249    87.9941    74.4202
  -4715.00   42255.11  0.0430040     6.2575   123.7699    88.2551    74.4335
  -4705.00   42257.06  0.0429903     6.2822   121.8390    88.5142    74.3740
  -4695.00   42258.72  0.0429958     6.3010   119.7016    88.9200    74.2345
  -4685.00   42258.56  0.0430348     6.3158   117.2820    89.3935    74.1475
  -4675.00   42259.08  0.0430424     6.3333   114.9551    89.6129    74.0791
  -4665.00   42261.18  0.0429783     6.3589   112.4000    90.0127    73.9062
  -4655.00   42262.04  0.0429087     6.3776   109.5542    90.6360    73.6881
  -4645.00   42260.63  0.0429196     6.3941   106.9422    90.9201    73.5471
  -4635.00   42260.01  0.0428826     6.4247   104.3448    91.2240    73.4125
  -4625.00   42260.75  0.0427479     6.4555   101.7909    91.6769    73.1871
  -4615.00   42260.06  0.0427249     6.4802    99.4358    92.0342    72.9902
  -4605.00   42257.67  0.0427541     6.5102    97.2329    92.3012    72.8992
  -4595.00   42256.57  0.0427142     6.5452    95.3805    92.4083    72.7965
  -4585.00   42257.14  0.0426858     6.5794    93.5359    92.6670    72.6422
  -4575.00   42256.63  0.0427586     6.6061    91.5691    93.0404    72.5528
  -4565.00   42255.25  0.0428657     6.6321    89.9090    93.0474    72.5472
  -4555.00   42255.74  0.0429239     6.6665    88.0888    93.1951    72.4964
  -4545.00   42258.20  0.0429462     6.6914    85.8720    93.6751    72.3854
  -4535.00   42258.90  0.0430879     6.7061    83.6621    93.9209    72.3460
  -4525.00   42259.02  0.0432035     6.7312    81.2324    94.1924    72.3346
  -4515.00   42260.44  0.0431723     6.7551    78.6513    94.5740    72.2287
  -4505.00   42262.38  0.0431956     6.7687    75.8575    95.0901    72.0793
  -4495.00   42262.00  0.0432684     6.7860    72.9388    95.6106    71.9953
  -4485.00   42260.28  0.0432508     6.8069    70.3389    95.8741    71.8994
  -4475.00   42259.97  0.0431492     6.8304    67.7142    96.3561    71.6966
  -4465.00   42260.04  0.0431048     6.8502    64.9899    97.0549    71.4996
  -4455.00   42258.27  0.0431057     6.8695    62.7768    97.3486    71.3733
  -4445.00   42256.22  0.0430192     6.9026    60.7634    97.6365    71.2188
  -4435.00   42256.29  0.0428563     6.9338    58.6983    98.1704    70.9960
  -4425.00   42257.16  0.0428314     6.9571    56.8225    98.5270    70.8322
  -4415.00   42256.40  0.0428417     6.9913    55.0225    98.7347    70.7534
  -4405.00   42255.92  0.0427292     7.0288    53.3116    98.8537    70.6386
  -4395.00   42257.67  0.0426706     7.0587    51.3585    99.1236    70.4950
  -4385.00   42259.45  0.0427628     7.0870    49.1041    99.4378    70.4424
  -4375.00   42259.55  0.0428332     7.1154    47.0067    99.3997    70.4382
  -4365.00   42259.64  0.0428291     7.1466    44.6574    99.5283    70.3645
  -4355.00   42261.42  0.0428851     7.1687    41.8351   100.0236    70.2699
  -4345.00   42262.47  0.0430401     7.1822    39.1798   100.2406    70.2398
  -4335.00   42261.28  0.0431337     7.2071    36.5576   100.4555    70.1957
  -4325.00   42259.94  0.0430716     7.2295    33.8746   100.9228    70.0489
  -4315.00   42260.10  0.0431067     7.2396    31.2927   101.4297    69.8938
  -4305.00   42259.46  0.0431999     7.2594    28.8529   101.8930    69.7925
  -4295.00   42257.24  0.0431279     7.2851    26.8294   102.1626    69.6473
  -4285.00   42255.86  0.0430019     7.3070    24.8235   102.6276    69.4214
  -4275.00   42256.45  0.0430038     7.3297    22.6991   103.2289    69.2443
  -4265.00   42257.01  0.0430195     7.3550    20.9680   103.4118    69.1266
  -4255.00   42256.26  0.0429197     7.3897    19.2222   103.6155    68.9608
  -4245.00   42256.84  0.0428195     7.4206    17.0986   104.1083    68.7701
  -4235.00   42259.30  0.0428726     7.4434    15.0009   104.3552    68.6575
  -4225.00   42260.55  0.0429432     7.4784    12.8146   104.4763    68.5923
  -4215.00   42260.39  0.0428612     7.5143    10.4671   104.6642    68.4734
  -4205.00   42260.91  0.0428665     7.5373     7.8982   104.9564    68.3530
  -4195.00   42262.21  0.0430356     7.5638     5.1672   105.2565    68.3155
  -4185.00   42262.19  0.0431246     7.5926     2.7216   105.2895    68.2850
  -4175.00   42260.18  0.0431163     7.6179     0.2254   105.5264    68.1772
  -4165.00   42259.17  0.0432272     7.6377   357.5327   106.0561    68.0881
  -4155.00   42259.37  0.0434066     7.6523   355.2568   106.2899    68.0508
  -4145.00   42258.22  0.0434821     7.6767   353.1757   106.5369    67.9649
  -4135.00   42256.25  0.0434450     7.6979   350.9519   107.1279    67.8038
  -4125.00   42255.88  0.0434963     7.7069   348.8722   107.6490    67.6635
  -4115.00   42257.01  0.0436054     7.7283   346.8592   108.0893    67.5578
  -4105.00   42257.24  0.0435000     7.7565   344.9161   108.4936    67.3826
  -4095.00   42256.73  0.0433593     7.7758   342.7868   109.0338    67.1611
  -4085.00   42258.03  0.0433661     7.7995   340.3832   109.6284    67.0061
  -4075.00   42260.44  0.0433294     7.8302   338.1920   109.8305    66.8819
  -4065.00   42260.97  0.0431735     7.8643   335.8464   110.0907    66.6996
  -4055.00   42260.63  0.0430745     7.8953   333.1002   110.6001    66.5340
  -4045.00   42261.48  0.0430988     7.9212   330.5459   110.7827    66.4523
  -4035.00   42262.41  0.0431298     7.9577   328.1069   110.8432    66.3826
  -4025.00   42261.44  0.0430438     7.9927   325.5921   111.0932    66.2632
  -4015.00   42259.21  0.0430479     8.0131   323.1715   111.3489    66.1739
  -4005.00   42258.57  0.0432125     8.0389   320.8767   111.5665    66.1507
  -3995.00   42258.61  0.0432558     8.0683   318.9310   111.6383    66.0931
  -3985.00   42256.84  0.0432327     8.0878   316.9791   111.9158    65.9695
  -3975.00   42255.33  0.0433485     8.1053   314.8472   112.4129    65.8846
  -3965.00   42256.02  0.0434762     8.1224   313.0347   112.6124    65.8270
  -3955.00   42257.36  0.0434886     8.1450   311.2097   112.8698    65.6890
  -3945.00   42257.44  0.0434746     8.1655   308.9609   113.4739    65.5142
  -3935.00   42257.47  0.0435123     8.1770   306.7038   113.9217    65.3787
  -3925.00   42259.64  0.0435837     8.2017   304.4055   114.2450    65.2522
  -3915.00   42261.45  0.0434820     8.2325   301.8958   114.6827    65.0553
  -3905.00   42261.10  0.0433754     8.2519   299.2478   115.1434    64.8531
  -3895.00   42260.58  0.0434266     8.2777   296.4609   115.5948    64.7286
  -3885.00   42261.52  0.0433767     8.3132   293.9733   115.7577    64.6009
  -3875.00   42261.71  0.0432653     8.3445   291.5492   115.9738    64.4243
  -3865.00   42259.73  0.0432606     8.3728   288.9666   116.4091    64.2939
  -3855.00   42258.00  0.0433175     8.4008   286.8090   116.5197    64.2356
  -3845.00   42258.08  0.0433628     8.4343   284.9072   116.5692    64.1528
  -3835.00   42257.80  0.0433615     8.4642   282.9067   116.8774    64.0322
  -3825.00   42255.77  0.0434289     8.4817   281.0196   117.1224    63.9620
  -3815.00   42255.05  0.0436164     8.5055   279.1716   117.3328    63.9308
  -3805.00   42256.58  0.0436631     8.5332   277.3526   117.5468    63.8370
  -3795.00   42257.60  0.0436820     8.5481   275.3557   117.8812    63.7046
  -3785.00   42257.34  0.0438403     8.5636   272.9917   118.3870    63.6213
  -3775.00   42258.37  0.0439373     8.5843   270.7187   118.6545    63.5401
  -3765.00   42260.96  0.0439374     8.6045   268.2933   119.0018    63.3736
  -3755.00   42262.06  0.0439684     8.6234   265.4402   119.6295    63.2012
  -3745.00   42260.97  0.0440089     8.6390   262.6620   120.0699    63.0791
  -3735.00   42260.90  0.0440354     8.6652   259.9901   120.4330    62.9342
  -3725.00   42261.39  0.0439535     8.6956   257.2444   120.9683    62.7331
  -3715.00   42260.47  0.0438549     8.7156   254.6895   121.4121    62.5539
  -3705.00   42257.73  0.0438890     8.7433   252.2662   121.8176    62.4435
  -3695.00   42256.91  0.0437841     8.7816   250.1697   122.0908    62.3044
  -3685.00   42257.54  0.0436482     8.8108   248.2827   122.3344    62.1343
  -3675.00   42256.63  0.0436486     8.8374   246.2859   122.7074    62.0314
  -3665.00   42255.27  0.0436410     8.8699   244.5699   122.8055    61.9777
  -3655.00   42256.00  0.0436285     8.9014   242.8993   122.8892    61.8837
  -3645.00   42257.98  0.0436380     8.9266   240.9176   123.1938    61.7724
  -3635.00   42258.13  0.0436896     8.9452   238.8805   123.3587    61.7219
  -3625.00   42257.81  0.0438314     8.9682   236.6835   123.5297    61.6783
  -3615.00   42259.55  0.0438677     8.9928   234.2602   123.8327    61.5597
  -3605.00   42261.72  0.0438820     9.0048   231.7142   124.1313    61.4280
  -3595.00   42261.40  0.0440282     9.0194   228.9224   124.5455    61.3405
  -3585.00   42260.48  0.0440680     9.0434   226.2561   124.8627    61.2210
  -3575.00   42261.05  0.0440485     9.0622   223.6723   125.2296    61.0294
  -3565.00   42261.41  0.0440855     9.0800   220.9904   125.7688    60.8570
  -3555.00   42259.10  0.0440889     9.1029   218.6201   126.1112    60.7320
  -3545.00   42256.87  0.0440868     9.1315   216.4819   126.4434    60.5686
  -3535.00   42256.62  0.0440523     9.1612   214.3487   126.9311    60.3742
  -3525.00   42256.95  0.0439756     9.1838   212.4601   127.2311    60.2304
  -3515.00   42255.28  0.0440146     9.2134   210.6171   127.4996    60.1341
  -3505.00   42254.99  0.0439635     9.2506   208.7624   127.7988    59.9986
  -3495.00   42257.11  0.0438914     9.2757   206.9428   127.9997    59.8522
  -3485.00   42258.84  0.0439478     9.2986   204.8551   128.2576    59.7774
  -3475.00   42258.77  0.0439556     9.3312   202.7259   128.3888    59.7148
  -3465.00   42259.28  0.0439898     9.3577   200.4765   128.5403    59.6047
  -3455.00   42261.59  0.0440729     9.3762   197.9092   128.8498    59.4986
  -3445.00   42262.21  0.0441284     9.3961   195.3520   129.0044    59.4442
  -3435.00   42260.63  0.0442618     9.4184   192.7457   129.2210    59.3711
  -3425.00   42259.89  0.0443617     9.4392   190.0559   129.6246    59.2326
  -3415.00   42260.61  0.0444029     9.4510   187.5596   129.9234    59.1079
  -3405.00   42259.90  0.0445326     9.4665   185.1038   130.3005    59.0162
  -3395.00   42257.42  0.0445822     9.4918   182.8044   130.7394    58.8721
  -3385.00   42256.45  0.0446033     9.5092   180.7228   131.1650    58.6797
  -3375.00   42257.48  0.0446600     9.5250   178.6203   131.6760    58.5243
  -3365.00   42256.78  0.0446210     9.5526   176.6667   132.0712    58.3917
  -3355.00   42255.38  0.0446077     9.5816   174.7439   132.4870    58.2153
  -3345.00   42256.09  0.0446048     9.6081   172.6457   133.0008    58.0309
  -3335.00   42258.50  0.0444870     9.6345   170.5801   133.2921    57.9083
  -3325.00   42259.08  0.0444477     9.6664   168.3585   133.5731    57.8086
  -3315.00   42258.98  0.0444003     9.7023   165.9140   133.9427    57.6721
  -3305.00   42260.51  0.0443139     9.7265   163.5099   134.1180    57.5521
  -3295.00   42262.62  0.0443060     9.7494   160.9467   134.2948    57.4972
  -3285.00   42261.98  0.0442565     9.7823   158.3533   134.4816    57.4264
  -3275.00   42260.12  0.0442828     9.8055   155.8850   134.6386    57.3126
  -3265.00   42260.19  0.0443717     9.8191   153.4196   134.8652    57.2228
  -3255.00   42260.10  0.0443595     9.8405   151.1483   135.0093    57.1581
  -3245.00   42258.08  0.0444434     9.8619   148.9946   135.2531    57.0527
  -3235.00   42255.94  0.0445800     9.8778   146.8818   135.6498    56.8984
  -3225.00   42256.28  0.0446015     9.8914   145.0051   135.8916    56.7735
  -3215.00   42257.29  0.0446636     9.9097   143.0873   136.2325    56.6606
  -3205.00   42256.26  0.0447134     9.9356   141.0718   136.7205    56.4883
  -3195.00   42255.92  0.0447440     9.9538   139.1402   137.0747    56.3017
  -3185.00   42258.26  0.0447815     9.9715   137.0183   137.4536    56.1636
  -3175.00   42259.82  0.0447001    10.0034   134.7190   137.8488    56.0245
  -3165.00   42259.59  0.0446945    10.0326   132.3268   138.2208    55.8499
  -3155.00   42259.73  0.0447419    10.0555   129.7704   138.5918    55.6946
  -3145.00   42261.59  0.0446166    10.0847   127.2179   138.8023    55.5940
  -3135.00   42262.38  0.0445685    10.1164   124.5926   139.0663    55.4922
  -3125.00   42260.62  0.0446073    10.1461   121.9436   139.4123    55.3576
  -3115.00   42259.46  0.0445688    10.1684   119.6096   139.5024    55.2619
  -3105.00   42259.99  0.0445703    10.1899   117.3462   139.6359    55.2073
  -3095.00   42259.16  0.0445676    10.2192   115.1204   139.9186    55.1149
  -3085.00   42256.67  0.0446515    10.2383   113.2012   140.0769    54.9950
  -3075.00   42255.76  0.0447868    10.2490   111.3665   140.2405    54.9106
  -3065.00   42256.74  0.0447747    10.2706   109.5283   140.4607    54.8285
  -3055.00   42257.01  0.0448828    10.2908   107.6364   140.7924    54.6953
  -3045.00   42256.03  0.0450856    10.3026   105.6422   141.1809    54.5410
  -3035.00   42257.03  0.0451077    10.3184   103.6367   141.4250    54.4209
  -3025.00   42259.75  0.0451535    10.3390   101.3311   141.8371    54.2925
  -3015.00   42260.50  0.0452497    10.3626    98.7289   142.4272    54.1091
  -3005.00   42260.06  0.0452867    10.3815    96.2044   142.7784    53.9392
  -2995.00   42260.96  0.0452934    10.4015    93.5366   143.1430    53.8126
  -2985.00   42262.27  0.0451922    10.4344    90.6774   143.6714    53.6657
  -2975.00   42261.59  0.0451777    10.4630    87.9714   144.1023    53.4937
  -2965.00   42259.33  0.0452053    10.4846    85.4449   144.4122    53.3623
  -2955.00   42258.78  0.0450154    10.5163    83.0852   144.6545    53.2691
  -2945.00   42259.10  0.0449245    10.5483    80.8291   144.9827    53.1587
  -2935.00   42257.40  0.0449737    10.5730    78.7364   145.3086    53.0320
  -2925.00   42255.63  0.0448751    10.5960    77.0056   145.3407    52.9549
  -2915.00   42256.03  0.0448127    10.6182    75.2668   145.4500    52.8974
  -2905.00   42257.32  0.0448256    10.6431    73.3383   145.7931    52.7887
  -2895.00   42257.08  0.0448829    10.6595    71.5832   145.8988    52.6753
  -2885.00   42256.77  0.0449734    10.6695    69.7285   145.9733    52.5942
  -2875.00   42258.70  0.0449289    10.6906    67.5312   146.2558    52.4912
  -2865.00   42260.75  0.0450381    10.7092    65.1524   146.6037    52.3362
  -2855.00   42260.59  0.0452423    10.7192    62.6495   146.9278    52.1823
  -2845.00   42260.26  0.0451982    10.7380    60.1100   147.1526    52.0571
  -2835.00   42261.56  0.0452163    10.7621    57.3536   147.5870    51.9068
  -2825.00   42262.12  0.0453455    10.7842    54.5034   148.1711    51.7179
  -2815.00   42260.50  0.0453407    10.8056    52.0188   148.4356    51.5656
  -2805.00   42258.67  0.0452898    10.8300    49.6420   148.7154    51.4480
  -2795.00   42258.62  0.0452079    10.8622    47.2088   149.2396    51.3003
  -2785.00   42258.33  0.0452117    10.8887    45.1260   149.5672    51.1466
  -2775.00   42256.21  0.0452356    10.9090    43.2981   149.7245    51.0423
  -2765.00   42255.17  0.0450436    10.9393    41.4801   149.9292    50.9554
  -2755.00   42256.48  0.0450110    10.9675    39.6223   150.2201    50.8385
  -2745.00   42257.45  0.0451446    10.9853    37.7525   150.4626    50.7218
  -2735.00   42257.30  0.0450610    11.0062    35.9539   150.4732    50.6482
  -2725.00   42258.01  0.0450232    11.0279    33.8955   150.6155    50.5725
  -2715.00   42260.51  0.0451406    11.0468    31.4661   151.0087    50.4457
  -2705.00   42261.79  0.0452279    11.0613    29.1271   151.1293    50.3336
  -2695.00   42260.99  0.0453138    11.0730    26.6963   151.2210    50.2481
  -2685.00   42260.86  0.0453040    11.0932    23.9451   151.6212    50.1252
  -2675.00   42261.63  0.0454450    11.1103    21.2675   151.9902    49.9660
  -2665.00   42261.13  0.0456781    11.1200    18.7220   152.3017    49.8222
  -2655.00   42258.78  0.0456069    11.1403    16.2994   152.6066    49.6960
  -2645.00   42257.76  0.0456377    11.1653    13.8931   153.0976    49.5340
  -2635.00   42258.09  0.0458159    11.1844    11.5676   153.6871    49.3512
  -2625.00   42257.53  0.0457802    11.2064     9.6178   153.9759    49.2120
  -2615.00   42255.74  0.0456813    11.2343     7.6872   154.3208    49.0916
  -2605.00   42255.81  0.0456116    11.2643     5.5618   154.9127    48.9400
  -2595.00   42257.45  0.0455786    11.2892     3.6409   155.2251    48.8021
  -2585.00   42257.93  0.0455374    11.3114     1.7416   155.3670    48.7139
  -2575.00   42257.65  0.0452967    11.3412   359.5544   155.6517    48.6270
  -2565.00   42259.12  0.0452345    11.3667   357.2420   155.9251    48.5121
  -2555.00   42261.45  0.0453519    11.3814   354.8723   156.0863    48.4129
  -2545.00   42262.05  0.0452184    11.4011   352.4845   156.1118    48.3447
  -2535.00   42261.06  0.0451546    11.4223   349.9266   156.2865    48.2531
  -2525.00   42261.34  0.0453008    11.4359   347.2374   156.6482    48.1202
  -2515.00   42261.72  0.0453574    11.4487   344.8486   156.7509    48.0082
  -2505.00   42260.13  0.0454017    11.4631   342.5824   156.8624    47.9076
  -2495.00   42257.69  0.0454086    11.4820   340.1673   157.3352    47.7598
  -2485.00   42256.98  0.0455038    11.4986   338.0521   157.6681    47.5964
  -2475.00   42257.41  0.0456900    11.5109   336.1486   157.9074    47.4563
  -2465.00   42256.26  0.0455781    11.5340   334.2022   158.2691    47.3217
  -2455.00   42255.44  0.0455752    11.5600   332.2257   158.7114    47.1557
  -2445.00   42256.62  0.0457378    11.5781   330.1948   159.1737    46.9903
  -2435.00   42258.68  0.0456486    11.6008   328.2539   159.3908    46.8710
  -2425.00   42258.67  0.0455432    11.6304   326.0840   159.6959    46.7515
  -2415.00   42258.73  0.0455247    11.6562   323.5712   160.2155    46.6078
  -2405.00   42260.52  0.0454873    11.6772   321.1856   160.4157    46.4925
  -2395.00   42262.09  0.0454603    11.6995   318.7744   160.4916    46.4120
  -2385.00   42261.44  0.0453046    11.7256   316.0864   160.8043    46.3162
  -2375.00   42260.50  0.0452872    11.7459   313.5063   161.0307    46.2008
  -2365.00   42260.93  0.0454379    11.7582   311.1124   161.1278    46.1084
  -2355.00   42261.14  0.0453505    11.7761   308.8447   161.2072    46.0314
  -2345.00   42258.74  0.0453455    11.7955   306.6277   161.4271    45.9183
  -2335.00   42256.80  0.0455460    11.8057   304.4662   161.7805    45.7829
  -2325.00   42256.86  0.0456054    11.8169   302.6219   161.9168    45.6725
  -2315.00   42256.92  0.0456640    11.8338   300.8303   162.0946    45.5565
  -2305.00   42255.54  0.0457455    11.8504   298.7586   162.6287    45.3974
  -2295.00   42255.35  0.0458336    11.8652   296.8050   162.9924    45.2401
  -2285.00   42257.53  0.0459889    11.8801   294.8487   163.2458    45.1076
  -2275.00   42259.19  0.0459177    11.9034   292.5485   163.7146    44.9651
  -2265.00   42259.25  0.0459108    11.9282   290.0898   164.1898    44.8013
  -2255.00   42259.78  0.0460551    11.9460   287.5010   164.6377    44.6536
  -2245.00   42262.09  0.0459292    11.9696   284.9062   164.9349    44.5435
  -2235.00   42262.39  0.0458175    11.9997   282.2023   165.2789    44.4206
  -2225.00   42260.76  0.0458174    12.0229   279.3566   165.7918    44.2849
  -2215.00   42259.88  0.0457170    12.0422   276.8402   166.0057    44.1882
  -2205.00   42260.30  0.0456383    12.0662   274.5394   166.1084    44.1088
  -2195.00   42259.50  0.0455113    12.0895   272.1879   166.4474    44.0054
  -2185.00   42257.03  0.0454543    12.1056   270.1260   166.6529    43.8967
  -2175.00   42256.15  0.0455384    12.1177   268.3132   166.7279    43.8120
  -2165.00   42257.32  0.0454355    12.1344   266.5284   166.8739    43.7230
  -2155.00   42256.78  0.0454186    12.1507   264.7330   167.0852    43.5956
  -2145.00   42255.57  0.0456043    12.1589   262.8269   167.3874    43.4609
  -2135.00   42256.47  0.0456118    12.1700   260.9333   167.5644    43.3479
  -2125.00   42258.79  0.0456392    12.1886   258.8858   167.7710    43.2124
  -2115.00   42259.52  0.0457450    12.2043   256.4246   168.2685    43.0445
  -2105.00   42259.20  0.0457839    12.2186   253.9405   168.6096    42.8949
  -2095.00   42260.66  0.0458676    12.2382   251.4202   168.8507    42.7651
  -2085.00   42262.64  0.0458143    12.2624   248.6404   169.3084    42.6180
  -2075.00   42261.97  0.0457763    12.2854   245.9196   169.6972    42.4641
  -2065.00   42259.95  0.0458816    12.3044   243.3058   170.0269    42.3398
  -2055.00   42259.85  0.0457569    12.3280   240.8402   170.3211    42.2379
  -2045.00   42259.75  0.0456567    12.3550   238.5703   170.5757    42.1169
  -2035.00   42257.78  0.0457043    12.3738   236.3498   170.9486    41.9937
  -2025.00   42255.54  0.0456163    12.3899   234.4235   171.1353    41.9089
  -2015.00   42255.87  0.0455755    12.4118   232.6739   171.2353    41.8215
  -2005.00   42257.11  0.0455476    12.4300   230.7797   171.5475    41.7059
  -1995.00   42256.25  0.0455213    12.4412   228.9703   171.7273    41.5986
  -1985.00   42256.02  0.0456264    12.4537   227.1325   171.8292    41.5098
  -1975.00   42258.40  0.0456009    12.4688   225.0488   172.0698    41.4032
  -1965.00   42260.27  0.0456130    12.4819   222.8406   172.2848    41.2673
  -1955.00   42260.04  0.0458118    12.4901   220.4091   172.5604    41.1386
  -1945.00   42259.89  0.0458436    12.5020   217.8516   172.8351    41.0242
  -1935.00   42261.55  0.0458951    12.5202   215.2571   173.0921    40.8804
  -1925.00   42262.32  0.0460388    12.5343   212.4717   173.5572    40.7159
  -1915.00   42260.24  0.0460671    12.5478   209.8113   173.9332    40.5781
  -1905.00   42258.86  0.0461533    12.5696   207.3245   174.2490    40.4477
  -1895.00   42259.41  0.0461592    12.5927   204.8276   174.7615    40.2964
  -1885.00   42258.83  0.0460964    12.6127   202.5819   175.1623    40.1508
  -1875.00   42256.44  0.0461628    12.6337   200.4978   175.5111    40.0387
  -1865.00   42255.51  0.0460624    12.6577   198.4647   175.9181    39.9359
  -1855.00   42256.83  0.0459359    12.6817   196.5941   176.2020    39.8158
  -1845.00   42257.27  0.0459428    12.6988   194.6364   176.5299    39.7081
  -1835.00   42256.18  0.0458122    12.7144   192.6489   176.7821    39.6323
  -1825.00   42257.06  0.0457475    12.7344   190.6491   176.9193    39.5416
  -1815.00   42259.91  0.0457256    12.7486   188.3662   177.2063    39.4260
  -1805.00   42260.67  0.0456270    12.7566   186.0217   177.3758    39.3261
  -1795.00   42260.04  0.0456882    12.7692   183.5914   177.4934    39.2320
  -1785.00   42260.83  0.0456998    12.7830   180.9632   177.7767    39.1096
  -1775.00   42262.32  0.0456660    12.7928   178.4255   177.9654    38.9677
  -1765.00   42261.57  0.0457967    12.8025   175.8812   178.1998    38.8393
  -1755.00   42258.96  0.0458306    12.8170   173.3666   178.5352    38.7145
  -1745.00   42258.35  0.0458708    12.8350   171.1130   178.7820    38.5618
  -1735.00   42258.80  0.0459846    12.8494   168.8903   179.1618    38.4047
  -1725.00   42256.99  0.0459555    12.8647   166.7907   179.5354    38.2780
  -1715.00   42255.12  0.0460242    12.8878   164.8775   179.8223    38.1495
  -1705.00   42255.84  0.0460703    12.9092   162.8872   180.2591    38.0045
  -1695.00   42257.50  0.0459580    12.9257   160.9586   180.5850    37.8777
  -1685.00   42257.42  0.0459915    12.9466   158.9587   180.8645    37.7770
  -1675.00   42257.03  0.0459641    12.9684   156.7508   181.2449    37.6738
  -1665.00   42259.30  0.0458573    12.9859   154.5617   181.4530    37.5569
  -1655.00   42261.32  0.0458650    13.0004   152.1486   181.6932    37.4600
  -1645.00   42260.76  0.0457747    13.0146   149.5576   181.9772    37.3806
  -1635.00   42260.04  0.0457687    13.0308   147.0699   182.0963    37.2784
  -1625.00   42261.29  0.0458146    13.0416   144.4644   182.3301    37.1618
  -1615.00   42261.74  0.0457099    13.0481   141.9232   182.5391    37.0624
  -1605.00   42259.79  0.0457953    13.0606   139.5482   182.6905    36.9584
  -1595.00   42257.95  0.0459108    13.0730   137.2236   182.9836    36.8254
  -1585.00   42258.32  0.0458866    13.0801   135.1665   183.1750    36.6857
  -1575.00   42258.29  0.0460064    13.0908   133.1606   183.4328    36.5601
  -1565.00   42255.93  0.0461142    13.1063   131.1232   183.8458    36.4281
  -1555.00   42255.15  0.0461938    13.1216   129.3175   184.0959    36.2740
  -1545.00   42256.83  0.0463175    13.1355   127.3625   184.4619    36.1286
  -1535.00   42257.77  0.0462917    13.1520   125.1889   184.9479    36.0073
  -1525.00   42257.33  0.0463745    13.1742   123.0356   185.2871    35.8784
  -1515.00   42258.25  0.0464613    13.1938   120.6530   185.7155    35.7407
  -1505.00   42260.96  0.0463026    13.2090   118.1160   186.1142    35.6292
  -1495.00   42262.13  0.0462867    13.2299   115.4616   186.4657    35.5344
  -1485.00   42260.74  0.0462939    13.2506   112.6758   186.8896    35.4302
  -1475.00   42260.78  0.0461357    13.2641   110.0959   187.0956    35.3229
  -1465.00   42261.46  0.0460746    13.2777   107.4896   187.3405    35.2361
  -1455.00   42260.46  0.0459718    13.2918   104.8672   187.7194    35.1526
  -1445.00   42257.75  0.0459334    13.3040   102.7010   187.8162    35.0435
  -1435.00   42257.04  0.0459517    13.3125   100.6183   187.9850    34.9313
  -1425.00   42257.74  0.0458018    13.3189    98.5798   188.2555    34.8298
  -1415.00   42256.98  0.0458618    13.3305    96.7538   188.4257    34.7129
  -1405.00   42255.41  0.0459994    13.3415    94.9410   188.6583    34.5724
  -1395.00   42256.19  0.0459252    13.3478    93.1800   188.8325    34.4351
  -1385.00   42258.30  0.0459991    13.3602    91.2224   189.1032    34.3085
  -1375.00   42258.22  0.0461451    13.3771    88.9971   189.5303    34.1692
  -1365.00   42257.90  0.0461844    13.3911    86.8733   189.7183    34.0200
  -1355.00   42259.60  0.0462538    13.4056    84.4514   190.0181    33.8902
  -1345.00   42261.71  0.0462325    13.4240    81.6445   190.5577    33.7757
  -1335.00   42261.52  0.0462980    13.4442    78.9999   190.8562    33.6510
  -1325.00   42260.46  0.0463688    13.4610    76.3282   191.1586    33.5290
  -1315.00   42261.00  0.0461822    13.4748    73.6083   191.5423    33.4318
  -1305.00   42261.48  0.0461617    13.4931    71.0322   191.8726    33.3386
  -1295.00   42259.17  0.0462327    13.5097    68.6134   192.2080    33.2317
  -1285.00   42256.98  0.0460618    13.5187    66.5688   192.3375    33.1295
  -1275.00   42256.70  0.0460042    13.5299    64.5801   192.5301    33.0417
  -1265.00   42257.11  0.0460120    13.5424    62.5018   192.9347    32.9449
  -1255.00   42255.67  0.0460047    13.5504    60.8508   192.9892    32.8275
  -1245.00   42255.33  0.0460479    13.5573    59.1161   193.0986    32.7164
  -1235.00   42257.25  0.0459595    13.5644    57.0779   193.4462    32.6109
  -1225.00   42259.19  0.0460760    13.5745    55.0739   193.6497    32.4843
  -1215.00   42259.05  0.0462601    13.5839    52.9146   193.8534    32.3469
  -1205.00   42259.37  0.0461805    13.5902    50.5882   194.0740    32.2178
  -1195.00   42261.45  0.0462739    13.6028    48.0023   194.4073    32.0920
  -1185.00   42262.17  0.0465050    13.6190    45.2032   194.8683    31.9520
  -1175.00   42260.84  0.0465318    13.6310    42.6385   195.0844    31.8109
  -1165.00   42259.87  0.0465725    13.6456    39.9779   195.4139    31.6912
  -1155.00   42260.45  0.0466222    13.6648    37.1083   196.0530    31.5766
  -1145.00   42260.10  0.0466969    13.6825    34.6912   196.3973    31.4525
  -1135.00   42257.74  0.0467293    13.6978    32.4615   196.6938    31.3423
  -1125.00   42256.48  0.0465178    13.7123    30.1857   197.1773    31.2530
  -1115.00   42257.22  0.0464801    13.7287    28.1221   197.5616    31.1587
  -1105.00   42256.94  0.0465401    13.7422    26.1883   197.8690    31.0562
  -1095.00   42255.71  0.0462830    13.7492    24.3877   198.0398    30.9635
  -1085.00   42256.00  0.0461483    13.7586    22.4587   198.2557    30.8770
  -1075.00   42258.38  0.0461971    13.7690    20.2477   198.6449    30.7733
  -1065.00   42259.51  0.0461360    13.7735    18.2534   198.6845    30.6550
  -1055.00   42259.48  0.0461101    13.7791    16.0441   198.7580    30.5450
  -1045.00   42260.48  0.0460515    13.7874    13.3796   199.1620    30.4321
  -1035.00   42262.56  0.0461696    13.7961    10.8672   199.3482    30.2962
  -1025.00   42262.36  0.0463384    13.8053     8.3347   199.5061    30.1609
  -1015.00   42260.54  0.0462223    13.8141     5.7135   199.7991    30.0366
  -1005.00   42259.91  0.0462987    13.8279     3.1456   200.1493    29.9085
   -995.00   42259.95  0.0465404    13.8436     0.6640   200.5473    29.7732
   -985.00   42258.69  0.0465004    13.8552   358.5383   200.7568    29.6453
   -975.00   42256.36  0.0464664    13.8698   356.4383   201.0712    29.5365
   -965.00   42256.08  0.0465437    13.8878   354.1870   201.6492    29.4257
   -955.00   42257.32  0.0465813    13.9012   352.3418   201.8969    29.3084
   -945.00   42256.89  0.0465631    13.9132   350.5086   202.0972    29.2099
   -935.00   42256.25  0.0463836    13.9263   348.3206   202.5811    29.1227
   -925.00   42257.73  0.0463702    13.9383   346.2093   202.8895    29.0226
   -915.00   42259.84  0.0464566    13.9474   344.0436   203.0816    28.9218
   -905.00   42260.34  0.0462265    13.9530   341.7137   203.2768    28.8310
   -895.00   42259.95  0.0461268    13.9607   339.2107   203.5101    28.7369
   -885.00   42261.25  0.0462596    13.9687   336.5303   203.8317    28.6269
   -875.00   42262.66  0.0462235    13.9715   334.1133   203.8752    28.5098
   -865.00   42261.53  0.0462046    13.9765   331.6673   203.9656    28.4006
   -855.00   42259.66  0.0462495    13.9854   328.9747   204.4116    28.2825
   -845.00   42259.51  0.0463859    13.9922   326.7244   204.5913    28.1453
   -835.00   42259.31  0.0465680    14.0000   324.6542   204.7242    28.0155
   -825.00   42257.45  0.0465099    14.0103   322.4592   205.1297    27.8949
   -815.00   42255.61  0.0466138    14.0231   320.4204   205.5195    27.7643
   -805.00   42256.08  0.0468711    14.0367   318.4352   205.8997    27.6342
   -795.00   42257.35  0.0468160    14.0480   316.5295   206.1965    27.5171
   -785.00   42256.67  0.0467809    14.0624   314.4457   206.5976    27.4118
   -775.00   42256.77  0.0468888    14.0788   312.0408   207.1944    27.3043
   -765.00   42259.15  0.0468676    14.0898   309.8149   207.4762    27.1967
   -755.00   42260.91  0.0467942    14.1004   307.4412   207.7147    27.1085
   -745.00   42260.78  0.0466573    14.1130   304.5992   208.2710    27.0238
   -735.00   42260.54  0.0466011    14.1219   301.9300   208.5883    26.9249
   -725.00   42261.82  0.0466228    14.1279   299.3639   208.7472    26.8309
   -715.00   42262.28  0.0463884    14.1333   296.7093   209.0224    26.7432
   -705.00   42260.02  0.0462802    14.1396   294.1901   209.2786    26.6419
   -695.00   42258.45  0.0463896    14.1450   291.8014   209.5453    26.5290
   -685.00   42258.78  0.0462903    14.1473   289.7732   209.6268    26.4138
   -675.00   42258.19  0.0462357    14.1528   287.8551   209.7423    26.3002
   -665.00   42256.19  0.0463300    14.1618   285.7496   210.1645    26.1756
   -655.00   42255.40  0.0464000    14.1680   283.9889   210.3410    26.0397
   -645.00   42256.92  0.0465030    14.1758   282.2780   210.4463    25.9163
   -635.00   42257.68  0.0464901    14.1880   280.1419   210.9011    25.7988
   -625.00   42256.86  0.0465646    14.2001   278.0171   211.2582    25.6713
   -615.00   42257.71  0.0467612    14.2115   275.7788   211.5584    25.5527
   -605.00   42260.40  0.0466634    14.2230   273.3246   211.8998    25.4504
   -595.00   42261.21  0.0466215    14.2361   270.7228   212.2506    25.3491
   -585.00   42260.44  0.0467381    14.2488   267.8773   212.7323    25.2473
   -575.00   42260.82  0.0466536    14.2568   265.2365   212.9818    25.1511
   -565.00   42262.04  0.0465669    14.2653   262.6778   213.1662    25.0657
   -555.00   42261.35  0.0465226    14.2753   259.9181   213.6327    24.9764
   -545.00   42258.55  0.0464708    14.2806   257.5460   213.8805    24.8750
   -535.00   42257.67  0.0464898    14.2840   255.4590   213.9918    24.7811
   -525.00   42258.10  0.0463510    14.2892   253.3173   214.3013    24.6885
   -515.00   42256.67  0.0463018    14.2938   251.4148   214.5171    24.5780
   -505.00   42254.87  0.0464445    14.2970   249.5692   214.7386    24.4639
   -495.00   42255.62  0.0463659    14.2995   247.7820   214.9138    24.3530
   -485.00   42257.62  0.0463531    14.3051   245.9710   215.0606    24.2362
   -475.00   42258.03  0.0465158    14.3126   243.8065   215.4373    24.1117
   -465.00   42257.61  0.0465726    14.3177   241.6687   215.6611    23.9839
   -455.00   42259.68  0.0466655    14.3252   239.4235   215.8216    23.8671
   -445.00   42261.73  0.0467472    14.3372   236.6933   216.3018    23.7518
   -435.00   42261.16  0.0468208    14.3477   234.0126   216.6539    23.6281
   -425.00   42259.94  0.0469967    14.3574   231.3151   216.9652    23.5190
   -415.00   42260.70  0.0469449    14.3696   228.4637   217.4371    23.4242
   -405.00   42261.23  0.0469109    14.3819   225.8275   217.8013    23.3232
   -395.00   42259.25  0.0470188    14.3919   223.2265   218.2491    23.2264
   -385.00   42257.30  0.0468925    14.3994   220.8600   218.6195    23.1418
   -375.00   42257.62  0.0467865    14.4071   218.7700   218.8762    23.0578
   -365.00   42258.06  0.0467564    14.4145   216.6074   219.3134    22.9673
   -355.00   42255.91  0.0466283    14.4172   214.6953   219.5848    22.8717
   -345.00   42255.07  0.0465870    14.4190   212.9147   219.7370    22.7804
   -335.00   42256.81  0.0464893    14.4234   210.8704   220.0900    22.6835
   -325.00   42258.17  0.0463880    14.4260   208.9072   220.2734    22.5687
   -315.00   42257.70  0.0464727    14.4274   206.7982   220.4488    22.4552
   -305.00   42258.46  0.0463984    14.4313   204.4331   220.7193    22.3459
   -295.00   42261.16  0.0463717    14.4375   202.0652   220.8672    22.2245
   -285.00   42262.52  0.0465058    14.4444   199.4332   221.1580    22.1007
   -275.00   42260.90  0.0465003    14.4504   196.7858   221.4234    21.9840
   -265.00   42260.45  0.0465657    14.4594   194.2496   221.6099    21.8728
   -255.00   42261.03  0.0466731    14.4710   191.5507   222.0261    21.7618
   -245.00   42260.07  0.0466571    14.4799   189.1157   222.3250    21.6488
   -235.00   42257.12  0.0467649    14.4881   186.8685   222.5868    21.5512
   -225.00   42256.20  0.0467666    14.4992   184.5491   223.0558    21.4617
   -215.00   42257.23  0.0467051    14.5083   182.5702   223.3336    21.3614
   -205.00   42256.77  0.0467667    14.5140   180.6049   223.6532    21.2685
   -195.00   42255.46  0.0466661    14.5198   178.5641   224.0445    21.1885
   -185.00   42256.33  0.0466062    14.5256   176.6769   224.2586    21.0986
   -175.00   42258.97  0.0466151    14.5293   174.5643   224.5784    21.0022
   -165.00   42259.03  0.0464765    14.5303   172.3427   224.8511    20.9107
   -155.00   42258.48  0.0464725    14.5318   170.0973   225.0052    20.8173
   -145.00   42259.92  0.0464887    14.5351   167.5381   225.3230    20.7150
   -135.00   42262.02  0.0463754    14.5363   165.0301   225.4926    20.6018
   -125.00   42261.52  0.0464417    14.5371   162.4781   225.6562    20.4923
   -115.00   42260.04  0.0464659    14.5416   159.7746   225.9861    20.3851
   -105.00   42260.37  0.0464790    14.5473   157.3753   226.1252    20.2626
    -95.00   42261.04  0.0466039    14.5522   154.9912   226.3695    20.1416
    -85.00   42258.69  0.0466194    14.5587   152.6393   226.7231    20.0340
    -75.00   42256.40  0.0467417    14.5679   150.5994   226.9424    19.9233
    -65.00   42256.46  0.0469104    14.5778   148.5163   227.3172    19.8125
    -55.00   42257.18  0.0468625    14.5853   146.5047   227.6871    19.7099
    -45.00   42255.84  0.0469618    14.5935   144.5502   228.0134    19.6189
    -35.00   42255.50  0.0470509    14.6034   142.3532   228.5153    19.5321
    -25.00   42257.79  0.0469610    14.6102   140.2611   228.8266    19.4373
    -15.00   42259.83  0.0469501    14.6138   137.9635   229.1834    19.3533
     -5.00   42259.65  0.0468716    14.6188   135.3435   229.6777    19.2793
      5.00   42259.75  0.0468017    14.6229   132.8793   229.9062    19.1887
     15.00   42262.01  0.0467508    14.6235   130.2490   230.1892    19.0934
     25.00   42262.38  0.0465527    14.6238   127.4534   230.5596    19.0079
     35.00   42260.54  0.0465185    14.6255   124.8905   230.7449    18.9117
     45.00   42259.34  0.0465482    14.6275   122.3623   230.9860    18.8026
     55.00   42259.92  0.0463632    14.6281   120.0036   231.1842    18.6929
     65.00   42259.43  0.0463630    14.6298   117.8181   231.3735    18.5849
     75.00   42256.91  0.0464428    14.6355   115.6556   231.6895    18.4752
     85.00   42255.99  0.0464199    14.6409   113.8664   231.7821    18.3544
     95.00   42257.38  0.0464763    14.6451   112.0396   231.9850    18.2404
    105.00   42257.14  0.0465017    14.6526   109.9948   232.3932    18.1419
    115.00   42255.96  0.0466103    14.6617   108.1641   232.5657    18.0350
    125.00   42256.72  0.0467442    14.6687   106.1471   232.8175    17.9293
    135.00   42259.25  0.0466535    14.6747   103.8026   233.2245    17.8413
    145.00   42260.12  0.0467253    14.6821   101.3959   233.5429    17.7558
    155.00   42259.64  0.0468536    14.6892    98.7675   233.9264    17.6681
    165.00   42260.75  0.0467122    14.6925    96.1541   234.1892    17.5801
    175.00   42262.65  0.0466652    14.6944    93.4154   234.5233    17.4995
    185.00   42261.93  0.0466611    14.6982    90.5263   234.9984    17.4223
    195.00   42259.74  0.0465937    14.7001    88.0867   235.1369    17.3274
    205.00   42259.35  0.0465304    14.6986    85.7302   235.3308    17.2313
    215.00   42259.34  0.0463888    14.6989    83.2804   235.7413    17.1462
    225.00   42257.77  0.0464058    14.7008    81.2641   235.9055    17.0449
    235.00   42255.56  0.0464735    14.7011    79.4292   236.0319    16.9317
    245.00   42255.89  0.0463122    14.7011    77.5568   236.2561    16.8285
    255.00   42257.43  0.0463513    14.7036    75.7165   236.4828    16.7232
    265.00   42256.89  0.0465271    14.7087    73.7769   236.7606    16.6111
    275.00   42256.65  0.0464983    14.7123    71.9287   236.8496    16.4972
    285.00   42258.71  0.0465516    14.7159    69.8100   237.0712    16.3913
    295.00   42260.65  0.0466692    14.7236    67.2405   237.5531    16.2969
    305.00   42260.60  0.0467935    14.7317    64.8312   237.7410    16.1931
    315.00   42260.08  0.0469026    14.7366    62.2723   237.9690    16.0936
    325.00   42261.32  0.0468446    14.7425    59.3329   238.4860    16.0161
    335.00   42262.14  0.0469419    14.7501    56.5376   238.8844    15.9338
    345.00   42260.28  0.0470820    14.7552    53.8610   239.2410    15.8459
    355.00   42258.61  0.0468883    14.7567    51.3093   239.5882    15.7690
    365.00   42258.80  0.0468096    14.7586    48.8691   239.9948    15.6933
    375.00   42258.51  0.0468508    14.7614    46.4787   240.4948    15.6126
    385.00   42256.56  0.0466938    14.7607    44.5791   240.6492    15.5202
    395.00   42255.39  0.0465403    14.7579    42.7452   240.8399    15.4272
    405.00   42256.46  0.0464137    14.7581    40.6422   241.2960    15.3409
    415.00   42257.52  0.0463994    14.7595    38.8444   241.4298    15.2353
    425.00   42256.80  0.0463991    14.7585    37.0452   241.4819    15.1210
    435.00   42257.37  0.0462117    14.7590    34.8698   241.7401    15.0234
    445.00   42259.95  0.0462581    14.7632    32.5882   241.9638    14.9196
    455.00   42261.17  0.0464567    14.7683    30.1749   242.1706    14.8060
    465.00   42260.76  0.0463710    14.7715    27.7169   242.2886    14.7038
    475.00   42260.74  0.0463814    14.7761    25.0934   242.5250    14.6093
    485.00   42261.83  0.0465521    14.7842    22.2279   242.9958    14.5181
    495.00   42261.55  0.0466195    14.7902    19.7437   243.1620    14.4215
    505.00   42259.03  0.0466408    14.7931    17.3744   243.3467    14.3318
    515.00   42257.73  0.0465854    14.7981    14.7989   243.8656    14.2600
    525.00   42258.07  0.0466677    14.8039    12.5973   244.1867    14.1760
    535.00   42257.21  0.0467743    14.8056    10.6305   244.4115    14.0853
    545.00   42255.59  0.0465629    14.8053     8.6073   244.7516    14.0128
    555.00   42255.62  0.0464960    14.8067     6.6252   245.0999    13.9348
    565.00   42257.43  0.0466109    14.8080     4.5853   245.4702    13.8438
    575.00   42258.19  0.0464440    14.8055     2.6674   245.6094    13.7543
    585.00   42257.72  0.0462962    14.8025     0.5960   245.7818    13.6648
    595.00   42258.98  0.0462723    14.8033   358.0897   246.2189    13.5750
    605.00   42261.21  0.0462715    14.8036   355.7886   246.3082    13.4701
    615.00   42261.49  0.0462841    14.8016   353.4461   246.3353    13.3610
    625.00   42260.46  0.0461561    14.8025   350.7242   246.6510    13.2692
    635.00   42260.81  0.0462498    14.8073   348.1396   246.8544    13.1665
    645.00   42261.53  0.0464935    14.8110   345.6900   247.0073    13.0522
    655.00   42260.52  0.0464400    14.8136   343.2963   247.1948    12.9583
    665.00   42258.02  0.0464818    14.8191   340.9693   247.4815    12.8702
    675.00   42257.46  0.0467241    14.8270   338.6367   247.9372    12.7755
    685.00   42257.82  0.0467776    14.8312   336.6621   248.1543    12.6852
    695.00   42256.51  0.0467840    14.8336   334.7438   248.4039    12.6059
    705.00   42255.18  0.0467781    14.8388   332.4912   249.0015    12.5365
    715.00   42256.24  0.0468218    14.8427   330.4750   249.3406    12.4546
    725.00   42258.18  0.0468729    14.8419   328.4819   249.5692    12.3697
    735.00   42258.66  0.0466579    14.8407   326.1048   250.0108    12.3041
    745.00   42258.68  0.0465640    14.8418   323.6562   250.3888    12.2270
    755.00   42260.69  0.0466436    14.8409   321.1440   250.6973    12.1311
    765.00   42262.47  0.0464300    14.8371   318.5910   250.8982    12.0468
    775.00   42261.69  0.0462586    14.8351   315.9872   251.1003    11.9610
    785.00   42260.45  0.0462728    14.8367   313.1941   251.5053    11.8633
    795.00   42260.68  0.0461976    14.8362   310.7805   251.5945    11.7603
    805.00   42260.81  0.0461735    14.8348   308.5770   251.6095    11.6572
    815.00   42258.65  0.0460968    14.8378   306.1638   251.9671    11.5671
    825.00   42256.98  0.0461464    14.8429   304.1117   252.1343    11.4661
    835.00   42257.24  0.0463293    14.8455   302.2841   252.2352    11.3559
    845.00   42257.82  0.0462597    14.8480   300.3739   252.4694    11.2723
    855.00   42256.21  0.0462872    14.8542   298.4545   252.7469    11.1906
    865.00   42255.77  0.0465023    14.8601   296.4255   253.1251    11.0947
    875.00   42257.63  0.0464791    14.8615   294.4367   253.3467    11.0125
    885.00   42259.07  0.0464495    14.8632   292.3008   253.5705    10.9425
    895.00   42258.80  0.0464860    14.8675   289.6974   254.1056    10.8695
    905.00   42259.45  0.0464673    14.8685   287.2064   254.3805    10.7873
    915.00   42261.73  0.0464740    14.8657   284.7216   254.5346    10.7068
    925.00   42262.83  0.0463250    14.8647   281.8917   254.9400    10.6407
    935.00   42261.21  0.0462558    14.8653   279.1878   255.2348    10.5591
    945.00   42260.28  0.0463349    14.8627   276.6577   255.4509    10.4599
    955.00   42260.63  0.0461668    14.8585   274.2247   255.6602    10.3779
    965.00   42259.61  0.0460583    14.8580   271.9923   255.8269    10.2935
    975.00   42256.87  0.0461491    14.8593   269.7826   256.1557    10.1890
    985.00   42255.82  0.0460814    14.8576   267.8976   256.2829    10.0890
    995.00   42256.91  0.0460765    14.8565   266.2097   256.3138     9.9941
   1005.00   42256.83  0.0461109    14.8607   264.2289   256.6634     9.9019
   1015.00   42255.96  0.0461601    14.8644   262.3881   256.8415     9.8031
   1025.00   42256.77  0.0463317    14.8654   260.5377   256.9627     9.7002
   1035.00   42259.54  0.0463271    14.8685   258.3320   257.2702     9.6229
   1045.00   42259.92  0.0463866    14.8746   255.9832   257.5520     9.5445
   1055.00   42259.32  0.0466121    14.8787   253.4242   257.9205     9.4501
   1065.00   42260.40  0.0465926    14.8789   250.7565   258.2483     9.3771
   1075.00   42262.14  0.0465738    14.8814   248.0536   258.5235     9.3158
   1085.00   42261.61  0.0466525    14.8854   245.1245   259.0382     9.2403
   1095.00   42259.79  0.0465879    14.8841   242.4255   259.3842     9.1619
   1105.00   42259.66  0.0465463    14.8805   239.9701   259.6073     9.0912
   1115.00   42260.29  0.0464308    14.8803   237.4479   260.0428     9.0234
   1125.00   42258.24  0.0463116    14.8796   235.2366   260.3333     8.9385
   1135.00   42255.90  0.0463253    14.8751   233.2651   260.5501     8.8412
   1145.00   42256.05  0.0461589    14.8712   231.3095   260.8278     8.7607
   1155.00   42256.98  0.0460292    14.8719   229.5119   260.9827     8.6741
   1165.00   42256.09  0.0460984    14.8727   227.6189   261.2359     8.5645
   1175.00   42255.68  0.0460050    14.8705   225.6885   261.4212     8.4683
   1185.00   42257.94  0.0459760    14.8712   223.7458   261.4832     8.3825
   1195.00   42260.23  0.0460377    14.8769   221.4211   261.7770     8.2878
   1205.00   42260.20  0.0460277    14.8797   219.0350   261.9619     8.1940
   1215.00   42259.97  0.0461429    14.8799   216.5898   262.0928     8.1059
   1225.00   42261.91  0.0461641    14.8844   213.8679   262.4137     8.0336
   1235.00   42262.30  0.0461632    14.8895   211.2193   262.6362     7.9580
   1245.00   42260.30  0.0463199    14.8909   208.5981   262.9193     7.8686
   1255.00   42258.62  0.0462973    14.8900   206.0161   263.2632     7.8015
   1265.00   42258.89  0.0462636    14.8923   203.6933   263.4820     7.7403
   1275.00   42258.63  0.0463323    14.8947   201.4014   263.8579     7.6566
   1285.00   42256.15  0.0462492    14.8910   199.2968   264.1783     7.5774
   1295.00   42255.23  0.0462267    14.8875   197.4120   264.3708     7.5106
   1305.00   42256.86  0.0461892    14.8881   195.4168   264.7292     7.4340
   1315.00   42257.23  0.0460628    14.8862   193.5165   264.9644     7.3444
   1325.00   42256.27  0.0460858    14.8806   191.5986   265.1434     7.2537
   1335.00   42257.03  0.0460195    14.8779   189.4390   265.4295     7.1745
   1345.00   42259.64  0.0459196    14.8790   187.2758   265.5557     7.0860
   1355.00   42260.66  0.0459883    14.8783   184.9144   265.7467     6.9781
   1365.00   42259.78  0.0459485    14.8755   182.3662   265.9796     6.8880
   1375.00   42260.43  0.0459711    14.8776   179.8856   266.0600     6.8078
   1385.00   42262.17  0.0460784    14.8834   177.2535   266.3035     6.7091
   1395.00   42261.41  0.0460646    14.8848   174.6745   266.5290     6.6172
   1405.00   42258.96  0.0462049    14.8855   172.2634   266.6954     6.5416
   1415.00   42258.42  0.0463250    14.8915   169.8405   267.0342     6.4683
   1425.00   42258.70  0.0463165    14.8959   167.6461   267.2856     6.3918
   1435.00   42257.31  0.0464471    14.8955   165.5469   267.5937     6.3121
   1445.00   42255.12  0.0464912    14.8950   163.4236   268.0208     6.2514
   1455.00   42255.56  0.0464696    14.8970   161.4929   268.2846     6.1909
   1465.00   42257.45  0.0465054    14.8971   159.4562   268.6625     6.1066
   1475.00   42257.02  0.0463969    14.8915   157.2846   269.0809     6.0328
   1485.00   42256.81  0.0463627    14.8884   155.1476   269.3209     5.9708
   1495.00   42259.01  0.0463348    14.8888   152.7830   269.6649     5.8877
   1505.00   42261.14  0.0461295    14.8852   150.3138   269.9502     5.7948
   1515.00   42260.95  0.0460923    14.8798   147.7863   270.1537     5.7125
   1525.00   42260.12  0.0460656    14.8794   145.1137   270.4372     5.6320
   1535.00   42261.24  0.0459218    14.8811   142.5904   270.5571     5.5383
   1545.00   42261.87  0.0459160    14.8800   140.0761   270.7307     5.4358
   1555.00   42259.59  0.0458875    14.8787   137.5615   271.0028     5.3530
   1565.00   42257.73  0.0459011    14.8827   135.4008   271.0621     5.2750
   1575.00   42258.09  0.0459828    14.8878   133.3093   271.2420     5.1760
   1585.00   42257.99  0.0459205    14.8878   131.2455   271.5162     5.0893
   1595.00   42256.15  0.0460295    14.8893   129.3874   271.6660     5.0244
   1605.00   42255.28  0.0461753    14.8951   127.4925   271.9272     4.9491
   1615.00   42257.00  0.0461058    14.8972   125.5975   272.1617     4.8680
   1625.00   42258.16  0.0461818    14.8949   123.5658   272.4388     4.7989
   1635.00   42257.38  0.0462645    14.8948   121.3038   272.8236     4.7390
   1645.00   42258.04  0.0462285    14.8961   119.0801   273.0112     4.6712
   1655.00   42260.70  0.0462347    14.8936   116.6005   273.3142     4.5875
   1665.00   42261.59  0.0461461    14.8878   113.8483   273.7471     4.5165
   1675.00   42260.72  0.0461324    14.8858   111.2459   273.9318     4.4532
   1685.00   42260.62  0.0461418    14.8860   108.6126   274.1687     4.3639
   1695.00   42261.72  0.0459385    14.8811   105.9631   274.4711     4.2694
   1705.00   42261.12  0.0459199    14.8769   103.5001   274.6688     4.1938
   1715.00   42258.29  0.0459823    14.8782   101.1878   274.8860     4.1105
   1725.00   42257.33  0.0458546    14.8793    99.1745   274.9759     4.0101
   1735.00   42257.87  0.0458626    14.8771    97.2179   275.1438     3.9156
   1745.00   42256.91  0.0459234    14.8774    95.2250   275.4444     3.8374
   1755.00   42255.37  0.0459738    14.8821    93.5421   275.4816     3.7560
   1765.00   42256.09  0.0460778    14.8853    91.7604   275.6255     3.6591
   1775.00   42258.26  0.0460663    14.8845    89.6649   275.9891     3.5791
   1785.00   42258.90  0.0462066    14.8872    87.5871   276.1784     3.5198
   1795.00   42258.45  0.0464008    14.8927    85.3399   276.4122     3.4440
   1805.00   42260.16  0.0463244    14.8925    82.8548   276.7270     3.3634
   1815.00   42262.05  0.0464037    14.8901    80.1670   277.0763     3.3067
   1825.00   42261.58  0.0465414    14.8911    77.3163   277.5153     3.2496
   1835.00   42260.19  0.0464650    14.8914    74.6677   277.7427     3.1757
   1845.00   42260.58  0.0464301    14.8868    71.9443   278.0911     3.1001
   1855.00   42261.01  0.0463578    14.8815    69.1398   278.6274     3.0334
   1865.00   42259.39  0.0463079    14.8807    66.7937   278.8426     2.9646
   1875.00   42257.28  0.0462569    14.8794    64.6518   279.0439     2.8720
   1885.00   42257.35  0.0460170    14.8736    62.5056   279.4044     2.7777
   1895.00   42257.90  0.0459704    14.8713    60.5841   279.6166     2.7038
   1905.00   42256.32  0.0460306    14.8741    58.7996   279.7641     2.6158
   1915.00   42255.56  0.0458397    14.8743    57.0862   279.8492     2.5111
   1925.00   42257.11  0.0458170    14.8725    55.2013   280.0069     2.4266
   1935.00   42258.84  0.0459318    14.8751    53.0516   280.2995     2.3535
   1945.00   42258.86  0.0459413    14.8803    51.0265   280.3187     2.2690
   1955.00   42259.32  0.0459891    14.8814    48.7523   280.4346     2.1810
   1965.00   42261.48  0.0459986    14.8806    46.0415   280.8419     2.1112
   1975.00   42262.79  0.0461165    14.8841    43.4367   281.0311     2.0529
   1985.00   42261.37  0.0462646    14.8878    40.8569   281.1943     1.9759
   1995.00   42260.29  0.0461380    14.8851    38.1604   281.5286     1.8967
   2005.00   42260.36  0.0461868    14.8829    35.5546   281.8405     1.8429
   2015.00   42259.84  0.0463580    14.8846    33.0656   282.1955     1.7803
   2025.00   42257.34  0.0462273    14.8835    30.9263   282.3824     1.6953
   2035.00   42256.18  0.0461755    14.8780    28.8260   282.6591     1.6235
   2045.00   42256.92  0.0461793    14.8741    26.6376   283.1425     1.5571
   2055.00   42257.27  0.0461453    14.8744    24.8399   283.2936     1.4772
   2065.00   42256.19  0.0460904    14.8715    23.0537   283.4310     1.3863
   2075.00   42256.54  0.0458988    14.8654    20.9836   283.7960     1.2974
   2085.00   42258.79  0.0458991    14.8648    18.9479   283.9810     1.2226
   2095.00   42259.68  0.0459999    14.8673    16.8672   284.0655     1.1328
   2105.00   42259.29  0.0458182    14.8658    14.6125   284.1883     1.0289
   2115.00   42259.98  0.0458213    14.8644    12.1474   284.3532     0.9521
   2125.00   42261.89  0.0460369    14.8688     9.4921   284.6142     0.8804
   2135.00   42262.05  0.0460702    14.8737     7.0370   284.6633     0.7898
   2145.00   42260.42  0.0461292    14.8737     4.5109   284.8100     0.7106
   2155.00   42259.73  0.0462257    14.8741     1.7720   285.2660     0.6496
   2165.00   42260.05  0.0463811    14.8789   359.4001   285.4929     0.5872
   2175.00   42258.62  0.0465278    14.8808   357.2268   285.6861     0.5129
   2185.00   42256.24  0.0464161    14.8768   354.9506   286.1405     0.4419
   2195.00   42255.59  0.0464523    14.8751   352.8377   286.5191     0.3905
   2205.00   42256.70  0.0466235    14.8763   350.8324   286.8624     0.3247
   2215.00   42256.45  0.0464368    14.8726   348.8991   287.1530     0.2363
   2225.00   42256.05  0.0463263    14.8663   346.8355   287.4774     0.1691
   2235.00   42257.44  0.0463427    14.8637   344.5144   287.9521     0.1028
   2245.00   42259.98  0.0462457    14.8640   342.3788   288.1101     0.0103
   2255.00   42260.40  0.0461396    14.8600   340.0737   288.2584   359.9228
   2265.00   42259.99  0.0459637    14.8552   337.3877   288.6615   359.8411
   2275.00   42261.14  0.0459480    14.8574   334.8459   288.8257   359.7602
   2285.00   42262.16  0.0460182    14.8598   332.3839   288.8716   359.6710
   2295.00   42261.16  0.0458361    14.8580   329.8400   289.0576   359.5737
   2305.00   42259.22  0.0458262    14.8586   327.3673   289.2458   359.5031
   2315.00   42259.01  0.0460360    14.8641   325.0291   289.4402   359.4317
   2325.00   42259.25  0.0460195    14.8675   322.9977   289.5144   359.3378
   2335.00   42257.38  0.0460311    14.8665   320.9978   289.6770   359.2663
   2345.00   42255.59  0.0461439    14.8678   318.8408   290.1066   359.2104
   2355.00   42256.18  0.0462358    14.8722   317.0059   290.2955   359.1375
   2365.00   42257.12  0.0463151    14.8716   315.1944   290.4459   359.0632
   2375.00   42256.65  0.0462218    14.8668   313.0099   290.9054   358.9983
   2385.00   42256.57  0.0462379    14.8661   310.8264   291.2405   358.9409
   2395.00   42258.80  0.0463691    14.8663   308.6029   291.4721   358.8686
   2405.00   42260.88  0.0461895    14.8609   306.1854   291.7588   358.7795
   2415.00   42260.77  0.0460884    14.8551   303.5961   292.0462   358.7136
   2425.00   42260.54  0.0461570    14.8543   300.8342   292.4193   358.6449
   2435.00   42262.02  0.0460537    14.8537   298.3114   292.5565   358.5436
   2445.00   42262.17  0.0459766    14.8494   295.8165   292.6658   358.4583
   2455.00   42260.15  0.0459089    14.8464   293.1507   293.0435   358.3835
   2465.00   42258.43  0.0459132    14.8499   290.8855   293.1852   358.2934
   2475.00   42258.40  0.0459958    14.8514   288.8737   293.2146   358.2032
   2485.00   42258.19  0.0458923    14.8492   286.8254   293.4415   358.1138
   2495.00   42255.97  0.0459357    14.8517   284.9043   293.6435   358.0427
   2505.00   42255.29  0.0461606    14.8569   283.0659   293.8205   357.9693
   2515.00   42257.00  0.0461544    14.8584   281.2834   293.9739   357.8763
   2525.00   42257.69  0.0461980    14.8573   279.3417   294.1875   357.8115
   2535.00   42257.21  0.0463819    14.8597   277.0551   294.6170   357.7597
   2545.00   42258.04  0.0464515    14.8629   274.8241   294.8795   357.6816
   2555.00   42260.51  0.0465079    14.8602   272.4541   295.0990   357.6112
   2565.00   42261.58  0.0464829    14.8558   269.6309   295.6157   357.5568
   2575.00   42260.55  0.0464863    14.8557   266.8585   295.9979   357.4942
   2585.00   42260.79  0.0465519    14.8541   264.1640   296.2692   357.4181
   2595.00   42262.14  0.0463658    14.8472   261.4060   296.6500   357.3341
   2605.00   42261.26  0.0462441    14.8428   258.7893   296.9616   357.2668
   2615.00   42258.84  0.0462855    14.8428   256.2991   297.2912   357.1912
   2625.00   42258.03  0.0461207    14.8410   254.1294   297.5051   357.0843
   2635.00   42258.41  0.0460027    14.8368   252.1688   297.6284   356.9985
   2645.00   42257.30  0.0459812    14.8369   250.1089   297.9565   356.9263
   2655.00   42255.28  0.0459361    14.8411   248.3286   298.1122   356.8280
   2665.00   42255.73  0.0459703    14.8418   246.6356   298.1648   356.7369
   2675.00   42257.79  0.0459016    14.8405   244.6623   298.4297   356.6604
   2685.00   42257.74  0.0459242    14.8448   242.6619   298.6091   356.5880
   2695.00   42257.59  0.0460939    14.8490   240.5196   298.7713   356.5133
   2705.00   42259.63  0.0460516    14.8481   238.1732   299.0027   356.4282
   2715.00   42261.83  0.0460648    14.8473   235.6920   299.1968   356.3673
   2725.00   42261.78  0.0462244    14.8499   232.9556   299.5263   356.3131
   2735.00   42260.53  0.0462265    14.8509   230.2786   299.8019   356.2290
   2745.00   42261.21  0.0462437    14.8466   227.6859   300.0030   356.1577
   2755.00   42261.66  0.0462605    14.8436   224.9407   300.4231   356.1047
   2765.00   42259.31  0.0462319    14.8443   222.4765   300.7289   356.0300
   2775.00   42257.12  0.0462783    14.8412   220.2470   300.9607   355.9467
   2785.00   42257.36  0.0461588    14.8344   218.0266   301.3392   355.8682
   2795.00   42257.61  0.0460603    14.8321   216.0603   301.5788   355.7953
   2805.00   42256.14  0.0461107    14.8321   214.1550   301.8249   355.7125
   2815.00   42255.33  0.0459836    14.8285   212.2762   302.0907   355.6072
   2825.00   42257.30  0.0459043    14.8246   210.4618   302.2128   355.5228
   2835.00   42258.81  0.0459453    14.8262   208.3871   302.4603   355.4492
   2845.00   42258.12  0.0459005    14.8295   206.2743   302.6395   355.3462
   2855.00   42258.49  0.0459625    14.8287   204.0815   302.7222   355.2550
   2865.00   42260.90  0.0459947    14.8289   201.5266   302.9961   355.1877
   2875.00   42261.84  0.0460186    14.8345   198.9936   303.1589   355.1111
   2885.00   42260.60  0.0461944    14.8377   196.3912   303.3345   355.0335
   2895.00   42260.16  0.0462270    14.8360   193.6680   303.6635   354.9608
   2905.00   42261.16  0.0462735    14.8366   191.1379   303.8791   354.9023
   2915.00   42260.72  0.0464297    14.8393   188.6245   304.1933   354.8449
   2925.00   42257.72  0.0464323    14.8376   186.2270   304.5862   354.7634
   2935.00   42256.70  0.0464702    14.8321   184.0883   304.8687   354.6951
   2945.00   42257.36  0.0465209    14.8297   181.9069   305.2910   354.6411
   2955.00   42256.65  0.0464246    14.8293   179.8805   305.6650   354.5576
   2965.00   42255.04  0.0464325    14.8238   177.9439   305.9631   354.4689
   2975.00   42255.87  0.0463589    14.8173   175.8111   306.3930   354.3953
   2985.00   42258.38  0.0462059    14.8168   173.7599   306.6452   354.3138
   2995.00   42259.17  0.0461830    14.8166   171.5633   306.8899   354.2215
   3005.00   42258.67  0.0460628    14.8123   169.1291   307.2296   354.1230
   3015.00   42260.34  0.0459749    14.8107   166.7555   307.3561   354.0405
   3025.00   42262.23  0.0459853    14.8141   164.1859   307.5472   353.9631
   3035.00   42261.49  0.0458783    14.8165   161.5502   307.7881   353.8618
   3045.00   42259.63  0.0459211    14.8153   159.0701   307.8867   353.7752
   3055.00   42259.70  0.0459884    14.8173   156.5060   308.1222   353.7134
   3065.00   42260.17  0.0459253    14.8230   154.1707   308.2908   353.6325
   3075.00   42258.23  0.0460303    14.8242   151.9770   308.4679   353.5495
   3085.00   42256.26  0.0460983    14.8220   149.7690   308.7994   353.4864
   3095.00   42256.63  0.0461120    14.8233   147.8723   308.9613   353.4233
   3105.00   42257.66  0.0461969    14.8251   145.9465   309.2153   353.3530
   3115.00   42256.15  0.0461922    14.8211   143.8848   309.6287   353.2746
   3125.00   42255.57  0.0462441    14.8155   141.9757   309.8477   353.2053
   3135.00   42257.42  0.0463071    14.8141   139.8523   310.1539   353.1430
   3145.00   42259.28  0.0461720    14.8123   137.5241   310.5449   353.0532
   3155.00   42258.93  0.0461872    14.8056   135.1579   310.8177   352.9623
   3165.00   42259.27  0.0462003    14.8006   132.5428   311.1695   352.8916
   3175.00   42261.47  0.0460343    14.8012   129.9715   311.3939   352.8029
   3185.00   42262.55  0.0459914    14.8001   127.3285   311.6374   352.7022
   3195.00   42260.72  0.0459516    14.7957   124.5877   311.9861   352.6128
   3205.00   42259.50  0.0459033    14.7960   122.2158   312.0600   352.5293
   3215.00   42259.75  0.0459191    14.8000   119.8959   312.2001   352.4430
   3225.00   42259.04  0.0458403    14.8010   117.5644   312.5193   352.3451
   3235.00   42256.36  0.0459326    14.8001   115.6157   312.6091   352.2626
   3245.00   42255.43  0.0460747    14.8033   113.6848   312.7796   352.1994
   3255.00   42256.75  0.0460129    14.8081   111.7997   313.0119   352.1154
   3265.00   42257.01  0.0461389    14.8072   109.9180   313.2523   352.0323
   3275.00   42256.21  0.0463029    14.8052   107.8510   313.5966   351.9777
   3285.00   42257.03  0.0463239    14.8066   105.8727   313.7790   351.9129
   3295.00   42259.79  0.0463850    14.8063   103.6032   314.1096   351.8338
   3305.00   42260.23  0.0464276    14.8003   100.9572   314.6340   351.7653
   3315.00   42259.56  0.0464817    14.7950    98.4568   314.8845   351.6978
   3325.00   42260.34  0.0465035    14.7935    95.7861   315.1903   351.6245
   3335.00   42262.00  0.0463416    14.7895    92.8364   315.7296   351.5337
   3345.00   42261.46  0.0463293    14.7824    90.1047   316.0752   351.4424
   3355.00   42259.52  0.0463428    14.7793    87.4716   316.3810   351.3673
   3365.00   42259.19  0.0461018    14.7803    85.0244   316.6597   351.2703
   3375.00   42259.74  0.0460062    14.7785    82.7195   316.9607   351.1626
   3385.00   42257.94  0.0460011    14.7758    80.4975   317.3030   351.0789
   3395.00   42255.78  0.0458986    14.7784    78.7344   317.3356   350.9935
   3405.00   42255.90  0.0458477    14.7824    76.9730   317.4511   350.8983
   3415.00   42257.10  0.0457976    14.7823    74.9535   317.8302   350.8089
   3425.00   42256.66  0.0458722    14.7821    73.2053   317.8957   350.7323
   3435.00   42256.43  0.0459801    14.7856    71.3248   317.9750   350.6648
   3445.00   42258.51  0.0458795    14.7880    69.1011   318.2751   350.5805
   3455.00   42260.89  0.0459876    14.7851    66.7557   318.5372   350.4995
   3465.00   42260.93  0.0461668    14.7832    64.2033   318.8160   350.4445
   3475.00   42260.51  0.0461059    14.7843    61.6862   318.9789   350.3727
   3485.00   42261.90  0.0461189    14.7816    58.9601   319.3102   350.2839
   3495.00   42262.23  0.0462026    14.7756    56.0278   319.8172   350.2169
   3505.00   42260.51  0.0462296    14.7719    53.5239   319.9962   350.1457
   3515.00   42258.59  0.0461970    14.7705    51.1146   320.2236   350.0576
   3525.00   42258.62  0.0460807    14.7653    48.5343   320.7670   349.9671
   3535.00   42258.63  0.0461068    14.7588    46.3689   321.0672   349.8768
   3545.00   42256.62  0.0461380    14.7574    44.4353   321.2518   349.7936
   3555.00   42255.63  0.0458965    14.7572    42.4913   321.5489   349.6922
   3565.00   42256.99  0.0458378    14.7539    40.5908   321.8430   349.5832
   3575.00   42257.82  0.0459224    14.7522    38.6219   322.1232   349.5005
   3585.00   42257.34  0.0458029    14.7555    36.8242   322.1482   349.4117
   3595.00   42257.77  0.0457431    14.7580    34.8073   322.2688   349.3095
   3605.00   42260.09  0.0457958    14.7572    32.3283   322.6594   349.2267
   3615.00   42261.52  0.0459101    14.7583    30.0352   322.7133   349.1547
   3625.00   42260.85  0.0460172    14.7620    27.6252   322.7640   349.0811
   3635.00   42260.85  0.0459748    14.7621    24.8153   323.1580   349.0016
   3645.00   42262.13  0.0461451    14.7584    22.1129   323.4593   348.9280
