  -7305.00   42259.16  0.0306492     6.5686     0.5244   214.9870   251.7044
  -7295.00   42257.03  0.0305899     6.5467   358.4423   215.5147   251.3627
  -7285.00   42256.75  0.0305944     6.5171   356.1674   216.2973   251.0103
  -7275.00   42258.28  0.0306028     6.4943   354.1919   216.7097   250.7132
  -7265.00   42258.58  0.0305828     6.4838   352.2472   217.0516   250.3806
  -7255.00   42258.37  0.0304184     6.4675   349.9159   217.7122   249.9814
  -7245.00   42259.90  0.0304059     6.4504   347.5056   218.2203   249.6662
  -7235.00   42262.36  0.0305097     6.4416   345.1107   218.4643   249.4251
  -7225.00   42263.11  0.0303729     6.4331   342.5657   218.7723   249.1168
  -7215.00   42262.20  0.0303145     6.4220   339.8282   219.1852   248.8290
  -7205.00   42262.68  0.0304435     6.4049   336.9949   219.5737   248.6371
  -7195.00   42263.16  0.0304427     6.3911   334.4470   219.7086   248.4466
  -7185.00   42261.75  0.0304557     6.3801   331.9992   219.9007   248.2254
  -7175.00   42259.30  0.0304702     6.3559   329.3571   220.4567   247.9915
  -7165.00   42258.75  0.0305552     6.3295   327.0825   220.7479   247.8172
  -7155.00   42259.07  0.0307057     6.3111   325.0721   220.9365   247.6348
  -7145.00   42257.98  0.0306341     6.2866   322.9420   221.4688   247.3344
  -7135.00   42256.72  0.0306643     6.2556   320.7848   222.0746   247.0500
  -7125.00   42257.74  0.0308348     6.2292   318.6688   222.5723   246.8140
  -7115.00   42259.53  0.0307694     6.2087   316.5787   223.0471   246.4807
  -7105.00   42259.54  0.0307006     6.1876   314.2384   223.7110   246.0885
  -7095.00   42259.54  0.0307205     6.1624   311.5483   224.5243   245.7349
  -7085.00   42261.44  0.0306730     6.1456   308.9865   225.0079   245.4085
  -7075.00   42263.30  0.0306261     6.1384   306.3943   225.4328   245.0404
  -7065.00   42263.06  0.0304817     6.1237   303.4442   226.1666   244.6339
  -7055.00   42262.13  0.0304235     6.1085   300.6013   226.6825   244.3269
  -7045.00   42262.64  0.0304746     6.1040   298.0226   226.9299   244.0810
  -7035.00   42262.85  0.0303254     6.0965   295.5030   227.3060   243.7521
  -7025.00   42260.42  0.0302414     6.0820   293.0525   227.7392   243.4633
  -7015.00   42258.41  0.0303319     6.0668   290.7620   228.0640   243.2913
  -7005.00   42258.18  0.0302745     6.0533   288.7808   228.2582   243.0720
  -6995.00   42258.44  0.0302510     6.0382   286.9241   228.4827   242.8137
  -6985.00   42257.06  0.0302781     6.0112   284.8055   228.9894   242.5820
  -6975.00   42256.93  0.0302930     5.9845   282.8278   229.3001   242.3711
  -6965.00   42258.95  0.0303862     5.9658   280.8992   229.5191   242.1266
  -6955.00   42260.82  0.0303306     5.9387   278.5945   230.0887   241.7701
  -6945.00   42260.64  0.0303288     5.9065   276.0810   230.6780   241.4384
  -6935.00   42261.12  0.0304591     5.8844   273.4822   231.1563   241.1486
  -6925.00   42263.15  0.0303790     5.8670   270.8045   231.7051   240.7308
  -6915.00   42263.73  0.0303140     5.8457   267.9946   232.3472   240.2802
  -6905.00   42262.20  0.0303558     5.8257   265.0400   233.0441   239.9145
  -6895.00   42261.34  0.0302860     5.8158   262.3522   233.5353   239.5415
  -6885.00   42261.82  0.0302472     5.8111   259.9130   233.9455   239.1320
  -6875.00   42261.29  0.0301772     5.7981   257.4132   234.5509   238.7420
  -6865.00   42258.80  0.0301288     5.7862   255.1492   234.9774   238.4492
  -6855.00   42257.66  0.0301970     5.7842   253.1917   235.2058   238.1994
  -6845.00   42258.62  0.0301216     5.7754   251.2597   235.5819   237.8699
  -6835.00   42258.16  0.0300875     5.7564   249.3030   235.9537   237.5997
  -6825.00   42257.02  0.0302195     5.7408   247.2949   236.2426   237.4375
  -6815.00   42257.65  0.0302082     5.7268   245.2530   236.5605   237.1805
  -6805.00   42260.20  0.0302205     5.7055   243.1093   236.8994   236.8725
  -6795.00   42261.19  0.0303039     5.6769   240.5821   237.3983   236.6276
  -6785.00   42261.15  0.0303222     5.6528   237.9507   237.8576   236.3567
  -6775.00   42262.20  0.0304114     5.6352   235.3116   238.2861   236.0168
  -6765.00   42264.12  0.0304022     5.6092   232.4418   238.9471   235.6141
  -6755.00   42263.44  0.0303783     5.5818   229.5387   239.6007   235.2393
  -6745.00   42261.26  0.0304854     5.5672   226.7592   240.1823   234.8939
  -6735.00   42260.61  0.0304242     5.5551   224.1068   240.8928   234.4260
  -6725.00   42260.66  0.0303440     5.5364   221.6384   241.5717   233.9583
  -6715.00   42259.02  0.0303700     5.5224   219.2440   242.2218   233.6061
  -6705.00   42256.96  0.0302814     5.5184   217.0589   242.8370   233.2103
  -6695.00   42257.18  0.0302279     5.5137   215.0961   243.3703   232.7725
  -6685.00   42258.63  0.0301603     5.5012   213.0465   243.9363   232.4143
  -6675.00   42258.24  0.0300577     5.4923   210.9747   244.4010   232.1194
  -6665.00   42257.79  0.0300826     5.4909   208.9300   244.7420   231.8310
  -6655.00   42259.72  0.0300123     5.4803   206.7044   245.1762   231.4941
  -6645.00   42261.68  0.0299163     5.4602   204.3114   245.5331   231.2203
  -6635.00   42261.66  0.0299836     5.4457   201.7650   245.8019   231.0366
  -6625.00   42261.17  0.0299580     5.4320   199.0951   246.2041   230.7315
  -6615.00   42262.57  0.0299357     5.4065   196.4499   246.5756   230.3783
  -6605.00   42263.42  0.0299789     5.3778   193.6992   246.9764   230.1168
  -6595.00   42261.78  0.0299549     5.3568   190.9918   247.4745   229.7834
  -6585.00   42259.92  0.0300285     5.3380   188.5167   248.0037   229.3363
  -6575.00   42260.00  0.0300386     5.3123   186.1183   248.6320   228.8878
  -6565.00   42259.68  0.0299708     5.2899   183.8317   249.2677   228.4578
  -6555.00   42257.52  0.0300485     5.2810   181.7088   249.8890   228.0153
  -6545.00   42256.29  0.0300311     5.2729   179.6539   250.6255   227.4873
  -6535.00   42257.49  0.0299476     5.2584   177.6718   251.2556   226.9978
  -6525.00   42258.59  0.0299577     5.2515   175.5914   251.7973   226.6395
  -6515.00   42258.07  0.0298936     5.2534   173.3938   252.4031   226.2251
  -6505.00   42258.76  0.0298807     5.2482   171.1949   252.8956   225.7826
  -6495.00   42261.44  0.0298580     5.2361   168.7776   253.3065   225.4763
  -6485.00   42262.73  0.0297624     5.2292   166.1587   253.7145   225.2012
  -6475.00   42261.98  0.0298244     5.2249   163.5210   254.0880   224.8773
  -6465.00   42261.92  0.0298447     5.2094   160.8367   254.4830   224.5460
  -6455.00   42262.88  0.0297748     5.1875   158.1394   254.8435   224.2632
  -6445.00   42262.41  0.0298453     5.1732   155.5065   255.1916   224.0178
  -6435.00   42259.80  0.0298896     5.1587   152.9822   255.7198   223.6374
  -6425.00   42258.66  0.0299094     5.1326   150.7053   256.2001   223.2198
  -6415.00   42259.15  0.0299661     5.1081   148.5057   256.6597   222.9091
  -6405.00   42258.31  0.0299490     5.0945   146.3153   257.3274   222.5016
  -6395.00   42256.67  0.0300408     5.0782   144.3171   258.0156   221.9656
  -6385.00   42256.94  0.0300916     5.0573   142.3075   258.6735   221.4979
  -6375.00   42258.90  0.0300024     5.0437   140.1334   259.3868   221.0611
  -6365.00   42259.45  0.0300555     5.0404   137.8561   260.1576   220.5547
  -6355.00   42259.09  0.0300712     5.0350   135.4552   260.9479   220.0185
  -6345.00   42260.54  0.0299758     5.0246   132.9396   261.6017   219.5526
  -6335.00   42262.84  0.0299415     5.0230   130.2110   262.2091   219.1859
  -6325.00   42262.88  0.0298604     5.0276   127.3223   262.9342   218.7586
  -6315.00   42261.77  0.0298238     5.0216   124.5914   263.4763   218.3129
  -6305.00   42262.10  0.0297743     5.0109   121.8937   263.8569   218.0256
  -6295.00   42262.60  0.0296157     5.0073   119.1587   264.3457   217.7483
  -6285.00   42261.07  0.0296265     5.0011   116.6806   264.8242   217.3712
  -6275.00   42258.63  0.0296396     4.9828   114.4805   265.1730   217.0292
  -6265.00   42258.25  0.0295244     4.9625   112.3841   265.5114   216.7378
  -6255.00   42258.72  0.0295390     4.9494   110.3468   265.9505   216.4102
  -6245.00   42257.40  0.0295808     4.9330   108.3885   266.5212   215.9591
  -6235.00   42256.57  0.0295796     4.9073   106.5498   266.9918   215.4867
  -6225.00   42258.12  0.0296075     4.8872   104.5796   267.4445   215.1040
  -6215.00   42260.04  0.0295788     4.8787   102.2822   268.2212   214.6061
  -6205.00   42260.48  0.0296477     4.8648    99.9839   268.9656   213.9839
  -6195.00   42260.57  0.0297029     4.8488    97.5870   269.5398   213.4764
  -6185.00   42262.68  0.0295894     4.8451    94.8415   270.2536   213.0170
  -6175.00   42263.93  0.0296255     4.8469    91.9886   271.0817   212.4427
  -6165.00   42262.77  0.0296668     4.8442    89.1917   271.7981   211.9024
  -6155.00   42261.57  0.0295631     4.8391    86.5004   272.3068   211.4864
  -6145.00   42261.80  0.0295296     4.8424    83.8087   272.8733   211.1037
  -6135.00   42261.47  0.0294884     4.8471    81.1737   273.5797   210.6812
  -6125.00   42259.33  0.0294723     4.8386    78.9562   274.0211   210.2669
  -6115.00   42257.82  0.0294530     4.8280    76.9513   274.2697   209.9878
  -6105.00   42258.39  0.0293363     4.8251    74.8340   274.7647   209.6954
  -6095.00   42258.80  0.0293913     4.8147    72.8825   275.2974   209.2642
  -6085.00   42257.48  0.0294673     4.7934    71.1116   275.6006   208.8882
  -6075.00   42257.66  0.0293813     4.7763    69.1637   275.9527   208.5656
  -6065.00   42259.77  0.0294389     4.7657    66.9588   276.5592   208.1235
  -6055.00   42261.08  0.0295487     4.7499    64.6022   277.2615   207.5943
  -6045.00   42261.04  0.0295695     4.7292    62.2033   277.8072   207.0891
  -6035.00   42261.79  0.0296020     4.7185    59.5783   278.3863   206.6335
  -6025.00   42263.66  0.0296069     4.7170    56.5943   279.3368   206.0812
  -6015.00   42264.18  0.0296783     4.7083    53.7293   280.2154   205.4441
  -6005.00   42262.19  0.0297238     4.6994    51.0686   280.7929   204.9467
  -5995.00   42261.27  0.0295898     4.7047    48.2521   281.5791   204.5018
  -5985.00   42261.12  0.0296056     4.7102    45.5795   282.5001   203.9216
  -5975.00   42259.94  0.0296588     4.7080    43.2128   283.2197   203.4089
  -5965.00   42257.59  0.0295075     4.7073    41.0623   283.7128   203.0483
  -5955.00   42257.03  0.0294390     4.7137    38.9238   284.3481   202.6412
  -5945.00   42258.18  0.0294033     4.7171    36.7543   285.1133   202.2072
  -5935.00   42258.41  0.0293507     4.7073    34.8348   285.5601   201.8206
  -5925.00   42257.99  0.0292738     4.6996    32.9185   285.8446   201.5100
  -5915.00   42259.21  0.0291252     4.6984    30.6241   286.4173   201.1758
  -5905.00   42261.59  0.0291443     4.6861    28.2888   287.0081   200.7054
  -5895.00   42262.10  0.0291893     4.6653    26.0297   287.2985   200.2909
  -5885.00   42261.63  0.0290473     4.6528    23.4788   287.6906   199.9297
  -5875.00   42262.35  0.0290712     4.6448    20.7256   288.3785   199.3936
  -5865.00   42263.56  0.0291954     4.6294    17.9943   289.0957   198.7949
  -5855.00   42262.74  0.0291895     4.6138    15.4128   289.6286   198.2695
  -5845.00   42260.87  0.0291885     4.6117    12.8385   290.2830   197.7255
  -5835.00   42260.29  0.0291989     4.6156    10.1822   291.2671   197.1049
  -5825.00   42260.37  0.0292619     4.6119     7.8410   292.1086   196.4669
  -5815.00   42258.68  0.0292773     4.6120     5.8227   292.6311   195.9611
  -5805.00   42256.85  0.0291247     4.6255     3.6172   293.3988   195.5144
  -5795.00   42256.94  0.0291175     4.6347     1.4911   294.2510   194.9516
  -5785.00   42258.36  0.0291860     4.6337   359.5711   294.7806   194.4832
  -5775.00   42258.17  0.0290238     4.6365   357.5386   295.1630   194.1840
  -5765.00   42258.42  0.0289595     4.6437   355.2932   295.7331   193.7761
  -5755.00   42260.48  0.0289796     4.6426   352.8560   296.3848   193.3347
  -5745.00   42262.57  0.0289619     4.6298   350.4793   296.7083   192.9871
  -5735.00   42262.70  0.0289276     4.6233   347.9781   297.0248   192.6257
  -5725.00   42262.10  0.0288441     4.6217   345.1375   297.6745   192.2112
  -5715.00   42262.81  0.0289156     4.6077   342.4128   298.2985   191.6983
  -5705.00   42263.01  0.0290112     4.5913   339.9672   298.6485   191.2231
  -5695.00   42261.05  0.0289147     4.5866   337.3973   299.1948   190.7995
  -5685.00   42259.11  0.0289631     4.5845   334.8834   300.0334   190.1947
  -5675.00   42259.04  0.0291188     4.5748   332.6517   300.7809   189.5674
  -5665.00   42258.95  0.0291156     4.5684   330.5965   301.3520   189.0754
  -5655.00   42257.42  0.0291180     4.5760   328.4986   302.1362   188.5127
  -5645.00   42256.56  0.0291392     4.5847   326.2659   303.1764   187.8898
  -5635.00   42257.94  0.0291855     4.5845   324.1795   303.9707   187.3341
  -5625.00   42259.16  0.0291793     4.5917   322.1207   304.5469   186.8605
  -5615.00   42258.96  0.0290318     4.6092   319.6188   305.4021   186.4252
  -5605.00   42259.46  0.0290035     4.6186   317.0040   306.2961   185.9050
  -5595.00   42261.84  0.0290342     4.6191   314.5266   306.7907   185.4727
  -5585.00   42263.10  0.0288586     4.6251   311.8030   307.2374   185.1985
  -5575.00   42262.47  0.0287646     4.6339   308.9345   307.8967   184.7835
  -5565.00   42262.01  0.0287632     4.6307   306.1193   308.5547   184.3228
  -5555.00   42262.73  0.0286950     4.6191   303.5554   308.8796   184.0015
  -5545.00   42262.11  0.0286349     4.6161   301.1160   309.2662   183.6051
  -5535.00   42259.64  0.0285475     4.6151   298.6018   310.0046   183.1107
  -5525.00   42258.24  0.0285711     4.6012   296.4057   310.6302   182.5841
  -5515.00   42258.47  0.0286141     4.5903   294.5655   311.0173   182.0662
  -5505.00   42258.13  0.0285114     4.5922   292.5657   311.6465   181.5706
  -5495.00   42256.75  0.0285341     4.5941   290.5157   312.5333   180.9167
  -5485.00   42257.07  0.0286405     4.5905   288.6069   313.2398   180.2654
  -5475.00   42259.28  0.0285972     4.5938   286.5742   313.8018   179.7825
  -5465.00   42260.20  0.0285874     4.6102   284.2740   314.5776   179.2093
  -5455.00   42260.08  0.0286088     4.6234   281.6865   315.5375   178.5850
  -5445.00   42261.31  0.0286128     4.6281   279.0837   316.1964   178.1130
  -5435.00   42263.24  0.0285928     4.6423   276.4537   316.6898   177.6884
  -5425.00   42263.45  0.0284793     4.6621   273.5059   317.4425   177.2632
  -5415.00   42261.95  0.0284602     4.6689   270.6024   318.1907   176.8053
  -5405.00   42261.66  0.0284712     4.6704   268.0539   318.5682   176.4179
  -5395.00   42262.09  0.0283355     4.6773   265.5129   318.9499   176.1484
  -5385.00   42260.57  0.0282833     4.6837   263.0743   319.5587   175.7161
  -5375.00   42258.30  0.0283187     4.6778   260.8969   320.1262   175.2288
  -5365.00   42257.86  0.0282761     4.6678   258.9210   320.4798   174.8953
  -5355.00   42258.55  0.0282662     4.6693   257.0670   320.9042   174.4565
  -5345.00   42257.91  0.0282594     4.6695   255.0454   321.6822   173.8729
  -5335.00   42257.03  0.0283079     4.6592   253.0454   322.3592   173.3379
  -5325.00   42258.45  0.0283740     4.6578   251.1071   322.8431   172.8217
  -5315.00   42260.72  0.0283249     4.6685   248.8007   323.5837   172.2804
  -5305.00   42261.02  0.0283707     4.6753   246.2589   324.4960   171.6473
  -5295.00   42261.07  0.0284672     4.6794   243.7001   325.2146   171.0553
  -5285.00   42262.75  0.0284287     4.6920   240.9302   325.8601   170.6267
  -5275.00   42264.04  0.0284258     4.7135   238.0654   326.6300   170.1082
  -5265.00   42263.11  0.0284506     4.7279   235.1439   327.5130   169.5389
  -5255.00   42261.34  0.0284307     4.7356   232.3064   328.1984   169.1579
  -5245.00   42261.25  0.0284106     4.7536   229.7270   328.7262   168.7991
  -5235.00   42261.10  0.0283117     4.7729   227.1496   329.4896   168.3705
  -5225.00   42258.76  0.0282652     4.7770   224.7364   330.2342   167.9604
  -5215.00   42257.13  0.0282452     4.7806   222.6645   330.6990   167.6096
  -5205.00   42257.82  0.0281073     4.7906   220.5864   331.2108   167.3129
  -5195.00   42258.54  0.0280250     4.7952   218.5490   331.8607   166.8674
  -5185.00   42258.02  0.0280075     4.7902   216.5782   332.4333   166.3761
  -5175.00   42258.13  0.0279314     4.7852   214.4523   332.9166   166.0309
  -5165.00   42260.56  0.0278901     4.7910   212.3020   333.4017   165.5678
  -5155.00   42262.15  0.0278578     4.7930   209.8919   334.1462   164.9392
  -5145.00   42261.64  0.0278485     4.7868   207.2841   334.8385   164.4091
  -5135.00   42261.86  0.0278935     4.7941   204.7189   335.3366   163.9108
  -5125.00   42263.30  0.0278418     4.8116   201.9393   336.0946   163.3198
  -5115.00   42263.36  0.0278376     4.8219   199.1451   336.9077   162.7092
  -5105.00   42261.41  0.0278946     4.8334   196.5186   337.5376   162.1808
  -5095.00   42260.26  0.0278603     4.8559   193.9051   338.1765   161.7710
  -5085.00   42260.53  0.0278454     4.8810   191.5142   338.8274   161.2990
  -5075.00   42259.77  0.0278404     4.8967   189.2643   339.5088   160.8013
  -5065.00   42257.37  0.0278116     4.9084   187.0220   340.1171   160.4945
  -5055.00   42256.88  0.0278182     4.9288   185.0446   340.5381   160.1949
  -5045.00   42258.16  0.0277478     4.9448   182.9981   341.1687   159.7730
  -5035.00   42258.37  0.0276852     4.9447   180.8327   341.8097   159.4025
  -5025.00   42257.90  0.0276987     4.9485   178.7322   342.2159   159.0823
  -5015.00   42259.29  0.0276247     4.9591   176.4189   342.7377   158.7234
  -5005.00   42261.87  0.0275639     4.9602   173.9771   343.3506   158.2460
  -4995.00   42262.73  0.0275563     4.9569   171.4575   343.8909   157.7487
  -4985.00   42261.99  0.0275390     4.9596   168.7088   344.4440   157.3646
  -4975.00   42262.68  0.0275559     4.9709   166.0788   344.9577   156.8733
  -4965.00   42263.33  0.0275564     4.9776   163.4186   345.6452   156.2514
  -4955.00   42262.04  0.0275515     4.9796   160.6574   346.3844   155.7647
  -4945.00   42259.58  0.0276486     4.9968   158.2338   346.8800   155.3299
  -4935.00   42258.92  0.0276533     5.0199   155.8484   347.6339   154.7681
  -4925.00   42259.24  0.0276334     5.0323   153.5431   348.4328   154.2427
  -4915.00   42257.76  0.0276958     5.0481   151.4138   349.0466   153.8340
  -4905.00   42256.53  0.0276964     5.0758   149.2612   349.7318   153.4574
  -4895.00   42257.46  0.0276935     5.0995   147.2138   350.3774   153.0396
  -4885.00   42259.07  0.0276647     5.1131   145.0649   351.0422   152.6242
  -4875.00   42258.97  0.0276313     5.1282   142.6140   351.7384   152.3541
  -4865.00   42258.96  0.0276530     5.1495   140.2695   352.1962   152.0784
  -4855.00   42260.83  0.0275816     5.1628   137.7155   352.8332   151.6658
  -4845.00   42262.74  0.0274664     5.1628   134.8094   353.5926   151.3221
  -4835.00   42262.23  0.0274621     5.1693   132.0223   354.0671   151.0354
  -4825.00   42261.70  0.0273841     5.1820   129.2043   354.6621   150.6332
  -4815.00   42262.54  0.0272701     5.1821   126.4354   355.3281   150.1515
  -4805.00   42262.58  0.0272025     5.1808   123.7954   355.9210   149.6905
  -4795.00   42260.40  0.0271584     5.1915   121.2352   356.5403   149.2726
  -4785.00   42258.53  0.0271514     5.2060   119.0932   357.0267   148.7607
  -4775.00   42258.28  0.0271072     5.2161   117.0663   357.6252   148.1655
  -4765.00   42258.30  0.0270658     5.2268   114.8485   358.3907   147.7069
  -4755.00   42256.54  0.0271500     5.2520   113.0070   358.8077   147.3001
  -4745.00   42256.34  0.0271601     5.2800   111.1042   359.4149   146.7677
  -4735.00   42258.38  0.0271066     5.2960   108.9309     0.1507   146.3114
  -4725.00   42259.62  0.0271607     5.3172   106.6892     0.6682   146.0051
  -4715.00   42259.75  0.0271679     5.3489   104.2561     1.2696   145.6535
  -4705.00   42260.56  0.0271508     5.3706   101.7816     1.7853   145.2802
  -4695.00   42262.73  0.0271050     5.3813    99.0441     2.3451   144.9582
  -4685.00   42263.33  0.0270731     5.3986    96.0209     3.0146   144.7018
  -4675.00   42261.98  0.0271022     5.4177    93.3097     3.3866   144.4175
  -4665.00   42261.46  0.0270340     5.4258    90.6330     3.8823   144.0106
  -4655.00   42262.03  0.0269349     5.4265    87.7152     4.6442   143.6679
  -4645.00   42261.05  0.0269655     5.4356    85.2143     5.0925   143.3729
  -4635.00   42258.81  0.0269359     5.4495    82.9837     5.6089   142.9177
  -4625.00   42257.91  0.0268466     5.4515    80.8417     6.2345   142.4266
  -4615.00   42258.55  0.0268308     5.4555    78.7832     6.8004   142.0162
  -4605.00   42257.97  0.0268433     5.4752    76.7574     7.4240   141.5797
  -4595.00   42256.83  0.0268710     5.4941    74.9972     7.8635   141.0793
  -4585.00   42257.57  0.0268494     5.5072    73.0748     8.3874   140.5741
  -4575.00   42259.82  0.0268619     5.5269    70.6384     9.1752   140.1827
  -4565.00   42260.54  0.0269803     5.5568    68.3715     9.6120   139.8290
  -4555.00   42260.69  0.0270127     5.5847    65.9624    10.1288   139.3707
  -4545.00   42262.09  0.0269717     5.6021    63.0517    10.9080   139.0024
  -4535.00   42263.89  0.0270506     5.6251    60.1051    11.4800   138.7772
  -4525.00   42263.44  0.0270853     5.6564    57.1564    12.1249   138.4531
  -4515.00   42261.74  0.0270445     5.6744    54.3568    12.6998   138.1044
  -4505.00   42261.44  0.0269931     5.6834    51.5218    13.3047   137.8539
  -4495.00   42261.23  0.0269666     5.7027    48.6556    14.0885   137.5967
  -4485.00   42259.54  0.0269780     5.7205    46.3390    14.5592   137.2876
  -4475.00   42257.55  0.0268657     5.7256    44.2089    15.0643   136.9053
  -4465.00   42257.58  0.0267525     5.7306    41.8049    15.8933   136.5741
  -4455.00   42258.60  0.0267700     5.7434    39.7471    16.4150   136.2705
  -4445.00   42258.04  0.0267120     5.7578    37.8737    16.9110   135.8021
  -4435.00   42257.78  0.0265720     5.7629    35.7566    17.5798   135.3267
  -4425.00   42259.68  0.0265342     5.7726    33.5178    18.1304   134.9614
  -4415.00   42261.47  0.0265395     5.7982    31.1306    18.7478   134.5192
  -4405.00   42261.69  0.0265199     5.8201    28.8304    19.1826   134.0221
  -4395.00   42261.67  0.0264547     5.8362    26.2981    19.6324   133.5949
  -4385.00   42263.05  0.0264651     5.8646    23.3198    20.3562   133.2441
  -4375.00   42263.95  0.0265778     5.8987    20.6492    20.7507   132.9099
  -4365.00   42262.56  0.0265780     5.9257    18.1043    21.1249   132.5138
  -4355.00   42260.98  0.0265290     5.9471    15.2160    21.8410   132.2188
  -4345.00   42260.97  0.0266067     5.9726    12.6006    22.3258   132.0420
  -4335.00   42260.43  0.0266576     6.0014    10.2457    22.8354   131.7423
  -4325.00   42258.40  0.0265860     6.0154     8.0118    23.3946   131.4175
  -4315.00   42257.12  0.0265230     6.0228     5.8161    23.9010   131.2116
  -4305.00   42257.86  0.0265154     6.0419     3.5309    24.6041   130.9446
  -4295.00   42258.71  0.0265208     6.0562     1.6106    25.0301   130.5845
  -4285.00   42258.20  0.0264047     6.0584   359.6206    25.4487   130.2122
  -4275.00   42258.83  0.0263186     6.0684   357.1199    26.2040   129.8740
  -4265.00   42261.25  0.0263770     6.0860   354.7857    26.6548   129.5318
  -4255.00   42262.61  0.0263628     6.1014   352.4846    27.0375   129.0620
  -4245.00   42262.37  0.0262753     6.1130   349.7335    27.6930   128.6255
  -4235.00   42262.46  0.0262919     6.1312   346.9481    28.1907   128.3105
  -4225.00   42263.44  0.0263709     6.1616   344.1941    28.7379   127.9065
  -4215.00   42263.21  0.0263913     6.1852   341.6169    29.2063   127.4625
  -4205.00   42260.93  0.0263616     6.2034   339.0510    29.6507   127.1416
  -4195.00   42259.59  0.0264061     6.2357   336.3239    30.3762   126.8541
  -4185.00   42259.70  0.0265335     6.2687   334.1020    30.7988   126.5446
  -4175.00   42258.86  0.0265370     6.2899   332.0763    31.1753   126.2176
  -4165.00   42257.17  0.0265085     6.3126   329.6609    31.9447   125.9736
  -4155.00   42256.97  0.0265867     6.3386   327.4568    32.4847   125.8059
  -4145.00   42258.54  0.0266392     6.3624   325.3998    32.9748   125.5142
  -4135.00   42259.19  0.0265723     6.3750   323.0428    33.6685   125.2126
  -4125.00   42258.89  0.0265074     6.3841   320.5390    34.2566   125.0297
  -4115.00   42260.07  0.0265047     6.4042   317.8025    35.0058   124.7617
  -4105.00   42262.32  0.0264720     6.4171   315.2261    35.5480   124.3835
  -4095.00   42262.86  0.0263440     6.4191   312.5406    36.0226   124.0449
  -4085.00   42262.02  0.0262455     6.4339   309.4158    36.8442   123.7217
  -4075.00   42262.28  0.0262638     6.4552   306.6880    37.3349   123.3508
  -4065.00   42262.97  0.0262136     6.4699   304.2370    37.6917   122.9009
  -4055.00   42261.79  0.0261206     6.4869   301.5376    38.3523   122.5014
  -4045.00   42259.38  0.0261193     6.5130   299.0875    38.8382   122.2006
  -4035.00   42258.60  0.0261692     6.5463   296.9228    39.2953   121.8177
  -4025.00   42258.77  0.0261592     6.5722   294.8933    39.7618   121.4198
  -4015.00   42257.61  0.0261243     6.5952   292.9008    40.1345   121.1676
  -4005.00   42256.30  0.0261627     6.6314   290.6554    40.7866   120.9267
  -3995.00   42257.30  0.0262377     6.6636   288.7065    41.1713   120.6347
  -3985.00   42259.25  0.0262152     6.6810   286.7195    41.4533   120.3744
  -3975.00   42259.70  0.0261904     6.7042   284.1110    42.1392   120.1739
  -3965.00   42259.82  0.0262525     6.7300   281.5472    42.6177   119.9921
  -3955.00   42261.78  0.0262686     6.7465   279.0372    42.9948   119.7026
  -3945.00   42263.30  0.0262169     6.7574   276.1127    43.6356   119.4145
  -3935.00   42262.79  0.0261767     6.7686   273.1888    44.1270   119.2160
  -3925.00   42261.48  0.0261956     6.7882   270.2555    44.7469   118.9168
  -3915.00   42261.70  0.0261622     6.8010   267.5573    45.2944   118.5210
  -3905.00   42261.79  0.0260776     6.8063   265.1030    45.6481   118.2000
  -3895.00   42259.61  0.0260457     6.8273   262.4426    46.3559   117.8915
  -3885.00   42257.93  0.0260813     6.8532   260.2933    46.8146   117.5025
  -3875.00   42258.14  0.0260624     6.8691   258.4550    47.1126   117.1029
  -3865.00   42258.41  0.0260314     6.8911   256.3301    47.6954   116.7757
  -3855.00   42257.13  0.0260881     6.9238   254.3396    48.1338   116.4996
  -3845.00   42256.77  0.0261642     6.9558   252.3954    48.5596   116.1636
  -3835.00   42258.56  0.0261903     6.9807   250.2250    49.0792   115.8404
  -3825.00   42260.25  0.0262027     7.0058   247.9419    49.4328   115.6459
  -3815.00   42260.14  0.0262818     7.0407   245.2456    50.0542   115.4388
  -3805.00   42260.90  0.0263523     7.0687   242.5760    50.5662   115.1614
  -3795.00   42263.04  0.0263452     7.0826   239.8916    50.8994   114.9480
  -3785.00   42263.90  0.0263471     7.1048   236.7475    51.5758   114.7775
  -3775.00   42262.34  0.0264082     7.1303   233.7996    52.1259   114.5625
  -3765.00   42261.35  0.0264147     7.1421   231.0739    52.6030   114.2820
  -3755.00   42261.29  0.0263799     7.1528   228.2161    53.3035   114.0198
  -3745.00   42260.45  0.0263451     7.1684   225.6627    53.8207   113.8056
  -3735.00   42257.86  0.0263473     7.1871   223.2624    54.4634   113.4908
  -3725.00   42257.00  0.0263070     7.2008   220.9888    55.1670   113.1106
  -3715.00   42258.04  0.0262134     7.2104   219.0215    55.5652   112.8156
  -3705.00   42258.16  0.0261712     7.2356   216.8277    56.2184   112.5169
  -3695.00   42257.49  0.0261589     7.2641   214.7814    56.7800   112.1223
  -3685.00   42258.39  0.0261141     7.2816   212.8168    57.1219   111.7650
  -3675.00   42260.92  0.0260686     7.3081   210.4256    57.6421   111.4944
  -3665.00   42261.52  0.0260836     7.3464   208.0242    58.0232   111.2144
  -3655.00   42261.07  0.0261184     7.3777   205.5091    58.4021   110.9086
  -3645.00   42261.99  0.0261386     7.4030   202.7125    58.8801   110.6526
  -3635.00   42263.57  0.0261350     7.4327   200.0008    59.1256   110.4881
  -3625.00   42263.08  0.0261772     7.4662   197.1306    59.5835   110.2954
  -3615.00   42261.26  0.0262311     7.4900   194.3358    60.1062   110.0408
  -3605.00   42260.78  0.0262295     7.5027   191.8510    60.3747   109.8625
  -3595.00   42261.18  0.0262269     7.5238   189.2531    60.8946   109.7051
  -3585.00   42259.23  0.0262544     7.5463   186.9176    61.4170   109.4474
  -3575.00   42257.11  0.0262658     7.5541   184.8296    61.8530   109.1629
  -3565.00   42257.17  0.0262613     7.5646   182.6128    62.4467   108.9145
  -3555.00   42258.31  0.0262271     7.5849   180.5942    62.8742   108.6551
  -3545.00   42257.92  0.0262238     7.6033   178.4996    63.4186   108.3149
  -3535.00   42257.94  0.0262370     7.6190   176.1906    64.0704   107.9567
  -3525.00   42260.02  0.0261954     7.6367   174.0041    64.3682   107.6857
  -3515.00   42262.43  0.0261726     7.6665   171.4808    64.8631   107.3996
  -3505.00   42262.48  0.0261909     7.6967   168.8007    65.4326   107.0378
  -3495.00   42262.03  0.0262098     7.7166   166.2303    65.7163   106.7486
  -3485.00   42263.39  0.0262252     7.7461   163.4120    66.1171   106.5442
  -3475.00   42263.55  0.0262411     7.7844   160.6895    66.5019   106.2824
  -3465.00   42261.66  0.0262958     7.8110   158.0631    66.8947   106.0147
  -3455.00   42259.80  0.0263821     7.8333   155.4249    67.3517   105.8224
  -3445.00   42259.81  0.0264085     7.8638   153.1235    67.6024   105.6638
  -3435.00   42259.72  0.0264410     7.8925   150.8000    68.0844   105.4625
  -3425.00   42257.78  0.0265315     7.9111   148.4786    68.7081   105.2262
  -3415.00   42256.83  0.0265788     7.9251   146.4747    69.0108   105.0632
  -3405.00   42258.39  0.0265926     7.9461   144.2759    69.5231   104.9002
  -3395.00   42259.14  0.0266050     7.9662   141.9518    70.2041   104.6253
  -3385.00   42258.66  0.0266309     7.9734   139.6674    70.7236   104.3552
  -3375.00   42259.28  0.0266550     7.9857   137.1174    71.3046   104.1352
  -3365.00   42261.69  0.0265903     8.0091   134.5218    71.8334   103.8538
  -3355.00   42262.90  0.0265441     8.0266   131.7252    72.4863   103.5107
  -3345.00   42262.23  0.0265617     8.0427   128.7581    73.1725   103.1899
  -3335.00   42262.19  0.0265037     8.0679   126.0940    73.4683   102.9285
  -3325.00   42263.31  0.0264230     8.0999   123.3072    73.9643   102.6398
  -3315.00   42262.60  0.0264046     8.1304   120.4971    74.6114   102.3042
  -3305.00   42260.09  0.0264060     8.1553   118.1646    74.8340   102.0597
  -3295.00   42258.97  0.0264007     8.1889   115.9120    75.0835   101.8858
  -3285.00   42259.07  0.0263639     8.2273   113.7331    75.4766   101.6402
  -3275.00   42258.31  0.0263920     8.2517   111.6958    75.8311   101.4079
  -3265.00   42256.58  0.0264863     8.2736   109.6844    76.1238   101.2689
  -3255.00   42256.97  0.0264872     8.3046   107.8279    76.2806   101.1105
  -3245.00   42259.03  0.0264896     8.3278   105.6653    76.7361   100.9006
  -3235.00   42259.55  0.0265871     8.3407   103.2331    77.3234   100.6864
  -3225.00   42259.46  0.0266313     8.3566   100.9924    77.5177   100.5174
  -3215.00   42261.02  0.0266231     8.3767    98.4195    77.9259   100.3223
  -3205.00   42263.06  0.0266247     8.3933    95.4714    78.6545   100.0266
  -3195.00   42263.09  0.0266544     8.4026    92.6672    79.1106    99.7588
  -3185.00   42261.80  0.0266860     8.4195    89.8571    79.5046    99.5415
  -3175.00   42261.93  0.0266108     8.4464    87.0855    79.9898    99.2408
  -3165.00   42262.35  0.0265787     8.4652    84.3343    80.5929    98.9098
  -3155.00   42260.60  0.0266454     8.4839    81.7252    81.1276    98.6427
  -3145.00   42258.44  0.0266058     8.5161    79.6445    81.2836    98.3986
  -3135.00   42258.20  0.0265488     8.5486    77.5177    81.6821    98.1293
  -3125.00   42258.65  0.0265937     8.5754    75.2714    82.3060    97.8480
  -3115.00   42257.59  0.0266407     8.6034    73.4841    82.4348    97.6521
  -3105.00   42256.73  0.0266632     8.6367    71.6483    82.5799    97.4988
  -3095.00   42258.15  0.0266604     8.6697    69.4962    83.0319    97.2718
  -3085.00   42260.05  0.0267388     8.6904    67.2553    83.4056    97.0723
  -3075.00   42260.13  0.0268741     8.7109    64.8809    83.6702    96.9575
  -3065.00   42260.33  0.0268765     8.7399    62.4502    83.8825    96.7901
  -3055.00   42262.31  0.0269029     8.7586    59.6013    84.4317    96.5716
  -3045.00   42263.60  0.0270472     8.7681    56.4999    85.1003    96.3809
  -3035.00   42262.69  0.0270954     8.7867    53.7697    85.3586    96.2054
  -3025.00   42261.40  0.0270702     8.8069    50.9343    85.8370    95.9869
  -3015.00   42261.59  0.0270866     8.8204    47.8936    86.6900    95.6994
  -3005.00   42261.16  0.0271230     8.8331    45.2919    87.2076    95.4485
  -2995.00   42258.81  0.0271285     8.8541    42.9508    87.6121    95.2303
  -2985.00   42257.20  0.0270139     8.8817    40.6774    88.1862    94.9278
  -2975.00   42257.75  0.0269671     8.9016    38.4662    88.8116    94.6177
  -2965.00   42258.13  0.0270273     8.9234    36.3508    89.3050    94.3878
  -2955.00   42257.39  0.0269287     8.9599    34.5486    89.4787    94.1502
  -2945.00   42257.67  0.0268225     8.9932    32.4904    89.8680    93.8886
  -2935.00   42260.01  0.0268684     9.0180    30.0704    90.4426    93.6565
  -2925.00   42261.41  0.0268809     9.0502    27.9198    90.5116    93.4889
  -2915.00   42261.14  0.0268528     9.0848    25.5848    90.6040    93.3398
  -2905.00   42261.61  0.0268286     9.1126    22.8020    91.0611    93.1337
  -2895.00   42263.14  0.0268979     9.1328    20.0651    91.3343    92.9671
  -2885.00   42263.33  0.0270257     9.1533    17.3453    91.5234    92.8608
  -2875.00   42261.57  0.0269870     9.1791    14.7038    91.7662    92.6799
  -2865.00   42260.74  0.0269998     9.1940    11.9698    92.2620    92.4551
  -2855.00   42260.96  0.0271546     9.2017     9.2576    92.8417    92.2741
  -2845.00   42260.19  0.0271742     9.2219     7.0809    93.0614    92.0781
  -2835.00   42257.82  0.0271124     9.2425     4.8945    93.5129    91.8210
  -2825.00   42257.20  0.0271275     9.2545     2.5104    94.2848    91.5396
  -2815.00   42258.15  0.0271559     9.2724     0.5216    94.6508    91.3003
  -2805.00   42258.23  0.0271499     9.2993   358.5898    94.9385    91.0714
  -2795.00   42257.68  0.0270396     9.3275   356.3975    95.4638    90.7801
  -2785.00   42258.97  0.0270141     9.3499   354.1143    95.9128    90.5137
  -2775.00   42261.47  0.0271171     9.3756   351.7312    96.2237    90.3268
  -2765.00   42262.58  0.0270537     9.4128   349.3864    96.3621    90.1138
  -2755.00   42262.09  0.0269869     9.4434   346.7423    96.7009    89.8781
  -2745.00   42262.86  0.0270973     9.4646   343.8159    97.1851    89.7008
  -2735.00   42263.78  0.0271524     9.4960   341.2652    97.2456    89.5570
  -2725.00   42262.67  0.0271638     9.5276   338.7248    97.3892    89.3965
  -2715.00   42260.39  0.0271894     9.5479   335.9375    97.9280    89.2057
  -2705.00   42259.60  0.0272762     9.5671   333.5108    98.2077    89.0547
  -2695.00   42259.76  0.0274277     9.5878   331.2857    98.4285    88.9353
  -2685.00   42258.51  0.0274122     9.6097   329.0995    98.8273    88.7373
  -2675.00   42257.05  0.0274292     9.6233   326.8867    99.3587    88.5188
  -2665.00   42257.53  0.0275908     9.6322   324.6121    99.9415    88.3510
  -2655.00   42259.31  0.0276019     9.6537   322.6013   100.2608    88.1482
  -2645.00   42259.03  0.0275372     9.6740   320.3387   100.8034    87.8794
  -2635.00   42258.93  0.0275577     9.6852   317.6489   101.6241    87.6228
  -2625.00   42260.66  0.0275542     9.7067   315.1753   102.0262    87.4015
  -2615.00   42262.65  0.0275235     9.7368   312.6346   102.3683    87.1599
  -2605.00   42262.65  0.0274137     9.7635   309.7390   102.9819    86.8809
  -2595.00   42262.14  0.0273526     9.7887   306.9023   103.4176    86.6479
  -2585.00   42262.92  0.0274140     9.8194   304.1834   103.6882    86.4778
  -2575.00   42263.55  0.0273289     9.8569   301.6558   103.8749    86.2734
  -2565.00   42261.49  0.0272391     9.8865   299.1382   104.1780    86.0617
  -2555.00   42259.37  0.0273269     9.9086   296.6066   104.5831    85.9240
  -2545.00   42259.00  0.0273372     9.9401   294.5698   104.6402    85.7977
  -2535.00   42258.90  0.0273219     9.9688   292.6519   104.7563    85.6295
  -2525.00   42257.20  0.0273548     9.9835   290.4239   105.2678    85.4584
  -2515.00   42256.50  0.0273970    10.0014   288.4465   105.5116    85.3190
  -2505.00   42258.11  0.0275000    10.0221   286.5004   105.7015    85.1746
  -2495.00   42259.73  0.0274772    10.0384   284.2811   106.1345    84.9559
  -2485.00   42259.81  0.0274666    10.0515   281.8803   106.5883    84.7370
  -2475.00   42260.24  0.0275946    10.0643   279.2463   107.0837    84.5619
  -2465.00   42262.65  0.0275714    10.0872   276.6924   107.4023    84.3371
  -2455.00   42263.53  0.0275032    10.1087   273.9551   107.8218    84.0652
  -2445.00   42262.45  0.0275425    10.1230   270.8846   108.4860    83.8327
  -2435.00   42261.66  0.0275277    10.1495   268.1604   108.7920    83.6321
  -2425.00   42262.28  0.0275045    10.1822   265.6322   109.0233    83.3938
  -2415.00   42261.81  0.0274537    10.2067   262.9907   109.5101    83.1473
  -2405.00   42259.41  0.0274245    10.2329   260.6234   109.8136    82.9612
  -2395.00   42258.04  0.0275082    10.2657   258.4886   110.0251    82.8072
  -2385.00   42258.68  0.0274740    10.2980   256.5273   110.2354    82.6158
  -2375.00   42258.26  0.0274332    10.3231   254.5908   110.4712    82.4334
  -2365.00   42256.77  0.0275659    10.3443   252.4790   110.8380    82.3168
  -2355.00   42257.00  0.0276060    10.3726   250.5384   111.0004    82.1907
  -2345.00   42259.26  0.0276158    10.3962   248.5253   111.1674    82.0143
  -2335.00   42260.29  0.0277019    10.4072   246.0029   111.6724    81.8557
  -2325.00   42260.15  0.0277583    10.4242   243.4761   111.9871    81.7235
  -2315.00   42261.35  0.0278631    10.4453   240.8689   112.2791    81.5556
  -2305.00   42263.56  0.0278779    10.4576   237.9789   112.7969    81.3356
  -2295.00   42263.58  0.0278707    10.4705   235.0633   113.2583    81.1303
  -2285.00   42261.76  0.0279963    10.4880   232.0854   113.7924    80.9521
  -2275.00   42261.36  0.0279814    10.5102   229.3203   114.2724    80.7196
  -2265.00   42261.46  0.0279078    10.5316   226.7400   114.7129    80.4596
  -2255.00   42260.00  0.0279448    10.5492   224.0901   115.3409    80.2487
  -2245.00   42257.48  0.0279081    10.5787   221.8092   115.7525    80.0556
  -2235.00   42257.22  0.0278618    10.6123   219.7906   116.0641    79.8207
  -2225.00   42258.36  0.0278088    10.6358   217.6557   116.5507    79.6013
  -2215.00   42257.72  0.0277374    10.6639   215.6540   116.8379    79.4467
  -2205.00   42257.05  0.0277807    10.6994   213.6457   117.0783    79.2945
  -2195.00   42258.72  0.0277383    10.7280   211.5193   117.3581    79.1162
  -2185.00   42260.91  0.0276595    10.7503   209.2993   117.5293    78.9646
  -2175.00   42261.16  0.0277494    10.7733   206.7594   117.8110    78.8596
  -2165.00   42260.83  0.0277676    10.7988   204.1732   118.0329    78.7282
  -2155.00   42262.37  0.0277504    10.8176   201.5823   118.1866    78.5537
  -2145.00   42263.70  0.0278144    10.8270   198.6842   118.5795    78.4040
  -2135.00   42262.33  0.0278254    10.8439   195.9050   118.8759    78.2653
  -2125.00   42260.63  0.0279011    10.8643   193.2970   119.1603    78.0685
  -2115.00   42260.76  0.0279280    10.8747   190.6712   119.6403    77.8436
  -2105.00   42260.60  0.0278766    10.8886   188.2927   119.9938    77.6457
  -2095.00   42258.43  0.0279680    10.9120   185.9931   120.4292    77.4490
  -2085.00   42256.77  0.0279771    10.9351   183.8375   120.9005    77.2110
  -2075.00   42257.51  0.0279075    10.9567   181.8836   121.2159    76.9736
  -2065.00   42258.45  0.0279419    10.9799   179.7394   121.6684    76.7883
  -2055.00   42257.55  0.0279183    11.0115   177.6253   122.0349    76.6077
  -2045.00   42257.84  0.0279101    11.0431   175.5520   122.2618    76.3965
  -2035.00   42260.48  0.0279154    11.0649   173.1538   122.6284    76.2179
  -2025.00   42262.06  0.0278482    11.0921   170.6811   122.8494    76.0927
  -2015.00   42261.82  0.0279159    11.1251   168.1001   123.0580    75.9438
  -2005.00   42261.89  0.0279583    11.1474   165.3654   123.3556    75.7775
  -1995.00   42263.39  0.0279062    11.1650   162.7126   123.4887    75.6488
  -1985.00   42263.39  0.0279981    11.1879   159.9393   123.7621    75.5364
  -1975.00   42260.91  0.0280647    11.2096   157.2606   124.0945    75.3881
  -1965.00   42259.54  0.0280982    11.2240   154.8909   124.2766    75.2166
  -1955.00   42259.89  0.0281913    11.2346   152.4546   124.6579    75.0725
  -1945.00   42259.04  0.0282006    11.2522   150.1494   125.0685    74.9233
  -1935.00   42257.08  0.0282958    11.2713   148.0668   125.4208    74.7174
  -1925.00   42256.86  0.0283876    11.2812   145.9006   125.9277    74.5046
  -1915.00   42258.66  0.0283236    11.2962   143.7806   126.3409    74.3235
  -1905.00   42259.28  0.0283921    11.3221   141.5170   126.8439    74.1184
  -1895.00   42258.57  0.0284418    11.3444   139.0997   127.4208    73.8834
  -1885.00   42259.85  0.0283706    11.3650   136.7372   127.7525    73.6726
  -1875.00   42262.23  0.0283732    11.3930   134.0249   128.2322    73.4986
  -1865.00   42262.58  0.0283183    11.4257   131.1644   128.7443    73.3178
  -1855.00   42261.62  0.0282889    11.4555   128.4830   128.9936    73.1244
  -1845.00   42262.18  0.0282823    11.4794   125.6639   129.3177    72.9758
  -1835.00   42263.15  0.0281449    11.5078   122.9006   129.6047    72.8640
  -1825.00   42262.21  0.0281491    11.5389   120.3265   129.8343    72.7190
  -1815.00   42259.61  0.0282040    11.5580   117.8967   130.0820    72.5692
  -1805.00   42259.16  0.0281089    11.5734   115.7702   130.1454    72.4614
  -1795.00   42259.48  0.0281450    11.5956   113.6192   130.3840    72.3400
  -1785.00   42257.88  0.0282143    11.6133   111.4841   130.7618    72.1752
  -1775.00   42256.41  0.0282347    11.6234   109.6824   130.8503    72.0073
  -1765.00   42257.44  0.0283079    11.6360   107.6442   131.1363    71.8569
  -1755.00   42259.34  0.0282923    11.6544   105.3524   131.6248    71.6835
  -1745.00   42259.66  0.0283618    11.6723   103.1278   131.9476    71.4664
  -1735.00   42259.72  0.0284633    11.6850   100.6864   132.3204    71.2631
  -1725.00   42261.91  0.0283645    11.7044    98.0618   132.6956    71.0901
  -1715.00   42263.74  0.0283951    11.7328    95.2547   133.1463    70.8841
  -1705.00   42262.86  0.0284781    11.7557    92.3378   133.6501    70.6658
  -1695.00   42261.75  0.0283943    11.7766    89.7055   133.8163    70.4937
  -1685.00   42262.04  0.0283952    11.8075    86.9301   134.1646    70.3366
  -1675.00   42262.09  0.0283775    11.8380    84.1105   134.7009    70.1650
  -1665.00   42259.86  0.0283761    11.8619    81.8315   134.8353    69.9987
  -1655.00   42258.24  0.0284091    11.8858    79.6245   135.0164    69.8734
  -1645.00   42258.57  0.0283038    11.9118    77.4352   135.3216    69.7626
  -1635.00   42259.08  0.0283445    11.9364    75.4264   135.5653    69.6147
  -1625.00   42257.50  0.0284678    11.9522    73.4969   135.7531    69.4758
  -1615.00   42257.19  0.0283925    11.9660    71.6535   135.8012    69.3727
  -1605.00   42259.01  0.0284447    11.9864    69.5251   136.0660    69.2380
  -1595.00   42260.42  0.0285937    12.0008    67.0805   136.5443    69.0655
  -1585.00   42260.16  0.0286345    12.0086    64.8422   136.6401    68.9083
  -1575.00   42260.81  0.0287177    12.0237    62.2476   136.9276    68.7572
  -1565.00   42263.02  0.0287451    12.0423    59.2060   137.5824    68.5725
  -1555.00   42263.93  0.0288393    12.0576    56.3479   138.0021    68.3613
  -1545.00   42262.42  0.0289536    12.0731    53.5048   138.3821    68.1740
  -1535.00   42261.49  0.0288403    12.0955    50.6274   138.8666    68.0041
  -1525.00   42261.68  0.0288517    12.1234    47.8374   139.4145    67.7997
  -1515.00   42260.73  0.0289641    12.1464    45.1878   139.9728    67.5979
  -1505.00   42258.15  0.0288298    12.1692    43.0089   140.1783    67.4480
  -1495.00   42257.13  0.0287736    12.2017    40.8175   140.5277    67.2982
  -1485.00   42258.16  0.0287689    12.2309    38.4725   141.1436    67.1324
  -1475.00   42258.18  0.0287273    12.2516    36.6199   141.2614    66.9917
  -1465.00   42257.54  0.0287082    12.2768    34.6823   141.3867    66.8815
  -1455.00   42258.34  0.0285686    12.3019    32.4355   141.7430    66.7693
  -1445.00   42260.91  0.0285893    12.3203    30.1953   141.9689    66.6267
  -1435.00   42261.57  0.0286946    12.3350    27.8597   142.0953    66.5004
  -1425.00   42261.12  0.0285676    12.3487    25.4274   142.1619    66.3947
  -1415.00   42261.91  0.0285741    12.3662    22.7169   142.4305    66.2450
  -1405.00   42263.49  0.0287536    12.3786    19.7851   142.8782    66.0679
  -1395.00   42263.08  0.0287639    12.3866    17.2125   142.9627    65.9125
  -1385.00   42261.22  0.0287887    12.4045    14.5648   143.2068    65.7506
  -1375.00   42260.68  0.0288291    12.4245    11.6657   143.8789    65.5517
  -1365.00   42261.01  0.0289092    12.4390     9.2529   144.2253    65.3497
  -1355.00   42259.41  0.0289914    12.4591     7.0427   144.4905    65.1764
  -1345.00   42257.22  0.0288518    12.4856     4.7604   144.9707    65.0090
  -1335.00   42257.10  0.0288411    12.5118     2.6079   145.4247    64.8179
  -1325.00   42258.30  0.0289718    12.5347     0.5207   145.7997    64.6466
  -1315.00   42258.12  0.0288284    12.5584   358.5851   145.9402    64.5203
  -1305.00   42257.86  0.0287517    12.5884   356.4410   146.1915    64.3828
  -1295.00   42259.71  0.0288162    12.6129   353.9090   146.6989    64.2312
  -1285.00   42262.16  0.0288066    12.6289   351.6562   146.7299    64.1136
  -1275.00   42262.47  0.0288162    12.6517   349.2061   146.7824    64.0093
  -1265.00   42261.91  0.0287435    12.6737   346.3092   147.2051    63.8859
  -1255.00   42262.96  0.0288097    12.6858   343.5975   147.4083    63.7474
  -1245.00   42263.43  0.0289709    12.6996   340.9574   147.5248    63.6242
  -1235.00   42261.92  0.0288885    12.7143   338.3388   147.7159    63.5073
  -1225.00   42259.74  0.0289160    12.7289   335.7426   148.0668    63.3475
  -1215.00   42259.45  0.0291345    12.7408   333.2104   148.5106    63.1765
  -1205.00   42259.66  0.0291614    12.7503   331.1088   148.6685    63.0282
  -1195.00   42257.87  0.0291753    12.7692   328.9842   148.9886    62.8621
  -1185.00   42256.64  0.0292565    12.7889   326.5426   149.7295    62.6643
  -1175.00   42257.82  0.0293235    12.8024   324.4699   150.1058    62.4799
  -1165.00   42259.08  0.0293915    12.8245   322.3942   150.3931    62.3180
  -1155.00   42258.88  0.0292747    12.8528   319.8716   151.0298    62.1481
  -1145.00   42259.05  0.0292418    12.8765   317.3319   151.5496    61.9691
  -1135.00   42261.26  0.0293424    12.9001   314.7476   151.9088    61.8204
  -1125.00   42263.05  0.0291788    12.9265   312.1030   152.1592    61.7036
  -1115.00   42262.44  0.0290582    12.9549   309.3049   152.4758    61.5712
  -1105.00   42261.95  0.0291098    12.9772   306.3055   152.9513    61.4372
  -1095.00   42262.99  0.0290443    12.9928   303.7427   152.9957    61.3385
  -1085.00   42262.82  0.0290072    13.0143   301.2924   153.0115    61.2381
  -1075.00   42260.56  0.0289608    13.0335   298.5716   153.4699    61.1084
  -1065.00   42258.82  0.0289773    13.0416   296.3019   153.6505    60.9773
  -1055.00   42258.87  0.0291007    13.0541   294.2787   153.7111    60.8548
  -1045.00   42258.76  0.0290200    13.0697   292.1799   153.9863    60.7180
  -1035.00   42256.85  0.0290243    13.0813   290.1032   154.3428    60.5461
  -1025.00   42256.59  0.0292031    13.0937   287.9704   154.7370    60.3766
  -1015.00   42258.73  0.0291758    13.1074   285.9710   154.9280    60.2255
  -1005.00   42259.78  0.0291514    13.1279   283.7648   155.2270    60.0505
   -995.00   42259.72  0.0292379    13.1487   281.0613   155.8736    59.8611
   -985.00   42260.63  0.0292458    13.1644   278.5260   156.1825    59.6992
   -975.00   42262.98  0.0292690    13.1890   275.9711   156.3491    59.5533
   -965.00   42263.72  0.0292037    13.2174   272.9446   156.9051    59.3923
   -955.00   42262.12  0.0291680    13.2379   270.0614   157.2954    59.2374
   -945.00   42261.64  0.0292616    13.2601   267.3501   157.5164    59.1153
   -935.00   42262.30  0.0291391    13.2859   264.7194   157.7552    59.0037
   -925.00   42261.10  0.0290567    13.3084   262.2646   157.9823    58.8733
   -915.00   42258.62  0.0291568    13.3264   259.8124   158.3481    58.7522
   -905.00   42257.83  0.0291092    13.3408   257.7706   158.4400    58.6579
   -895.00   42258.67  0.0290930    13.3592   255.9297   158.4501    58.5478
   -885.00   42258.26  0.0291412    13.3746   253.7324   158.8819    58.4117
   -875.00   42256.84  0.0291727    13.3809   251.7402   159.1003    58.2855
   -865.00   42257.77  0.0293057    13.3928   249.7900   159.1893    58.1641
   -855.00   42260.15  0.0292959    13.4086   247.4315   159.5836    58.0151
   -845.00   42260.56  0.0293224    13.4180   244.9785   159.9418    57.8455
   -835.00   42260.26  0.0295172    13.4302   242.2891   160.3540    57.6878
   -825.00   42261.86  0.0295014    13.4472   239.5282   160.7112    57.5373
   -815.00   42263.71  0.0294886    13.4667   236.7309   161.0504    57.3606
   -805.00   42263.40  0.0295981    13.4869   233.6242   161.6652    57.1833
   -795.00   42261.42  0.0295845    13.5053   230.7538   162.0847    57.0373
   -785.00   42261.40  0.0295868    13.5311   228.1568   162.3440    56.8959
   -775.00   42261.53  0.0295606    13.5588   225.3822   162.9296    56.7407
   -765.00   42259.35  0.0294837    13.5784   222.9396   163.3343    56.6041
   -755.00   42257.12  0.0295372    13.6008   220.7536   163.5957    56.4986
   -745.00   42257.42  0.0294252    13.6268   218.5474   163.9829    56.3879
   -735.00   42258.46  0.0293015    13.6452   216.5651   164.2035    56.2639
   -725.00   42257.80  0.0293617    13.6603   214.4406   164.5110    56.1576
   -715.00   42257.49  0.0292785    13.6754   212.3212   164.7262    56.0655
   -705.00   42259.77  0.0292225    13.6905   210.2603   164.7798    55.9467
   -695.00   42261.83  0.0292653    13.7023   207.7379   165.1321    55.8101
   -685.00   42261.40  0.0292342    13.7089   205.1795   165.3611    55.6863
   -675.00   42261.21  0.0293195    13.7214   202.6361   165.4597    55.5570
   -665.00   42262.74  0.0293378    13.7372   199.7176   165.8815    55.3957
   -655.00   42263.49  0.0292981    13.7468   196.9530   166.1589    55.2275
   -645.00   42261.57  0.0294398    13.7609   194.1913   166.4728    55.0778
   -635.00   42260.27  0.0294267    13.7826   191.4473   166.9012    54.9235
   -625.00   42260.66  0.0293905    13.8022   189.0571   167.1601    54.7511
   -615.00   42260.52  0.0294673    13.8217   186.6110   167.6016    54.5934
   -605.00   42257.90  0.0294283    13.8439   184.3270   167.9995    54.4651
   -595.00   42256.85  0.0294387    13.8687   182.3536   168.1998    54.3321
   -585.00   42257.99  0.0294594    13.8924   180.1640   168.6377    54.1921
   -575.00   42258.54  0.0293552    13.9099   178.0430   168.9496    54.0777
   -565.00   42257.65  0.0294140    13.9299   175.9485   169.1288    53.9820
   -555.00   42258.54  0.0293973    13.9520   173.5266   169.5062    53.8702
   -545.00   42261.40  0.0292887    13.9652   171.1812   169.6582    53.7513
   -535.00   42262.73  0.0293493    13.9767   168.5816   169.8790    53.6519
   -525.00   42261.94  0.0293257    13.9919   165.7852   170.1806    53.5517
   -515.00   42262.28  0.0293233    14.0039   163.2031   170.2456    53.4233
   -505.00   42263.50  0.0294020    14.0128   160.3962   170.5287    53.2892
   -495.00   42262.59  0.0293653    14.0217   157.6245   170.8385    53.1677
   -485.00   42259.92  0.0294766    14.0347   155.1677   170.9875    53.0319
   -475.00   42258.96  0.0295840    14.0494   152.6073   171.4103    52.8708
   -465.00   42259.58  0.0295317    14.0594   150.3186   171.7237    52.7133
   -455.00   42258.53  0.0296537    14.0746   148.1154   172.0665    52.5718
   -445.00   42256.92  0.0297174    14.0974   145.8089   172.6067    52.4169
   -435.00   42257.35  0.0297048    14.1155   143.8059   172.8927    52.2518
   -425.00   42259.54  0.0297609    14.1338   141.5651   173.3357    52.1116
   -415.00   42259.33  0.0297236    14.1589   139.0863   173.8907    51.9894
   -405.00   42258.85  0.0297427    14.1830   136.7775   174.1596    51.8591
   -395.00   42260.43  0.0297701    14.2035   134.1523   174.5665    51.7334
   -385.00   42262.62  0.0296062    14.2224   131.3115   175.0044    51.6356
   -375.00   42262.50  0.0296053    14.2423   128.5376   175.2673    51.5443
   -365.00   42261.57  0.0296149    14.2614   125.5995   175.6505    51.4353
   -355.00   42262.32  0.0294447    14.2722   122.8976   175.8182    51.3279
   -345.00   42263.15  0.0294179    14.2824   120.1996   176.0486    51.2343
   -335.00   42261.14  0.0293941    14.2971   117.4890   176.4320    51.1247
   -325.00   42258.79  0.0293617    14.3065   115.3454   176.4475    50.9890
   -315.00   42258.64  0.0293962    14.3134   113.1892   176.6223    50.8560
   -305.00   42258.81  0.0293252    14.3253   110.9225   177.0216    50.7279
   -295.00   42257.22  0.0294053    14.3396   109.0239   177.1610    50.5791
   -285.00   42256.35  0.0295275    14.3538   106.9966   177.4446    50.4177
   -275.00   42258.13  0.0294297    14.3669   104.8820   177.7524    50.2715
   -265.00   42260.05  0.0294995    14.3853   102.6249   178.0873    50.1350
   -255.00   42260.00  0.0295988    14.4088   100.0663   178.5740    49.9868
   -245.00   42260.24  0.0295509    14.4264    97.6802   178.7411    49.8410
   -235.00   42262.67  0.0295599    14.4444    94.9535   179.0756    49.7242
   -225.00   42263.55  0.0295384    14.4695    91.8587   179.6527    49.6120
   -215.00   42262.34  0.0295545    14.4901    89.1558   179.8245    49.4893
   -205.00   42261.26  0.0295764    14.5055    86.4313   180.0311    49.3802
   -195.00   42261.79  0.0294277    14.5236    83.5317   180.4749    49.2902
   -185.00   42261.55  0.0294432    14.5408    80.9762   180.7343    49.1923
   -175.00   42259.05  0.0295210    14.5548    78.6013   180.9771    49.0798
   -165.00   42257.70  0.0293645    14.5642    76.4904   181.0999    48.9772
   -155.00   42258.56  0.0293542    14.5738    74.4054   181.3205    48.8792
   -145.00   42258.46  0.0294248    14.5872    72.1936   181.7367    48.7592
   -135.00   42257.17  0.0294100    14.5950    70.4373   181.7204    48.6237
   -125.00   42257.41  0.0294488    14.6012    68.4889   181.8295    48.4976
   -115.00   42259.66  0.0294411    14.6148    66.0143   182.3376    48.3684
   -105.00   42260.95  0.0295538    14.6288    63.7289   182.5349    48.2166
    -95.00   42260.58  0.0297034    14.6410    61.2640   182.7481    48.0640
    -85.00   42261.44  0.0296186    14.6564    58.4546   183.1490    47.9300
    -75.00   42263.56  0.0297054    14.6763    55.5230   183.5914    47.7944
    -65.00   42263.54  0.0298706    14.6985    52.4603   184.1267    47.6504
    -55.00   42261.70  0.0297953    14.7165    49.7268   184.3664    47.5207
    -45.00   42261.01  0.0297709    14.7358    46.9305   184.7617    47.4146
    -35.00   42261.11  0.0297856    14.7608    43.9454   185.4717    47.3062
    -25.00   42260.04  0.0297733    14.7796    41.6084   185.7101    47.1904
    -15.00   42257.52  0.0297254    14.7931    39.4570   185.8955    47.0959
     -5.00   42257.08  0.0295542    14.8113    37.0480   186.4251    47.0112
      5.00   42258.44  0.0295420    14.8266    34.9531   186.7255    46.9090
     15.00   42258.13  0.0295903    14.8360    32.9841   186.8868    46.7990
     25.00   42257.64  0.0293758    14.8453    30.9077   187.0621    46.7014
     35.00   42259.04  0.0293172    14.8551    28.6836   187.2871    46.5960
     45.00   42261.40  0.0294213    14.8663    26.1568   187.6684    46.4653
     55.00   42262.04  0.0293506    14.8741    23.8482   187.6716    46.3314
     65.00   42261.45  0.0293240    14.8822    21.3379   187.7503    46.2066
     75.00   42262.47  0.0293385    14.8983    18.2847   188.2891    46.0717
     85.00   42263.77  0.0294247    14.9133    15.6009   188.4609    45.9193
     95.00   42262.59  0.0295331    14.9261    13.0150   188.5759    45.7785
    105.00   42260.60  0.0294252    14.9452    10.1956   189.0145    45.6557
    115.00   42260.28  0.0294832    14.9665     7.6046   189.3983    45.5243
    125.00   42260.38  0.0296630    14.9859     5.1611   189.7852    45.3909
    135.00   42258.83  0.0295422    15.0039     2.9937   190.0110    45.2818
    145.00   42256.97  0.0294769    15.0228     0.8469   190.3259    45.1847
    155.00   42257.47  0.0295317    15.0439   358.4507   190.9286    45.0786
    165.00   42258.90  0.0294948    15.0584   356.5052   191.0565    44.9726
    175.00   42258.48  0.0294346    15.0693   354.5097   191.1408    44.8855
    185.00   42258.45  0.0293053    15.0852   351.9528   191.6419    44.7979
    195.00   42260.67  0.0293173    15.0973   349.5739   191.8390    44.6890
    205.00   42262.65  0.0294059    15.1031   347.1861   191.8842    44.5803
    215.00   42262.77  0.0292476    15.1128   344.4716   192.1036    44.4829
    225.00   42262.11  0.0292241    15.1233   341.7104   192.3324    44.3697
    235.00   42263.11  0.0294004    15.1322   338.8732   192.6462    44.2351
    245.00   42263.41  0.0293627    15.1407   336.3152   192.7213    44.1086
    255.00   42261.20  0.0293593    15.1512   333.8365   192.8473    43.9870
    265.00   42259.18  0.0294388    15.1673   331.0649   193.4315    43.8494
    275.00   42259.16  0.0295173    15.1817   328.8418   193.6320    43.7039
    285.00   42259.10  0.0296335    15.1946   326.8238   193.7556    43.5743
    295.00   42257.52  0.0295711    15.2152   324.4414   194.3173    43.4561
    305.00   42256.80  0.0296182    15.2363   322.2459   194.7486    43.3263
    315.00   42258.47  0.0297935    15.2530   320.0816   195.1091    43.2024
    325.00   42259.90  0.0296742    15.2717   317.7749   195.4789    43.1061
    335.00   42259.38  0.0295927    15.2917   315.3053   195.8852    43.0122
    345.00   42259.84  0.0296553    15.3097   312.4674   196.5062    42.9083
    355.00   42262.05  0.0295513    15.3228   309.8645   196.7185    42.8160
    365.00   42263.18  0.0294582    15.3339   307.2286   196.8420    42.7356
    375.00   42262.19  0.0293460    15.3484   304.0865   197.4077    42.6451
    385.00   42261.86  0.0292880    15.3580   301.3467   197.5991    42.5366
    395.00   42262.73  0.0293257    15.3624   298.8702   197.6042    42.4311
    405.00   42262.53  0.0291787    15.3726   296.2334   197.8744    42.3299
    415.00   42259.72  0.0291277    15.3840   293.8288   198.1022    42.2056
    425.00   42258.39  0.0292695    15.3915   291.5849   198.3485    42.0669
    435.00   42258.71  0.0291997    15.4019   289.5466   198.4914    41.9435
    445.00   42258.19  0.0291717    15.4164   287.6233   198.6138    41.8190
    455.00   42256.57  0.0292647    15.4331   285.3206   199.1550    41.6784
    465.00   42256.99  0.0292651    15.4481   283.2879   199.3694    41.5457
    475.00   42259.39  0.0293222    15.4631   281.2942   199.4366    41.4309
    485.00   42260.55  0.0292848    15.4845   278.6841   199.9640    41.3195
    495.00   42260.28  0.0292799    15.5039   276.1051   200.3098    41.2006
    505.00   42261.48  0.0294026    15.5176   273.4920   200.5394    41.0938
    515.00   42263.57  0.0292964    15.5352   270.6246   200.8782    41.0087
    525.00   42263.30  0.0292210    15.5535   267.7814   201.1528    40.9148
    535.00   42261.43  0.0293098    15.5662   264.7908   201.6059    40.8114
    545.00   42261.01  0.0292053    15.5770   262.1010   201.8151    40.7256
    555.00   42261.55  0.0291413    15.5881   259.7262   201.8500    40.6413
    565.00   42260.13  0.0291227    15.6003   257.0975   202.3068    40.5386
    575.00   42257.93  0.0290667    15.6081   254.9054   202.4828    40.4304
    585.00   42257.67  0.0291235    15.6126   253.0237   202.4852    40.3269
    595.00   42258.97  0.0290608    15.6236   250.9202   202.7738    40.2199
    605.00   42257.94  0.0290373    15.6347   248.9306   202.9737    40.0923
    615.00   42257.01  0.0291996    15.6409   246.8730   203.2082    39.9593
    625.00   42258.37  0.0291787    15.6522   244.6582   203.4643    39.8430
    635.00   42260.67  0.0291755    15.6684   242.4219   203.6023    39.7179
    645.00   42260.85  0.0293156    15.6834   239.6913   204.0926    39.5785
    655.00   42260.75  0.0293212    15.6982   236.9470   204.4270    39.4582
    665.00   42262.44  0.0293817    15.7155   234.2871   204.5747    39.3519
    675.00   42264.02  0.0294018    15.7369   231.1993   205.1115    39.2391
    685.00   42262.63  0.0293726    15.7552   228.2716   205.5048    39.1289
    695.00   42260.69  0.0294744    15.7689   225.5314   205.8032    39.0356
    705.00   42260.66  0.0294033    15.7870   222.7508   206.2650    38.9542
    715.00   42260.48  0.0292964    15.8043   220.3029   206.5565    38.8605
    725.00   42258.19  0.0293547    15.8141   217.8876   206.9772    38.7624
    735.00   42256.62  0.0292390    15.8239   215.6280   207.3361    38.6826
    745.00   42257.63  0.0291443    15.8354   213.7056   207.4364    38.5943
    755.00   42258.77  0.0291199    15.8447   211.5039   207.8342    38.4821
    765.00   42258.09  0.0290072    15.8513   209.3711   208.0805    38.3758
    775.00   42258.17  0.0290279    15.8574   207.3259   208.1373    38.2723
    785.00   42260.87  0.0289852    15.8693   204.8916   208.4441    38.1538
    795.00   42262.12  0.0288969    15.8808   202.4237   208.6164    38.0250
    805.00   42261.49  0.0290044    15.8884   199.8133   208.8079    37.8985
    815.00   42261.41  0.0289980    15.9026   196.9836   209.1155    37.7858
    825.00   42262.96  0.0289496    15.9212   194.3292   209.2213    37.6621
    835.00   42263.17  0.0290379    15.9356   191.4904   209.5692    37.5301
    845.00   42260.91  0.0290169    15.9508   188.7190   209.9201    37.4252
    855.00   42259.66  0.0290548    15.9702   186.3334   210.0313    37.3275
    865.00   42260.28  0.0290844    15.9892   183.8334   210.4355    37.2156
    875.00   42259.39  0.0290024    16.0042   181.5305   210.7600    37.1159
    885.00   42257.09  0.0290845    16.0171   179.4488   210.9673    37.0333
    895.00   42256.69  0.0290793    16.0331   177.2439   211.3598    36.9481
    905.00   42258.38  0.0289620    16.0468   175.2159   211.5587    36.8515
    915.00   42258.97  0.0290070    16.0535   173.0299   211.8436    36.7567
    925.00   42258.38  0.0289585    16.0623   170.6319   212.2010    36.6757
    935.00   42259.74  0.0289058    16.0736   168.3969   212.2566    36.5794
    945.00   42262.56  0.0289148    16.0803   165.7995   212.5397    36.4621
    955.00   42263.02  0.0288193    16.0863   163.0416   212.8226    36.3586
    965.00   42261.90  0.0288795    16.0951   160.4394   212.8793    36.2564
    975.00   42262.35  0.0289239    16.1068   157.6429   213.1455    36.1312
    985.00   42263.05  0.0288330    16.1177   154.9522   213.3367    36.0060
    995.00   42261.84  0.0289360    16.1268   152.3656   213.5379    35.8894
   1005.00   42259.17  0.0290182    16.1426   149.7890   213.8838    35.7763
   1015.00   42258.68  0.0290009    16.1609   147.5815   214.0157    35.6543
   1025.00   42259.45  0.0290878    16.1740   145.3232   214.3529    35.5300
   1035.00   42258.04  0.0291056    16.1898   143.0012   214.8219    35.4332
   1045.00   42256.75  0.0291699    16.2104   141.0189   214.9906    35.3373
   1055.00   42257.92  0.0292395    16.2271   138.8127   215.3883    35.2264
   1065.00   42259.81  0.0291360    16.2402   136.4234   215.8474    35.1358
   1075.00   42259.87  0.0291953    16.2546   134.0564   216.1372    35.0608
   1085.00   42259.60  0.0292341    16.2696   131.4213   216.5645    34.9725
   1095.00   42261.58  0.0290799    16.2804   128.7750   216.8399    34.8778
   1105.00   42263.49  0.0290615    16.2865   125.9296   217.1820    34.7910
   1115.00   42262.64  0.0290184    16.2958   122.8980   217.6388    34.7076
   1125.00   42261.55  0.0289294    16.3065   120.2587   217.7149    34.6044
   1135.00   42262.27  0.0288948    16.3117   117.5412   217.9563    34.4859
   1145.00   42262.34  0.0287575    16.3183   114.7647   218.3511    34.3825
   1155.00   42260.20  0.0287731    16.3305   112.4808   218.4122    34.2745
   1165.00   42258.19  0.0288223    16.3426   110.2937   218.5738    34.1422
   1175.00   42258.44  0.0286845    16.3536   108.1798   218.7744    34.0196
   1185.00   42258.81  0.0287423    16.3664   106.1523   218.9685    33.9116
   1195.00   42257.15  0.0288472    16.3842   104.0756   219.2588    33.7974
   1205.00   42256.83  0.0288003    16.4018   102.1828   219.3200    33.6812
   1215.00   42259.08  0.0288479    16.4143    99.9991   219.5802    33.5731
   1225.00   42260.52  0.0288742    16.4304    97.4230   220.0738    33.4849
   1235.00   42260.56  0.0289060    16.4496    95.0680   220.1798    33.3927
   1245.00   42261.02  0.0289630    16.4625    92.4644   220.4125    33.2881
   1255.00   42263.22  0.0288461    16.4727    89.4797   220.8809    33.2054
   1265.00   42263.92  0.0288819    16.4869    86.6439   221.1230    33.1299
   1275.00   42262.03  0.0289580    16.4995    83.8064   221.4094    33.0336
   1285.00   42261.04  0.0287970    16.5069    81.1298   221.6034    32.9368
   1295.00   42261.41  0.0287869    16.5136    78.4901   221.8731    32.8518
   1305.00   42260.51  0.0288187    16.5237    75.8510   222.3107    32.7592
   1315.00   42258.13  0.0287489    16.5335    73.8078   222.3173    32.6488
   1325.00   42257.31  0.0287404    16.5383    71.7836   222.4470    32.5347
   1335.00   42258.42  0.0286710    16.5458    69.5147   222.8906    32.4326
   1345.00   42258.64  0.0287148    16.5594    67.6406   222.9580    32.3209
   1355.00   42257.45  0.0288084    16.5704    65.7495   223.0269    32.1898
   1365.00   42258.28  0.0286954    16.5800    63.5709   223.2623    32.0742
   1375.00   42260.64  0.0287838    16.5950    61.2455   223.4841    31.9716
   1385.00   42261.32  0.0289611    16.6131    58.6867   223.8002    31.8552
   1395.00   42260.83  0.0289228    16.6287    56.1836   223.9002    31.7425
   1405.00   42261.83  0.0289835    16.6421    53.3675   224.1954    31.6476
   1415.00   42263.45  0.0290766    16.6596    50.1720   224.8192    31.5606
   1425.00   42263.25  0.0291157    16.6782    47.3797   225.0480    31.4680
   1435.00   42261.01  0.0291556    16.6896    44.6639   225.2999    31.3725
   1445.00   42260.50  0.0290443    16.6996    41.7159   225.9058    31.2960
   1455.00   42260.59  0.0290500    16.7142    39.1681   226.2542    31.2184
   1465.00   42258.95  0.0291210    16.7249    36.8502   226.5544    31.1183
   1475.00   42256.81  0.0289000    16.7298    34.6721   226.8339    31.0231
   1485.00   42256.91  0.0288379    16.7377    32.5492   227.1134    30.9380
   1495.00   42258.38  0.0288883    16.7483    30.2915   227.5606    30.8349
   1505.00   42258.32  0.0287630    16.7565    28.3933   227.5957    30.7171
   1515.00   42258.14  0.0286996    16.7625    26.3211   227.6884    30.6079
   1525.00   42260.01  0.0286435    16.7728    23.7343   228.1537    30.5037
   1535.00   42262.30  0.0286578    16.7878    21.3789   228.2282    30.3861
   1545.00   42262.20  0.0287230    16.7993    18.9564   228.2375    30.2612
   1555.00   42261.54  0.0285851    16.8100    16.1457   228.5261    30.1557
   1565.00   42262.37  0.0286388    16.8279    13.3812   228.7189    30.0575
   1575.00   42263.16  0.0288326    16.8457    10.6084   228.9727    29.9436
   1585.00   42261.57  0.0287501    16.8588     8.0528   229.0906    29.8385
   1595.00   42259.79  0.0287694    16.8731     5.4992   229.3269    29.7553
   1605.00   42259.68  0.0288769    16.8900     2.8043   229.8813    29.6671
   1615.00   42259.97  0.0288919    16.9049     0.6381   230.0503    29.5693
   1625.00   42258.02  0.0288950    16.9143   358.5899   230.2045    29.4816
   1635.00   42256.76  0.0287913    16.9235   356.2070   230.7593    29.4040
   1645.00   42257.71  0.0287827    16.9366   354.1048   231.0264    29.3164
   1655.00   42259.10  0.0288712    16.9450   352.0737   231.1673    29.2132
   1665.00   42258.80  0.0286715    16.9485   349.7943   231.4346    29.1186
   1675.00   42259.25  0.0286132    16.9576   347.4114   231.6407    29.0306
   1685.00   42261.66  0.0287323    16.9684   344.7803   231.9665    28.9204
   1695.00   42263.40  0.0286465    16.9746   342.3150   231.9926    28.8011
   1705.00   42262.76  0.0286165    16.9824   339.7030   232.0548    28.6989
   1715.00   42262.05  0.0286349    16.9948   336.6866   232.5165    28.5939
   1725.00   42262.77  0.0286834    17.0090   334.0960   232.6058    28.4716
   1735.00   42262.41  0.0287918    17.0204   331.6896   232.6018    28.3552
   1745.00   42260.00  0.0287191    17.0325   329.0381   232.9838    28.2557
   1755.00   42258.41  0.0287815    17.0511   326.6733   233.2353    28.1553
   1765.00   42258.85  0.0290065    17.0679   324.4814   233.4718    28.0427
   1775.00   42258.89  0.0289523    17.0792   322.3783   233.7109    27.9435
   1785.00   42257.47  0.0289686    17.0949   320.2261   234.0226    27.8645
   1795.00   42257.29  0.0290996    17.1117   317.7952   234.6224    27.7740
   1805.00   42259.47  0.0290925    17.1231   315.6263   234.8840    27.6747
   1815.00   42260.30  0.0290798    17.1326   313.3280   235.1152    27.5952
   1825.00   42259.92  0.0289947    17.1426   310.4631   235.7728    27.5178
   1835.00   42260.63  0.0289469    17.1540   307.7532   236.1323    27.4219
   1845.00   42262.85  0.0289869    17.1611   305.1271   236.2727    27.3220
   1855.00   42263.52  0.0287935    17.1650   302.2120   236.6273    27.2291
   1865.00   42262.19  0.0286906    17.1756   299.3705   236.8924    27.1345
   1875.00   42261.76  0.0287803    17.1866   296.6079   237.1595    27.0185
   1885.00   42262.52  0.0286638    17.1922   294.1578   237.2355    26.8990
   1895.00   42261.30  0.0286036    17.2028   291.8508   237.2879    26.7985
   1905.00   42258.68  0.0286421    17.2183   289.3363   237.7265    26.6894
   1915.00   42257.81  0.0286410    17.2317   287.2990   237.8461    26.5645
   1925.00   42258.51  0.0287049    17.2439   285.4771   237.8168    26.4578
   1935.00   42258.14  0.0286571    17.2583   283.2604   238.2165    26.3648
   1945.00   42257.03  0.0286735    17.2764   281.1561   238.4838    26.2629
   1955.00   42258.12  0.0288364    17.2907   279.0647   238.6518    26.1578
   1965.00   42260.75  0.0287627    17.3004   276.7416   238.9083    26.0681
   1975.00   42261.31  0.0287396    17.3154   274.2483   239.1557    25.9899
   1985.00   42260.91  0.0288621    17.3302   271.3972   239.6302    25.8963
   1995.00   42262.30  0.0288159    17.3374   268.6760   239.8648    25.7971
   2005.00   42263.67  0.0287947    17.3463   265.9725   239.9778    25.7183
   2015.00   42263.01  0.0287667    17.3574   262.8768   240.4991    25.6345
   2025.00   42260.94  0.0287247    17.3665   260.0976   240.7962    25.5281
   2035.00   42260.68  0.0287689    17.3732   257.6480   240.8655    25.4295
   2045.00   42261.13  0.0286494    17.3788   255.1266   241.1671    25.3368
   2055.00   42259.18  0.0285814    17.3904   252.8462   241.3884    25.2329
   2065.00   42257.22  0.0286969    17.4008   250.7264   241.5895    25.1171
   2075.00   42257.67  0.0286238    17.4058   248.7634   241.7346    25.0026
   2085.00   42258.70  0.0285911    17.4178   246.9064   241.7727    24.9026
   2095.00   42258.11  0.0286986    17.4339   244.6864   242.1452    24.7910
   2105.00   42257.63  0.0287185    17.4449   242.5603   242.3502    24.6677
   2115.00   42259.64  0.0288012    17.4569   240.4456   242.3705    24.5681
   2125.00   42261.82  0.0288312    17.4734   237.7720   242.7868    24.4765
   2135.00   42261.51  0.0288633    17.4903   235.0568   243.1098    24.3705
   2145.00   42261.25  0.0290297    17.5033   232.3044   243.3441    24.2725
   2155.00   42262.89  0.0290020    17.5139   229.3341   243.7373    24.1904
   2165.00   42263.51  0.0289732    17.5295   226.4620   244.0342    24.1090
   2175.00   42261.72  0.0290944    17.5430   223.5075   244.5005    24.0148
   2185.00   42259.93  0.0290441    17.5485   220.7558   244.9077    23.9206
   2195.00   42260.01  0.0290013    17.5576   218.3496   245.0986    23.8417
   2205.00   42259.86  0.0289844    17.5694   215.7948   245.6050    23.7505
   2215.00   42257.39  0.0289012    17.5761   213.5161   245.9876    23.6379
   2225.00   42256.37  0.0289131    17.5824   211.5205   246.1389    23.5397
   2235.00   42257.96  0.0288105    17.5906   209.3349   246.5059    23.4442
   2245.00   42258.72  0.0286958    17.6025   207.2427   246.7433    23.3286
   2255.00   42258.33  0.0287627    17.6129   205.0836   246.9276    23.2139
   2265.00   42258.97  0.0286918    17.6196   202.7277   247.1789    23.1062
   2275.00   42261.66  0.0286184    17.6339   200.3986   247.2340    23.0040
   2285.00   42262.85  0.0286952    17.6506   197.7093   247.4992    22.8931
   2295.00   42261.70  0.0286746    17.6605   194.9413   247.7593    22.7780
   2305.00   42261.73  0.0287226    17.6731   192.3406   247.7843    22.6866
   2315.00   42262.90  0.0287611    17.6908   189.4411   248.1299    22.5956
   2325.00   42262.18  0.0287220    17.7051   186.7141   248.4110    22.4880
   2335.00   42259.69  0.0288426    17.7158   184.2085   248.5850    22.3957
   2345.00   42258.80  0.0288450    17.7270   181.6541   248.9655    22.3163
   2355.00   42259.44  0.0287783    17.7410   179.4244   249.1817    22.2249
   2365.00   42258.70  0.0288613    17.7518   177.2051   249.4978    22.1266
   2375.00   42256.66  0.0288345    17.7563   174.9751   249.8987    22.0346
   2385.00   42257.03  0.0288080    17.7653   173.0237   250.0162    21.9498
   2395.00   42259.03  0.0288237    17.7768   170.7753   250.3755    21.8496
   2405.00   42259.23  0.0287355    17.7817   168.4260   250.7385    21.7354
   2415.00   42258.83  0.0287794    17.7877   166.1663   250.8402    21.6384
   2425.00   42260.59  0.0287645    17.7983   163.5429   251.1574    21.5408
   2435.00   42262.94  0.0286474    17.8091   160.9063   251.3719    21.4194
   2445.00   42263.19  0.0287138    17.8186   158.2095   251.5263    21.3073
   2455.00   42261.74  0.0287250    17.8274   155.3529   251.8165    21.2071
   2465.00   42262.24  0.0286878    17.8424   152.7836   251.8698    21.0998
   2475.00   42262.62  0.0287756    17.8582   150.1390   252.0806    20.9882
   2485.00   42260.63  0.0287801    17.8677   147.4921   252.4422    20.8806
   2495.00   42258.20  0.0288728    17.8811   145.2987   252.4986    20.7903
   2505.00   42258.08  0.0289815    17.8990   142.9760   252.8249    20.6962
   2515.00   42258.79  0.0289316    17.9111   140.7174   253.2159    20.5880
   2525.00   42257.58  0.0290559    17.9206   138.6277   253.4663    20.4994
   2535.00   42256.91  0.0291351    17.9332   136.3250   253.9162    20.4206
   2545.00   42258.74  0.0290651    17.9457   134.1239   254.2193    20.3223
   2555.00   42260.74  0.0291109    17.9540   131.6953   254.6095    20.2233
   2565.00   42260.33  0.0291032    17.9592   128.9521   255.1555    20.1367
   2575.00   42260.34  0.0290653    17.9686   126.4315   255.3363    20.0460
   2585.00   42262.24  0.0290565    17.9791   123.6025   255.6963    19.9394
   2595.00   42263.47  0.0289161    17.9835   120.5307   256.2237    19.8274
   2605.00   42262.18  0.0289156    17.9904   117.7944   256.3828    19.7300
   2615.00   42261.26  0.0289099    18.0034   114.9919   256.6669    19.6265
   2625.00   42261.90  0.0287311    18.0138   112.3394   256.9385    19.5013
   2635.00   42261.90  0.0287314    18.0229   109.8819   257.1328    19.3907
   2645.00   42259.21  0.0287607    18.0354   107.4862   257.4165    19.2943
   2655.00   42257.78  0.0286917    18.0508   105.5416   257.4208    19.1825
   2665.00   42258.31  0.0287266    18.0646   103.5401   257.5636    19.0712
   2675.00   42258.46  0.0287286    18.0747   101.2817   257.9954    18.9737
   2685.00   42257.16  0.0287932    18.0881    99.4324   258.0013    18.8833
   2695.00   42257.57  0.0288913    18.1040    97.3177   258.1846    18.7863
   2705.00   42260.19  0.0288070    18.1131    94.8307   258.6246    18.6816
   2715.00   42261.60  0.0288949    18.1208    92.3700   258.8616    18.5949
   2725.00   42261.32  0.0289971    18.1336    89.6488   259.1977    18.5115
   2735.00   42261.96  0.0288922    18.1436    86.9385   259.4341    18.4061
   2745.00   42263.80  0.0289048    18.1492    84.0389   259.7720    18.3051
   2755.00   42263.43  0.0289389    18.1564    80.9282   260.2966    18.2184
   2765.00   42261.28  0.0288978    18.1664    78.3473   260.3806    18.1186
   2775.00   42260.36  0.0288881    18.1754    75.7571   260.5935    18.0064
   2785.00   42260.81  0.0287906    18.1803    72.9657   261.1546    17.8985
   2795.00   42259.81  0.0288157    18.1885    70.7550   261.2876    17.7990
   2805.00   42257.73  0.0288599    18.2018    68.6725   261.4305    17.6902
   2815.00   42257.50  0.0287003    18.2107    66.5823   261.6975    17.5663
   2825.00   42259.11  0.0287288    18.2185    64.5605   261.9057    17.4587
   2835.00   42258.76  0.0288356    18.2328    62.4405   262.1603    17.3613
   2845.00   42258.04  0.0287787    18.2470    60.5279   262.1491    17.2460
   2855.00   42259.25  0.0288150    18.2581    58.3174   262.2852    17.1353
   2865.00   42261.57  0.0289030    18.2695    55.5430   262.8028    17.0439
   2875.00   42261.98  0.0289970    18.2834    53.0805   262.8729    16.9507
   2885.00   42261.46  0.0291043    18.2976    50.4104   263.0294    16.8506
   2895.00   42262.42  0.0290572    18.3058    47.2471   263.6216    16.7528
   2905.00   42263.70  0.0291681    18.3138    44.3052   263.9930    16.6674
   2915.00   42262.40  0.0293053    18.3267    41.4210   264.3683    16.5792
   2925.00   42260.15  0.0291642    18.3352    38.6931   264.7436    16.4718
   2935.00   42259.76  0.0291427    18.3390    36.0440   265.1889    16.3715
   2945.00   42259.71  0.0292048    18.3478    33.3671   265.7936    16.2814
   2955.00   42258.13  0.0291083    18.3579    31.2860   265.9611    16.1725
   2965.00   42256.57  0.0290177    18.3649    29.2353   266.1827    16.0554
   2975.00   42257.44  0.0289221    18.3711    26.7931   266.8010    15.9505
   2985.00   42259.15  0.0289146    18.3812    24.7832   266.9501    15.8461
   2995.00   42258.98  0.0289165    18.3943    22.7497   267.0176    15.7316
   3005.00   42258.98  0.0287199    18.4028    20.3201   267.3508    15.6134
   3015.00   42261.19  0.0287242    18.4112    17.8502   267.5588    15.5106
   3025.00   42262.72  0.0288469    18.4265    15.2183   267.7613    15.4121
   3035.00   42262.35  0.0287427    18.4397    12.6699   267.8011    15.2978
   3045.00   42261.52  0.0287201    18.4482     9.9496   267.9593    15.1918
   3055.00   42262.28  0.0288319    18.4604     6.8922   268.4465    15.1036
   3065.00   42262.65  0.0288967    18.4738     4.3637   268.5132    15.0055
   3075.00   42260.52  0.0289341    18.4847     1.9423   268.6030    14.8998
   3085.00   42258.76  0.0288879    18.4924   359.1558   269.2014    14.8059
   3095.00   42259.00  0.0289712    18.5005   356.8356   269.4982    14.7158
   3105.00   42258.90  0.0290997    18.5122   354.7100   269.7116    14.6168
   3115.00   42257.36  0.0289392    18.5190   352.4818   270.1081    14.5079
   3125.00   42256.71  0.0288975    18.5222   350.2928   270.4783    14.4072
   3135.00   42258.34  0.0290002    18.5317   347.9412   270.9351    14.3116
   3145.00   42259.88  0.0288994    18.5412   345.8271   271.0664    14.1966
   3155.00   42259.55  0.0288024    18.5461   343.5310   271.2351    14.0794
   3165.00   42260.15  0.0287682    18.5534   340.6647   271.7958    13.9778
   3175.00   42262.52  0.0287817    18.5644   338.1511   271.8831    13.8696
   3185.00   42263.42  0.0288137    18.5758   335.6399   271.8675    13.7509
   3195.00   42262.28  0.0286853    18.5841   332.6762   272.2610    13.6392
   3205.00   42261.52  0.0287206    18.5935   329.9484   272.4595    13.5379
   3215.00   42261.95  0.0289026    18.6085   327.3595   272.6002    13.4344
   3225.00   42261.45  0.0288416    18.6204   324.9228   272.7403    13.3201
   3235.00   42258.80  0.0288480    18.6280   322.5500   272.9707    13.2172
   3245.00   42257.61  0.0290104    18.6407   320.0288   273.4729    13.1273
   3255.00   42258.49  0.0290762    18.6536   318.0027   273.6188    13.0240
   3265.00   42258.25  0.0291101    18.6615   316.0055   273.7905    12.9160
   3275.00   42257.25  0.0291166    18.6695   313.4445   274.4938    12.8247
   3285.00   42257.74  0.0291767    18.6779   311.1644   274.8736    12.7314
   3295.00   42260.10  0.0292746    18.6874   308.9196   275.0991    12.6240
   3305.00   42261.15  0.0291349    18.6933   306.1613   275.6734    12.5179
   3315.00   42260.60  0.0290684    18.6969   303.3790   276.1287    12.4182
   3325.00   42261.54  0.0291522    18.7066   300.4746   276.5674    12.3158
   3335.00   42263.45  0.0290007    18.7154   297.6734   276.8280    12.1979
   3345.00   42263.24  0.0288769    18.7197   294.9087   277.0332    12.0820
   3355.00   42261.46  0.0288584    18.7287   291.8235   277.5845    11.9799
   3365.00   42261.09  0.0288019    18.7408   289.3018   277.7017    11.8670
   3375.00   42261.52  0.0287872    18.7505   287.0866   277.6605    11.7452
   3385.00   42260.28  0.0286952    18.7594   284.5375   278.0858    11.6380
   3395.00   42257.78  0.0286915    18.7701   282.3714   278.2837    11.5367
   3405.00   42257.51  0.0288259    18.7837   280.4190   278.3722    11.4277
   3415.00   42258.67  0.0287445    18.7935   278.3570   278.6123    11.3160
   3425.00   42258.10  0.0287271    18.8002   276.3010   278.8261    11.2161
   3435.00   42257.42  0.0288714    18.8119   273.9267   279.2642    11.1225
   3445.00   42259.16  0.0288568    18.8226   271.6951   279.4554    11.0146
   3455.00   42261.58  0.0288477    18.8276   269.3783   279.5777    10.9059
   3465.00   42262.21  0.0288753    18.8351   266.4032   280.1718    10.8130
   3475.00   42261.61  0.0288846    18.8439   263.6088   280.4863    10.7136
   3485.00   42262.97  0.0289377    18.8509   260.9398   280.6146    10.5992
   3495.00   42263.95  0.0288513    18.8565   257.8514   281.1245    10.4938
   3505.00   42262.33  0.0287947    18.8617   255.0207   281.4471    10.3930
   3515.00   42260.15  0.0288896    18.8710   252.3303   281.7530    10.2828
   3525.00   42259.98  0.0287665    18.8788   249.7787   282.0671    10.1648
   3535.00   42260.14  0.0286781    18.8828   247.5868   282.1841    10.0510
   3545.00   42258.30  0.0287266    18.8921   245.2022   282.6121     9.9460
   3555.00   42256.93  0.0286703    18.9035   243.1769   282.7915     9.8293
   3565.00   42258.04  0.0286749    18.9107   241.4015   282.7678     9.7070
   3575.00   42259.49  0.0286695    18.9191   239.1496   283.1580     9.6012
   3585.00   42258.62  0.0286791    18.9305   237.0062   283.3572     9.4973
   3595.00   42258.62  0.0288271    18.9417   234.8306   283.4686     9.3835
   3605.00   42260.85  0.0288158    18.9501   232.2277   283.8348     9.2748
   3615.00   42262.48  0.0288228    18.9574   229.6291   284.0417     9.1772
   3625.00   42261.87  0.0289972    18.9684   226.7041   284.4518     9.0793
   3635.00   42261.70  0.0289940    18.9776   223.7513   284.8401     8.9708
   3645.00   42263.10  0.0289994    18.9814   220.9909   285.0464     8.8650
