  -7305.00   42257.42  0.0568301     5.6137    26.1678   160.6836    58.1745
  -7295.00   42258.02  0.0567621     5.6277    24.3467   160.6327    58.2004
  -7285.00   42257.91  0.0566759     5.6459    22.3385   160.5856    58.2566
  -7275.00   42259.46  0.0566105     5.6643    19.9120   160.8577    58.2461
  -7265.00   42261.87  0.0567268     5.6722    17.5291   160.9738    58.1972
  -7255.00   42262.14  0.0568846     5.6821    15.0492   161.0082    58.1971
  -7245.00   42261.12  0.0567873     5.6956    12.4299   161.1718    58.1668
  -7235.00   42261.37  0.0568859     5.7071     9.7431   161.5207    58.0390
  -7225.00   42261.58  0.0571588     5.7190     7.0886   161.8813    57.9276
  -7215.00   42260.18  0.0571735     5.7305     4.7606   162.0410    57.8422
  -7205.00   42257.75  0.0571513     5.7498     2.4474   162.3940    57.7166
  -7195.00   42257.21  0.0572859     5.7712     0.0774   162.9783    57.5620
  -7185.00   42257.70  0.0573851     5.7861   358.1240   163.2706    57.4308
  -7175.00   42256.49  0.0573662     5.8087   356.2690   163.4799    57.3650
  -7165.00   42255.56  0.0572328     5.8371   354.1878   163.9575    57.2756
  -7155.00   42256.78  0.0572471     5.8579   352.2068   164.3261    57.1626
  -7145.00   42258.53  0.0573292     5.8785   350.2210   164.4911    57.1404
  -7135.00   42258.89  0.0570967     5.9033   348.0975   164.6171    57.1541
  -7125.00   42258.96  0.0569701     5.9258   345.7598   164.8519    57.1174
  -7115.00   42260.78  0.0570854     5.9434   343.2237   165.0931    57.1020
  -7105.00   42262.54  0.0570329     5.9565   340.8398   165.0212    57.1380
  -7095.00   42261.86  0.0569523     5.9736   338.3287   165.0294    57.1607
  -7085.00   42260.78  0.0569957     5.9892   335.5673   165.3458    57.1265
  -7075.00   42261.13  0.0571432     5.9948   333.1314   165.4375    57.0806
  -7065.00   42260.93  0.0573042     6.0048   330.8510   165.4555    57.0719
  -7055.00   42258.90  0.0572724     6.0202   328.5089   165.7463    57.0119
  -7045.00   42256.89  0.0574126     6.0296   326.3348   166.1221    56.8727
  -7035.00   42256.86  0.0577085     6.0406   324.2938   166.4444    56.7729
  -7025.00   42257.27  0.0577070     6.0563   322.4230   166.6747    56.6912
  -7015.00   42255.90  0.0577042     6.0760   320.4354   167.1200    56.5442
  -7005.00   42255.67  0.0578721     6.0967   318.2486   167.7005    56.4045
  -6995.00   42257.78  0.0579217     6.1138   316.2406   167.9755    56.3090
  -6985.00   42259.32  0.0578496     6.1390   314.0703   168.2401    56.2425
  -6975.00   42259.53  0.0577635     6.1681   311.4725   168.7691    56.1612
  -6965.00   42259.99  0.0577458     6.1877   308.9264   169.1065    56.0825
  -6955.00   42262.02  0.0577496     6.2088   306.3942   169.2158    56.0924
  -6945.00   42262.87  0.0575178     6.2358   303.6855   169.4224    56.1096
  -6935.00   42261.19  0.0573887     6.2554   301.0052   169.6690    56.0741
  -6925.00   42260.15  0.0574765     6.2696   298.4288   169.8302    56.0841
  -6915.00   42260.52  0.0573522     6.2842   296.1590   169.7812    56.1299
  -6905.00   42259.64  0.0572498     6.2999   293.9956   169.8423    56.1187
  -6895.00   42257.25  0.0573384     6.3122   291.7761   170.1430    56.0708
  -6885.00   42256.17  0.0574214     6.3174   289.9380   170.2079    56.0305
  -6875.00   42257.06  0.0575035     6.3287   288.2172   170.2413    55.9937
  -6865.00   42257.10  0.0575274     6.3453   286.2360   170.6125    55.8953
  -6855.00   42255.84  0.0576504     6.3545   284.2956   170.9684    55.7495
  -6845.00   42256.56  0.0578779     6.3669   282.2996   171.2264    55.6576
  -6835.00   42259.00  0.0578313     6.3884   280.1126   171.5320    55.5673
  -6825.00   42259.83  0.0578257     6.4091   277.7092   171.9617    55.4136
  -6815.00   42259.49  0.0579858     6.4291   275.0477   172.4377    55.3023
  -6805.00   42260.75  0.0579416     6.4500   272.4832   172.6474    55.2522
  -6795.00   42262.59  0.0578427     6.4760   269.8469   172.8808    55.1886
  -6785.00   42262.43  0.0578216     6.5024   266.9918   173.3142    55.1229
  -6775.00   42260.24  0.0577922     6.5195   264.4154   173.5218    55.0900
  -6765.00   42259.79  0.0577661     6.5393   262.0755   173.5716    55.1106
  -6755.00   42259.88  0.0576311     6.5640   259.7208   173.7957    55.1119
  -6745.00   42257.95  0.0575720     6.5787   257.6105   173.9855    55.0714
  -6735.00   42255.55  0.0576866     6.5895   255.6773   174.0834    55.0852
  -6725.00   42255.68  0.0575911     6.6053   253.8814   174.1257    55.1117
  -6715.00   42256.95  0.0575492     6.6190   252.1243   174.2442    55.0607
  -6705.00   42256.55  0.0577120     6.6283   250.1726   174.5162    55.0019
  -6695.00   42256.19  0.0577773     6.6356   248.2945   174.6046    54.9726
  -6685.00   42258.33  0.0578510     6.6484   246.2916   174.7198    54.9110
  -6675.00   42260.58  0.0579671     6.6645   243.8695   175.1224    54.7970
  -6665.00   42260.32  0.0580985     6.6737   241.3898   175.4424    54.6730
  -6655.00   42259.93  0.0582945     6.6876   238.8095   175.7009    54.5932
  -6645.00   42261.33  0.0583038     6.7118   236.0108   176.1167    54.4939
  -6635.00   42262.26  0.0583276     6.7320   233.2539   176.5451    54.3425
  -6625.00   42260.41  0.0584867     6.7510   230.4976   176.9675    54.2542
  -6615.00   42258.97  0.0584054     6.7766   227.9441   177.2614    54.2223
  -6605.00   42259.31  0.0583065     6.8035   225.5880   177.5670    54.1502
  -6595.00   42259.28  0.0583013     6.8276   223.2593   177.9712    54.0931
  -6585.00   42256.66  0.0581976     6.8465   221.2388   178.1491    54.1039
  -6575.00   42255.43  0.0581076     6.8674   219.3987   178.2494    54.1277
  -6565.00   42256.49  0.0580058     6.8901   217.4503   178.5078    54.1205
  -6555.00   42257.07  0.0579025     6.9021   215.6155   178.6348    54.1019
  -6545.00   42256.06  0.0579441     6.9114   213.7320   178.6867    54.1252
  -6535.00   42256.84  0.0578570     6.9277   211.6422   178.8218    54.1303
  -6525.00   42259.76  0.0578145     6.9390   209.4742   178.9599    54.0526
  -6515.00   42261.12  0.0579532     6.9456   207.0551   179.1673    53.9840
  -6505.00   42260.47  0.0579622     6.9568   204.5503   179.3046    53.9466
  -6495.00   42260.97  0.0580201     6.9722   201.9904   179.4985    53.8472
  -6485.00   42262.42  0.0581595     6.9881   199.2487   179.8824    53.7121
  -6475.00   42261.56  0.0582077     7.0008   196.6591   180.1412    53.6116
  -6465.00   42258.88  0.0583241     7.0192   194.1920   180.3888    53.5353
  -6455.00   42257.94  0.0583741     7.0456   191.7154   180.8162    53.4330
  -6445.00   42258.52  0.0583627     7.0653   189.5277   181.1440    53.3102
  -6435.00   42257.13  0.0584476     7.0837   187.4572   181.4266    53.2593
  -6425.00   42255.39  0.0583727     7.1113   185.4398   181.7240    53.2423
  -6415.00   42255.82  0.0583125     7.1355   183.5718   181.9839    53.1722
  -6405.00   42257.89  0.0583276     7.1534   181.6207   182.2613    53.1295
  -6395.00   42257.48  0.0582034     7.1728   179.6479   182.3976    53.1605
  -6385.00   42257.00  0.0581545     7.1925   177.6065   182.5166    53.1645
  -6375.00   42258.88  0.0581598     7.2101   175.3072   182.7555    53.1308
  -6365.00   42261.08  0.0580570     7.2206   172.9686   182.8365    53.1242
  -6355.00   42260.84  0.0580823     7.2303   170.5125   182.8952    53.1361
  -6345.00   42260.18  0.0581002     7.2467   167.8567   183.1038    53.1095
  -6335.00   42261.41  0.0581068     7.2563   165.3228   183.2376    53.0238
  -6325.00   42262.27  0.0582264     7.2618   162.7890   183.4013    52.9598
  -6315.00   42260.19  0.0582568     7.2766   160.2957   183.6146    52.9157
  -6305.00   42258.04  0.0583803     7.2929   158.0174   183.8558    52.7970
  -6295.00   42258.18  0.0585734     7.3062   155.8062   184.2028    52.6604
  -6285.00   42257.96  0.0585916     7.3221   153.7508   184.4766    52.5821
  -6275.00   42255.85  0.0587087     7.3439   151.7855   184.7872    52.4991
  -6265.00   42254.95  0.0588521     7.3699   149.7450   185.2432    52.3866
  -6255.00   42256.77  0.0588294     7.3898   147.8130   185.5549    52.2935
  -6245.00   42258.12  0.0588444     7.4104   145.7576   185.8513    52.2635
  -6235.00   42257.79  0.0588045     7.4400   143.4645   186.2336    52.2464
  -6225.00   42258.42  0.0587535     7.4630   141.1863   186.4965    52.1867
  -6215.00   42261.31  0.0587067     7.4782   138.7333   186.7242    52.1714
  -6205.00   42262.00  0.0585191     7.4997   136.0989   186.9245    52.2145
  -6195.00   42260.79  0.0584513     7.5192   133.4834   187.0887    52.2066
  -6185.00   42260.60  0.0584612     7.5317   130.8537   187.2763    52.1648
  -6175.00   42261.48  0.0582810     7.5426   128.3221   187.3538    52.1716
  -6165.00   42260.82  0.0582337     7.5540   125.8996   187.4608    52.1647
  -6155.00   42258.17  0.0583073     7.5691   123.5564   187.6933    52.0966
  -6145.00   42257.33  0.0582875     7.5782   121.5333   187.7865    52.0098
  -6135.00   42258.18  0.0583329     7.5854   119.5978   187.9316    51.9415
  -6125.00   42257.13  0.0583753     7.6044   117.6176   188.2228    51.8706
  -6115.00   42255.41  0.0585002     7.6223   115.8269   188.4465    51.7380
  -6105.00   42256.06  0.0586594     7.6352   113.9880   188.7029    51.6127
  -6095.00   42258.00  0.0586197     7.6559   111.9645   188.9924    51.5533
  -6085.00   42258.37  0.0587103     7.6812   109.8176   189.3132    51.4691
  -6075.00   42258.07  0.0588784     7.7048   107.4890   189.6782    51.3618
  -6065.00   42259.90  0.0587949     7.7247   105.0807   189.9007    51.3130
  -6055.00   42262.23  0.0587520     7.7467   102.4583   190.1733    51.3001
  -6045.00   42261.93  0.0587713     7.7743    99.6503   190.5438    51.2732
  -6035.00   42260.68  0.0587206     7.7932    97.0522   190.7024    51.2290
  -6025.00   42261.19  0.0586458     7.8056    94.4857   190.8419    51.2277
  -6015.00   42261.27  0.0584964     7.8265    91.8779   191.0837    51.2550
  -6005.00   42259.30  0.0584884     7.8442    89.5710   191.2425    51.2199
  -5995.00   42257.01  0.0585362     7.8521    87.5097   191.3386    51.1693
  -5985.00   42256.92  0.0583747     7.8638    85.5421   191.4261    51.1715
  -5975.00   42257.49  0.0583732     7.8774    83.6517   191.5963    51.1381
  -5965.00   42256.00  0.0585437     7.8902    81.8237   191.8168    51.0408
  -5955.00   42255.54  0.0585327     7.8999    80.1144   191.8806    50.9669
  -5945.00   42257.48  0.0585732     7.9097    78.2400   192.0449    50.9028
  -5935.00   42259.09  0.0587099     7.9302    76.0514   192.4158    50.8095
  -5925.00   42259.09  0.0588577     7.9481    73.8914   192.6302    50.6834
  -5915.00   42259.39  0.0589987     7.9608    71.5629   192.8440    50.5789
  -5905.00   42261.45  0.0589841     7.9847    68.8768   193.2187    50.5238
  -5895.00   42262.49  0.0591134     8.0121    66.1251   193.6033    50.4320
  -5885.00   42261.09  0.0592997     8.0335    63.4011   193.9413    50.3320
  -5875.00   42260.19  0.0591706     8.0554    60.7289   194.1886    50.3109
  -5865.00   42260.74  0.0591104     8.0808    58.0596   194.5365    50.3012
  -5855.00   42260.09  0.0591767     8.1069    55.4903   194.9496    50.2608
  -5845.00   42257.79  0.0590525     8.1245    53.3348   195.0867    50.2420
  -5835.00   42256.53  0.0588855     8.1375    51.3161   195.2211    50.2581
  -5825.00   42257.10  0.0587441     8.1583    49.2317   195.5296    50.2687
  -5815.00   42257.07  0.0587067     8.1734    47.4276   195.6694    50.2228
  -5805.00   42255.76  0.0586770     8.1785    45.7388   195.6988    50.1764
  -5795.00   42256.17  0.0584700     8.1910    43.8502   195.8142    50.1676
  -5785.00   42258.52  0.0584857     8.2065    41.8188   196.0155    50.1009
  -5775.00   42259.46  0.0586730     8.2171    39.7009   196.1984    49.9791
  -5765.00   42259.47  0.0586092     8.2290    37.4836   196.2598    49.9071
  -5755.00   42260.55  0.0586184     8.2445    35.0012   196.4633    49.8359
  -5745.00   42262.42  0.0588188     8.2669    32.2671   196.8645    49.7153
  -5735.00   42262.49  0.0589215     8.2863    29.6882   197.0549    49.6047
  -5725.00   42260.66  0.0589704     8.3020    27.1462   197.2280    49.5301
  -5715.00   42260.06  0.0589530     8.3289    24.4513   197.6320    49.4777
  -5705.00   42260.09  0.0590613     8.3558    21.9997   197.9619    49.3930
  -5695.00   42258.62  0.0591982     8.3738    19.8117   198.1862    49.3173
  -5685.00   42256.38  0.0590109     8.3955    17.7110   198.4017    49.3162
  -5675.00   42256.12  0.0589576     8.4206    15.6618   198.7090    49.2991
  -5665.00   42257.09  0.0590813     8.4412    13.6982   199.0300    49.2413
  -5655.00   42256.93  0.0589333     8.4559    11.9185   199.1088    49.2315
  -5645.00   42256.33  0.0587636     8.4697    10.0270   199.2301    49.2433
  -5635.00   42257.79  0.0587265     8.4887     7.8557   199.5473    49.2167
  -5625.00   42259.90  0.0587147     8.5014     5.7662   199.6437    49.1611
  -5615.00   42260.28  0.0586886     8.5064     3.5989   199.6495    49.1194
  -5605.00   42259.99  0.0585311     8.5205     1.0935   199.8287    49.0954
  -5595.00   42261.31  0.0586080     8.5368   358.5276   200.0293    49.0087
  -5585.00   42262.51  0.0588409     8.5456   356.0148   200.1748    48.8864
  -5575.00   42261.70  0.0587914     8.5587   353.5181   200.2702    48.8214
  -5565.00   42259.94  0.0588431     8.5786   350.9832   200.5271    48.7435
  -5555.00   42259.69  0.0591210     8.5999   348.5094   200.9256    48.6065
  -5545.00   42259.54  0.0592297     8.6191   346.3445   201.1244    48.5077
  -5535.00   42257.51  0.0592637     8.6389   344.2876   201.3421    48.4512
  -5525.00   42255.76  0.0593058     8.6676   342.1086   201.8194    48.3854
  -5515.00   42256.07  0.0593957     8.6939   340.1411   202.1548    48.3067
  -5505.00   42257.11  0.0594839     8.7117   338.2804   202.3653    48.2567
  -5495.00   42256.71  0.0592791     8.7352   336.2098   202.6686    48.2643
  -5485.00   42256.99  0.0592036     8.7610   334.0206   203.0050    48.2431
  -5475.00   42259.21  0.0592916     8.7775   331.7726   203.2824    48.1888
  -5465.00   42261.20  0.0590751     8.7909   329.4675   203.3845    48.1924
  -5455.00   42260.97  0.0588743     8.8070   326.9529   203.5536    48.1990
  -5445.00   42260.87  0.0588616     8.8235   324.2490   203.8732    48.1427
  -5435.00   42261.93  0.0587866     8.8339   321.7331   203.9513    48.0827
  -5425.00   42262.24  0.0587171     8.8410   319.3006   203.9629    48.0405
  -5415.00   42260.28  0.0586083     8.8576   316.7388   204.2115    47.9847
  -5405.00   42258.91  0.0586592     8.8746   314.4241   204.3971    47.8774
  -5395.00   42258.98  0.0588424     8.8840   312.3725   204.5030    47.7574
  -5385.00   42258.74  0.0587723     8.9007   310.3817   204.6457    47.6923
  -5375.00   42256.58  0.0588241     8.9255   308.4085   204.9223    47.6024
  -5365.00   42255.70  0.0590744     8.9462   306.4915   205.2715    47.4660
  -5355.00   42256.99  0.0591019     8.9650   304.6931   205.4425    47.3899
  -5345.00   42257.47  0.0590941     8.9894   302.7557   205.6643    47.3499
  -5335.00   42256.94  0.0591601     9.0173   300.5199   206.1137    47.2777
  -5325.00   42257.80  0.0591853     9.0398   298.2977   206.3825    47.2115
  -5315.00   42260.41  0.0591997     9.0568   296.0042   206.5232    47.1872
  -5305.00   42261.66  0.0590403     9.0798   293.3839   206.8202    47.1865
  -5295.00   42261.14  0.0589763     9.1027   290.6998   207.1005    47.1499
  -5285.00   42261.32  0.0590498     9.1149   288.0847   207.2873    47.0973
  -5275.00   42262.53  0.0588556     9.1270   285.5249   207.3855    47.0967
  -5265.00   42261.48  0.0587260     9.1448   283.0002   207.5492    47.0785
  -5255.00   42258.92  0.0587928     9.1589   280.5686   207.8252    46.9966
  -5245.00   42257.78  0.0587265     9.1673   278.4695   207.9040    46.9332
  -5235.00   42258.11  0.0586862     9.1781   276.5558   207.9401    46.8892
  -5225.00   42257.04  0.0586944     9.1962   274.5753   208.2127    46.8055
  -5215.00   42255.49  0.0587587     9.2121   272.7738   208.4024    46.6918
  -5205.00   42255.90  0.0589224     9.2224   271.0689   208.5099    46.5895
  -5195.00   42258.05  0.0589112     9.2420   269.1785   208.7215    46.5201
  -5185.00   42258.07  0.0590017     9.2681   267.1192   209.0117    46.4205
  -5175.00   42257.72  0.0592611     9.2875   264.9092   209.3431    46.2934
  -5165.00   42259.51  0.0592760     9.3067   262.5731   209.5717    46.2341
  -5155.00   42261.46  0.0592950     9.3352   260.0148   209.8452    46.1940
  -5145.00   42261.40  0.0594115     9.3628   257.2153   210.2959    46.1138
  -5135.00   42260.42  0.0593995     9.3828   254.4844   210.5926    46.0607
  -5125.00   42261.20  0.0593645     9.4027   251.8275   210.7879    46.0570
  -5115.00   42261.95  0.0592416     9.4268   249.1216   211.1309    46.0438
  -5105.00   42260.01  0.0591384     9.4471   246.6230   211.4167    45.9987
  -5095.00   42257.74  0.0591308     9.4577   244.3892   211.5949    45.9629
  -5085.00   42257.77  0.0589163     9.4701   242.3048   211.7610    45.9570
  -5075.00   42257.70  0.0587688     9.4883   240.3671   211.9357    45.9120
  -5065.00   42255.91  0.0588131     9.4999   238.5116   212.1622    45.8146
  -5055.00   42254.92  0.0587000     9.5073   236.7620   212.2739    45.7476
  -5045.00   42256.64  0.0586442     9.5225   234.9881   212.3577    45.6878
  -5035.00   42258.28  0.0586928     9.5423   232.9856   212.6222    45.5724
  -5025.00   42258.10  0.0587139     9.5580   230.9068   212.8105    45.4528
  -5015.00   42258.62  0.0588211     9.5727   228.7026   212.9380    45.3687
  -5005.00   42261.31  0.0588366     9.5966   226.2200   213.1965    45.2903
  -4995.00   42262.31  0.0588822     9.6236   223.6249   213.4567    45.1883
  -4985.00   42261.04  0.0590656     9.6426   220.9769   213.7194    45.0882
  -4975.00   42260.43  0.0590473     9.6628   218.3098   213.9679    45.0487
  -4965.00   42261.03  0.0590420     9.6919   215.7185   214.2090    45.0070
  -4955.00   42260.46  0.0591365     9.7160   213.1979   214.5543    44.9247
  -4945.00   42257.64  0.0590755     9.7314   210.8904   214.8033    44.8840
  -4935.00   42256.55  0.0590437     9.7520   208.7746   214.9845    44.8799
  -4925.00   42257.45  0.0589875     9.7743   206.7177   215.2857    44.8393
  -4915.00   42256.85  0.0588789     9.7897   204.8221   215.5137    44.7762
  -4905.00   42255.33  0.0588715     9.8004   202.9992   215.6611    44.7457
  -4895.00   42255.93  0.0587491     9.8140   201.0950   215.8591    44.7212
  -4885.00   42258.20  0.0586446     9.8314   199.1542   216.0242    44.6478
  -4875.00   42258.83  0.0586956     9.8418   197.0795   216.1968    44.5504
  -4865.00   42258.33  0.0586217     9.8497   194.8422   216.3463    44.4878
  -4855.00   42259.85  0.0586252     9.8680   192.4904   216.4657    44.4156
  -4845.00   42262.12  0.0587264     9.8875   189.9576   216.7036    44.2864
  -4835.00   42261.77  0.0587364     9.9013   187.3834   216.8993    44.1718
  -4825.00   42260.20  0.0588692     9.9200   184.8147   217.0640    44.0994
  -4815.00   42260.45  0.0589806     9.9463   182.2260   217.3588    44.0076
  -4805.00   42260.80  0.0590250     9.9720   179.7906   217.6281    43.8970
  -4795.00   42258.87  0.0591794     9.9921   177.4838   217.8939    43.8194
  -4785.00   42256.46  0.0592219    10.0153   175.2569   218.2171    43.7854
  -4775.00   42256.44  0.0592398    10.0448   173.2096   218.4993    43.7353
  -4765.00   42257.25  0.0593054    10.0668   171.2189   218.8341    43.6604
  -4755.00   42255.83  0.0592064    10.0812   169.2326   219.1437    43.6367
  -4745.00   42255.28  0.0591727    10.1032   167.2607   219.3793    43.6312
  -4735.00   42257.41  0.0591293    10.1239   165.1746   219.6921    43.5750
  -4725.00   42259.27  0.0589334    10.1345   163.0033   219.9429    43.5087
  -4715.00   42259.27  0.0588658    10.1466   160.6966   220.1236    43.4811
  -4705.00   42259.43  0.0587786    10.1620   158.2209   220.3587    43.4353
  -4695.00   42261.63  0.0586337    10.1774   155.7304   220.5321    43.3320
  -4685.00   42262.52  0.0586051    10.1883   153.1689   220.6923    43.2362
  -4675.00   42260.75  0.0585284    10.2000   150.5619   220.8895    43.1693
  -4665.00   42259.60  0.0585403    10.2217   148.1206   221.0219    43.0737
  -4655.00   42260.15  0.0586194    10.2418   145.7740   221.2196    42.9392
  -4645.00   42259.48  0.0585625    10.2563   143.5292   221.4384    42.8369
  -4635.00   42257.01  0.0586770    10.2797   141.4571   221.6129    42.7707
  -4625.00   42255.98  0.0588212    10.3078   139.4819   221.8732    42.6737
  -4615.00   42257.09  0.0587966    10.3298   137.6130   222.1163    42.5670
  -4605.00   42257.15  0.0588809    10.3505   135.7136   222.3607    42.5142
  -4595.00   42255.80  0.0589518    10.3749   133.7146   222.6699    42.4816
  -4585.00   42256.55  0.0589546    10.4007   131.7237   222.9016    42.4165
  -4575.00   42259.06  0.0589686    10.4187   129.5480   223.1686    42.3521
  -4565.00   42259.79  0.0588617    10.4321   127.1235   223.4854    42.3323
  -4555.00   42259.39  0.0588531    10.4533   124.6543   223.6916    42.3076
  -4545.00   42260.62  0.0588450    10.4713   122.0826   223.9315    42.2328
  -4535.00   42262.47  0.0586288    10.4787   119.4191   224.1831    42.1634
  -4525.00   42262.23  0.0585797    10.4923   116.7728   224.3743    42.1273
  -4515.00   42260.01  0.0585909    10.5100   114.2263   224.5832    42.0583
  -4505.00   42259.74  0.0584619    10.5224   111.9084   224.7316    41.9388
  -4495.00   42259.81  0.0584370    10.5343   109.6882   224.8929    41.8498
  -4485.00   42257.93  0.0584398    10.5499   107.5505   225.1291    41.7791
  -4475.00   42255.74  0.0585032    10.5718   105.7165   225.2474    41.6641
  -4465.00   42256.00  0.0586018    10.5912   103.9363   225.4111    41.5365
  -4455.00   42257.25  0.0585695    10.6067   102.0442   225.6887    41.4472
  -4445.00   42256.88  0.0587290    10.6326   100.1708   225.8985    41.3760
  -4435.00   42256.60  0.0589311    10.6610    98.2167   226.1359    41.2736
  -4425.00   42258.72  0.0588932    10.6803    96.0779   226.4145    41.1765
  -4415.00   42260.81  0.0589805    10.7027    93.6810   226.7241    41.1368
  -4405.00   42260.45  0.0591152    10.7299    91.0884   227.0814    41.0995
  -4395.00   42260.17  0.0590938    10.7526    88.5075   227.3352    41.0259
  -4385.00   42261.50  0.0590596    10.7692    85.7646   227.6406    40.9785
  -4375.00   42262.18  0.0589574    10.7844    82.8806   228.0590    40.9628
  -4365.00   42260.55  0.0589242    10.8049    80.2537   228.3079    40.9184
  -4355.00   42259.14  0.0588557    10.8204    77.8045   228.5313    40.8383
  -4345.00   42259.36  0.0585797    10.8265    75.4163   228.8404    40.7711
  -4335.00   42259.31  0.0585012    10.8414    73.2355   229.0797    40.7198
  -4325.00   42256.84  0.0585111    10.8606    71.3105   229.2546    40.6236
  -4315.00   42255.80  0.0583123    10.8710    69.5623   229.3892    40.4936
  -4305.00   42256.72  0.0582480    10.8848    67.7648   229.5609    40.4049
  -4295.00   42257.30  0.0583069    10.9062    65.8642   229.8133    40.3212
  -4285.00   42256.64  0.0583388    10.9284    64.0846   229.9077    40.1904
  -4275.00   42257.45  0.0583850    10.9481    62.1042   230.0420    40.0771
  -4265.00   42260.03  0.0583664    10.9670    59.7431   230.3663    40.0055
  -4255.00   42261.44  0.0585211    10.9946    57.3308   230.5865    39.9297
  -4245.00   42260.93  0.0586776    11.0212    54.8429   230.7695    39.8335
  -4235.00   42261.23  0.0585692    11.0375    52.1651   231.0546    39.7567
  -4225.00   42262.35  0.0586293    11.0595    49.4007   231.3697    39.7225
  -4215.00   42261.61  0.0587844    11.0859    46.7130   231.6843    39.6715
  -4205.00   42259.28  0.0586909    11.1030    44.2809   231.8942    39.5880
  -4195.00   42258.20  0.0586189    11.1174    41.8980   232.1609    39.5429
  -4185.00   42258.47  0.0585858    11.1341    39.5313   232.5664    39.5138
  -4175.00   42257.57  0.0585682    11.1524    37.5530   232.7710    39.4372
  -4165.00   42255.97  0.0584871    11.1657    35.7142   232.9351    39.3520
  -4155.00   42256.05  0.0582498    11.1727    33.7613   233.2488    39.2872
  -4145.00   42257.82  0.0582383    11.1891    31.8698   233.4823    39.2168
  -4135.00   42257.86  0.0582870    11.2081    30.0285   233.6101    39.1075
  -4125.00   42257.58  0.0580805    11.2169    28.0647   233.7525    38.9836
  -4115.00   42258.89  0.0580434    11.2318    25.8496   233.9455    38.8994
  -4105.00   42261.07  0.0582058    11.2563    23.4358   234.1882    38.8044
  -4095.00   42261.40  0.0582475    11.2767    21.0787   234.2903    38.6661
  -4085.00   42260.79  0.0582892    11.2958    18.5484   234.4408    38.5644
  -4075.00   42261.34  0.0583620    11.3188    15.7572   234.8130    38.5001
  -4065.00   42262.10  0.0585706    11.3468    13.1746   235.0601    38.4102
  -4055.00   42260.61  0.0587288    11.3720    10.7419   235.2577    38.3185
  -4045.00   42258.36  0.0586247    11.3891     8.2654   235.6268    38.2607
  -4035.00   42257.75  0.0587061    11.4120     5.9256   236.0034    38.2249
  -4025.00   42257.78  0.0588757    11.4376     3.7971   236.3280    38.1647
  -4015.00   42256.43  0.0587131    11.4513     1.8384   236.6076    38.0853
  -4005.00   42255.31  0.0585819    11.4642   359.8337   236.9372    38.0456
  -3995.00   42256.40  0.0585669    11.4825   357.7248   237.3612    38.0034
  -3985.00   42258.16  0.0584811    11.4975   355.7994   237.5780    37.9038
  -3975.00   42258.37  0.0583219    11.5089   353.7499   237.7626    37.8153
  -3965.00   42258.55  0.0580832    11.5189   351.3584   238.1236    37.7489
  -3955.00   42260.63  0.0580645    11.5365   348.9815   238.3486    37.6511
  -3945.00   42262.03  0.0580787    11.5557   346.5922   238.4549    37.5307
  -3935.00   42261.56  0.0578475    11.5663   344.0412   238.6454    37.4150
  -3925.00   42260.64  0.0578175    11.5846   341.4149   238.8722    37.3292
  -3915.00   42261.16  0.0579930    11.6118   338.8750   239.0736    37.2254
  -3905.00   42261.23  0.0579882    11.6311   336.5702   239.1872    37.0913
  -3895.00   42259.10  0.0579800    11.6498   334.2928   239.3685    37.0058
  -3885.00   42257.36  0.0580815    11.6761   331.9736   239.7348    36.9456
  -3875.00   42257.53  0.0582327    11.7015   330.0013   239.9492    36.8471
  -3865.00   42257.42  0.0583120    11.7224   328.1496   240.1193    36.7604
  -3855.00   42256.01  0.0582058    11.7396   326.0874   240.5140    36.7150
  -3845.00   42255.59  0.0582682    11.7609   324.0781   240.8589    36.6655
  -3835.00   42257.38  0.0583912    11.7828   322.1018   241.1050    36.5899
  -3825.00   42258.87  0.0581981    11.7932   319.9635   241.3869    36.5122
  -3815.00   42258.75  0.0580778    11.8052   317.6005   241.7077    36.4664
  -3805.00   42259.51  0.0581085    11.8243   315.0602   242.0632    36.4035
  -3795.00   42261.82  0.0580024    11.8363   312.6083   242.2493    36.2894
  -3785.00   42262.57  0.0578631    11.8460   310.0477   242.4193    36.1990
  -3775.00   42261.29  0.0577333    11.8601   307.2640   242.7776    36.1292
  -3765.00   42260.59  0.0577401    11.8777   304.7501   242.9742    36.0127
  -3755.00   42260.83  0.0577703    11.8952   302.4399   243.0626    35.8876
  -3745.00   42260.07  0.0576107    11.9077   300.1178   243.2936    35.7844
  -3735.00   42257.42  0.0576508    11.9281   297.9536   243.5314    35.6914
  -3725.00   42256.35  0.0578438    11.9551   295.9939   243.7182    35.5804
  -3715.00   42257.21  0.0578339    11.9729   294.1955   243.8760    35.4543
  -3705.00   42256.79  0.0578696    11.9919   292.3259   244.1062    35.3778
  -3695.00   42255.81  0.0580420    12.0205   290.2863   244.4798    35.3131
  -3685.00   42256.56  0.0581646    12.0438   288.3488   244.7318    35.2103
  -3675.00   42258.88  0.0582188    12.0613   286.2739   244.9570    35.1319
  -3665.00   42259.72  0.0581903    12.0813   283.7621   245.4177    35.0947
  -3655.00   42259.30  0.0582500    12.1021   281.2074   245.8013    35.0347
  -3645.00   42260.56  0.0583091    12.1200   278.6260   246.0838    34.9522
  -3635.00   42262.48  0.0581000    12.1298   275.8402   246.4609    34.8854
  -3625.00   42262.01  0.0579816    12.1424   273.0405   246.8202    34.8320
  -3615.00   42260.33  0.0579839    12.1609   270.3209   247.1677    34.7488
  -3605.00   42260.22  0.0577884    12.1709   267.8499   247.4142    34.6286
  -3595.00   42260.48  0.0576156    12.1799   265.5410   247.6117    34.5349
  -3585.00   42258.78  0.0575350    12.1984   263.2431   247.9491    34.4498
  -3575.00   42256.37  0.0574835    12.2166   261.2969   248.1483    34.3161
  -3565.00   42256.32  0.0574600    12.2325   259.5404   248.2528    34.1876
  -3555.00   42257.24  0.0573457    12.2496   257.6411   248.5203    34.0946
  -3545.00   42256.19  0.0573888    12.2726   255.8052   248.7381    33.9942
  -3535.00   42255.66  0.0575373    12.2983   253.9378   248.9174    33.8810
  -3525.00   42257.77  0.0574795    12.3153   251.9012   249.1424    33.7758
  -3515.00   42259.86  0.0575116    12.3345   249.6720   249.3719    33.7079
  -3505.00   42260.20  0.0576676    12.3621   247.1792   249.6927    33.6387
  -3495.00   42260.07  0.0576956    12.3813   244.6483   249.9603    33.5372
  -3485.00   42261.98  0.0576996    12.3945   242.0288   250.1902    33.4658
  -3475.00   42262.90  0.0577087    12.4148   239.1671   250.5941    33.4215
  -3465.00   42260.92  0.0577249    12.4337   236.4767   250.9175    33.3413
  -3455.00   42259.31  0.0577409    12.4465   233.9626   251.1733    33.2476
  -3445.00   42259.49  0.0575881    12.4573   231.4326   251.5551    33.1816
  -3435.00   42259.02  0.0575065    12.4711   229.1698   251.8464    33.1104
  -3425.00   42256.67  0.0575217    12.4880   227.0888   252.1276    33.0072
  -3415.00   42255.57  0.0573452    12.4972   225.1320   252.4164    32.8909
  -3405.00   42256.88  0.0572299    12.5066   223.3108   252.6116    32.7977
  -3395.00   42257.56  0.0572222    12.5267   221.3968   252.8883    32.6999
  -3385.00   42256.30  0.0571611    12.5438   219.5284   253.1023    32.5611
  -3375.00   42256.95  0.0571608    12.5570   217.6016   253.2387    32.4383
  -3365.00   42259.47  0.0571506    12.5770   215.3390   253.5176    32.3493
  -3355.00   42260.40  0.0572012    12.6010   213.0304   253.7122    32.2392
  -3345.00   42259.70  0.0573532    12.6238   210.5847   253.9008    32.1223
  -3335.00   42260.52  0.0573611    12.6419   207.8990   254.2088    32.0342
  -3325.00   42262.30  0.0574424    12.6629   205.2452   254.4437    31.9664
  -3315.00   42262.21  0.0576086    12.6896   202.5499   254.7488    31.8888
  -3305.00   42259.67  0.0576256    12.7069   199.9182   255.1114    31.7962
  -3295.00   42259.12  0.0576670    12.7188   197.4695   255.4130    31.7344
  -3285.00   42259.41  0.0577200    12.7393   195.0441   255.8257    31.6830
  -3275.00   42257.64  0.0576650    12.7562   192.8527   256.2019    31.5906
  -3265.00   42255.32  0.0576432    12.7645   190.8296   256.5306    31.4956
  -3255.00   42255.50  0.0575383    12.7764   188.7197   256.9738    31.4277
  -3245.00   42257.16  0.0574052    12.7911   186.7852   257.2747    31.3368
  -3235.00   42256.90  0.0573439    12.8053   184.8178   257.5642    31.2144
  -3225.00   42256.68  0.0571657    12.8154   182.6449   257.9301    31.1027
  -3215.00   42258.84  0.0570564    12.8276   180.4859   258.1327    31.0050
  -3205.00   42261.29  0.0570226    12.8492   178.1373   258.3661    30.8910
  -3195.00   42260.82  0.0568963    12.8665   175.6384   258.6287    30.7551
  -3185.00   42260.15  0.0568961    12.8797   173.1318   258.7884    30.6443
  -3175.00   42261.22  0.0569339    12.9026   170.4661   259.0412    30.5573
  -3165.00   42261.91  0.0568958    12.9266   167.9246   259.2348    30.4438
  -3155.00   42259.82  0.0569812    12.9451   165.4701   259.4327    30.3309
  -3145.00   42258.19  0.0570298    12.9638   162.9851   259.7624    30.2569
  -3135.00   42258.53  0.0570802    12.9845   160.8118   259.9570    30.1843
  -3125.00   42258.72  0.0571666    13.0065   158.7266   260.2200    30.0911
  -3115.00   42256.37  0.0571606    13.0210   156.6164   260.6134    30.0058
  -3105.00   42255.38  0.0572255    13.0317   154.7034   260.8740    29.9422
  -3095.00   42256.81  0.0572857    13.0505   152.7248   261.1964    29.8718
  -3085.00   42257.62  0.0571700    13.0646   150.6440   261.5846    29.7681
  -3075.00   42256.82  0.0571628    13.0703   148.5258   261.8962    29.6722
  -3065.00   42257.51  0.0571523    13.0829   146.1576   262.2789    29.5974
  -3055.00   42260.37  0.0569981    13.0983   143.7785   262.5513    29.4903
  -3045.00   42261.55  0.0569160    13.1092   141.2574   262.8378    29.3598
  -3035.00   42260.76  0.0568240    13.1204   138.5112   263.2163    29.2550
  -3025.00   42260.81  0.0567684    13.1351   135.9664   263.3733    29.1538
  -3015.00   42262.08  0.0567331    13.1552   133.4287   263.5697    29.0267
  -3005.00   42261.06  0.0566238    13.1720   130.8472   263.8921    28.8981
  -2995.00   42258.34  0.0566902    13.1860   128.5677   264.0441    28.7956
  -2985.00   42257.32  0.0568048    13.2095   126.3947   264.2368    28.7027
  -2975.00   42257.99  0.0567502    13.2326   124.3478   264.4780    28.5858
  -2965.00   42256.97  0.0568575    13.2481   122.4093   264.7207    28.4794
  -2955.00   42255.46  0.0570172    13.2677   120.4058   265.0539    28.4109
  -2945.00   42256.12  0.0570802    13.2889   118.5674   265.2541    28.3326
  -2935.00   42258.36  0.0571462    13.3062   116.5611   265.5747    28.2325
  -2925.00   42258.33  0.0571932    13.3198   114.2373   266.0584    28.1574
  -2915.00   42257.92  0.0572880    13.3312   111.9799   266.3375    28.0943
  -2905.00   42259.63  0.0573177    13.3474   109.5311   266.6653    28.0077
  -2895.00   42261.58  0.0571679    13.3594   106.7444   267.1841    27.9039
  -2885.00   42261.27  0.0571490    13.3642   103.9995   267.5634    27.8095
  -2875.00   42260.17  0.0571524    13.3776   101.2305   267.9147    27.7233
  -2865.00   42260.99  0.0569106    13.3932    98.5384   268.2521    27.6019
  -2855.00   42261.60  0.0567697    13.4022    95.9396   268.6023    27.4670
  -2845.00   42259.65  0.0567182    13.4154    93.4030   268.9869    27.3627
  -2835.00   42257.51  0.0566107    13.4337    91.3173   269.1043    27.2527
  -2825.00   42257.62  0.0565111    13.4523    89.3469   269.2869    27.1171
  -2815.00   42257.67  0.0564207    13.4691    87.2723   269.6601    26.9985
  -2805.00   42256.08  0.0564909    13.4852    85.5173   269.7766    26.9046
  -2795.00   42255.29  0.0565800    13.5079    83.7828   269.8866    26.8072
  -2785.00   42257.11  0.0564874    13.5280    81.8107   270.1837    26.6948
  -2775.00   42258.80  0.0565885    13.5405    79.7470   270.4493    26.5995
  -2765.00   42258.67  0.0567768    13.5585    77.4927   270.7235    26.5313
  -2755.00   42259.19  0.0567531    13.5777    75.1908   270.9145    26.4432
  -2745.00   42261.63  0.0567674    13.5892    72.6139   271.2515    26.3384
  -2735.00   42262.46  0.0568489    13.6011    69.7335   271.7385    26.2620
  -2725.00   42261.24  0.0569106    13.6135    67.0978   271.9527    26.1881
  -2715.00   42260.42  0.0568780    13.6265    64.4663   272.2222    26.0828
  -2705.00   42260.85  0.0567580    13.6370    61.6374   272.7555    25.9769
  -2695.00   42260.36  0.0567838    13.6430    59.1396   273.0978    25.8819
  -2685.00   42257.78  0.0568038    13.6566    56.9107   273.3355    25.7820
  -2675.00   42256.71  0.0565616    13.6712    54.7451   273.6825    25.6551
  -2665.00   42257.51  0.0564675    13.6786    52.7179   274.0301    25.5246
  -2655.00   42257.22  0.0565201    13.6921    50.7485   274.3545    25.4205
  -2645.00   42256.05  0.0563878    13.7115    49.0316   274.4561    25.3029
  -2635.00   42256.51  0.0562843    13.7270    47.2140   274.6359    25.1656
  -2625.00   42258.62  0.0562936    13.7426    45.0308   275.0277    25.0539
  -2615.00   42259.59  0.0563982    13.7608    42.9940   275.1160    24.9616
  -2605.00   42259.21  0.0564784    13.7819    40.8280   275.1917    24.8572
  -2595.00   42260.29  0.0564347    13.7999    38.2197   275.5522    24.7508
  -2585.00   42262.31  0.0566146    13.8122    35.5627   275.8415    24.6665
  -2575.00   42262.16  0.0568708    13.8298    32.8790   276.0917    24.5962
  -2565.00   42260.65  0.0568257    13.8474    30.2039   276.3756    24.5039
  -2555.00   42260.30  0.0568586    13.8556    27.5012   276.7905    24.4044
  -2545.00   42260.43  0.0570215    13.8659    24.7734   277.3244    24.3288
  -2535.00   42259.10  0.0570314    13.8790    22.4862   277.5934    24.2435
  -2525.00   42256.68  0.0569196    13.8886    20.3249   277.9315    24.1266
  -2515.00   42256.22  0.0568034    13.8973    17.9997   278.5308    24.0182
  -2505.00   42257.18  0.0568081    13.9053    16.0169   278.8677    23.9186
  -2495.00   42256.48  0.0567447    13.9188    14.1909   279.0802    23.8013
  -2485.00   42256.02  0.0564605    13.9327    12.1172   279.4860    23.6712
  -2475.00   42257.52  0.0563626    13.9409    10.0147   279.8265    23.5470
  -2465.00   42259.66  0.0564388    13.9559     7.8435   280.0656    23.4411
  -2455.00   42260.31  0.0562471    13.9758     5.6059   280.2158    23.3206
  -2445.00   42260.04  0.0561118    13.9895     3.1929   280.4211    23.1907
  -2435.00   42261.41  0.0561894    14.0039     0.4656   280.7931    23.0904
  -2425.00   42262.60  0.0562457    14.0232   357.9748   280.8715    22.9984
  -2415.00   42261.41  0.0562625    14.0411   355.5218   280.9571    22.8900
  -2405.00   42259.68  0.0562258    14.0553   352.8077   281.3680    22.7892
  -2395.00   42259.55  0.0563859    14.0672   350.3823   281.6133    22.7087
  -2385.00   42259.43  0.0566004    14.0825   348.1869   281.7894    22.6261
  -2375.00   42257.71  0.0565068    14.0966   345.9919   282.1260    22.5248
  -2365.00   42255.94  0.0565209    14.1026   343.8795   282.5181    22.4259
  -2355.00   42256.40  0.0567110    14.1113   341.7830   282.9498    22.3433
  -2345.00   42257.35  0.0566518    14.1240   339.8907   283.2046    22.2427
  -2335.00   42256.58  0.0565207    14.1311   337.9078   283.5314    22.1198
  -2325.00   42256.52  0.0564629    14.1378   335.5557   284.0960    22.0112
  -2315.00   42258.71  0.0564524    14.1477   333.3734   284.3496    21.9072
  -2305.00   42260.49  0.0563809    14.1599   331.1400   284.5202    21.7805
  -2295.00   42260.64  0.0561546    14.1719   328.4892   284.9429    21.6511
  -2285.00   42260.62  0.0561088    14.1811   325.8646   285.2342    21.5352
  -2275.00   42262.09  0.0562130    14.1962   323.3258   285.3874    21.4246
  -2265.00   42262.60  0.0560595    14.2149   320.7580   285.5795    21.3016
  -2255.00   42260.49  0.0559832    14.2273   318.2588   285.7990    21.1790
  -2245.00   42258.87  0.0561513    14.2412   315.7673   286.1174    21.0836
  -2235.00   42258.76  0.0561952    14.2607   313.6397   286.2220    20.9876
  -2225.00   42258.26  0.0562372    14.2761   311.6781   286.3397    20.8771
  -2215.00   42256.10  0.0563033    14.2876   309.4792   286.7967    20.7824
  -2205.00   42255.43  0.0564639    14.3002   307.5591   287.0434    20.7040
  -2195.00   42256.85  0.0566559    14.3135   305.7329   287.2341    20.6131
  -2185.00   42257.77  0.0565995    14.3237   303.5957   287.6823    20.5097
  -2175.00   42257.07  0.0566398    14.3289   301.3652   288.1181    20.4163
  -2165.00   42257.88  0.0568192    14.3368   299.0096   288.5374    20.3276
  -2155.00   42260.28  0.0566953    14.3476   296.5569   288.9031    20.2163
  -2145.00   42261.24  0.0565535    14.3529   293.9500   289.2911    20.0923
  -2135.00   42260.39  0.0565347    14.3590   291.0377   289.8552    19.9830
  -2125.00   42260.85  0.0564223    14.3709   288.3701   290.1275    19.8704
  -2115.00   42262.21  0.0562903    14.3825   285.8296   290.3177    19.7368
  -2105.00   42261.83  0.0561036    14.3932   283.0941   290.7599    19.6084
  -2095.00   42259.37  0.0560373    14.4052   280.6799   291.0039    19.4979
  -2085.00   42258.45  0.0560797    14.4206   278.5657   291.1239    19.3837
  -2075.00   42258.77  0.0559242    14.4370   276.4745   291.3660    19.2609
  -2065.00   42257.33  0.0558705    14.4485   274.5390   291.5743    19.1499
  -2055.00   42255.27  0.0560399    14.4615   272.6281   291.8310    19.0578
  -2045.00   42255.47  0.0560146    14.4783   270.8219   291.9991    18.9580
  -2035.00   42257.45  0.0560168    14.4897   269.0093   292.1452    18.8487
  -2025.00   42257.65  0.0561252    14.4977   266.7945   292.5675    18.7569
  -2015.00   42257.65  0.0561963    14.5093   264.6162   292.8020    18.6724
  -2005.00   42259.56  0.0562980    14.5195   262.3582   292.9880    18.5704
  -1995.00   42262.08  0.0562601    14.5259   259.6757   293.4376    18.4628
  -1985.00   42261.74  0.0562853    14.5314   256.9625   293.7896    18.3685
  -1975.00   42260.58  0.0564242    14.5390   254.2355   294.1196    18.2696
  -1965.00   42261.11  0.0562964    14.5476   251.4710   294.5084    18.1503
  -1955.00   42261.66  0.0561912    14.5524   248.8475   294.8351    18.0290
  -1945.00   42259.64  0.0562362    14.5585   246.2315   295.2743    17.9192
  -1935.00   42257.64  0.0561028    14.5702   243.9354   295.5566    17.8002
  -1925.00   42257.76  0.0559913    14.5800   241.9089   295.7530    17.6655
  -1915.00   42258.37  0.0559073    14.5885   239.7928   296.1476    17.5409
  -1905.00   42256.50  0.0558411    14.6015   237.9362   296.3481    17.4303
  -1895.00   42255.42  0.0558802    14.6158   236.2062   296.4708    17.3118
  -1885.00   42257.10  0.0557982    14.6288   234.2623   296.7555    17.1898
  -1875.00   42258.35  0.0557937    14.6404   232.3073   296.9243    17.0868
  -1865.00   42257.83  0.0559867    14.6531   230.1819   297.1257    16.9945
  -1855.00   42258.16  0.0559963    14.6675   227.8487   297.3751    16.8930
  -1845.00   42260.81  0.0560488    14.6766   225.4291   297.5633    16.7911
  -1835.00   42262.23  0.0562316    14.6833   222.6922   297.9392    16.7046
  -1825.00   42261.20  0.0562860    14.6937   219.9664   298.2392    16.6170
  -1815.00   42260.57  0.0563862    14.7013   217.3067   298.5154    16.5118
  -1805.00   42261.72  0.0564214    14.7045   214.4936   299.0167    16.4060
  -1795.00   42260.86  0.0564078    14.7101   211.9234   299.3818    16.3085
  -1785.00   42257.99  0.0564877    14.7171   209.5418   299.7411    16.1990
  -1775.00   42256.68  0.0563746    14.7232   207.1953   300.2353    16.0731
  -1765.00   42257.43  0.0562537    14.7282   205.1254   300.5731    15.9528
  -1755.00   42257.00  0.0562569    14.7353   203.1012   300.9485    15.8384
  -1745.00   42255.44  0.0560771    14.7466   201.1255   301.3035    15.7133
  -1735.00   42256.01  0.0559609    14.7556   199.2476   301.5360    15.5822
  -1725.00   42258.74  0.0559115    14.7635   197.1501   301.8743    15.4649
  -1715.00   42259.14  0.0557737    14.7767   195.0254   302.0771    15.3555
  -1705.00   42258.53  0.0557739    14.7895   192.8204   302.2261    15.2384
  -1695.00   42260.06  0.0557481    14.7988   190.3040   302.5331    15.1239
  -1685.00   42261.98  0.0556972    14.8097   187.8042   302.6746    15.0272
  -1675.00   42261.70  0.0558084    14.8208   185.2317   302.8421    14.9322
  -1665.00   42259.91  0.0558146    14.8309   182.5326   303.1520    14.8269
  -1655.00   42260.15  0.0558545    14.8378   180.0304   303.3295    14.7286
  -1645.00   42260.93  0.0559934    14.8433   177.5479   303.6141    14.6385
  -1635.00   42258.94  0.0559755    14.8515   175.1811   303.9334    14.5401
  -1625.00   42256.55  0.0560613    14.8566   173.0430   304.2000    14.4305
  -1615.00   42256.81  0.0561488    14.8581   170.8885   304.6209    14.3235
  -1605.00   42257.45  0.0560746    14.8634   168.9049   304.9351    14.2196
  -1595.00   42256.22  0.0561161    14.8693   166.9590   305.2567    14.1021
  -1585.00   42255.37  0.0560892    14.8728   164.8359   305.7312    13.9757
  -1575.00   42257.35  0.0559885    14.8775   162.7990   306.0042    13.8580
  -1565.00   42259.54  0.0559685    14.8847   160.5979   306.3057    13.7407
  -1555.00   42259.19  0.0558239    14.8938   158.1550   306.6939    13.6130
  -1545.00   42259.29  0.0557689    14.9013   155.7442   306.9001    13.4881
  -1535.00   42261.61  0.0557712    14.9091   153.1662   307.1538    13.3752
  -1525.00   42262.46  0.0556104    14.9214   150.5355   307.3798    13.2643
  -1515.00   42260.80  0.0556348    14.9324   147.9865   307.5441    13.1486
  -1505.00   42259.50  0.0557252    14.9400   145.4127   307.8094    13.0411
  -1495.00   42259.90  0.0556806    14.9502   143.0706   307.9386    12.9467
  -1485.00   42259.59  0.0557762    14.9603   140.8410   308.1220    12.8489
  -1475.00   42256.76  0.0558828    14.9670   138.5994   308.4821    12.7449
  -1465.00   42255.71  0.0559779    14.9723   136.6545   308.6604    12.6514
  -1455.00   42257.05  0.0561260    14.9770   134.7118   308.9357    12.5592
  -1445.00   42257.08  0.0561185    14.9821   132.6318   309.3737    12.4545
  -1435.00   42256.05  0.0562306    14.9847   130.6335   309.6923    12.3463
  -1425.00   42256.71  0.0563644    14.9853   128.4683   310.0987    12.2396
  -1415.00   42259.33  0.0562281    14.9895   126.1600   310.4974    12.1290
  -1405.00   42260.26  0.0562221    14.9939   123.7009   310.8946    12.0071
  -1395.00   42259.42  0.0562408    14.9963   121.0094   311.3880    11.8822
  -1385.00   42260.35  0.0560871    15.0014   118.4081   311.6595    11.7652
  -1375.00   42262.26  0.0559877    15.0091   115.7021   311.9788    11.6448
  -1365.00   42261.61  0.0558459    15.0168   112.8653   312.4382    11.5179
  -1355.00   42259.58  0.0557749    15.0241   110.3738   312.6137    11.4005
  -1345.00   42259.24  0.0557470    15.0323   108.0042   312.7979    11.2915
  -1335.00   42259.65  0.0555393    15.0427   105.6727   313.0892    11.1800
  -1325.00   42258.18  0.0555505    15.0510   103.6105   313.2659    11.0689
  -1315.00   42255.78  0.0556718    15.0568   101.6766   313.4551    10.9671
  -1305.00   42255.92  0.0555688    15.0646    99.8780   313.5806    10.8710
  -1295.00   42257.33  0.0556165    15.0716    98.0272   313.7933    10.7685
  -1285.00   42256.61  0.0557616    15.0746    95.9992   314.1520    10.6645
  -1275.00   42256.26  0.0558137    15.0779    94.0872   314.2824    10.5691
  -1265.00   42258.34  0.0558956    15.0813    91.9512   314.5156    10.4698
  -1255.00   42260.57  0.0558900    15.0836    89.4045   315.0042    10.3590
  -1245.00   42260.88  0.0559821    15.0846    86.8996   315.2833    10.2509
  -1235.00   42260.32  0.0561045    15.0853    84.2848   315.5736    10.1431
  -1225.00   42261.79  0.0559355    15.0883    81.4877   315.9843    10.0270
  -1215.00   42262.49  0.0559339    15.0912    78.7163   316.3646     9.9053
  -1205.00   42260.53  0.0560231    15.0929    75.9936   316.7789     9.7840
  -1195.00   42258.63  0.0558461    15.0977    73.5873   316.9947     9.6663
  -1185.00   42258.72  0.0557516    15.1042    71.2545   317.2928     9.5437
  -1175.00   42258.58  0.0557047    15.1098    68.9130   317.7632     9.4186
  -1165.00   42256.70  0.0556520    15.1161    67.0392   317.8837     9.3045
  -1155.00   42255.65  0.0556225    15.1239    65.2626   318.0027     9.1950
  -1145.00   42257.00  0.0554665    15.1319    63.3001   318.3393     9.0823
  -1135.00   42258.12  0.0555306    15.1381    61.4578   318.5036     8.9763
  -1125.00   42257.28  0.0557033    15.1432    59.5739   318.6181     8.8795
  -1115.00   42257.71  0.0556034    15.1492    57.5148   318.7682     8.7831
  -1105.00   42260.06  0.0557040    15.1532    55.1967   319.0165     8.6830
  -1095.00   42261.28  0.0559638    15.1542    52.6034   319.3894     8.5850
  -1085.00   42260.71  0.0560218    15.1557    50.0927   319.5483     8.4905
  -1075.00   42260.86  0.0560966    15.1573    47.3981   319.8414     8.3880
  -1065.00   42262.17  0.0561716    15.1568    44.4141   320.4369     8.2766
  -1055.00   42262.17  0.0562688    15.1565    41.7331   320.7791     8.1681
  -1045.00   42259.63  0.0563380    15.1573    39.2313   321.0802     8.0564
  -1035.00   42258.46  0.0561360    15.1590    36.6828   321.5974     7.9342
  -1025.00   42258.47  0.0561031    15.1608    34.3777   322.0137     7.8122
  -1015.00   42257.61  0.0561904    15.1630    32.2593   322.3856     7.6927
  -1005.00   42255.64  0.0559179    15.1677    30.3614   322.6311     7.5728
   -995.00   42255.68  0.0557772    15.1729    28.4378   322.9275     7.4517
   -985.00   42257.54  0.0557891    15.1771    26.3410   323.3704     7.3332
   -975.00   42258.29  0.0556907    15.1825    24.4867   323.4625     7.2243
   -965.00   42258.07  0.0556040    15.1888    22.4801   323.5704     7.1167
   -955.00   42259.45  0.0554811    15.1936    20.0533   323.9513     7.0072
   -945.00   42261.75  0.0555414    15.1971    17.6850   324.1011     6.9069
   -935.00   42261.91  0.0556803    15.2007    15.2652   324.1785     6.8112
   -925.00   42260.81  0.0555295    15.2039    12.6459   324.3998     6.7105
   -915.00   42260.96  0.0556044    15.2049     9.9913   324.6493     6.6102
   -905.00   42261.68  0.0558848    15.2045     7.3421   324.9632     6.5123
   -895.00   42260.54  0.0558715    15.2049     4.9677   325.1215     6.4117
   -885.00   42258.34  0.0558925    15.2045     2.6265   325.4050     6.3041
   -875.00   42257.76  0.0560045    15.2025     0.1897   325.9574     6.1922
   -865.00   42258.31  0.0560804    15.2013   358.1536   326.2328     6.0821
   -855.00   42256.92  0.0561005    15.2014   356.2401   326.4802     5.9666
   -845.00   42255.59  0.0559221    15.2012   354.1008   327.0062     5.8429
   -835.00   42256.29  0.0558953    15.2013   352.0753   327.3717     5.7233
   -825.00   42258.20  0.0559972    15.2030   350.0579   327.6373     5.6058
   -815.00   42258.42  0.0557242    15.2064   347.9082   327.9086     5.4842
   -805.00   42258.63  0.0555945    15.2095   345.5826   328.1845     5.3659
   -795.00   42260.50  0.0556869    15.2126   343.0226   328.5459     5.2539
   -785.00   42262.49  0.0555950    15.2174   340.6256   328.6163     5.1466
   -775.00   42261.91  0.0555311    15.2219   338.1144   328.7206     5.0409
   -765.00   42260.64  0.0555116    15.2247   335.3288   329.1100     4.9371
   -755.00   42260.87  0.0556134    15.2271   332.8661   329.2314     4.8421
   -745.00   42260.77  0.0557821    15.2295   330.5740   329.2928     4.7478
   -735.00   42258.71  0.0557087    15.2301   328.1988   329.6043     4.6474
   -725.00   42256.77  0.0558273    15.2286   326.0012   329.8888     4.5508
   -715.00   42256.92  0.0561413    15.2270   323.9359   330.1809     4.4546
   -705.00   42257.52  0.0561221    15.2255   322.0107   330.4352     4.3493
   -695.00   42256.27  0.0561459    15.2224   320.0018   330.8001     4.2403
   -685.00   42255.72  0.0563000    15.2188   317.7623   331.3789     4.1300
   -675.00   42257.70  0.0563177    15.2171   315.7032   331.6903     4.0169
   -665.00   42259.03  0.0562819    15.2160   313.5044   331.9961     3.8985
   -655.00   42258.89  0.0561345    15.2145   310.8770   332.5894     3.7764
   -645.00   42259.16  0.0560746    15.2144   308.3080   332.9634     3.6602
   -635.00   42261.29  0.0560988    15.2164   305.7538   333.1930     3.5449
   -625.00   42262.43  0.0558247    15.2188   303.0449   333.5218     3.4249
   -615.00   42261.11  0.0556833    15.2204   300.3595   333.8076     3.3130
   -605.00   42260.11  0.0557733    15.2230   297.7388   334.0925     3.2085
   -595.00   42260.73  0.0556316    15.2268   295.4359   334.1903     3.1017
   -585.00   42259.89  0.0555489    15.2286   293.2464   334.3071     2.9979
   -575.00   42257.30  0.0555935    15.2288   290.9613   334.6816     2.8996
   -565.00   42255.99  0.0556380    15.2298   289.0746   334.8021     2.8041
   -555.00   42256.71  0.0557350    15.2297   287.3239   334.8694     2.7060
   -545.00   42256.91  0.0556917    15.2273   285.3286   335.2261     2.6040
   -535.00   42255.74  0.0557766    15.2239   283.3853   335.4964     2.5070
   -525.00   42256.40  0.0560114    15.2211   281.3890   335.7322     2.4077
   -515.00   42259.16  0.0559463    15.2179   279.2208   336.0232     2.2972
   -505.00   42260.08  0.0559519    15.2128   276.8394   336.3533     2.1884
   -495.00   42259.59  0.0561234    15.2086   274.1603   336.8312     2.0808
   -485.00   42260.56  0.0560838    15.2066   271.5632   337.1228     1.9650
   -475.00   42262.17  0.0560386    15.2039   268.9013   337.3914     1.8467
   -465.00   42261.98  0.0559842    15.2011   265.9821   337.9190     1.7293
   -455.00   42259.77  0.0559307    15.2010   263.3414   338.2341     1.6151
   -445.00   42259.28  0.0559336    15.2018   260.9234   338.4353     1.4998
   -435.00   42259.95  0.0557304    15.2025   258.5314   338.7775     1.3808
   -425.00   42258.31  0.0556354    15.2030   256.3785   339.0204     1.2733
   -415.00   42256.10  0.0557386    15.2048   254.3839   339.2348     1.1718
   -405.00   42256.18  0.0556115    15.2071   252.5741   339.3846     1.0640
   -395.00   42257.39  0.0555668    15.2066   250.8114   339.5006     0.9637
   -385.00   42256.91  0.0557111    15.2052   248.8197   339.8052     0.8732
   -375.00   42256.10  0.0557649    15.2051   246.9205   339.9509     0.7788
   -365.00   42257.88  0.0558767    15.2023   244.9088   340.0662     0.6816
   -355.00   42260.36  0.0559512    15.1969   242.4593   340.4595     0.5860
   -345.00   42260.25  0.0560647    15.1923   239.9658   340.7431     0.4922
   -335.00   42259.89  0.0562820    15.1877   237.3533   341.0225     0.3912
   -325.00   42261.62  0.0562530    15.1819   234.5458   341.4464     0.2795
   -315.00   42262.64  0.0562635    15.1756   231.7742   341.8136     0.1722
   -305.00   42261.07  0.0564168    15.1712   228.9773   342.2632     0.0646
   -295.00   42259.09  0.0563250    15.1688   226.3813   342.6598   359.9440
   -285.00   42259.17  0.0562469    15.1651   223.9968   342.9822   359.8251
   -275.00   42259.17  0.0562206    15.1621   221.6006   343.4677   359.7130
   -265.00   42256.56  0.0561017    15.1627   219.5258   343.7823   359.5994
   -255.00   42255.21  0.0560557    15.1624   217.6220   344.0130   359.4851
   -245.00   42256.67  0.0559011    15.1610   215.6193   344.3909   359.3728
   -235.00   42257.48  0.0557837    15.1609   213.7468   344.5975   359.2722
   -225.00   42256.92  0.0558344    15.1610   211.7962   344.7814   359.1740
   -215.00   42257.35  0.0557098    15.1604   209.6875   345.0216   359.0673
   -205.00   42260.17  0.0556548    15.1572   207.5113   345.1539   358.9718
   -195.00   42261.55  0.0557764    15.1540   205.0560   345.3864   358.8850
   -185.00   42260.43  0.0557590    15.1522   202.5448   345.5785   358.7868
   -175.00   42260.56  0.0558293    15.1468   200.0004   345.7277   358.6869
   -165.00   42262.06  0.0559323    15.1396   197.2325   346.0783   358.5947
   -155.00   42261.54  0.0559586    15.1351   194.6506   346.3130   358.4984
   -145.00   42259.06  0.0561066    15.1294   192.1695   346.5641   358.3925
   -135.00   42258.21  0.0561239    15.1216   189.6696   347.0001   358.2815
   -125.00   42258.89  0.0561180    15.1150   187.4650   347.2943   358.1757
   -115.00   42258.04  0.0562251    15.1102   185.3347   347.6426   358.0671
   -105.00   42255.62  0.0561481    15.1061   183.2554   348.0668   357.9441
    -95.00   42255.81  0.0561069    15.1007   181.3388   348.3618   357.8269
    -85.00   42257.69  0.0561233    15.0970   179.2891   348.7457   357.7198
    -75.00   42257.51  0.0559727    15.0970   177.2433   349.0554   357.6051
    -65.00   42256.92  0.0559455    15.0949   175.1421   349.2819   357.4911
    -55.00   42258.81  0.0558982    15.0916   172.7603   349.6292   357.3872
    -45.00   42261.31  0.0557678    15.0916   170.4019   349.7918   357.2914
    -35.00   42261.65  0.0557998    15.0906   167.9054   349.9481   357.1955
    -25.00   42260.46  0.0557698    15.0872   165.2308   350.2300   357.0945
    -15.00   42261.52  0.0557740    15.0829   162.7164   350.3350   357.0072
     -5.00   42262.19  0.0559093    15.0787   160.1615   350.5117   356.9250
      5.00   42260.04  0.0559120    15.0745   157.6561   350.7824   356.8265
     15.00   42257.70  0.0560511    15.0664   155.3896   350.9697   356.7290
     25.00   42257.61  0.0562428    15.0575   153.1174   351.2999   356.6413
     35.00   42257.97  0.0562358    15.0521   151.0360   351.6006   356.5418
     45.00   42256.12  0.0563720    15.0444   149.0326   351.9266   356.4305
     55.00   42255.27  0.0564798    15.0343   146.9069   352.4156   356.3228
     65.00   42257.05  0.0564520    15.0280   144.9349   352.7365   356.2175
     75.00   42258.72  0.0564827    15.0232   142.8093   353.1163   356.1052
     85.00   42257.92  0.0564190    15.0172   140.4278   353.6356   355.9839
     95.00   42258.25  0.0563762    15.0115   138.1107   353.9359   355.8725
    105.00   42260.58  0.0563542    15.0083   135.5793   354.2716   355.7710
    115.00   42261.74  0.0561338    15.0076   132.8781   354.6631   355.6583
    125.00   42260.52  0.0560833    15.0039   130.2402   354.9130   355.5485
    135.00   42260.23  0.0560742    14.9993   127.5340   355.2043   355.4560
    145.00   42261.41  0.0558701    14.9991   125.0093   355.3804   355.3634
    155.00   42261.26  0.0558294    14.9965   122.5759   355.5688   355.2656
    165.00   42258.41  0.0558500    14.9896   120.1909   355.8614   355.1713
    175.00   42257.24  0.0558279    14.9846   118.2008   355.9262   355.0868
    185.00   42257.71  0.0558861    14.9795   116.2570   356.0683   355.0006
    195.00   42256.98  0.0558747    14.9721   114.2261   356.4141   354.8992
    205.00   42255.14  0.0560023    14.9623   112.4395   356.5674   354.8026
    215.00   42255.49  0.0561750    14.9528   110.5308   356.7986   354.7151
    225.00   42257.94  0.0560991    14.9465   108.4582   357.1353   354.6107
    235.00   42258.65  0.0562060    14.9370   106.2723   357.4610   354.4969
    245.00   42258.50  0.0563592    14.9256   103.8343   357.8639   354.3952
    255.00   42259.97  0.0562872    14.9198   101.3972   358.1285   354.2912
    265.00   42262.33  0.0562718    14.9146    98.7247   358.4975   354.1753
    275.00   42261.83  0.0562728    14.9063    95.8181   359.0141   354.0603
    285.00   42260.19  0.0562423    14.9005    93.1996   359.2384   353.9553
    295.00   42260.13  0.0561974    14.8979    90.5896   359.4950   353.8545
    305.00   42260.64  0.0560052    14.8953    87.9052   359.9459   353.7430
    315.00   42258.96  0.0559910    14.8902    85.5892     0.1777   353.6381
    325.00   42256.86  0.0560249    14.8854    83.4578     0.3607   353.5532
    335.00   42256.90  0.0558123    14.8846    81.4849     0.5451   353.4615
    345.00   42257.91  0.0557985    14.8800    79.5858     0.7573   353.3630
    355.00   42256.58  0.0559214    14.8706    77.6791     0.9994   353.2799
    365.00   42255.72  0.0559117    14.8649    75.9873     1.0230   353.2011
    375.00   42257.22  0.0559659    14.8586    74.0880     1.1721   353.1120
    385.00   42259.00  0.0560709    14.8472    71.7894     1.5886   353.0162
    395.00   42258.91  0.0562476    14.8357    69.5978     1.7531   352.9257
    405.00   42259.02  0.0564199    14.8258    67.1900     1.9623   352.8381
    415.00   42261.11  0.0563711    14.8172    64.4031     2.4420   352.7305
    425.00   42262.51  0.0565087    14.8061    61.6073     2.8617   352.6167
    435.00   42261.40  0.0566843    14.7947    58.7888     3.2598   352.5193
    445.00   42260.11  0.0565336    14.7897    56.1034     3.6011   352.4138
    455.00   42260.53  0.0564713    14.7846    53.4316     4.0542   352.2932
    465.00   42259.90  0.0565067    14.7755    50.7973     4.5898   352.1862
    475.00   42257.55  0.0564044    14.7708    48.6582     4.7985   352.0890
    485.00   42256.02  0.0562612    14.7691    46.6303     5.0408   351.9874
    495.00   42256.71  0.0560990    14.7639    44.4546     5.5316   351.8813
    505.00   42257.22  0.0560827    14.7574    42.6114     5.7371   351.7862
    515.00   42256.27  0.0560703    14.7523    40.8284     5.8404   351.7070
    525.00   42256.62  0.0558200    14.7491    38.8442     6.0852   351.6146
    535.00   42259.13  0.0558127    14.7416    36.7501     6.3230   351.5164
    545.00   42260.21  0.0559541    14.7305    34.5055     6.5176   351.4401
    555.00   42259.93  0.0558592    14.7242    32.2717     6.5612   351.3610
    565.00   42260.42  0.0558394    14.7168    29.7792     6.7506   351.2635
    575.00   42262.03  0.0559839    14.7030    26.9685     7.1553   351.1719
    585.00   42262.27  0.0561186    14.6917    24.4269     7.2848   351.0856
    595.00   42260.43  0.0561898    14.6831    21.9059     7.4429   350.9931
    605.00   42259.62  0.0561554    14.6723    19.1617     7.9448   350.8844
    615.00   42260.04  0.0563040    14.6604    16.7167     8.3126   350.7740
    625.00   42258.94  0.0564708    14.6499    14.4843     8.5950   350.6799
    635.00   42256.75  0.0562801    14.6442    12.3264     8.9646   350.5720
    645.00   42256.21  0.0562243    14.6375    10.2346     9.4006   350.4487
    655.00   42257.16  0.0563201    14.6273     8.1399     9.8480   350.3483
    665.00   42257.33  0.0561795    14.6232     6.2986    10.0270   350.2562
    675.00   42256.62  0.0559992    14.6212     4.3362    10.2662   350.1505
    685.00   42257.80  0.0559082    14.6135     2.0108    10.7253   350.0511
    695.00   42260.34  0.0559136    14.6065   359.8549    10.8577   349.9681
    705.00   42260.95  0.0558881    14.6023   357.6178    10.8959   349.8929
    715.00   42260.59  0.0556954    14.5962   355.0072    11.1855   349.8042
    725.00   42261.48  0.0557578    14.5861   352.4113    11.3946   349.7144
    735.00   42262.50  0.0559725    14.5744   349.8450    11.5170   349.6471
    745.00   42261.73  0.0559046    14.5668   347.3487    11.6321   349.5693
    755.00   42259.51  0.0559345    14.5567   344.8435    11.8968   349.4678
    765.00   42258.86  0.0561668    14.5407   342.3179    12.3008   349.3809
    775.00   42259.13  0.0563009    14.5293   340.2000    12.4673   349.2973
    785.00   42257.44  0.0563349    14.5212   338.1596    12.7150   349.1948
    795.00   42255.83  0.0563558    14.5078   335.8843    13.2980   349.0863
    805.00   42256.28  0.0564855    14.4956   333.8791    13.6819   348.9805
    815.00   42257.59  0.0565809    14.4876   331.9561    13.9457   348.8863
    825.00   42257.57  0.0563807    14.4807   329.7303    14.4392   348.7783
    835.00   42257.31  0.0563059    14.4728   327.4367    14.9075   348.6591
    845.00   42259.18  0.0563842    14.4634   325.0445    15.2805   348.5694
    855.00   42261.27  0.0561672    14.4597   322.6255    15.5151   348.4834
    865.00   42261.10  0.0559616    14.4567   320.0502    15.7995   348.3777
    875.00   42260.57  0.0559086    14.4468   317.2164    16.2330   348.2882
    885.00   42261.66  0.0558506    14.4395   314.6888    16.3352   348.2166
    895.00   42262.15  0.0557707    14.4357   312.2709    16.3764   348.1387
    905.00   42260.48  0.0556272    14.4264   309.6579    16.7177   348.0509
    915.00   42258.45  0.0556698    14.4142   307.3620    16.9056   347.9675
    925.00   42258.31  0.0558237    14.4034   305.3255    16.9712   347.9001
    935.00   42258.25  0.0557232    14.3944   303.3109    17.1678   347.8166
    945.00   42256.20  0.0557440    14.3821   301.3554    17.4458   347.7120
    955.00   42255.11  0.0559548    14.3656   299.3635    17.7843   347.6273
    965.00   42256.61  0.0559841    14.3549   297.5371    17.9511   347.5440
    975.00   42257.80  0.0559782    14.3464   295.5741    18.2054   347.4337
    985.00   42257.73  0.0560336    14.3314   293.1862    18.7398   347.3281
    995.00   42258.24  0.0561128    14.3190   290.8801    19.0512   347.2316
   1005.00   42260.76  0.0561420    14.3132   288.5079    19.2659   347.1346
   1015.00   42262.12  0.0560053    14.3046   285.7097    19.7592   347.0284
   1025.00   42261.00  0.0559641    14.2949   282.9365    20.1651   346.9178
   1035.00   42260.58  0.0560285    14.2872   280.2470    20.4366   346.8353
   1045.00   42261.35  0.0558168    14.2831   277.5839    20.7148   346.7512
   1055.00   42260.87  0.0556652    14.2785   275.0765    20.9732   346.6470
   1065.00   42258.31  0.0556871    14.2676   272.6008    21.3159   346.5674
   1075.00   42257.25  0.0555953    14.2604   270.5210    21.4127   346.5053
   1085.00   42257.85  0.0555280    14.2563   268.6590    21.4620   346.4244
   1095.00   42257.47  0.0555020    14.2439   266.6229    21.7815   346.3411
   1105.00   42255.53  0.0555764    14.2296   264.8148    21.9296   346.2711
   1115.00   42255.72  0.0557252    14.2194   263.0817    21.9942   346.2036
   1125.00   42257.71  0.0557075    14.2076   261.0509    22.2880   346.1165
   1135.00   42258.15  0.0558021    14.1918   258.9193    22.5810   346.0164
   1145.00   42257.65  0.0560463    14.1753   256.5816    22.9056   345.9353
   1155.00   42259.22  0.0560510    14.1647   254.1086    23.2108   345.8487
   1165.00   42261.68  0.0560637    14.1552   251.4971    23.5517   345.7321
   1175.00   42262.12  0.0561629    14.1398   248.5778    24.0824   345.6292
   1185.00   42260.70  0.0561699    14.1292   245.8105    24.4342   345.5422
   1195.00   42261.02  0.0561338    14.1258   243.1671    24.7266   345.4401
   1205.00   42261.57  0.0560319    14.1168   240.3822    25.2444   345.3360
   1215.00   42259.55  0.0559610    14.1065   237.9047    25.6033   345.2419
   1225.00   42256.96  0.0559529    14.1015   235.6933    25.8481   345.1654
   1235.00   42256.54  0.0557520    14.0964   233.5044    26.2083   345.0828
   1245.00   42257.28  0.0556086    14.0887   231.5688    26.4539   344.9852
   1255.00   42255.97  0.0556265    14.0773   229.6502    26.7093   344.9156
   1265.00   42255.31  0.0554815    14.0693   227.7891    26.8873   344.8557
   1275.00   42257.07  0.0553959    14.0633   225.9625    27.0016   344.7678
   1285.00   42259.36  0.0554011    14.0484   223.8231    27.2880   344.6855
   1295.00   42258.97  0.0553957    14.0337   221.6596    27.4271   344.6238
   1305.00   42258.96  0.0554662    14.0247   219.4024    27.5253   344.5490
   1315.00   42260.98  0.0554699    14.0114   216.7787    27.8552   344.4558
   1325.00   42262.22  0.0555165    13.9943   214.1720    28.0774   344.3646
   1335.00   42260.85  0.0556838    13.9801   211.5159    28.3110   344.2864
   1345.00   42259.87  0.0556727    13.9698   208.7822    28.6682   344.1954
   1355.00   42260.64  0.0556929    13.9586   206.2379    28.9724   344.0781
   1365.00   42260.73  0.0557920    13.9435   203.7142    29.3711   343.9806
   1375.00   42257.98  0.0557513    13.9342   201.3890    29.7158   343.8983
   1385.00   42256.50  0.0557317    13.9306   199.2930    30.0207   343.7897
   1395.00   42257.30  0.0557024    13.9205   197.1405    30.4779   343.6848
   1405.00   42257.08  0.0556016    13.9101   195.1925    30.7646   343.6062
   1415.00   42255.50  0.0555700    13.9070   193.3144    30.9854   343.5306
   1425.00   42255.76  0.0554539    13.9007   191.2074    31.3607   343.4473
   1435.00   42258.44  0.0553428    13.8901   189.1814    31.5460   343.3636
   1445.00   42259.53  0.0553466    13.8796   187.0067    31.7023   343.3062
   1455.00   42259.33  0.0552431    13.8707   184.5886    31.9281   343.2504
   1465.00   42260.33  0.0552349    13.8612   182.1804    32.0520   343.1640
   1475.00   42262.73  0.0553097    13.8443   179.5791    32.2581   343.0903
   1485.00   42262.24  0.0552969    13.8291   176.9537    32.4258   343.0363
   1495.00   42260.13  0.0554065    13.8195   174.4153    32.5868   342.9542
   1505.00   42259.71  0.0555319    13.8039   171.7915    32.9446   342.8546
   1515.00   42260.14  0.0555765    13.7859   169.4120    33.1805   342.7718
   1525.00   42258.56  0.0557057    13.7744   167.1622    33.4511   342.6909
   1535.00   42256.28  0.0557629    13.7643   164.8733    33.9217   342.5901
   1545.00   42256.36  0.0558131    13.7516   162.8588    34.2569   342.4763
   1555.00   42257.84  0.0558733    13.7388   160.8461    34.6274   342.3869
   1565.00   42256.91  0.0557959    13.7315   158.7335    35.0722   342.3070
   1575.00   42256.07  0.0557884    13.7270   156.6891    35.4276   342.1981
   1585.00   42257.94  0.0557833    13.7160   154.4630    35.8345   342.1010
   1595.00   42259.90  0.0556042    13.7066   152.1314    36.1488   342.0389
   1605.00   42259.80  0.0555218    13.7040   149.7122    36.4135   341.9649
   1615.00   42259.49  0.0554661    13.6959   147.0410    36.7946   341.8793
   1625.00   42261.36  0.0553175    13.6829   144.4785    36.9577   341.8123
   1635.00   42262.61  0.0552334    13.6738   141.8838    37.1112   341.7599
   1645.00   42261.10  0.0551381    13.6647   139.1711    37.4107   341.6976
   1655.00   42259.39  0.0551337    13.6516   136.7810    37.5227   341.6121
   1665.00   42259.84  0.0551645    13.6350   134.5003    37.6594   341.5422
   1675.00   42259.33  0.0550825    13.6210   132.2567    37.8841   341.4866
   1685.00   42256.88  0.0551673    13.6106   130.2539    38.0647   341.3952
   1695.00   42255.50  0.0553189    13.5938   128.2942    38.3369   341.2920
   1705.00   42256.59  0.0552958    13.5765   126.4271    38.5433   341.2169
   1715.00   42257.40  0.0553596    13.5672   124.5113    38.8127   341.1323
   1725.00   42256.47  0.0554703    13.5566   122.3706    39.2598   341.0232
   1735.00   42257.09  0.0555136    13.5420   120.3134    39.5079   340.9202
   1745.00   42259.89  0.0555270    13.5315   118.0390    39.8087   340.8381
   1755.00   42260.94  0.0554657    13.5254   115.4033    40.2886   340.7564
   1765.00   42260.23  0.0554933    13.5185   112.8283    40.5988   340.6510
   1775.00   42260.60  0.0555024    13.5074   110.1713    40.8856   340.5646
   1785.00   42261.99  0.0553064    13.4993   107.3824    41.2170   340.5120
   1795.00   42261.68  0.0552373    13.4966   104.7011    41.5008   340.4384
   1805.00   42259.26  0.0552622    13.4865   102.1158    41.7955   340.3546
   1815.00   42258.55  0.0551096    13.4724    99.8199    41.9064   340.3051
   1825.00   42259.14  0.0550203    13.4642    97.6557    42.0555   340.2569
   1835.00   42257.90  0.0550275    13.4540    95.4787    42.3739   340.1876
   1845.00   42255.89  0.0550666    13.4366    93.7024    42.4224   340.1130
   1855.00   42256.01  0.0551173    13.4196    91.9697    42.5014   340.0490
   1865.00   42257.48  0.0550980    13.4064    89.9833    42.8122   339.9876
   1875.00   42257.45  0.0552562    13.3928    88.0674    43.0281   339.8906
   1885.00   42256.85  0.0554642    13.3746    86.0428    43.2575   339.7879
   1895.00   42258.49  0.0554438    13.3589    83.7763    43.5374   339.7161
   1905.00   42260.91  0.0555293    13.3512    81.2696    43.9167   339.6247
   1915.00   42260.92  0.0557093    13.3406    78.5269    44.4073   339.5098
   1925.00   42260.35  0.0557106    13.3264    75.8836    44.6738   339.4215
   1935.00   42261.38  0.0556661    13.3195    73.1165    45.0231   339.3476
   1945.00   42262.09  0.0556300    13.3153    70.1417    45.6020   339.2632
   1955.00   42260.58  0.0556339    13.3062    67.5456    45.9063   339.1705
   1965.00   42258.37  0.0555736    13.2957    65.1628    46.1328   339.1001
   1975.00   42258.09  0.0553493    13.2891    62.7448    46.5177   339.0520
   1985.00   42258.20  0.0552891    13.2841    60.5841    46.8272   338.9767
   1995.00   42256.27  0.0553156    13.2714    58.6476    47.0453   338.8969
   2005.00   42255.18  0.0551078    13.2570    56.8395    47.1610   338.8548
   2015.00   42256.49  0.0549923    13.2491    54.9886    47.3485   338.8010
   2025.00   42257.82  0.0550554    13.2375    52.9583    47.6748   338.7185
   2035.00   42257.83  0.0550334    13.2183    51.0908    47.7063   338.6520
   2045.00   42258.12  0.0550006    13.2029    49.0610    47.7657   338.5912
   2055.00   42260.43  0.0549931    13.1919    46.5572    48.1344   338.5178
   2065.00   42261.86  0.0551282    13.1760    44.1052    48.3196   338.4226
   2075.00   42261.04  0.0552798    13.1580    41.6083    48.4619   338.3283
   2085.00   42260.51  0.0552092    13.1452    38.8872    48.7533   338.2582
   2095.00   42261.37  0.0553048    13.1372    36.1428    49.1165   338.1620
   2105.00   42261.12  0.0555241    13.1256    33.4620    49.5277   338.0467
   2115.00   42259.06  0.0554795    13.1124    31.0597    49.7561   337.9697
   2125.00   42257.64  0.0554138    13.1074    28.7186    50.0883   337.8977
   2135.00   42257.94  0.0554521    13.1036    26.3186    50.6471   337.8047
   2145.00   42257.72  0.0554495    13.0928    24.3457    50.8853   337.7241
   2155.00   42255.91  0.0553443    13.0833    22.5116    51.0470   337.6685
   2165.00   42255.70  0.0551441    13.0783    20.4403    51.4398   337.6196
   2175.00   42257.45  0.0551245    13.0700    18.4817    51.6848   337.5484
   2185.00   42258.30  0.0551677    13.0551    16.5498    51.7955   337.4830
   2195.00   42258.23  0.0549652    13.0408    14.4297    51.9053   337.4502
   2205.00   42259.35  0.0549061    13.0312    12.1072    52.0872   337.3939
   2215.00   42261.63  0.0550825    13.0164     9.5844    52.3519   337.3072
   2225.00   42262.51  0.0550995    12.9958     7.1431    52.3907   337.2489
   2235.00   42261.21  0.0550927    12.9814     4.6106    52.4915   337.1893
   2245.00   42261.04  0.0552059    12.9708     1.7926    52.9275   337.0978
   2255.00   42261.29  0.0553789    12.9534   359.2788    53.1381   337.0040
   2265.00   42260.12  0.0555350    12.9371   356.9523    53.3044   336.9177
   2275.00   42257.65  0.0554865    12.9285   354.5126    53.7281   336.8411
   2285.00   42256.90  0.0555966    12.9201   352.2677    54.1280   336.7420
   2295.00   42257.45  0.0558163    12.9085   350.1825    54.5131   336.6342
   2305.00   42256.98  0.0557158    12.8982   348.2123    54.8077   336.5700
   2315.00   42255.88  0.0556236    12.8943   346.1693    55.1929   336.5011
   2325.00   42256.76  0.0556845    12.8893   343.9497    55.7335   336.4062
   2335.00   42258.87  0.0556210    12.8772   341.9061    55.9544   336.3415
   2345.00   42259.21  0.0554611    12.8686   339.7417    56.1325   336.2989
   2355.00   42259.06  0.0552877    12.8638   337.1605    56.5785   336.2425
   2365.00   42260.50  0.0552444    12.8520   334.6735    56.7914   336.1741
   2375.00   42262.34  0.0552483    12.8363   332.2189    56.8600   336.1195
   2385.00   42262.17  0.0550372    12.8241   329.5791    57.0375   336.0844
   2395.00   42260.85  0.0549795    12.8131   326.9654    57.2395   336.0188
   2405.00   42260.83  0.0551405    12.7966   324.4627    57.4494   335.9293
   2415.00   42261.10  0.0551084    12.7775   322.2063    57.5043   335.8736
   2425.00   42259.00  0.0550686    12.7651   320.0397    57.6370   335.8100
   2435.00   42256.79  0.0551988    12.7542   317.7900    58.0543   335.7049
   2445.00   42256.46  0.0553059    12.7363   315.8855    58.2315   335.6135
   2455.00   42257.16  0.0553947    12.7220   314.1085    58.3522   335.5368
   2465.00   42256.20  0.0553736    12.7160   312.0240    58.7995   335.4503
   2475.00   42255.99  0.0554566    12.7059   309.9975    59.1433   335.3513
   2485.00   42257.84  0.0556319    12.6936   307.9371    59.4280   335.2554
   2495.00   42260.00  0.0555205    12.6865   305.6687    59.7304   335.1971
   2505.00   42260.02  0.0554517    12.6820   303.1853    60.0858   335.1287
   2515.00   42260.02  0.0555393    12.6748   300.4895    60.5411   335.0374
   2525.00   42261.75  0.0554438    12.6630   297.9135    60.7246   334.9875
   2535.00   42262.51  0.0552999    12.6552   295.2940    60.8767   334.9544
   2545.00   42261.03  0.0552185    12.6496   292.4634    61.2878   334.8933
   2555.00   42259.70  0.0551800    12.6347   289.9739    61.4404   334.8329
   2565.00   42260.03  0.0551789    12.6183   287.7442    61.4540   334.7927
   2575.00   42259.81  0.0550545    12.6074   285.4842    61.6512   334.7521
   2585.00   42257.47  0.0550693    12.5931   283.4268    61.8271   334.6797
   2595.00   42256.05  0.0552633    12.5737   281.5386    61.9915   334.5937
   2605.00   42256.96  0.0552652    12.5563   279.7518    62.1025   334.5369
   2615.00   42257.06  0.0553016    12.5442   277.9079    62.2931   334.4625
   2625.00   42255.95  0.0555191    12.5319   275.8283    62.7211   334.3474
   2635.00   42256.28  0.0556264    12.5147   273.8035    62.9639   334.2584
   2645.00   42258.89  0.0556965    12.5038   271.6592    63.1632   334.1877
   2655.00   42260.19  0.0557486    12.5000   269.0603    63.6769   334.0928
   2665.00   42260.00  0.0558132    12.4897   266.4398    64.0537   333.9984
   2675.00   42260.69  0.0559185    12.4784   263.7892    64.3435   333.9246
   2685.00   42262.64  0.0558043    12.4750   260.9730    64.7235   333.8710
   2695.00   42262.25  0.0557311    12.4696   258.1957    65.0726   333.8055
   2705.00   42259.95  0.0557999    12.4596   255.4815    65.4665   333.7269
   2715.00   42259.07  0.0556563    12.4487   253.0343    65.6940   333.6877
   2725.00   42259.25  0.0555062    12.4410   250.7795    65.8683   333.6531
   2735.00   42257.95  0.0554720    12.4329   248.5203    66.2444   333.5824
   2745.00   42255.65  0.0553911    12.4162   246.5985    66.4069   333.5237
   2755.00   42255.66  0.0553384    12.4006   244.8483    66.4627   333.4866
   2765.00   42257.32  0.0552457    12.3913   242.9435    66.7130   333.4292
   2775.00   42257.06  0.0552304    12.3754   241.0937    66.8756   333.3489
   2785.00   42256.41  0.0553547    12.3554   239.1745    67.0158   333.2718
   2795.00   42258.20  0.0553220    12.3417   237.0647    67.1918   333.2113
   2805.00   42260.40  0.0553374    12.3300   234.7936    67.3691   333.1288
   2815.00   42260.52  0.0555289    12.3159   232.2493    67.7041   333.0158
   2825.00   42259.82  0.0555818    12.3004   229.6643    67.9398   332.9342
   2835.00   42261.11  0.0556255    12.2915   227.0373    68.1398   332.8645
   2845.00   42262.29  0.0557144    12.2877   224.2104    68.5832   332.7619
   2855.00   42260.67  0.0557472    12.2767   221.5707    68.8981   332.6711
   2865.00   42258.64  0.0558172    12.2668   219.0979    69.1510   332.6133
   2875.00   42258.82  0.0557569    12.2656   216.6543    69.5402   332.5552
   2885.00   42258.73  0.0556869    12.2594   214.4661    69.8227   332.4882
   2895.00   42256.58  0.0557363    12.2472   212.4048    70.1128   332.4285
   2905.00   42255.14  0.0556127    12.2378   210.4606    70.3580   332.3982
   2915.00   42256.28  0.0555002    12.2293   208.6242    70.5094   332.3621
   2925.00   42257.54  0.0555114    12.2171   206.6567    70.7846   332.2938
   2935.00   42256.73  0.0554340    12.1984   204.7166    70.9224   332.2443
   2945.00   42257.17  0.0554245    12.1827   202.6884    70.9897   332.2090
   2955.00   42259.98  0.0554441    12.1718   200.3561    71.2392   332.1371
   2965.00   42261.33  0.0554546    12.1534   197.9852    71.3783   332.0504
   2975.00   42260.59  0.0555949    12.1337   195.4800    71.5208   331.9810
   2985.00   42260.56  0.0556610    12.1230   192.7993    71.7910   331.9095
   2995.00   42261.85  0.0557293    12.1121   190.1901    72.0029   331.8136
   3005.00   42261.60  0.0559182    12.0977   187.5629    72.3178   331.7080
   3015.00   42258.85  0.0559811    12.0862   185.0325    72.6423   331.6341
   3025.00   42257.72  0.0560580    12.0802   182.6961    72.9173   331.5623
   3035.00   42258.42  0.0561761    12.0757   180.3910    73.3551   331.4603
   3045.00   42257.40  0.0561524    12.0650   178.2914    73.6963   331.3827
   3055.00   42255.51  0.0561914    12.0569   176.2959    73.9861   331.3391
   3065.00   42255.72  0.0561887    12.0557   174.2230    74.4127   331.2779
   3075.00   42257.74  0.0560807    12.0472   172.2569    74.6915   331.2085
   3085.00   42258.09  0.0560653    12.0335   170.1764    74.9583   331.1669
   3095.00   42257.40  0.0559641    12.0251   167.9169    75.2708   331.1363
   3105.00   42259.03  0.0558598    12.0160   165.6449    75.4431   331.0862
   3115.00   42261.48  0.0558367    12.0005   163.1660    75.6804   331.0207
   3125.00   42261.31  0.0557012    11.9828   160.5998    75.8739   330.9751
   3135.00   42260.23  0.0556782    11.9689   158.0460    75.9815   330.9315
   3145.00   42261.00  0.0557196    11.9570   155.4128    76.2174   330.8469
   3155.00   42261.75  0.0556389    11.9384   152.9471    76.3573   330.7583
   3165.00   42260.16  0.0557014    11.9211   150.5716    76.5004   330.6947
   3175.00   42257.67  0.0558049    11.9126   148.2450    76.7805   330.6127
   3185.00   42257.65  0.0558422    11.9015   146.2097    76.9471   330.5050
   3195.00   42258.07  0.0559574    11.8869   144.2117    77.1948   330.4112
   3205.00   42256.15  0.0560159    11.8784   142.1964    77.5359   330.3410
   3215.00   42255.09  0.0561126    11.8736   140.3196    77.7712   330.2607
   3225.00   42256.80  0.0562354    11.8667   138.3215    78.1157   330.1626
   3235.00   42258.41  0.0561670    11.8568   136.2045    78.4538   330.0984
   3245.00   42258.40  0.0562021    11.8502   133.9790    78.7247   330.0605
   3255.00   42258.63  0.0562718    11.8475   131.5368    79.0905   329.9977
   3265.00   42261.18  0.0561330    11.8368   129.0708    79.3251   329.9339
   3275.00   42262.50  0.0560844    11.8228   126.4346    79.5561   329.9096
   3285.00   42261.07  0.0560524    11.8145   123.6661    79.8703   329.8807
   3295.00   42260.37  0.0559791    11.8031   121.1309    79.9816   329.8196
   3305.00   42261.06  0.0559588    11.7843   118.5933    80.1488   329.7652
   3315.00   42260.56  0.0558512    11.7671   116.1084    80.3837   329.7230
   3325.00   42258.01  0.0558961    11.7540   113.9237    80.4831   329.6630
   3335.00   42256.92  0.0560162    11.7388   111.8573    80.6601   329.5696
   3345.00   42257.71  0.0559522    11.7202   109.9380    80.8331   329.4794
   3355.00   42257.62  0.0560549    11.7060   108.0553    81.0286   329.4112
   3365.00   42255.80  0.0562749    11.6984   106.1336    81.3287   329.3157
   3375.00   42256.20  0.0563327    11.6874   104.3245    81.5098   329.2009
   3385.00   42258.34  0.0564400    11.6748   102.2754    81.7968   329.1211
   3395.00   42258.91  0.0565607    11.6699    99.9198    82.2418   329.0557
   3405.00   42258.49  0.0566735    11.6662    97.6072    82.5002   328.9708
   3415.00   42259.87  0.0567664    11.6574    95.0666    82.8291   328.8899
   3425.00   42262.12  0.0566709    11.6488    92.2681    83.2637   328.8435
   3435.00   42262.38  0.0566924    11.6435    89.4840    83.5896   328.8073
   3445.00   42260.73  0.0567668    11.6375    86.7281    83.9184   328.7441
   3455.00   42260.73  0.0565626    11.6246    84.1153    84.1749   328.6866
   3465.00   42260.99  0.0564666    11.6112    81.5639    84.4404   328.6643
   3475.00   42259.14  0.0564839    11.6028    79.1123    84.7838   328.6232
   3485.00   42256.66  0.0563629    11.5894    77.1165    84.8754   328.5465
   3495.00   42256.30  0.0562894    11.5701    75.1693    85.0259   328.4938
   3505.00   42257.19  0.0561993    11.5555    73.1568    85.3414   328.4471
   3515.00   42256.32  0.0562292    11.5439    71.4219    85.4431   328.3665
   3525.00   42255.87  0.0563008    11.5268    69.6466    85.5668   328.2730
   3535.00   42257.57  0.0561810    11.5095    67.7058    85.7738   328.1888
   3545.00   42259.82  0.0562631    11.4987    65.5981    85.9890   328.1141
   3555.00   42259.71  0.0564840    11.4899    63.3218    86.2323   328.0130
   3565.00   42259.63  0.0564649    11.4780    61.0159    86.3734   327.9008
   3575.00   42261.19  0.0565232    11.4673    58.4117    86.6369   327.8295
   3585.00   42262.35  0.0567058    11.4639    55.5416    87.0828   327.7625
   3595.00   42261.15  0.0567982    11.4597    52.9303    87.2899   327.6706
   3605.00   42259.89  0.0568444    11.4498    50.3025    87.5492   327.6041
   3615.00   42260.20  0.0567788    11.4429    47.5705    88.0081   327.5695
   3625.00   42260.17  0.0568293    11.4388    45.1418    88.3151   327.5273
   3635.00   42257.85  0.0568904    11.4291    42.9555    88.5536   327.4708
   3645.00   42256.29  0.0566502    11.4144    40.9145    88.7944   327.4276
