  -7305.00   42256.84  0.0046592     6.8093   247.1171   136.9514   312.7389
  -7295.00   42256.38  0.0047456     6.7845   245.9912   136.2973   312.6560
  -7285.00   42256.80  0.0047073     6.7569   244.0582   136.5454   312.6101
  -7275.00   42255.00  0.0046310     6.7355   242.7153   136.3894   312.5381
  -7265.00   42252.45  0.0047529     6.7158   240.7344   137.1194   312.3880
  -7255.00   42251.94  0.0047308     6.6896   239.3224   137.3868   312.2503
  -7245.00   42252.93  0.0046841     6.6693   239.2750   136.3373   312.1472
  -7235.00   42252.03  0.0047480     6.6573   236.8378   137.7244   312.0130
  -7225.00   42251.60  0.0047256     6.6408   235.3503   138.1321   311.8552
  -7215.00   42253.41  0.0047877     6.6247   235.0504   137.2342   311.7311
  -7205.00   42255.76  0.0047820     6.6141   232.7859   138.0886   311.6661
  -7195.00   42255.84  0.0047402     6.6042   230.8015   138.5092   311.5785
  -7185.00   42255.84  0.0048752     6.5930   228.7679   138.8592   311.4723
  -7175.00   42257.79  0.0048671     6.5771   226.4271   139.3077   311.4441
  -7165.00   42258.75  0.0047875     6.5641   224.5931   139.1357   311.4414
  -7155.00   42257.36  0.0048849     6.5532   221.2806   140.4935   311.3886
  -7145.00   42256.10  0.0048754     6.5319   218.6877   141.1853   311.3408
  -7135.00   42256.61  0.0048362     6.5097   217.7023   140.3373   311.3431
  -7125.00   42256.30  0.0048358     6.4927   214.8028   141.5727   311.3264
  -7115.00   42253.84  0.0047869     6.4701   212.5588   142.3790   311.2432
  -7105.00   42252.42  0.0048502     6.4430   211.6528   142.0199   311.1566
  -7095.00   42253.21  0.0048149     6.4185   209.8257   142.6572   311.1059
  -7085.00   42252.93  0.0047071     6.3974   208.3421   143.0510   311.0032
  -7075.00   42251.50  0.0048056     6.3763   206.6008   143.7846   310.8329
  -7065.00   42251.81  0.0047881     6.3510   204.8514   144.4223   310.7020
  -7055.00   42254.27  0.0046730     6.3324   204.2005   143.8089   310.6005
  -7045.00   42255.19  0.0047106     6.3214   201.6255   145.0225   310.4452
  -7035.00   42255.11  0.0046702     6.3035   199.3305   145.7864   310.2864
  -7025.00   42256.45  0.0046616     6.2869   198.6410   144.7400   310.1911
  -7015.00   42258.73  0.0046298     6.2791   196.0725   145.4192   310.1299
  -7005.00   42258.51  0.0045391     6.2674   193.7368   145.8190   310.0399
  -6995.00   42256.79  0.0046307     6.2524   192.0778   145.5648   309.9563
  -6985.00   42256.75  0.0046135     6.2375   190.0603   145.6599   309.9616
  -6975.00   42256.83  0.0044897     6.2227   188.6701   145.2388   309.9641
  -6965.00   42255.03  0.0045662     6.2076   186.4207   145.9081   309.9076
  -6955.00   42252.65  0.0045782     6.1828   184.6794   146.2098   309.8829
  -6945.00   42252.62  0.0045116     6.1582   184.5813   144.9673   309.8984
  -6935.00   42253.38  0.0045205     6.1397   182.6698   145.7008   309.8575
  -6925.00   42252.12  0.0044947     6.1123   180.9936   146.3022   309.7537
  -6915.00   42251.42  0.0045573     6.0819   180.8768   145.3134   309.6737
  -6905.00   42253.32  0.0045572     6.0594   179.4088   145.5866   309.6063
  -6895.00   42254.90  0.0044698     6.0373   177.8442   145.8838   309.4641
  -6885.00   42254.74  0.0045897     6.0136   176.2418   146.1119   309.2813
  -6875.00   42255.06  0.0046332     5.9911   174.3323   146.4221   309.1628
  -6865.00   42257.32  0.0045382     5.9750   173.0810   145.9030   309.0541
  -6855.00   42258.57  0.0046037     5.9643   170.2817   146.8922   308.8882
  -6845.00   42257.35  0.0046298     5.9464   167.5583   147.7332   308.7530
  -6835.00   42256.73  0.0046303     5.9308   166.6452   146.7095   308.7025
  -6825.00   42257.56  0.0046415     5.9247   164.0779   147.4359   308.6524
  -6815.00   42256.77  0.0045826     5.9106   161.5414   148.2879   308.5708
  -6805.00   42254.13  0.0046847     5.8912   160.3046   147.9740   308.5326
  -6795.00   42252.94  0.0047146     5.8766   158.5596   148.2749   308.5617
  -6785.00   42253.34  0.0046062     5.8596   157.1066   148.4397   308.5511
  -6775.00   42252.84  0.0046945     5.8385   155.1278   149.2853   308.4844
  -6765.00   42251.21  0.0047443     5.8123   153.3817   149.8854   308.4710
  -6755.00   42251.84  0.0046712     5.7876   152.7613   149.3017   308.4695
  -6745.00   42254.22  0.0046865     5.7678   150.4245   150.4308   308.3836
  -6735.00   42254.69  0.0046713     5.7390   147.9116   151.6299   308.2626
  -6725.00   42254.60  0.0046906     5.7092   147.0447   150.9721   308.1891
  -6715.00   42256.37  0.0046836     5.6903   144.7833   151.5687   308.0996
  -6705.00   42258.37  0.0045675     5.6685   142.0612   152.5533   307.9301
  -6695.00   42258.17  0.0046325     5.6431   140.0016   152.7915   307.7618
  -6685.00   42256.81  0.0046565     5.6239   137.8093   153.0792   307.6631
  -6675.00   42257.13  0.0045171     5.6092   136.0654   152.9684   307.5435
  -6665.00   42257.55  0.0045384     5.5960   133.4610   153.8817   307.3709
  -6655.00   42255.38  0.0045520     5.5777   131.1151   154.6206   307.2659
  -6645.00   42253.35  0.0044884     5.5628   130.6974   153.5156   307.2359
  -6635.00   42253.50  0.0044774     5.5561   128.9541   153.9323   307.1772
  -6625.00   42253.66  0.0044072     5.5395   126.8045   154.8889   307.1027
  -6615.00   42252.19  0.0044479     5.5173   126.5664   153.9258   307.1123
  -6605.00   42251.45  0.0044719     5.5031   125.6562   153.6248   307.1591
  -6595.00   42253.18  0.0043481     5.4839   124.3908   153.6826   307.1378
  -6585.00   42254.57  0.0044203     5.4561   122.9256   153.8594   307.0936
  -6575.00   42254.09  0.0044822     5.4284   121.4546   153.8481   307.1085
  -6565.00   42254.78  0.0044023     5.4026   120.8055   152.8676   307.0913
  -6555.00   42257.34  0.0044352     5.3777   118.4126   153.5809   306.9700
  -6545.00   42258.24  0.0044521     5.3464   115.6149   154.5790   306.8462
  -6535.00   42257.37  0.0044614     5.3173   114.7201   153.5483   306.7681
  -6525.00   42257.21  0.0044870     5.2996   112.6665   153.7337   306.6367
  -6515.00   42258.09  0.0044071     5.2779   109.8775   154.7801   306.4354
  -6505.00   42257.32  0.0044756     5.2529   108.2798   154.6929   306.2921
  -6495.00   42254.54  0.0045432     5.2382   106.8009   154.5887   306.2121
  -6485.00   42253.55  0.0044408     5.2260   105.5923   154.4160   306.0859
  -6475.00   42253.99  0.0045003     5.2100   103.6614   155.1384   305.9419
  -6465.00   42252.75  0.0045737     5.1927   101.8427   155.7641   305.9019
  -6455.00   42251.27  0.0045364     5.1783   101.6189   154.8000   305.9039
  -6445.00   42252.04  0.0045712     5.1679   100.0482   155.2488   305.8464
  -6435.00   42253.97  0.0045660     5.1473    97.5049   156.5939   305.8006
  -6425.00   42254.41  0.0046032     5.1228    96.6634   156.0153   305.8475
  -6415.00   42254.20  0.0046582     5.1075    95.1913   155.9390   305.8818
  -6405.00   42256.29  0.0045608     5.0858    92.7590   156.7472   305.8223
  -6395.00   42258.21  0.0046262     5.0541    90.4868   157.2099   305.7917
  -6385.00   42257.71  0.0047028     5.0282    88.1141   157.6231   305.8098
  -6375.00   42256.84  0.0046024     5.0047    86.4893   157.3031   305.7496
  -6365.00   42257.65  0.0046321     4.9766    83.6412   158.3080   305.6038
  -6355.00   42257.86  0.0046565     4.9467    80.3573   159.7985   305.4956
  -6345.00   42255.92  0.0046184     4.9211    79.1328   159.3143   305.4183
  -6335.00   42254.06  0.0046187     4.9033    77.3242   159.6696   305.2521
  -6325.00   42254.24  0.0045315     4.8812    74.5799   161.1715   305.0445
  -6315.00   42254.16  0.0045411     4.8569    73.3007   161.2406   304.9358
  -6305.00   42252.00  0.0045752     4.8445    72.3852   161.0171   304.8592
  -6295.00   42251.37  0.0044294     4.8326    71.2939   161.0804   304.7119
  -6285.00   42252.94  0.0044476     4.8133    69.7969   161.4919   304.6006
  -6275.00   42253.79  0.0045074     4.7971    68.1663   161.8362   304.6126
  -6265.00   42253.46  0.0044180     4.7840    67.8239   160.7489   304.6261
  -6255.00   42254.57  0.0044237     4.7687    66.2858   160.7723   304.5734
  -6245.00   42257.19  0.0044280     4.7454    63.4771   161.8514   304.5809
  -6235.00   42258.30  0.0044244     4.7203    62.2967   161.0604   304.6713
  -6225.00   42257.26  0.0044612     4.7020    60.9183   160.4439   304.6957
  -6215.00   42257.64  0.0043701     4.6758    58.3060   161.1276   304.6276
  -6205.00   42258.35  0.0044072     4.6407    56.3809   161.0777   304.6278
  -6195.00   42257.19  0.0045013     4.6146    54.5373   161.0295   304.6450
  -6185.00   42254.66  0.0043898     4.5908    53.4197   160.5298   304.5264
  -6175.00   42253.98  0.0044271     4.5584    51.6383   160.8951   304.3688
  -6165.00   42254.33  0.0044946     4.5296    49.2272   161.9990   304.2737
  -6155.00   42252.92  0.0044626     4.5087    48.8443   161.1938   304.1756
  -6145.00   42251.47  0.0044878     4.4891    47.8715   161.1644   303.9768
  -6135.00   42252.25  0.0044524     4.4674    45.6831   162.3806   303.7882
  -6125.00   42253.88  0.0044853     4.4469    44.6986   162.2051   303.7343
  -6115.00   42253.46  0.0045603     4.4358    43.9366   161.7180   303.6683
  -6105.00   42253.43  0.0044557     4.4231    42.5004   161.8461   303.5302
  -6095.00   42255.48  0.0044999     4.4016    40.6747   162.0952   303.4959
  -6085.00   42257.40  0.0046265     4.3859    38.5002   162.4205   303.5730
  -6075.00   42257.07  0.0045674     4.3729    37.2840   161.7078   303.5907
  -6065.00   42256.93  0.0046015     4.3510    35.0644   161.9749   303.5573
  -6055.00   42258.24  0.0046607     4.3253    31.6806   163.3102   303.6165
  -6045.00   42258.59  0.0046796     4.3016    29.8161   163.1167   303.7195
  -6035.00   42256.32  0.0047240     4.2795    28.0821   163.0275   303.6981
  -6025.00   42254.69  0.0046520     4.2505    25.2465   164.2691   303.6163
  -6015.00   42254.52  0.0046670     4.2167    23.2373   164.7429   303.6306
  -6005.00   42253.85  0.0047679     4.1927    21.6852   164.9375   303.6185
  -5995.00   42251.55  0.0046356     4.1693    20.3111   165.2417   303.4450
  -5985.00   42251.05  0.0046296     4.1365    18.7294   165.7944   303.2968
  -5975.00   42252.73  0.0047051     4.1107    16.4906   166.9351   303.2332
  -5965.00   42253.23  0.0046322     4.0940    15.7193   166.5983   303.1099
  -5955.00   42253.05  0.0046196     4.0719    14.3968   166.7783   302.9067
  -5945.00   42254.31  0.0045729     4.0496    11.7097   168.1335   302.7631
  -5935.00   42256.91  0.0045652     4.0331    10.1580   168.0417   302.7510
  -5925.00   42257.37  0.0046008     4.0203     8.9065   167.5405   302.6788
  -5915.00   42256.62  0.0044668     4.0051     6.6969   167.9465   302.5532
  -5905.00   42257.25  0.0044560     3.9834     4.5656   168.0440   302.5922
  -5895.00   42258.40  0.0045710     3.9679     2.6693   167.8208   302.7101
  -5885.00   42257.21  0.0044793     3.9540     1.4145   167.1306   302.7217
  -5875.00   42255.24  0.0044714     3.9273   359.6921   167.0348   302.7358
  -5865.00   42254.95  0.0045354     3.8999   357.1271   167.8308   302.8701
  -5855.00   42255.15  0.0045358     3.8776   356.1338   167.2296   302.9836
  -5845.00   42253.23  0.0045591     3.8495   355.2698   166.7956   302.9457
  -5835.00   42251.49  0.0044939     3.8160   353.1350   167.7819   302.8887
  -5825.00   42252.00  0.0044951     3.7836   351.8008   167.9183   302.9261
  -5815.00   42253.05  0.0045952     3.7581   351.1565   167.4411   302.8648
  -5805.00   42252.39  0.0044784     3.7325   349.9414   167.6368   302.6402
  -5795.00   42252.58  0.0044560     3.7001   348.5173   167.8253   302.5065
  -5785.00   42255.11  0.0045748     3.6776   346.6427   168.2215   302.4589
  -5775.00   42256.87  0.0045291     3.6643   345.6927   167.6339   302.2958
  -5765.00   42256.84  0.0045426     3.6416   344.2061   167.4439   302.1167
  -5755.00   42256.98  0.0045585     3.6205   341.2603   168.4922   302.0683
  -5745.00   42258.60  0.0045928     3.6093   339.5464   168.1587   302.1118
  -5735.00   42258.48  0.0046779     3.5942   338.1312   167.6126   302.0732
  -5725.00   42256.31  0.0046054     3.5750   335.7019   168.1985   302.0210
  -5715.00   42255.02  0.0046227     3.5540   333.4862   168.5127   302.1648
  -5705.00   42255.19  0.0047728     3.5368   331.9530   168.2936   302.3089
  -5695.00   42254.21  0.0047166     3.5189   330.6938   168.1201   302.3041
  -5685.00   42252.01  0.0047089     3.4886   329.0013   168.4617   302.3649
  -5675.00   42251.63  0.0048050     3.4611   326.7101   169.3916   302.5374
  -5665.00   42253.06  0.0048065     3.4407   325.6567   169.2253   302.6006
  -5655.00   42252.96  0.0048252     3.4096   324.4775   169.2795   302.5365
  -5645.00   42252.31  0.0047803     3.3755   321.8015   170.7173   302.5171
  -5635.00   42253.73  0.0047739     3.3490   319.7831   171.2921   302.5650
  -5625.00   42256.02  0.0048477     3.3235   318.4915   171.1099   302.4633
  -5615.00   42256.50  0.0047316     3.2964   316.2235   171.8763   302.2361
  -5605.00   42256.18  0.0046724     3.2671   313.6673   172.6377   302.1607
  -5595.00   42257.56  0.0047691     3.2470   311.4641   172.9001   302.1266
  -5585.00   42258.89  0.0046948     3.2339   309.8327   172.7198   301.9305
  -5575.00   42257.76  0.0046551     3.2102   308.0244   172.6945   301.7884
  -5565.00   42255.90  0.0046691     3.1901   305.1358   173.6700   301.8340
  -5555.00   42255.88  0.0046550     3.1822   303.6366   173.3914   301.8864
  -5545.00   42255.53  0.0046957     3.1650   302.8075   172.6642   301.8689
  -5535.00   42253.38  0.0046141     3.1424   300.7635   173.2605   301.9209
  -5525.00   42251.72  0.0045935     3.1243   299.0421   173.4825   302.1624
  -5515.00   42252.32  0.0046964     3.1052   298.3355   172.8224   302.3385
  -5505.00   42253.12  0.0046150     3.0820   297.4566   172.5149   302.3662
  -5495.00   42252.23  0.0045687     3.0499   295.9526   172.6603   302.5314
  -5485.00   42252.58  0.0046555     3.0214   294.1315   172.9555   302.7594
  -5475.00   42255.13  0.0046286     2.9989   293.1487   172.4769   302.7808
  -5465.00   42256.46  0.0046237     2.9639   292.0416   172.0306   302.7237
  -5455.00   42256.21  0.0046091     2.9287   289.2903   172.9714   302.7695
  -5445.00   42256.84  0.0046041     2.9060   287.1923   173.1498   302.7919
  -5435.00   42258.49  0.0046772     2.8798   286.0455   172.4543   302.6398
  -5425.00   42258.61  0.0046015     2.8511   283.9348   172.7627   302.4430
  -5415.00   42256.62  0.0045696     2.8274   281.4920   173.2598   302.4452
  -5405.00   42255.90  0.0046888     2.8100   279.9263   173.0041   302.4205
  -5395.00   42256.31  0.0046531     2.7961   278.8300   172.6023   302.2320
  -5385.00   42254.87  0.0046313     2.7735   277.5446   172.3881   302.2125
  -5375.00   42252.60  0.0047139     2.7556   275.4555   172.9296   302.3943
  -5365.00   42252.28  0.0047317     2.7483   274.2925   172.7674   302.4812
  -5355.00   42253.18  0.0047917     2.7284   273.8323   172.0065   302.5252
  -5345.00   42252.71  0.0047778     2.7028   271.8179   172.6304   302.7523
  -5335.00   42251.92  0.0047877     2.6867   269.7932   173.1178   303.0765
  -5325.00   42253.48  0.0049074     2.6657   268.6461   172.7509   303.2528
  -5315.00   42255.79  0.0048513     2.6368   266.9759   172.8568   303.3375
  -5305.00   42255.95  0.0048155     2.6064   264.5553   173.3735   303.6015
  -5295.00   42256.03  0.0049176     2.5796   262.0421   173.8423   303.8378
  -5285.00   42257.86  0.0048874     2.5554   260.0436   173.9536   303.8022
  -5275.00   42259.03  0.0048608     2.5209   258.1934   173.8341   303.7838
  -5265.00   42257.96  0.0048715     2.4890   255.1118   174.7919   303.9177
  -5255.00   42256.43  0.0048543     2.4703   252.5133   175.4821   303.9083
  -5245.00   42256.54  0.0048977     2.4447   251.2087   175.1583   303.7341
  -5235.00   42256.22  0.0048200     2.4157   249.0829   175.7253   303.6534
  -5225.00   42253.64  0.0047676     2.3976   246.7035   176.5448   303.7417
  -5215.00   42252.16  0.0048498     2.3816   245.3976   176.5321   303.7237
  -5205.00   42252.90  0.0047769     2.3643   244.3364   176.5220   303.5773
  -5195.00   42253.00  0.0047023     2.3439   243.0638   176.4945   303.7155
  -5185.00   42252.10  0.0047603     2.3279   241.3899   176.6925   304.0060
  -5175.00   42252.48  0.0047366     2.3191   240.0238   176.7080   304.1097
  -5165.00   42254.88  0.0047251     2.2972   239.4462   175.7622   304.2645
  -5155.00   42256.05  0.0047088     2.2719   237.3455   175.8830   304.7138
  -5145.00   42255.60  0.0046872     2.2574   234.9537   176.1652   305.1340
  -5135.00   42256.66  0.0047681     2.2343   233.7018   175.3577   305.3499
  -5125.00   42258.54  0.0046969     2.2008   231.7110   175.1245   305.6275
  -5115.00   42258.37  0.0046340     2.1725   229.2841   175.1330   306.0567
  -5105.00   42256.77  0.0047264     2.1462   227.1652   175.0034   306.3225
  -5095.00   42256.58  0.0046851     2.1165   225.4839   174.8179   306.2991
  -5085.00   42256.91  0.0046351     2.0823   224.2934   174.1686   306.3894
  -5075.00   42255.44  0.0046667     2.0541   222.3234   174.3152   306.6115
  -5065.00   42252.98  0.0046663     2.0361   220.5339   174.7397   306.5417
  -5055.00   42252.74  0.0047170     2.0109   220.1663   173.9852   306.3715
  -5045.00   42253.34  0.0046873     1.9848   218.8417   173.9960   306.4867
  -5035.00   42252.12  0.0046643     1.9730   216.9899   174.4929   306.6782
  -5025.00   42251.39  0.0047869     1.9593   216.0532   174.2037   306.7062
  -5015.00   42253.10  0.0047569     1.9396   214.9274   173.9941   306.7682
  -5005.00   42255.00  0.0047068     1.9236   213.3530   173.7406   307.1928
  -4995.00   42255.32  0.0048018     1.9101   211.4387   173.6021   307.6632
  -4985.00   42255.65  0.0048177     1.8967   209.4424   173.6583   307.8688
  -4975.00   42257.87  0.0048153     1.8735   208.0826   172.7598   308.2637
  -4965.00   42259.05  0.0048432     1.8501   205.6385   172.5265   308.9693
  -4955.00   42257.68  0.0048445     1.8358   202.6682   173.0193   309.4484
  -4945.00   42256.71  0.0049383     1.8106   201.0795   172.3957   309.7066
  -4935.00   42256.91  0.0049092     1.7777   198.7758   172.3137   310.2361
  -4925.00   42256.29  0.0048440     1.7550   196.2126   172.5908   310.8133
  -4915.00   42253.70  0.0049503     1.7319   194.2808   172.7111   311.0702
  -4905.00   42252.58  0.0049176     1.7003   192.5226   172.9606   311.1915
  -4895.00   42253.24  0.0048486     1.6712   191.1984   172.7223   311.5076
  -4885.00   42253.04  0.0048744     1.6495   189.3960   172.9855   311.8613
  -4875.00   42251.62  0.0048637     1.6303   187.4629   173.7949   311.8203
  -4865.00   42252.16  0.0048774     1.6055   186.7423   173.3453   311.7957
  -4855.00   42254.23  0.0048415     1.5843   185.0419   173.3403   312.1967
  -4845.00   42254.83  0.0047837     1.5757   182.4949   174.1475   312.4812
  -4835.00   42254.53  0.0048704     1.5623   181.0924   173.8533   312.5580
  -4825.00   42256.04  0.0048184     1.5425   179.1626   173.6114   312.9572
  -4815.00   42258.21  0.0047125     1.5324   176.7772   173.3625   313.6907
  -4805.00   42258.20  0.0047618     1.5232   174.5476   172.9549   314.3317
  -4795.00   42256.99  0.0047409     1.5063   172.3542   172.6784   314.8032
  -4785.00   42257.28  0.0046852     1.4860   170.9357   171.3422   315.6324
  -4775.00   42257.47  0.0046768     1.4684   169.0368   170.3179   316.7245
  -4765.00   42255.43  0.0046501     1.4527   166.5825   170.4176   317.3996
  -4755.00   42253.14  0.0047052     1.4257   165.9530   168.9913   317.9589
  -4745.00   42252.73  0.0046885     1.3959   164.6453   167.9436   318.9663
  -4735.00   42253.12  0.0046026     1.3773   162.6703   167.8722   319.7826
  -4725.00   42251.51  0.0047039     1.3542   161.7834   167.2668   320.1052
  -4715.00   42251.13  0.0046898     1.3222   160.5983   166.7774   320.6179
  -4705.00   42252.97  0.0046180     1.2998   159.5279   165.9698   321.2869
  -4695.00   42254.53  0.0046596     1.2854   157.9706   165.7346   321.7355
  -4685.00   42254.43  0.0046657     1.2652   156.1062   165.9188   321.9179
  -4675.00   42255.06  0.0046903     1.2446   155.2783   164.7261   322.2941
  -4665.00   42257.27  0.0046903     1.2337   153.4630   163.9196   323.1035
  -4655.00   42258.22  0.0046577     1.2283   150.5087   164.4331   323.6010
  -4645.00   42257.01  0.0047649     1.2160   149.0603   163.5061   323.9801
  -4635.00   42256.72  0.0047691     1.2021   147.1112   162.4169   325.0326
  -4625.00   42257.62  0.0046871     1.1997   144.5141   161.9491   326.1828
  -4615.00   42256.82  0.0047695     1.1943   142.4517   161.3682   327.0257
  -4605.00   42254.46  0.0047859     1.1773   140.5764   160.5434   328.0933
  -4595.00   42253.45  0.0047571     1.1646   139.3957   158.8514   329.5189
  -4585.00   42253.81  0.0047758     1.1568   137.7589   157.7700   330.9209
  -4575.00   42252.75  0.0047796     1.1412   135.5179   157.7728   331.9446
  -4565.00   42251.08  0.0048435     1.1185   134.9364   156.0985   333.0588
  -4555.00   42251.48  0.0048579     1.1008   133.6974   154.6069   334.6283
  -4545.00   42253.56  0.0047879     1.0891   131.0080   154.9798   335.7010
  -4535.00   42253.75  0.0048806     1.0685   129.5869   154.4052   336.3291
  -4525.00   42254.00  0.0048872     1.0451   127.6964   153.5489   337.5511
  -4515.00   42256.02  0.0047965     1.0342   125.4315   152.9984   338.6825
  -4505.00   42258.15  0.0048231     1.0258   122.8955   153.1440   339.2227
  -4495.00   42257.95  0.0048067     1.0087   120.1109   153.1957   339.9930
  -4485.00   42256.98  0.0047853     0.9971   118.5395   151.7566   341.0146
  -4475.00   42257.57  0.0047530     0.9981   116.2827   151.0174   342.0322
  -4465.00   42257.64  0.0046920     0.9959   112.9608   151.6524   342.8118
  -4455.00   42255.46  0.0047379     0.9881   111.6708   150.2845   343.7139
  -4445.00   42253.59  0.0047162     0.9882   110.3026   148.4450   345.3337
  -4435.00   42253.74  0.0046029     0.9961   107.8494   148.1048   346.6982
  -4425.00   42253.68  0.0046461     0.9958   106.4284   147.1554   347.7772
  -4415.00   42251.99  0.0046395     0.9900   105.2374   145.2913   349.6418
  -4405.00   42251.39  0.0045645     0.9928   104.4881   142.9347   351.6078
  -4395.00   42253.10  0.0045606     0.9960   103.1970   141.5342   353.1196
  -4385.00   42253.90  0.0045510     0.9870   101.2082   140.5373   354.8291
  -4375.00   42253.47  0.0045763     0.9768   100.8458   137.5953   356.7425
  -4365.00   42254.33  0.0045729     0.9756    99.8359   135.1922   358.5954
  -4355.00   42256.86  0.0045192     0.9703    96.7777   135.1552   359.9500
  -4345.00   42257.74  0.0045966     0.9557    95.2586   133.5963     1.1535
  -4335.00   42257.07  0.0046232     0.9486    93.6440   131.5021     2.8938
  -4325.00   42257.42  0.0045367     0.9509    91.1045   130.8782     4.0571
  -4315.00   42258.51  0.0045800     0.9474    88.7706   130.7061     4.5945
  -4305.00   42257.43  0.0045963     0.9428    86.3567   129.9812     5.8598
  -4295.00   42254.96  0.0045722     0.9491    85.3303   128.0299     7.1256
  -4285.00   42254.22  0.0045683     0.9616    83.8402   127.3097     7.7850
  -4275.00   42254.24  0.0045486     0.9678    81.1965   127.5873     8.7479
  -4265.00   42252.83  0.0046127     0.9736    80.6126   125.6016    10.0622
  -4255.00   42251.21  0.0046273     0.9916    80.0779   123.5764    11.4520
  -4245.00   42251.96  0.0045634     1.0082    77.8220   123.5748    12.5503
  -4235.00   42253.68  0.0046453     1.0144    76.4661   122.5653    13.7182
  -4225.00   42253.59  0.0046913     1.0259    75.1984   120.6742    15.5815
  -4215.00   42253.70  0.0046346     1.0439    73.7264   119.1886    17.1045
  -4205.00   42256.01  0.0046657     1.0532    71.6896   118.5656    18.1599
  -4195.00   42257.70  0.0046910     1.0573    68.7783   117.9936    19.8683
  -4185.00   42257.42  0.0047136     1.0656    67.3396   115.8066    21.6026
  -4175.00   42257.00  0.0047076     1.0771    65.4793   114.5510    22.7443
  -4165.00   42258.03  0.0046736     1.0806    61.7063   115.1308    23.9334
  -4155.00   42258.29  0.0047424     1.0787    59.5428   114.0556    25.2336
  -4145.00   42256.14  0.0047572     1.0885    57.8943   112.6347    26.4770
  -4135.00   42254.61  0.0046606     1.0988    54.9885   113.1250    27.2092
  -4125.00   42254.87  0.0046854     1.0988    52.7677   113.3307    27.7120
  -4115.00   42254.20  0.0047047     1.1072    50.6518   113.0428    28.7550
  -4105.00   42252.16  0.0046229     1.1260    49.4706   112.2888    29.4533
  -4095.00   42251.63  0.0045797     1.1405    48.1652   112.2941    29.5851
  -4085.00   42253.00  0.0045474     1.1540    45.5226   113.0552    30.2933
  -4075.00   42253.58  0.0045535     1.1746    44.8783   111.5401    31.2332
  -4065.00   42253.02  0.0045128     1.2021    44.3095   110.2266    31.7862
  -4055.00   42254.27  0.0044251     1.2243    41.6434   110.7466    32.4403
  -4045.00   42256.91  0.0044740     1.2403    40.1022   109.6402    33.4393
  -4035.00   42257.52  0.0045000     1.2664    38.8058   107.9366    34.6367
  -4025.00   42257.00  0.0044092     1.2924    36.7312   107.1991    35.5211
  -4015.00   42257.84  0.0044190     1.3044    34.6733   106.4695    36.3212
  -4005.00   42258.78  0.0044576     1.3192    31.8775   105.9636    37.6340
  -3995.00   42257.72  0.0044477     1.3394    30.5677   104.2611    38.7325
  -3985.00   42255.44  0.0044197     1.3524    29.2774   103.2017    39.2920
  -3975.00   42254.92  0.0043927     1.3607    26.1901   103.7834    40.1534
  -3965.00   42255.05  0.0044562     1.3699    25.0027   102.5784    41.0796
  -3955.00   42253.08  0.0044633     1.3868    24.5271   101.2649    41.5487
  -3945.00   42251.57  0.0043818     1.4004    22.3251   101.9102    41.8786
  -3935.00   42252.35  0.0044201     1.4061    20.9909   101.7080    42.2524
  -3925.00   42253.43  0.0044816     1.4252    19.8616   101.1629    42.7530
  -3915.00   42253.13  0.0044161     1.4505    18.6215   100.9652    42.9344
  -3905.00   42253.24  0.0043971     1.4658    17.4607   100.7805    42.9077
  -3895.00   42255.58  0.0044284     1.4858    14.7562   101.4794    43.3823
  -3885.00   42257.29  0.0044550     1.5165    13.6596   100.4062    43.8576
  -3875.00   42256.85  0.0044492     1.5445    12.6527    99.4583    43.9726
  -3865.00   42256.97  0.0044049     1.5673     9.3343   100.3984    44.3965
  -3855.00   42258.48  0.0044880     1.5907     7.4074    99.6049    45.1272
  -3845.00   42258.49  0.0045586     1.6210     5.9121    98.5599    45.7013
  -3835.00   42256.56  0.0044983     1.6464     3.2628    98.8634    46.1538
  -3825.00   42255.32  0.0045259     1.6596     1.0839    98.6898    46.7579
  -3815.00   42255.48  0.0046066     1.6798   358.5456    98.8306    47.5717
  -3805.00   42254.58  0.0045954     1.7039   356.9648    98.4541    48.1014
  -3795.00   42252.14  0.0045610     1.7150   355.6387    98.2158    48.3775
  -3785.00   42251.62  0.0045438     1.7258   352.5176    99.5614    48.9550
  -3775.00   42252.89  0.0045840     1.7432   351.2652    99.1305    49.4828
  -3765.00   42252.80  0.0045696     1.7603   350.5415    98.5949    49.5544
  -3755.00   42252.38  0.0044736     1.7741   347.6894   100.0081    49.7033
  -3745.00   42253.87  0.0044858     1.7855   345.8186   100.1824    49.9900
  -3735.00   42256.32  0.0045264     1.8090   344.3774    99.9319    50.1128
  -3725.00   42257.08  0.0044399     1.8352   342.0151   100.5867    50.0686
  -3715.00   42256.60  0.0043812     1.8510   340.0216   100.7211    50.0472
  -3705.00   42257.89  0.0044081     1.8759   337.0242   101.4791    50.3221
  -3695.00   42258.87  0.0043828     1.9115   335.2953   101.0444    50.4835
  -3685.00   42257.55  0.0043368     1.9385   334.2183   100.1911    50.4539
  -3675.00   42255.60  0.0042806     1.9624   330.8081   101.4059    50.7893
  -3665.00   42255.43  0.0043116     1.9935   329.4921   100.5082    51.2955
  -3655.00   42255.32  0.0043502     2.0247   329.0056    99.1892    51.5624
  -3645.00   42253.30  0.0042709     2.0480   326.8168    99.6759    51.8692
  -3635.00   42251.78  0.0042748     2.0649   325.4751    99.2225    52.4083
  -3625.00   42252.53  0.0043473     2.0877   324.1377    98.8874    52.9136
  -3615.00   42253.24  0.0043151     2.1104   322.9732    98.6417    53.1581
  -3605.00   42252.25  0.0042678     2.1197   322.0781    98.1244    53.3594
  -3595.00   42252.45  0.0042705     2.1321   319.2355    99.2764    53.7429
  -3585.00   42254.72  0.0042869     2.1537   318.1383    98.7280    53.9365
  -3575.00   42256.16  0.0042771     2.1694   317.6907    97.6810    53.8089
  -3565.00   42255.92  0.0042051     2.1833   314.5391    99.0086    53.8410
  -3555.00   42256.68  0.0042339     2.2031   312.7362    98.7615    53.9841
  -3545.00   42258.57  0.0043026     2.2296   311.6750    97.9549    53.8742
  -3535.00   42258.81  0.0042603     2.2559   309.3428    98.4146    53.7364
  -3525.00   42256.80  0.0042459     2.2758   307.4555    98.3105    53.7847
  -3515.00   42256.00  0.0043240     2.3049   305.0141    98.7890    53.9360
  -3505.00   42255.91  0.0043354     2.3406   303.3677    98.7357    53.9619
  -3495.00   42254.53  0.0043251     2.3647   302.7473    97.8549    53.9562
  -3485.00   42251.99  0.0043271     2.3879   299.6090    99.3514    54.2530
  -3475.00   42251.60  0.0043645     2.4208   298.3318    99.0935    54.5624
  -3465.00   42252.75  0.0044197     2.4478   298.1542    98.0261    54.6497
  -3455.00   42252.32  0.0043688     2.4662   295.6450    99.1536    54.8619
  -3445.00   42251.89  0.0043874     2.4864   293.9353    99.2420    55.2606
  -3435.00   42253.57  0.0044698     2.5094   292.3287    99.2847    55.5006
  -3425.00   42255.82  0.0044423     2.5285   290.2506    99.7958    55.5697
  -3415.00   42255.99  0.0044014     2.5389   288.3722    99.8392    55.7364
  -3405.00   42255.82  0.0044279     2.5538   284.7778   101.3897    55.9708
  -3395.00   42257.33  0.0044209     2.5764   282.4576   101.7656    55.9795
  -3385.00   42258.61  0.0043863     2.5904   281.3302   101.0454    55.8229
  -3375.00   42257.33  0.0043243     2.6040   277.4807   102.8805    55.8365
  -3365.00   42256.10  0.0043172     2.6290   275.2366   103.1751    55.8671
  -3355.00   42256.40  0.0043445     2.6553   274.3024   102.5355    55.6561
  -3345.00   42256.20  0.0042738     2.6790   272.0387   103.3173    55.4943
  -3335.00   42253.75  0.0042339     2.7043   270.3913   103.4337    55.5550
  -3325.00   42252.21  0.0042851     2.7367   268.6148   103.8702    55.5935
  -3315.00   42252.56  0.0042625     2.7713   267.2004   104.1265    55.5399
  -3305.00   42252.75  0.0042026     2.7960   266.9356   103.1713    55.5939
  -3295.00   42251.44  0.0042073     2.8217   264.2001   104.4760    55.8593
  -3285.00   42251.83  0.0042015     2.8557   262.7057   104.5273    56.0569
  -3275.00   42254.38  0.0042002     2.8795   262.8611   102.9467    56.1102
  -3265.00   42255.52  0.0041443     2.8948   260.1612   103.8941    56.3234
  -3255.00   42255.56  0.0041329     2.9175   258.3312   103.7266    56.6163
  -3245.00   42256.65  0.0041940     2.9389   256.9897   103.1460    56.6985
  -3235.00   42258.69  0.0041520     2.9526   254.8704   103.3151    56.6841
  -3225.00   42258.47  0.0041096     2.9655   253.2854   102.7682    56.8001
  -3215.00   42256.68  0.0041597     2.9834   250.3288   103.6744    56.8764
  -3205.00   42256.24  0.0041615     3.0053   248.3332   103.9144    56.7370
  -3195.00   42256.57  0.0041293     3.0203   248.1056   102.5376    56.5761
  -3185.00   42254.87  0.0041147     3.0373   245.2133   103.8467    56.5636
  -3175.00   42252.74  0.0041265     3.0672   243.5883   104.1123    56.4956
  -3165.00   42252.57  0.0041771     3.0937   243.6331   103.0117    56.2696
  -3155.00   42253.44  0.0041403     3.1151   241.9500   103.6033    56.1623
  -3145.00   42252.35  0.0041376     3.1453   240.7536   103.5714    56.2274
  -3135.00   42251.56  0.0042325     3.1782   239.3057   103.8627    56.2112
  -3125.00   42253.16  0.0042461     3.2068   237.7221   104.2444    56.1381
  -3115.00   42254.98  0.0042152     3.2313   236.9660   103.4773    56.2405
  -3105.00   42254.96  0.0042652     3.2571   233.9178   104.7608    56.4387
  -3095.00   42255.28  0.0042974     3.2874   231.3567   105.5060    56.5173
  -3085.00   42257.51  0.0042991     3.3071   230.6720   104.2753    56.5498
  -3075.00   42258.83  0.0042738     3.3206   227.3561   105.4414    56.7249
  -3065.00   42257.80  0.0042684     3.3441   224.6059   106.0189    56.8912
  -3055.00   42256.77  0.0043370     3.3636   222.9415   105.7524    56.8647
  -3045.00   42257.34  0.0043026     3.3732   220.3755   106.4917    56.8259
  -3035.00   42256.53  0.0042499     3.3890   218.6127   106.4560    56.8956
  -3025.00   42253.91  0.0043083     3.4093   215.9830   107.5679    56.8672
  -3015.00   42252.52  0.0043117     3.4280   213.8420   108.5108    56.6733
  -3005.00   42253.10  0.0042492     3.4442   213.4661   107.7404    56.5466
  -2995.00   42252.88  0.0042323     3.4645   210.8363   109.2222    56.5116
  -2985.00   42251.61  0.0042262     3.4952   208.7768   110.2519    56.3759
  -2975.00   42252.17  0.0042315     3.5211   208.6493   109.3779    56.1680
  -2965.00   42254.64  0.0041725     3.5425   206.5225   110.2518    56.1084
  -2955.00   42255.23  0.0041222     3.5764   204.7386   110.5393    56.1429
  -2945.00   42254.94  0.0041842     3.6100   203.1677   110.5532    56.0867
  -2935.00   42256.44  0.0041661     3.6343   201.0544   110.9339    56.0404
  -2925.00   42258.28  0.0040862     3.6612   199.8293   110.1097    56.1692
  -2915.00   42258.17  0.0041090     3.6889   196.9318   110.8781    56.3175
  -2905.00   42256.79  0.0041293     3.7146   194.3240   111.4708    56.3360
  -2895.00   42257.05  0.0040850     3.7324   193.9011   109.8821    56.3974
  -2885.00   42257.57  0.0040461     3.7459   191.2945   110.5134    56.5465
  -2875.00   42255.64  0.0040262     3.7684   188.9902   111.0807    56.6042
  -2865.00   42253.41  0.0040749     3.7851   188.6850   109.9553    56.5213
  -2855.00   42253.43  0.0040506     3.7925   187.0856   110.2515    56.4679
  -2845.00   42253.54  0.0039836     3.8111   186.1390   109.9517    56.4656
  -2835.00   42252.09  0.0040591     3.8339   184.8079   110.2387    56.3336
  -2825.00   42251.30  0.0040940     3.8506   183.3199   110.7743    56.1123
  -2815.00   42252.99  0.0040461     3.8701   183.3517   109.6045    56.0064
  -2805.00   42254.70  0.0040622     3.8959   181.0927   110.5805    55.9419
  -2795.00   42254.50  0.0040970     3.9265   178.7862   111.5533    55.7739
  -2785.00   42255.17  0.0041273     3.9519   178.5438   110.2684    55.6298
  -2775.00   42257.75  0.0041111     3.9744   176.0822   110.9171    55.6264
  -2765.00   42258.70  0.0040788     4.0082   173.5813   111.4635    55.6409
  -2755.00   42257.60  0.0041675     4.0385   171.9674   111.1488    55.5740
  -2745.00   42257.15  0.0041939     4.0573   169.5691   111.5726    55.5648
  -2735.00   42257.68  0.0041329     4.0829   168.0734   111.0363    55.6757
  -2725.00   42256.96  0.0041814     4.1096   165.3947   111.8671    55.7399
  -2715.00   42254.23  0.0042412     4.1285   162.8847   112.7862    55.7033
  -2705.00   42253.18  0.0042235     4.1448   162.4684   111.6783    55.7534
  -2695.00   42253.84  0.0042114     4.1600   160.0644   112.6764    55.8448
  -2685.00   42252.91  0.0042153     4.1802   157.4922   114.0698    55.8056
  -2675.00   42251.49  0.0042603     4.1954   157.1593   113.3161    55.7116
  -2665.00   42252.17  0.0042566     4.2032   155.2785   114.0581    55.6675
  -2655.00   42254.14  0.0041756     4.2232   153.3239   114.7939    55.6186
  -2645.00   42254.54  0.0042348     4.2461   151.6887   115.2035    55.4458
  -2635.00   42254.27  0.0042701     4.2603   149.4305   116.1111    55.2469
  -2625.00   42256.08  0.0041872     4.2817   148.3430   115.5668    55.1583
  -2615.00   42258.23  0.0041862     4.3111   145.3893   116.7625    55.0564
  -2605.00   42257.84  0.0042018     4.3395   142.2022   118.1730    54.8697
  -2595.00   42256.91  0.0041824     4.3651   141.4467   117.0165    54.7705
  -2585.00   42257.67  0.0041442     4.3914   138.7495   117.7276    54.7862
  -2575.00   42257.90  0.0040730     4.4252   135.7448   118.8634    54.7695
  -2565.00   42255.93  0.0041031     4.4536   134.7552   118.1499    54.7180
  -2555.00   42253.83  0.0041085     4.4712   133.0724   118.2118    54.7584
  -2545.00   42253.78  0.0040002     4.4963   132.0000   117.7564    54.8618
  -2535.00   42253.77  0.0040235     4.5215   130.4261   118.0260    54.8778
  -2525.00   42251.74  0.0040717     4.5346   128.8246   118.4668    54.8395
  -2515.00   42251.08  0.0040261     4.5493   129.2733   116.7963    54.8831
  -2505.00   42252.88  0.0040160     4.5661   127.5259   117.3188    54.9100
  -2495.00   42253.90  0.0040272     4.5826   125.0924   118.5739    54.7919
  -2485.00   42253.81  0.0040533     4.5970   125.1770   117.1496    54.6822
  -2475.00   42254.71  0.0040630     4.6082   123.5331   117.2605    54.6224
  -2465.00   42257.33  0.0039930     4.6305   121.0201   118.1328    54.5059
  -2455.00   42258.33  0.0040454     4.6542   119.6219   117.8143    54.3143
  -2445.00   42257.19  0.0041061     4.6695   117.4499   118.1649    54.1523
  -2435.00   42257.28  0.0040298     4.6939   116.2981   117.3835    54.0812
  -2425.00   42258.13  0.0040614     4.7256   113.8434   117.9937    53.9642
  -2415.00   42257.03  0.0041137     4.7505   110.8351   119.3094    53.8024
  -2405.00   42254.54  0.0041146     4.7746   110.7286   117.7487    53.7575
  -2395.00   42253.83  0.0041252     4.8025   108.7585   118.1661    53.7773
  -2385.00   42254.22  0.0041019     4.8318   105.9365   119.6612    53.7284
  -2375.00   42253.06  0.0041559     4.8549   105.5087   118.8625    53.6892
  -2365.00   42251.29  0.0042040     4.8712   104.2544   118.8861    53.7422
  -2355.00   42252.00  0.0041268     4.8941   102.8752   119.0479    53.7971
  -2345.00   42253.66  0.0041802     4.9157   101.3548   119.3806    53.7611
  -2335.00   42253.44  0.0042627     4.9252    99.2290   120.2193    53.7195
  -2325.00   42253.35  0.0042219     4.9388    98.8695   119.0750    53.7440
  -2315.00   42255.55  0.0042415     4.9572    96.4121   119.9277    53.7102
  -2305.00   42257.58  0.0042757     4.9703    92.7492   121.9381    53.5619
  -2295.00   42257.53  0.0042924     4.9835    91.6990   121.1510    53.4565
  -2285.00   42256.99  0.0043019     4.9986    89.2606   121.6589    53.3907
  -2275.00   42258.17  0.0042355     5.0205    85.6465   123.4332    53.2337
  -2265.00   42258.39  0.0042548     5.0431    83.7065   123.6042    53.0467
  -2255.00   42256.03  0.0043003     5.0600    81.3858   124.2243    52.9220
  -2245.00   42254.23  0.0041822     5.0864    79.8359   124.1926    52.8441
  -2235.00   42254.14  0.0041824     5.1185    77.9784   124.6755    52.7156
  -2225.00   42253.72  0.0042253     5.1415    75.2172   126.2201    52.5843
  -2215.00   42251.58  0.0041591     5.1658    75.4135   124.7981    52.5743
  -2205.00   42251.19  0.0041445     5.1961    74.1048   124.9257    52.5855
  -2195.00   42252.91  0.0041147     5.2220    71.3165   126.6014    52.5285
  -2185.00   42253.72  0.0041205     5.2415    71.1561   125.5177    52.5192
  -2175.00   42253.15  0.0041369     5.2592    70.1366   125.1066    52.5866
  -2165.00   42254.32  0.0040361     5.2799    68.2885   125.4287    52.6031
  -2155.00   42256.74  0.0040602     5.2970    66.9353   125.1433    52.5475
  -2145.00   42257.36  0.0041381     5.3049    64.7144   125.5515    52.5142
  -2135.00   42256.48  0.0040548     5.3182    64.0572   124.2598    52.5080
  -2125.00   42257.22  0.0040722     5.3368    62.0259   124.3753    52.4123
  -2115.00   42258.47  0.0041268     5.3481    58.3854   126.1879    52.2430
  -2105.00   42257.54  0.0041289     5.3614    57.7966   124.9561    52.1339
  -2095.00   42255.34  0.0041431     5.3823    56.1748   124.8871    52.0378
  -2085.00   42254.90  0.0040987     5.4046    53.1810   126.4499    51.8541
  -2075.00   42255.07  0.0041282     5.4262    52.1959   126.1343    51.6857
  -2065.00   42253.09  0.0041945     5.4472    50.9590   126.1359    51.6024
  -2055.00   42251.27  0.0040947     5.4749    49.9816   125.9900    51.5242
  -2045.00   42251.73  0.0041103     5.5042    49.1070   125.8074    51.4088
  -2035.00   42253.15  0.0042109     5.5246    46.7923   127.0109    51.3283
  -2025.00   42252.66  0.0041662     5.5471    46.8847   125.6371    51.3404
  -2015.00   42253.03  0.0041896     5.5753    45.7554   125.3744    51.3309
  -2005.00   42255.51  0.0042197     5.5952    42.4037   127.2362    51.2656
  -1995.00   42257.55  0.0042619     5.6098    41.4905   126.4161    51.2647
  -1985.00   42257.16  0.0043175     5.6282    39.7411   126.2489    51.3044
  -1975.00   42257.03  0.0042516     5.6461    36.7999   127.2640    51.2677
  -1965.00   42258.28  0.0042933     5.6588    34.7367   127.3840    51.1937
  -1955.00   42258.30  0.0044082     5.6677    31.9584   128.2053    51.1619
  -1945.00   42256.01  0.0043279     5.6819    30.3512   127.9679    51.1216
  -1935.00   42254.71  0.0043378     5.6992    28.3934   128.2998    50.9961
  -1925.00   42255.08  0.0044202     5.7094    24.7766   130.4882    50.8403
  -1915.00   42254.45  0.0044052     5.7228    23.9353   130.0001    50.7427
  -1905.00   42252.29  0.0044049     5.7460    22.5451   130.2159    50.6248
  -1895.00   42251.79  0.0043575     5.7670    19.4285   132.3290    50.4361
  -1885.00   42253.33  0.0043625     5.7862    18.3276   132.3945    50.2925
  -1875.00   42253.20  0.0044023     5.8114    17.0438   132.5288    50.2233
  -1865.00   42252.48  0.0042696     5.8397    15.2475   133.1203    50.1323
  -1855.00   42253.63  0.0042304     5.8663    13.9292   133.0946    50.0277
  -1845.00   42256.21  0.0043223     5.8876    11.4755   133.9678    49.9929
  -1835.00   42256.77  0.0042319     5.9109    10.5976   133.0567    50.0138
  -1825.00   42256.51  0.0042000     5.9373     9.3130   132.4485    49.9967
  -1815.00   42257.71  0.0042335     5.9536     5.6600   134.1560    49.9539
  -1805.00   42259.18  0.0042398     5.9657     4.5996   133.1858    49.9731
  -1795.00   42257.87  0.0042724     5.9839     3.2706   132.5295    49.9887
  -1785.00   42255.74  0.0041967     5.9984     0.2949   133.7271    49.9181
  -1775.00   42255.44  0.0042068     6.0067   358.9032   133.4926    49.8366
  -1765.00   42255.24  0.0043161     6.0176   357.2655   133.6284    49.7896
  -1755.00   42253.12  0.0042193     6.0330   356.0881   133.5154    49.6989
  -1745.00   42251.49  0.0041924     6.0489   355.1952   133.2978    49.5429
  -1735.00   42252.30  0.0042896     6.0609   352.6612   134.7809    49.4000
  -1725.00   42253.41  0.0042633     6.0776   352.4154   133.9440    49.3016
  -1715.00   42252.73  0.0042597     6.1030   351.8686   133.3794    49.1697
  -1705.00   42252.88  0.0042420     6.1235   348.8708   135.2046    49.0021
  -1695.00   42255.52  0.0042631     6.1418   347.9592   134.7235    48.9040
  -1685.00   42256.77  0.0043359     6.1690   346.8479   134.2211    48.8500
  -1675.00   42256.37  0.0042467     6.1954   344.5071   134.8445    48.7606
  -1665.00   42256.65  0.0042357     6.2158   342.7755   134.7230    48.6801
  -1655.00   42258.34  0.0043754     6.2365   340.3351   135.1622    48.6729
  -1645.00   42258.56  0.0043375     6.2581   338.9545   134.5444    48.6764
  -1635.00   42256.57  0.0043227     6.2790   337.5508   134.0535    48.6332
  -1625.00   42255.62  0.0044115     6.2921   333.9684   135.8535    48.6001
  -1615.00   42256.14  0.0044471     6.3028   332.8311   135.3302    48.6089
  -1605.00   42254.81  0.0045028     6.3199   331.9135   134.7716    48.5844
  -1595.00   42252.34  0.0044699     6.3317   328.7540   136.6770    48.4924
  -1585.00   42251.89  0.0044872     6.3374   327.2496   137.0250    48.4145
  -1575.00   42252.92  0.0046107     6.3501   325.8635   137.2777    48.3555
  -1565.00   42252.72  0.0045298     6.3658   323.9962   138.0713    48.2358
  -1555.00   42251.98  0.0044835     6.3787   322.3996   138.5585    48.0770
  -1545.00   42253.56  0.0045890     6.3921   319.5427   140.1424    47.9575
  -1535.00   42256.19  0.0045452     6.4112   318.2187   140.0314    47.8534
  -1525.00   42256.54  0.0045045     6.4357   316.8957   139.7805    47.7114
  -1515.00   42256.25  0.0044992     6.4556   312.9533   142.0059    47.5703
  -1505.00   42257.91  0.0044828     6.4749   311.1302   141.9439    47.4998
  -1495.00   42258.90  0.0045239     6.5033   309.8180   141.2892    47.4472
  -1485.00   42257.69  0.0044312     6.5286   306.7521   142.4510    47.3616
  -1475.00   42255.87  0.0043829     6.5459   304.6881   142.6615    47.3135
  -1465.00   42255.85  0.0044888     6.5675   302.8454   142.7120    47.3258
  -1455.00   42255.86  0.0044192     6.5885   301.6005   142.3595    47.3176
  -1445.00   42253.43  0.0043504     6.6039   300.5638   141.9926    47.2701
  -1435.00   42251.92  0.0044316     6.6155   297.8631   143.3870    47.2579
  -1425.00   42252.79  0.0044203     6.6260   297.2222   142.8232    47.2546
  -1415.00   42253.16  0.0044166     6.6404   297.2072   141.7128    47.1921
  -1405.00   42252.14  0.0044023     6.6499   294.2462   143.5541    47.0929
  -1395.00   42252.35  0.0043888     6.6554   292.8780   143.7117    47.0122
  -1385.00   42254.71  0.0044802     6.6702   292.1990   143.0395    46.9262
  -1375.00   42256.13  0.0044061     6.6866   290.0008   143.7873    46.7792
  -1365.00   42255.66  0.0043475     6.6987   288.2026   143.9819    46.6260
  -1355.00   42256.49  0.0044626     6.7156   285.6582   144.7289    46.5244
  -1345.00   42258.64  0.0044206     6.7380   284.1918   144.3236    46.4161
  -1335.00   42258.61  0.0043759     6.7609   283.1979   143.4360    46.2791
  -1325.00   42256.80  0.0044263     6.7805   279.6165   145.1343    46.1823
  -1315.00   42256.24  0.0044300     6.8006   278.0646   144.8687    46.1386
  -1305.00   42256.46  0.0044877     6.8267   277.7182   143.5362    46.0864
  -1295.00   42255.05  0.0044611     6.8475   275.0637   144.6956    46.0142
  -1285.00   42252.40  0.0044511     6.8609   273.3898   144.9976    45.9892
  -1275.00   42251.96  0.0045912     6.8801   272.2284   144.8724    45.9956
  -1265.00   42253.06  0.0045587     6.8981   270.9849   144.9585    45.9587
  -1255.00   42252.17  0.0045175     6.9078   269.8792   144.9405    45.9019
  -1245.00   42251.56  0.0046423     6.9184   267.2021   146.3966    45.8870
  -1235.00   42253.31  0.0046493     6.9296   265.8801   146.4287    45.8577
  -1225.00   42255.52  0.0046399     6.9410   265.2651   145.6610    45.7643
  -1215.00   42255.88  0.0046798     6.9496   261.6638   147.7006    45.6723
  -1205.00   42255.75  0.0046811     6.9564   259.1811   148.4666    45.5968
  -1195.00   42257.65  0.0047579     6.9717   257.8655   147.9580    45.4931
  -1185.00   42258.92  0.0047152     6.9872   254.6176   149.3406    45.3454
  -1175.00   42257.49  0.0046541     6.9983   251.9904   150.0881    45.2119
  -1165.00   42256.11  0.0047692     7.0170   249.3127   150.9002    45.1197
  -1155.00   42256.56  0.0047120     7.0406   247.1499   151.3432    45.0033
  -1145.00   42256.18  0.0046235     7.0609   245.9933   150.9432    44.8728
  -1135.00   42253.84  0.0046826     7.0811   242.8751   152.6013    44.8055
  -1125.00   42252.35  0.0046548     7.1036   241.2323   152.9228    44.7713
  -1115.00   42253.06  0.0046413     7.1277   241.2474   151.7173    44.7145
  -1105.00   42253.17  0.0046188     7.1461   238.7576   153.0573    44.6687
  -1095.00   42251.61  0.0045776     7.1591   237.0364   153.5962    44.6702
  -1085.00   42251.85  0.0046713     7.1770   236.2694   153.1084    44.6749
  -1075.00   42254.27  0.0046134     7.1917   234.4476   153.6051    44.6313
  -1065.00   42255.17  0.0045266     7.1974   232.9940   153.5851    44.5846
  -1055.00   42254.96  0.0046356     7.2069   230.4410   154.4587    44.5666
  -1045.00   42256.29  0.0046058     7.2185   228.5397   154.5832    44.5078
  -1035.00   42258.53  0.0045336     7.2267   227.7472   153.5376    44.3903
  -1025.00   42258.78  0.0045739     7.2355   224.4801   154.8671    44.2964
  -1015.00   42256.95  0.0045599     7.2462   222.0716   155.3601    44.2113
  -1005.00   42256.87  0.0045929     7.2626   221.4702   154.1671    44.0812
   -995.00   42257.08  0.0045767     7.2787   218.8140   155.1504    43.9420
   -985.00   42255.17  0.0045115     7.2918   216.9374   155.4939    43.8347
   -975.00   42252.64  0.0046349     7.3128   215.6198   155.4207    43.7519
   -965.00   42252.48  0.0046109     7.3361   213.9470   155.8710    43.6446
   -955.00   42253.19  0.0045231     7.3532   213.4954   155.2002    43.5429
   -945.00   42252.20  0.0046233     7.3722   211.3627   156.1830    43.5059
   -935.00   42251.44  0.0046316     7.3941   209.8500   156.5357    43.4747
   -925.00   42253.29  0.0046232     7.4126   209.9735   155.2062    43.4116
   -915.00   42255.25  0.0046584     7.4268   207.4768   156.3182    43.3823
   -905.00   42254.95  0.0046514     7.4390   205.2888   156.9427    43.3853
   -895.00   42255.15  0.0047642     7.4541   204.2749   156.2548    43.3622
   -885.00   42257.27  0.0047673     7.4651   201.5475   157.1546    43.3085
   -875.00   42258.51  0.0046948     7.4693   199.3795   157.3897    43.2647
   -865.00   42257.35  0.0048325     7.4787   196.6961   158.0796    43.2336
   -855.00   42256.67  0.0048407     7.4902   194.0106   158.8552    43.1528
   -845.00   42257.43  0.0047722     7.4960   192.7591   158.3320    43.0330
   -835.00   42257.20  0.0048333     7.5045   189.7276   159.6768    42.9466
   -825.00   42254.31  0.0048394     7.5181   187.1645   160.7337    42.8556
   -815.00   42253.02  0.0048627     7.5331   186.5708   160.0430    42.7133
   -805.00   42253.40  0.0048776     7.5481   184.0933   161.3352    42.5886
   -795.00   42252.86  0.0048037     7.5635   181.9698   162.3334    42.5009
   -785.00   42251.20  0.0049042     7.5854   180.8937   162.3193    42.4129
   -775.00   42251.72  0.0049024     7.6076   178.6820   163.4071    42.3150
   -765.00   42254.11  0.0047743     7.6237   177.4041   163.4502    42.2419
   -755.00   42254.93  0.0048480     7.6433   175.1456   164.2748    42.2228
   -745.00   42254.76  0.0048417     7.6653   172.6893   165.1463    42.1943
   -735.00   42256.40  0.0047715     7.6801   171.9260   164.1947    42.1425
   -725.00   42258.63  0.0047818     7.6920   169.0772   165.1324    42.1366
   -715.00   42258.19  0.0047340     7.7050   166.1903   166.0149    42.1430
   -705.00   42256.75  0.0047771     7.7169   165.2267   165.0085    42.1013
   -695.00   42256.93  0.0047779     7.7245   162.5424   165.7657    42.0499
   -685.00   42257.40  0.0046530     7.7288   160.3423   166.1417    42.0089
   -675.00   42255.44  0.0047410     7.7385   158.7314   166.0894    41.9526
   -665.00   42253.47  0.0047517     7.7493   156.5811   166.7826    41.8512
   -655.00   42253.50  0.0046451     7.7548   156.0161   166.0779    41.7311
   -645.00   42254.14  0.0046882     7.7652   154.1338   166.7685    41.6448
   -635.00   42252.26  0.0046965     7.7824   152.1905   167.6082    41.5416
   -625.00   42251.42  0.0046974     7.7971   152.3926   166.3672    41.3997
   -615.00   42253.04  0.0047263     7.8118   150.6421   166.9720    41.2996
   -605.00   42254.36  0.0046641     7.8307   148.4289   167.8970    41.2343
   -595.00   42253.99  0.0047530     7.8520   147.7254   167.1954    41.1491
   -585.00   42254.65  0.0048018     7.8709   145.5397   167.7923    41.0725
   -575.00   42257.28  0.0046846     7.8856   143.7257   167.8311    41.0337
   -565.00   42258.61  0.0047643     7.9038   141.4812   168.1536    41.0184
   -555.00   42257.60  0.0048091     7.9222   138.6794   168.9774    40.9842
   -545.00   42257.21  0.0047547     7.9322   137.7844   167.9165    40.9395
   -535.00   42258.15  0.0047946     7.9416   135.2265   168.5361    40.9351
   -525.00   42257.04  0.0047870     7.9543   132.2215   169.7254    40.9219
   -515.00   42254.29  0.0048420     7.9630   131.6802   168.6682    40.8571
   -505.00   42253.12  0.0048995     7.9679   129.6624   169.2322    40.8033
   -495.00   42253.70  0.0048094     7.9740   127.4341   170.1460    40.7610
   -485.00   42252.85  0.0049059     7.9839   126.2472   170.1671    40.6811
   -475.00   42251.45  0.0049773     7.9931   124.2357   171.0818    40.5760
   -465.00   42252.10  0.0048853     7.9987   123.3112   170.9134    40.4725
   -455.00   42254.44  0.0049407     8.0107   121.2413   171.8000    40.3868
   -445.00   42254.45  0.0049808     8.0282   118.5219   173.2227    40.2797
   -435.00   42254.15  0.0049673     8.0414   117.8946   172.4398    40.1487
   -425.00   42255.99  0.0049942     8.0559   115.5348   173.1708    40.0688
   -415.00   42257.87  0.0049424     8.0774   112.0099   174.8861    40.0104
   -405.00   42257.58  0.0049890     8.0980   110.4362   174.5837    39.9238
   -395.00   42256.62  0.0050333     8.1145   107.9082   175.1512    39.8663
   -385.00   42257.51  0.0048911     8.1310   105.1041   175.9701    39.8548
   -375.00   42258.09  0.0049215     8.1493   102.7012   176.4822    39.8379
   -365.00   42256.02  0.0049625     8.1648    99.9910   177.4342    39.8073
   -355.00   42253.96  0.0048406     8.1727    99.1565   176.6718    39.7866
   -345.00   42254.13  0.0048349     8.1813    97.2909   177.0865    39.7860
   -335.00   42253.80  0.0048222     8.1927    94.5526   178.5239    39.7582
   -325.00   42251.83  0.0048019     8.1980    94.6686   177.2547    39.6855
   -315.00   42251.01  0.0048227     8.2011    93.6265   177.1614    39.6311
   -305.00   42252.74  0.0047258     8.2094    91.3263   178.2960    39.5766
   -295.00   42253.92  0.0047750     8.2196    90.5436   177.8833    39.4698
   -285.00   42253.62  0.0048451     8.2281    88.9523   178.1392    39.3594
   -275.00   42254.56  0.0047215     8.2370    87.6792   177.9058    39.2709
   -265.00   42257.40  0.0047584     8.2524    85.6281   178.2977    39.1786
   -255.00   42258.15  0.0048203     8.2706    82.6369   179.4823    39.0750
   -245.00   42257.13  0.0047695     8.2838    81.9316   178.3020    38.9731
   -235.00   42257.28  0.0047829     8.2994    79.8854   178.3960    38.9178
   -225.00   42258.05  0.0047663     8.3211    76.2922   180.0501    38.8699
   -215.00   42257.18  0.0048033     8.3385    75.1952   179.3482    38.7929
   -205.00   42254.54  0.0048546     8.3509    73.7200   179.1279    38.7566
   -195.00   42253.85  0.0047480     8.3669    71.3708   179.9062    38.7553
   -185.00   42254.42  0.0047994     8.3825    69.8317   180.0758    38.7217
   -175.00   42253.01  0.0048942     8.3928    68.0775   180.5789    38.6825
   -165.00   42251.32  0.0047878     8.3995    67.6014   179.8590    38.6710
   -155.00   42252.07  0.0048089     8.4079    66.2688   180.0333    38.6535
   -145.00   42253.64  0.0048714     8.4175    63.5437   181.5672    38.6038
   -135.00   42253.56  0.0048616     8.4210    63.3803   180.4609    38.5332
   -125.00   42253.37  0.0048987     8.4240    62.1853   180.2333    38.4810
   -115.00   42255.51  0.0048618     8.4340    59.0136   181.8203    38.4176
   -105.00   42257.70  0.0049295     8.4432    57.4433   181.7020    38.3023
    -95.00   42257.34  0.0050293     8.4502    55.3332   181.9771    38.1996
    -85.00   42256.84  0.0049218     8.4616    52.9037   182.4725    38.1254
    -75.00   42258.12  0.0049668     8.4783    50.2947   183.1758    38.0248
    -65.00   42258.28  0.0050738     8.4952    46.8986   184.7076    37.9210
    -55.00   42256.15  0.0049969     8.5090    45.5565   184.2784    37.8458
    -45.00   42254.35  0.0049845     8.5267    43.5377   184.6677    37.7988
    -35.00   42254.33  0.0049914     8.5484    39.9449   186.7766    37.7522
    -25.00   42254.05  0.0049891     8.5639    38.9462   186.4629    37.6916
    -15.00   42251.73  0.0049897     8.5755    37.8786   186.2940    37.6779
     -5.00   42251.14  0.0048698     8.5919    35.3704   187.5962    37.6850
      5.00   42252.90  0.0048808     8.6053    34.0306   187.7861    37.6477
     15.00   42253.44  0.0049494     8.6114    32.6115   187.9762    37.6161
     25.00   42253.09  0.0047930     8.6182    31.4091   187.7966    37.6164
     35.00   42254.21  0.0047637     8.6265    29.8694   187.8542    37.5838
     45.00   42256.80  0.0048384     8.6333    26.9869   189.1093    37.5140
     55.00   42257.65  0.0047658     8.6364    26.1783   188.1261    37.4503
     65.00   42256.73  0.0047461     8.6416    24.8185   187.5907    37.3919
     75.00   42257.34  0.0047213     8.6535    21.2817   189.1912    37.3082
     85.00   42258.60  0.0047456     8.6631    19.9081   188.6716    37.1908
     95.00   42257.41  0.0048170     8.6711    18.4503   188.2877    37.0994
    105.00   42255.18  0.0047008     8.6867    16.0648   188.9327    37.0334
    115.00   42254.74  0.0047189     8.7048    14.3941   189.0700    36.9327
    125.00   42254.94  0.0048443     8.7196    12.2387   189.8361    36.8405
    135.00   42253.35  0.0047451     8.7345    11.4530   189.3239    36.7986
    145.00   42251.44  0.0047150     8.7527    10.4024   189.1955    36.7596
    155.00   42252.06  0.0047631     8.7711     7.5946   190.8657    36.7103
    165.00   42253.45  0.0047493     8.7829     7.2446   190.0451    36.6726
    175.00   42252.83  0.0047557     8.7931     6.6609   189.3582    36.6679
    185.00   42252.84  0.0046800     8.8076     4.0061   190.6024    36.6634
    195.00   42255.29  0.0047101     8.8173     2.7815   190.3068    36.6168
    205.00   42257.16  0.0048199     8.8204     1.3666   190.0192    36.5854
    215.00   42257.16  0.0047155     8.8277   359.4078   190.0934    36.5800
    225.00   42256.97  0.0047142     8.8362   357.4785   190.1034    36.5272
    235.00   42258.49  0.0048515     8.8404   354.4744   191.1703    36.4449
    245.00   42258.77  0.0048142     8.8445   353.0618   190.6334    36.3912
    255.00   42256.39  0.0048153     8.8523   351.5401   190.3235    36.3287
    265.00   42254.88  0.0048455     8.8639   347.9597   192.2420    36.2303
    275.00   42255.05  0.0048702     8.8728   346.6681   192.0348    36.1257
    285.00   42254.24  0.0049533     8.8820   345.5538   191.7923    36.0478
    295.00   42252.05  0.0048706     8.8994   342.9352   193.1721    35.9803
    305.00   42251.58  0.0048750     8.9171   341.3738   193.6214    35.8812
    315.00   42253.10  0.0050069     8.9300   339.5520   194.3369    35.8025
    325.00   42253.55  0.0049058     8.9469   338.0312   194.6515    35.7785
    335.00   42252.69  0.0048478     8.9665   336.4362   194.9750    35.7410
    345.00   42253.97  0.0049077     8.9821   333.2401   196.7674    35.6917
    355.00   42256.39  0.0048440     8.9931   331.9524   196.4394    35.6822
    365.00   42256.83  0.0048106     9.0045   330.6685   195.9432    35.6881
    375.00   42256.21  0.0047391     9.0176   327.0422   197.6664    35.6740
    385.00   42257.40  0.0047086     9.0242   325.3614   197.3828    35.6372
    395.00   42258.77  0.0047789     9.0262   323.9753   196.7779    35.6138
    405.00   42258.00  0.0046667     9.0340   321.5482   197.2400    35.5979
    415.00   42255.87  0.0046187     9.0421   319.7703   197.2249    35.5275
    425.00   42255.71  0.0047310     9.0444   317.5767   197.7973    35.4371
    435.00   42255.78  0.0046622     9.0506   316.4448   197.4222    35.3833
    445.00   42253.45  0.0046153     9.0623   315.6245   196.9241    35.3073
    455.00   42251.60  0.0046485     9.0741   312.7646   198.6269    35.1935
    465.00   42252.11  0.0046154     9.0843   312.0251   198.2445    35.1070
    475.00   42253.09  0.0046532     9.0972   311.8305   197.3121    35.0449
    485.00   42252.41  0.0045853     9.1164   309.3354   198.6278    34.9762
    495.00   42252.70  0.0045528     9.1326   308.0920   198.5970    34.8953
    505.00   42255.22  0.0046672     9.1440   306.8589   198.3876    34.8434
    515.00   42257.17  0.0045868     9.1611   305.1209   198.4664    34.8323
    525.00   42256.62  0.0045292     9.1790   303.5285   198.2772    34.7943
    535.00   42256.91  0.0046232     9.1894   300.4859   199.4318    34.7465
    545.00   42258.39  0.0045763     9.1988   298.9702   198.9323    34.7485
    555.00   42258.45  0.0045673     9.2104   298.0521   197.8489    34.7448
    565.00   42256.28  0.0045666     9.2206   294.5744   199.4242    34.7044
    575.00   42255.35  0.0045481     9.2252   293.1564   199.0480    34.6711
    585.00   42255.77  0.0046475     9.2280   292.4705   198.0988    34.6468
    595.00   42254.99  0.0046002     9.2370   290.4002   198.6985    34.6096
    605.00   42252.57  0.0045773     9.2440   289.0483   198.7651    34.5329
    615.00   42252.10  0.0047204     9.2454   287.3209   199.3366    34.4487
    625.00   42253.40  0.0046960     9.2534   286.1338   199.3770    34.3967
    635.00   42252.86  0.0046646     9.2668   285.2461   199.1390    34.3132
    645.00   42252.00  0.0047434     9.2767   282.1742   201.0558    34.1968
    655.00   42253.26  0.0047232     9.2872   280.5377   201.3614    34.1268
    665.00   42255.77  0.0047516     9.3033   279.7718   200.6332    34.0720
    675.00   42256.23  0.0047252     9.3227   276.4070   202.3607    33.9932
    685.00   42256.14  0.0046797     9.3378   274.0643   202.8990    33.9293
    695.00   42257.69  0.0047756     9.3505   272.2132   202.8185    33.9005
    705.00   42259.25  0.0047071     9.3692   269.6285   203.3977    33.8899
    715.00   42257.86  0.0046229     9.3860   267.4957   203.5615    33.8568
    725.00   42256.01  0.0047108     9.3938   264.4414   204.7413    33.8254
    735.00   42255.82  0.0046482     9.4032   262.5095   204.8801    33.8385
    745.00   42255.65  0.0045846     9.4153   261.8510   203.9284    33.8287
    755.00   42253.25  0.0045924     9.4220   258.8160   205.5593    33.7751
    765.00   42251.76  0.0045288     9.4251   257.3833   205.6914    33.7483
    775.00   42252.56  0.0045655     9.4298   257.2733   204.6088    33.7207
    785.00   42253.29  0.0045070     9.4393   255.3648   205.3913    33.6534
    795.00   42252.34  0.0044349     9.4458   254.1080   205.4951    33.5740
    805.00   42252.48  0.0045397     9.4488   252.6857   205.6950    33.4969
    815.00   42255.04  0.0044918     9.4607   251.2815   205.7231    33.4353
    825.00   42256.06  0.0044081     9.4760   250.2697   205.2106    33.3481
    835.00   42255.62  0.0044799     9.4858   247.2461   206.5806    33.2421
    845.00   42256.22  0.0044499     9.4982   245.2079   206.7709    33.1919
    855.00   42258.26  0.0044235     9.5174   244.6649   205.3699    33.1456
    865.00   42258.43  0.0044094     9.5352   241.6107   206.4880    33.0657
    875.00   42256.70  0.0043581     9.5480   239.4265   206.7320    33.0236
    885.00   42256.11  0.0044424     9.5614   238.4402   205.8599    33.0140
    895.00   42256.67  0.0044017     9.5790   236.6046   205.9934    32.9902
    905.00   42255.06  0.0043226     9.5920   235.3471   205.7076    32.9562
    915.00   42252.47  0.0044437     9.5972   233.3719   206.2987    32.9346
    925.00   42251.97  0.0044352     9.6064   232.0587   206.3303    32.9377
    935.00   42252.88  0.0043796     9.6177   232.0922   205.1136    32.9096
    945.00   42252.18  0.0044404     9.6215   229.6724   206.4058    32.8457
    955.00   42251.49  0.0044296     9.6241   228.0654   206.7987    32.8185
    965.00   42253.22  0.0044832     9.6316   227.9511   205.6120    32.7840
    975.00   42255.63  0.0044767     9.6405   225.7160   206.4530    32.6954
    985.00   42255.90  0.0044307     9.6462   223.7716   206.8110    32.6201
    995.00   42255.77  0.0045676     9.6514   221.8278   207.0159    32.5580
   1005.00   42257.73  0.0045643     9.6655   219.5834   207.4106    32.4834
   1015.00   42258.71  0.0044869     9.6807   217.8547   207.2050    32.3976
   1025.00   42257.45  0.0045851     9.6899   214.5325   208.6027    32.3080
   1035.00   42255.97  0.0045975     9.7045   211.9124   209.3170    32.2652
   1045.00   42256.33  0.0045553     9.7255   210.9881   208.4438    32.2187
   1055.00   42256.17  0.0045555     9.7416   208.0421   209.7831    32.1399
   1065.00   42253.71  0.0045169     9.7537   205.6149   210.7106    32.1146
   1075.00   42252.29  0.0045772     9.7699   204.8359   210.1201    32.1169
   1085.00   42253.13  0.0045396     9.7867   202.9801   210.7625    32.0824
   1095.00   42253.08  0.0044304     9.7968   201.4480   211.1165    32.0550
   1105.00   42251.71  0.0045326     9.8022   199.7386   211.6305    32.0532
   1115.00   42251.97  0.0045223     9.8119   198.0660   212.0576    32.0467
   1125.00   42254.26  0.0044068     9.8215   197.3980   211.3802    32.0068
   1135.00   42255.34  0.0044458     9.8230   194.7685   212.5356    31.9462
   1145.00   42254.99  0.0044257     9.8263   192.3909   213.2458    31.9164
   1155.00   42256.25  0.0044069     9.8365   191.7941   212.0447    31.8665
   1165.00   42258.56  0.0043751     9.8450   189.1728   212.8126    31.7606
   1175.00   42258.53  0.0042850     9.8513   186.7066   213.3255    31.6859
   1185.00   42256.88  0.0043722     9.8618   185.2320   212.8502    31.6324
   1195.00   42256.78  0.0043544     9.8786   183.2490   213.0056    31.5434
   1205.00   42256.94  0.0042285     9.8940   181.9310   212.5955    31.4614
   1215.00   42255.28  0.0043073     9.9047   179.7207   213.2264    31.3999
   1225.00   42252.73  0.0043311     9.9217   178.0470   213.4733    31.3629
   1235.00   42252.45  0.0042656     9.9420   178.0389   212.1879    31.3191
   1245.00   42253.29  0.0042757     9.9546   176.0723   212.9897    31.2536
   1255.00   42252.04  0.0042635     9.9651   174.2611   213.6266    31.2416
   1265.00   42251.39  0.0043175     9.9813   174.3025   212.3768    31.2413
   1275.00   42253.23  0.0043154     9.9947   172.7969   212.6543    31.1911
   1285.00   42255.09  0.0042249    10.0009   171.1254   212.9333    31.1610
   1295.00   42255.14  0.0043430    10.0074   169.6830   212.7959    31.1622
   1305.00   42255.34  0.0043851    10.0176   167.8370   212.9439    31.1324
   1315.00   42257.47  0.0042917    10.0253   166.6786   212.2700    31.0765
   1325.00   42258.76  0.0043630    10.0268   163.8850   213.1289    31.0244
   1335.00   42257.42  0.0044001    10.0323   161.1854   213.8480    30.9890
   1345.00   42256.55  0.0044020    10.0440   160.3957   212.7091    30.9261
   1355.00   42257.29  0.0044189    10.0512   157.7858   213.5305    30.8198
   1365.00   42256.70  0.0043670    10.0574   155.1115   214.5109    30.7515
   1375.00   42254.25  0.0044645    10.0715   154.0334   214.0438    30.6998
   1385.00   42252.95  0.0044983    10.0885   152.2728   214.4805    30.6001
   1395.00   42253.50  0.0043893    10.1022   150.8119   214.7158    30.5182
   1405.00   42253.19  0.0044836    10.1154   148.8920   215.4570    30.4775
   1415.00   42251.49  0.0045403    10.1348   147.1293   216.0838    30.4353
   1425.00   42251.87  0.0044745    10.1543   146.6133   215.4156    30.3882
   1435.00   42254.21  0.0045001    10.1656   144.1744   216.5756    30.3446
   1445.00   42254.72  0.0044988    10.1774   141.5141   217.7813    30.3429
   1455.00   42254.63  0.0045164    10.1941   140.6903   216.9774    30.3412
   1465.00   42256.24  0.0045138    10.2047   138.3092   217.6293    30.2917
   1475.00   42258.42  0.0044030    10.2085   135.3372   218.7054    30.2694
   1485.00   42258.50  0.0044610    10.2169   133.3933   218.6396    30.2717
   1495.00   42257.00  0.0044844    10.2270   131.1522   218.9199    30.2224
   1505.00   42257.30  0.0043421    10.2321   129.4035   218.7666    30.1529
   1515.00   42257.64  0.0043737    10.2353   126.9063   219.4421    30.1074
   1525.00   42255.52  0.0043909    10.2445   124.5293   220.1623    30.0565
   1535.00   42253.28  0.0043293    10.2574   124.2653   218.9574    29.9736
   1545.00   42253.29  0.0043313    10.2650   122.4886   219.4400    29.8741
   1555.00   42253.58  0.0042721    10.2740   120.1943   220.5248    29.8127
   1565.00   42252.30  0.0043071    10.2922   120.0552   219.5096    29.7582
   1575.00   42251.47  0.0043363    10.3091   119.0805   219.3939    29.6598
   1585.00   42253.29  0.0042134    10.3208   117.6528   219.6418    29.5905
   1595.00   42254.82  0.0042844    10.3368   116.3417   219.6105    29.5689
   1605.00   42254.35  0.0043482    10.3565   114.7774   219.7222    29.5235
   1615.00   42254.87  0.0042639    10.3720   114.2334   218.6469    29.4709
   1625.00   42257.24  0.0043098    10.3819   111.8814   219.1937    29.4488
   1635.00   42258.27  0.0043309    10.3941   108.9432   220.2002    29.4433
   1645.00   42257.33  0.0043402    10.4093   108.1876   218.9619    29.4224
   1655.00   42257.04  0.0043730    10.4167   106.0655   219.1280    29.3721
   1665.00   42257.95  0.0042998    10.4196   103.1170   220.1661    29.3480
   1675.00   42257.47  0.0043610    10.4298   101.6416   219.8276    29.3359
   1685.00   42254.61  0.0044312    10.4395   100.1108   219.7653    29.2678
   1695.00   42253.56  0.0043255    10.4423    98.8856   219.5686    29.1916
   1705.00   42253.89  0.0043901    10.4480    97.1990   219.9364    29.1510
   1715.00   42252.89  0.0044645    10.4600    95.2316   220.7241    29.0864
   1725.00   42251.23  0.0044279    10.4717    95.2085   219.6446    28.9895
   1735.00   42251.89  0.0044792    10.4795    93.6731   220.0535    28.9062
   1745.00   42253.96  0.0044774    10.4911    90.9816   221.5294    28.8487
   1755.00   42254.54  0.0045211    10.5108    90.2114   220.9565    28.7843
   1765.00   42254.32  0.0045861    10.5265    88.6367   221.0668    28.6924
   1775.00   42256.25  0.0044951    10.5377    86.0693   221.9766    28.6363
   1785.00   42258.29  0.0045597    10.5566    83.8753   222.3166    28.6194
   1795.00   42257.79  0.0046460    10.5768    81.3385   222.9346    28.5696
   1805.00   42256.73  0.0045427    10.5892    79.6862   222.6224    28.5186
   1815.00   42257.28  0.0045841    10.6004    76.9748   223.3379    28.5155
   1825.00   42257.67  0.0046149    10.6143    73.4619   224.9566    28.5068
   1835.00   42255.68  0.0045767    10.6277    72.3553   224.3194    28.4690
   1845.00   42253.91  0.0045892    10.6333    70.4444   224.6465    28.4316
   1855.00   42254.05  0.0045059    10.6368    67.5414   226.1267    28.4083
   1865.00   42254.28  0.0045141    10.6482    66.3148   226.0616    28.3757
   1875.00   42252.17  0.0045513    10.6567    65.3006   225.9209    28.2969
   1885.00   42251.43  0.0044042    10.6584    64.0872   226.0226    28.2187
   1895.00   42252.90  0.0044165    10.6676    62.8026   226.1266    28.1728
   1905.00   42253.87  0.0044861    10.6826    61.0080   226.6890    28.0917
   1915.00   42253.39  0.0043915    10.6937    60.7383   225.6163    27.9854
   1925.00   42254.35  0.0044101    10.7039    59.3159   225.4959    27.9192
   1935.00   42257.01  0.0044199    10.7200    56.2617   226.8449    27.8657
   1945.00   42258.20  0.0044250    10.7405    55.1918   226.0813    27.7923
   1955.00   42257.29  0.0044707    10.7550    53.6733   225.6767    27.7194
   1965.00   42257.43  0.0043796    10.7665    50.9033   226.4782    27.6816
   1975.00   42258.31  0.0044149    10.7860    49.0140   226.4118    27.6618
   1985.00   42257.15  0.0045153    10.8038    47.0960   226.5067    27.6082
   1995.00   42254.52  0.0043991    10.8120    45.8983   226.0270    27.5600
   2005.00   42253.57  0.0044302    10.8232    44.3782   225.9820    27.5572
   2015.00   42254.05  0.0045069    10.8374    41.7897   227.1932    27.5310
   2025.00   42252.76  0.0044710    10.8471    41.5066   226.2504    27.4692
   2035.00   42251.40  0.0045086    10.8522    40.5812   225.9926    27.4354
   2045.00   42252.12  0.0044724    10.8579    38.1888   227.2317    27.4058
   2055.00   42254.06  0.0045097    10.8698    37.2855   226.9518    27.3460
   2065.00   42253.81  0.0045898    10.8773    36.3708   226.5863    27.2682
   2075.00   42253.65  0.0044819    10.8795    34.7775   226.7662    27.1972
   2085.00   42255.57  0.0045147    10.8913    33.0696   226.8756    27.1440
   2095.00   42257.46  0.0046508    10.9069    30.7895   227.4264    27.0554
   2105.00   42257.08  0.0045886    10.9161    29.5719   226.8114    26.9502
   2115.00   42256.60  0.0046226    10.9280    27.6263   226.8028    26.8947
   2125.00   42257.80  0.0046938    10.9473    24.0299   228.4485    26.8377
   2135.00   42258.26  0.0047240    10.9668    22.3550   228.2554    26.7509
   2145.00   42256.18  0.0047866    10.9809    20.6093   228.2136    26.6931
   2155.00   42254.40  0.0047175    10.9950    17.5476   229.6275    26.6669
   2165.00   42254.48  0.0047452    11.0155    15.5631   230.1276    26.6356
   2175.00   42253.91  0.0048545    11.0316    13.8903   230.4720    26.5858
   2185.00   42251.72  0.0047217    11.0384    12.3021   230.8399    26.5510
   2195.00   42251.00  0.0047015    11.0501    10.7790   231.1670    26.5483
   2205.00   42252.70  0.0047880    11.0642     8.3580   232.4238    26.5111
   2215.00   42253.39  0.0047085    11.0701     7.5298   232.0509    26.4411
   2225.00   42253.17  0.0046969    11.0750     6.3512   231.8649    26.4102
   2235.00   42254.27  0.0046546    11.0834     3.3649   233.3600    26.3716
   2245.00   42257.04  0.0046505    11.0946     1.9547   233.1572    26.2835
   2255.00   42257.64  0.0046990    11.1024     0.6116   232.7085    26.2066
   2265.00   42256.79  0.0045661    11.1077   358.1580   233.2683    26.1410
   2275.00   42257.33  0.0045549    11.1232   356.0733   233.4138    26.0702
   2285.00   42258.30  0.0046764    11.1399   354.0902   233.4736    25.9796
   2295.00   42257.26  0.0045837    11.1493   352.7278   233.0038    25.8855
   2305.00   42254.96  0.0045599    11.1641   351.1814   232.8038    25.8385
   2315.00   42254.55  0.0046376    11.1855   348.4330   233.9770    25.7799
   2325.00   42254.92  0.0046357    11.2021   347.5741   233.4535    25.6907
   2335.00   42253.22  0.0046642    11.2148   346.8706   232.8604    25.6478
   2345.00   42251.45  0.0046032    11.2305   344.3920   234.1334    25.6268
   2355.00   42252.17  0.0046133    11.2488   343.1823   234.2095    25.5765
   2365.00   42253.36  0.0047191    11.2612   342.4440   233.7741    25.5266
   2375.00   42252.93  0.0046003    11.2672   340.9497   234.0033    25.4977
   2385.00   42252.91  0.0045685    11.2792   339.4876   234.0648    25.4784
   2395.00   42255.27  0.0046924    11.2920   337.4450   234.5746    25.4247
   2405.00   42257.26  0.0046406    11.2954   336.3804   233.9646    25.3508
   2415.00   42257.06  0.0046396    11.3008   335.0880   233.3967    25.3161
   2425.00   42256.93  0.0046628    11.3123   331.8359   234.7191    25.2649
   2435.00   42258.48  0.0046900    11.3218   330.2651   234.3788    25.1607
   2445.00   42258.51  0.0047849    11.3293   329.0252   233.6925    25.0854
   2455.00   42256.35  0.0047123    11.3383   326.3601   234.5260    25.0260
   2465.00   42254.88  0.0047302    11.3548   324.3194   234.9125    24.9374
   2475.00   42254.92  0.0048888    11.3708   322.7365   234.9847    24.8465
   2485.00   42254.31  0.0048341    11.3806   321.4027   234.9663    24.7658
   2495.00   42251.96  0.0048168    11.3977   319.8253   235.2981    24.7155
   2505.00   42251.51  0.0049299    11.4197   317.3393   236.6257    24.6524
   2515.00   42253.13  0.0049317    11.4339   316.2633   236.5951    24.5669
   2525.00   42253.29  0.0049476    11.4467   315.2746   236.3776    24.5341
   2535.00   42252.73  0.0049227    11.4649   312.1566   238.1846    24.5139
   2545.00   42254.04  0.0049187    11.4811   310.1634   238.7760    24.4530
   2555.00   42256.44  0.0050014    11.4909   308.8470   238.4941    24.4087
   2565.00   42257.07  0.0048873    11.4984   306.1658   239.3984    24.3902
   2575.00   42256.42  0.0048263    11.5108   303.6077   240.0750    24.3551
   2585.00   42257.47  0.0049279    11.5214   301.2345   240.5024    24.2919
   2595.00   42258.86  0.0048439    11.5237   299.4474   240.3389    24.2224
   2605.00   42257.67  0.0047860    11.5308   297.8154   240.0446    24.1794
   2615.00   42255.70  0.0048184    11.5444   294.7196   241.3499    24.1100
   2625.00   42255.55  0.0047940    11.5528   293.2682   241.2125    23.9960
   2635.00   42255.50  0.0048313    11.5609   292.7597   240.2445    23.9197
   2645.00   42253.55  0.0047641    11.5753   290.3299   241.3417    23.8585
   2655.00   42251.72  0.0047400    11.5928   288.7127   241.7981    23.7562
   2665.00   42252.30  0.0048545    11.6080   287.9584   241.4267    23.6672
   2675.00   42253.37  0.0047670    11.6202   286.7363   241.5062    23.6063
   2685.00   42252.47  0.0047122    11.6391   285.2858   241.7596    23.5520
   2695.00   42252.66  0.0048116    11.6594   283.1827   242.5517    23.4876
   2705.00   42255.21  0.0047732    11.6706   282.0324   242.2584    23.4157
   2715.00   42256.80  0.0047500    11.6827   281.1302   241.5083    23.3871
   2725.00   42256.67  0.0047580    11.7007   278.0177   242.8113    23.3573
   2735.00   42256.92  0.0047451    11.7132   275.9173   243.0405    23.2848
   2745.00   42258.59  0.0048175    11.7199   274.9836   242.0054    23.2377
   2755.00   42258.78  0.0047489    11.7295   272.4164   242.5843    23.2139
   2765.00   42256.51  0.0047098    11.7418   270.1285   243.0008    23.1541
   2775.00   42255.39  0.0048374    11.7503   268.4398   242.9451    23.0788
   2785.00   42255.76  0.0047847    11.7535   267.0769   242.7115    23.0150
   2795.00   42254.57  0.0047455    11.7629   266.0593   242.2906    22.9589
   2805.00   42252.36  0.0048377    11.7768   263.7583   243.3144    22.8762
   2815.00   42251.97  0.0048404    11.7838   262.5742   243.3638    22.7653
   2825.00   42253.25  0.0048852    11.7920   262.4759   242.3336    22.6916
   2835.00   42253.22  0.0048918    11.8093   260.1217   243.5330    22.6242
   2845.00   42252.30  0.0048972    11.8258   258.1700   244.3113    22.5141
   2855.00   42253.72  0.0050326    11.8387   257.1219   244.0291    22.4271
   2865.00   42256.08  0.0049835    11.8541   254.9532   244.6747    22.3768
   2875.00   42256.27  0.0049449    11.8742   252.6565   245.3093    22.3131
   2885.00   42255.93  0.0050727    11.8928   249.8587   246.2924    22.2447
   2895.00   42257.49  0.0050338    11.9038   247.5657   246.6617    22.1908
   2905.00   42258.79  0.0049908    11.9173   245.9006   246.3399    22.1630
   2915.00   42257.90  0.0050241    11.9352   242.5368   247.7377    22.1253
   2925.00   42256.04  0.0049994    11.9449   239.9091   248.5308    22.0552
   2935.00   42256.15  0.0050308    11.9498   238.8957   247.8181    22.0118
   2945.00   42256.05  0.0049756    11.9611   236.3480   248.7796    21.9802
   2955.00   42253.52  0.0049120    11.9723   234.1044   249.6509    21.9019
   2965.00   42251.82  0.0050115    11.9779   232.8401   249.6772    21.8176
   2975.00   42252.49  0.0049366    11.9834   231.2677   250.0786    21.7558
   2985.00   42252.99  0.0048439    11.9955   230.1751   250.0486    21.6809
   2995.00   42252.13  0.0049209    12.0092   228.1847   250.8939    21.5828
   3005.00   42252.44  0.0048836    12.0169   226.5670   251.2891    21.4810
   3015.00   42255.00  0.0048482    12.0280   226.1591   250.3144    21.4089
   3025.00   42256.55  0.0048515    12.0477   223.6716   251.2471    21.3344
   3035.00   42255.95  0.0048183    12.0633   221.2402   252.0064    21.2280
   3045.00   42256.68  0.0048952    12.0746   220.2201   251.1926    21.1519
   3055.00   42258.35  0.0048449    12.0925   217.6635   251.7907    21.1079
   3065.00   42258.28  0.0047630    12.1118   215.4041   252.1059    21.0369
   3075.00   42256.26  0.0048795    12.1260   213.2746   252.3305    20.9636
   3085.00   42255.77  0.0048313    12.1370   211.1636   252.6117    20.9217
   3095.00   42256.23  0.0047580    12.1505   210.2264   251.8731    20.8829
   3105.00   42255.10  0.0048063    12.1661   207.9966   252.5924    20.8245
   3115.00   42252.61  0.0047915    12.1732   206.1255   253.1228    20.7553
   3125.00   42252.37  0.0048201    12.1778   206.0480   251.9719    20.7072
   3135.00   42253.37  0.0048119    12.1902   204.3291   252.5218    20.6578
   3145.00   42252.45  0.0047675    12.2000   202.5050   253.2309    20.5661
   3155.00   42251.59  0.0048943    12.2034   201.7710   252.7972    20.4788
   3165.00   42253.12  0.0048784    12.2115   200.0367   253.2300    20.4168
   3175.00   42255.39  0.0047991    12.2248   198.6395   253.2116    20.3278
   3185.00   42255.67  0.0049141    12.2366   196.5143   253.7656    20.2201
   3195.00   42255.75  0.0049205    12.2450   194.1825   254.3580    20.1311
   3205.00   42257.69  0.0048990    12.2583   193.1089   253.5687    20.0569
   3215.00   42259.10  0.0049419    12.2782   190.3501   254.3919    19.9712
   3225.00   42257.58  0.0049337    12.2926   187.3708   255.4507    19.8713
   3235.00   42256.15  0.0050218    12.3040   186.1515   254.7938    19.8035
   3245.00   42256.16  0.0050293    12.3235   183.4967   255.6597    19.7561
   3255.00   42255.85  0.0049455    12.3422   181.0591   256.4962    19.6793
   3265.00   42253.25  0.0050719    12.3532   179.3367   256.7726    19.6080
   3275.00   42252.04  0.0050594    12.3654   177.0631   257.7065    19.5741
   3285.00   42252.90  0.0049710    12.3795   175.9437   257.6225    19.5274
   3295.00   42253.20  0.0050228    12.3916   173.8570   258.5703    19.4544
   3305.00   42251.99  0.0050042    12.3978   171.6064   259.6570    19.3949
   3315.00   42252.37  0.0050005    12.4029   171.0635   258.9775    19.3440
   3325.00   42254.78  0.0049878    12.4151   168.9247   259.7800    19.2745
   3335.00   42255.49  0.0049149    12.4233   166.1765   261.0560    19.1786
   3345.00   42255.01  0.0049928    12.4262   164.9604   260.6400    19.0910
   3355.00   42256.06  0.0049762    12.4372   162.5288   261.2725    19.0209
   3365.00   42258.24  0.0048369    12.4520   160.1089   261.8185    18.9191
   3375.00   42258.23  0.0049013    12.4624   157.8440   262.1673    18.8062
   3385.00   42256.74  0.0048875    12.4735   155.2073   262.8737    18.7276
   3395.00   42256.63  0.0048007    12.4900   154.1049   262.1417    18.6506
   3405.00   42257.16  0.0048061    12.5089   151.9014   262.6487    18.5552
   3415.00   42255.19  0.0047711    12.5223   149.3171   263.6806    18.4692
   3425.00   42252.71  0.0048057    12.5340   149.0979   262.4998    18.4097
   3435.00   42252.31  0.0048170    12.5529   147.5525   262.7703    18.3541
   3445.00   42253.05  0.0047120    12.5685   145.4782   263.6843    18.2738
   3455.00   42251.85  0.0048085    12.5758   144.8130   263.2182    18.2047
   3465.00   42251.34  0.0048305    12.5875   143.1274   263.7099    18.1658
   3475.00   42253.25  0.0047245    12.6010   142.1271   263.4668    18.1029
   3485.00   42255.35  0.0047815    12.6089   140.3561   263.8772    18.0152
   3495.00   42255.39  0.0047870    12.6149   137.9242   264.7509    17.9559
   3505.00   42255.57  0.0047811    12.6220   137.3717   263.6058    17.8966
   3515.00   42257.78  0.0047961    12.6331   135.1946   263.9715    17.8061
   3525.00   42258.61  0.0047479    12.6405   131.9949   265.2555    17.7120
   3535.00   42257.25  0.0048326    12.6444   130.8629   264.4495    17.6280
   3545.00   42256.23  0.0048712    12.6569   128.7659   264.6430    17.5475
   3555.00   42256.91  0.0047602    12.6711   126.1950   265.4291    17.4402
   3565.00   42256.48  0.0048450    12.6796   124.3356   265.6524    17.3289
   3575.00   42254.01  0.0048944    12.6921   122.1493   266.3263    17.2531
   3585.00   42252.82  0.0048267    12.7101   121.3625   265.7763    17.1693
   3595.00   42253.67  0.0048667    12.7264   119.5951   266.3493    17.0649
   3605.00   42253.11  0.0048778    12.7394   117.0381   267.7487    16.9883
   3615.00   42251.56  0.0049177    12.7530   116.8777   266.7648    16.9325
   3625.00   42251.96  0.0049600    12.7709   115.4104   267.0505    16.8664
   3635.00   42254.21  0.0048882    12.7842   112.4987   268.6779    16.7904
   3645.00   42254.85  0.0049771    12.7904   111.1984   268.5434    16.7304
