  -7305.00   42254.38  0.0638386     3.8265    76.1617   114.6690   218.6328
  -7295.00   42255.63  0.0639781     3.8199    74.3532   115.5728   218.0230
  -7285.00   42255.42  0.0641087     3.8082    72.5468   116.3689   217.3533
  -7275.00   42256.35  0.0641635     3.7972    70.5484   117.0886   216.8058
  -7265.00   42258.40  0.0641137     3.7981    68.1982   117.9725   216.3356
  -7255.00   42258.81  0.0642040     3.7989    65.9105   118.8575   215.7482
  -7245.00   42256.94  0.0642554     3.7941    63.7361   119.6020   215.2241
  -7235.00   42256.48  0.0640366     3.7893    61.5562   120.2353   214.8999
  -7225.00   42256.49  0.0639506     3.7882    59.4866   120.9392   214.5147
  -7215.00   42254.96  0.0639487     3.7853    57.6086   121.6690   214.0873
  -7205.00   42252.52  0.0637587     3.7709    56.0800   122.1318   213.7443
  -7195.00   42252.08  0.0635811     3.7568    54.6281   122.6078   213.4367
  -7185.00   42252.92  0.0634592     3.7487    53.1289   123.2619   213.0999
  -7175.00   42252.37  0.0634292     3.7320    51.9254   123.7920   212.6292
  -7165.00   42251.83  0.0633449     3.7090    50.7385   124.2507   212.1846
  -7155.00   42253.37  0.0631544     3.6932    49.2813   124.8174   211.8185
  -7145.00   42255.59  0.0632120     3.6814    47.7571   125.5065   211.2583
  -7135.00   42255.62  0.0633218     3.6647    46.1668   126.1981   210.6079
  -7125.00   42255.73  0.0632183     3.6481    44.3877   126.7927   210.0837
  -7115.00   42257.36  0.0632492     3.6417    42.3530   127.5366   209.5163
  -7105.00   42258.62  0.0634208     3.6408    40.1474   128.4735   208.8414
  -7095.00   42257.74  0.0634871     3.6340    38.0830   129.2160   208.1912
  -7085.00   42256.70  0.0634808     3.6300    35.9746   129.9171   207.6569
  -7075.00   42256.97  0.0634717     3.6368    33.7217   130.8119   207.1754
  -7065.00   42256.88  0.0635778     3.6404    31.7767   131.6397   206.5919
  -7055.00   42254.42  0.0635838     3.6365    30.0855   132.2970   206.0885
  -7045.00   42252.85  0.0633613     3.6354    28.3827   132.9230   205.7875
  -7035.00   42252.97  0.0633150     3.6371    26.8274   133.6280   205.3790
  -7025.00   42252.90  0.0633511     3.6322    25.4436   134.3118   204.9068
  -7015.00   42251.68  0.0631256     3.6179    24.1817   134.7576   204.5745
  -7005.00   42251.90  0.0629626     3.6066    22.8106   135.2849   204.2139
  -6995.00   42254.05  0.0629386     3.5992    21.2420   136.0058   203.7699
  -6985.00   42255.34  0.0629162     3.5815    19.8006   136.5503   203.2385
  -6975.00   42255.50  0.0628314     3.5616    18.1898   137.0878   202.7102
  -6965.00   42256.49  0.0627183     3.5514    16.2014   137.8025   202.2331
  -6955.00   42258.60  0.0628556     3.5437    14.2170   138.5893   201.5550
  -6945.00   42258.60  0.0629882     3.5313    12.2369   139.3554   200.8098
  -6935.00   42257.24  0.0629011     3.5228    10.1192   140.0765   200.2383
  -6925.00   42256.80  0.0629994     3.5263     7.9637   140.9514   199.6002
  -6915.00   42257.05  0.0632365     3.5310     5.9059   141.9465   198.8580
  -6905.00   42255.76  0.0632732     3.5296     4.1035   142.7110   198.2414
  -6895.00   42253.62  0.0632498     3.5339     2.3405   143.4792   197.7334
  -6885.00   42253.00  0.0632920     3.5458     0.5354   144.4336   197.2411
  -6875.00   42253.62  0.0633731     3.5501   359.0630   145.2253   196.6991
  -6865.00   42252.56  0.0632948     3.5469   357.6985   145.8742   196.2448
  -6855.00   42251.56  0.0630582     3.5475   356.1282   146.5722   195.9569
  -6845.00   42252.61  0.0630125     3.5491   354.6054   147.3076   195.5295
  -6835.00   42254.34  0.0629921     3.5404   353.1201   147.9800   195.0138
  -6825.00   42254.66  0.0627078     3.5256   351.4798   148.5026   194.6580
  -6815.00   42254.96  0.0625353     3.5179   349.6311   149.1364   194.2293
  -6805.00   42256.96  0.0625482     3.5117   347.6269   149.9426   193.6413
  -6795.00   42258.64  0.0624770     3.4961   345.7254   150.5418   193.0469
  -6785.00   42258.19  0.0623581     3.4840   343.7072   151.1714   192.4601
  -6775.00   42257.17  0.0622979     3.4833   341.4753   152.0249   191.8775
  -6765.00   42257.56  0.0624219     3.4822   339.5177   152.8231   191.1573
  -6755.00   42257.06  0.0624941     3.4777   337.7368   153.5713   190.4167
  -6745.00   42254.80  0.0623868     3.4792   335.9015   154.3363   189.8712
  -6735.00   42252.97  0.0624857     3.4911   334.2212   155.1819   189.2596
  -6725.00   42253.06  0.0626801     3.4998   332.7448   156.0682   188.5466
  -6715.00   42253.01  0.0626410     3.5019   331.3958   156.7464   188.0200
  -6705.00   42251.68  0.0626040     3.5118   329.9698   157.4590   187.5763
  -6695.00   42251.58  0.0626825     3.5261   328.4158   158.3556   187.0730
  -6685.00   42253.58  0.0627212     3.5293   327.0113   159.0334   186.5749
  -6675.00   42254.57  0.0626189     3.5281   325.4628   159.6334   186.1557
  -6665.00   42254.39  0.0624518     3.5321   323.5256   160.3721   185.8352
  -6655.00   42255.37  0.0624455     3.5342   321.6047   161.0803   185.3783
  -6645.00   42257.47  0.0624032     3.5259   319.6760   161.7255   184.8334
  -6635.00   42258.10  0.0621471     3.5141   317.5384   162.3158   184.4466
  -6625.00   42256.97  0.0620412     3.5116   315.3490   163.0065   183.9663
  -6615.00   42256.99  0.0620876     3.5077   313.2572   163.8365   183.2755
  -6605.00   42257.68  0.0620070     3.4950   311.3939   164.4727   182.6418
  -6595.00   42256.45  0.0619270     3.4908   309.5801   165.1537   182.0309
  -6585.00   42254.03  0.0619779     3.4984   307.7509   166.1011   181.3382
  -6575.00   42253.32  0.0621218     3.5028   306.3018   166.9060   180.5889
  -6565.00   42253.48  0.0621971     3.5062   304.9951   167.6507   179.8751
  -6555.00   42252.27  0.0621807     3.5186   303.5002   168.5077   179.3285
  -6545.00   42250.87  0.0623437     3.5379   302.1023   169.3557   178.7458
  -6535.00   42251.81  0.0625175     3.5510   300.7491   170.1927   178.0952
  -6525.00   42253.68  0.0624545     3.5575   299.2226   170.8963   177.6607
  -6515.00   42253.77  0.0624457     3.5719   297.4711   171.6151   177.2984
  -6505.00   42254.03  0.0625273     3.5862   295.5285   172.4973   176.8085
  -6495.00   42256.31  0.0624776     3.5861   293.6040   173.1652   176.3611
  -6485.00   42258.03  0.0623313     3.5847   291.4972   173.7795   175.9892
  -6475.00   42257.55  0.0622087     3.5899   289.1090   174.5975   175.6034
  -6465.00   42256.86  0.0621723     3.5900   286.9215   175.3307   175.0910
  -6455.00   42257.51  0.0620610     3.5824   284.8769   176.0074   174.5131
  -6445.00   42257.48  0.0618275     3.5765   282.7698   176.7131   174.0632
  -6435.00   42255.02  0.0617641     3.5807   280.8704   177.4589   173.5196
  -6425.00   42253.40  0.0617744     3.5826   279.2372   178.2988   172.7796
  -6415.00   42253.70  0.0616421     3.5775   277.8113   178.9799   172.1576
  -6405.00   42253.20  0.0615711     3.5841   276.4482   179.6487   171.6053
  -6395.00   42251.47  0.0616405     3.6003   275.0701   180.5620   170.9097
  -6385.00   42251.21  0.0617072     3.6095   273.8978   181.2937   170.2334
  -6375.00   42253.00  0.0617114     3.6187   272.6628   181.9233   169.6625
  -6365.00   42253.72  0.0617300     3.6388   271.0652   182.7332   169.1678
  -6355.00   42253.26  0.0618717     3.6603   269.4497   183.4601   168.6534
  -6345.00   42254.51  0.0619710     3.6738   267.7299   184.1520   168.1040
  -6335.00   42257.05  0.0619015     3.6838   265.6765   184.8191   167.7407
  -6325.00   42257.52  0.0619299     3.7008   263.4844   185.4465   167.4260
  -6315.00   42256.68  0.0620093     3.7149   261.2180   186.2297   166.9470
  -6305.00   42257.28  0.0619195     3.7143   259.0162   186.8760   166.5291
  -6295.00   42258.16  0.0618005     3.7155   256.8404   187.4399   166.2038
  -6285.00   42256.83  0.0617461     3.7240   254.6498   188.2398   165.7650
  -6275.00   42254.36  0.0616984     3.7240   252.8163   188.9624   165.2182
  -6265.00   42253.85  0.0615772     3.7186   251.2154   189.6157   164.6618
  -6255.00   42254.03  0.0614232     3.7202   249.6010   190.3683   164.1697
  -6245.00   42252.13  0.0614139     3.7293   248.2431   191.1058   163.5765
  -6235.00   42250.71  0.0614283     3.7361   247.0343   191.9102   162.8346
  -6225.00   42251.91  0.0613303     3.7390   245.7801   192.6335   162.2309
  -6215.00   42253.28  0.0613462     3.7554   244.4669   193.2756   161.7125
  -6205.00   42253.20  0.0614709     3.7791   242.9879   194.1300   161.0355
  -6195.00   42253.45  0.0615407     3.7933   241.4456   194.8502   160.4239
  -6185.00   42256.08  0.0615842     3.8090   239.6915   195.4214   159.9931
  -6175.00   42257.65  0.0616876     3.8361   237.5727   196.2038   159.5459
  -6165.00   42256.88  0.0618333     3.8585   235.4500   196.8943   159.0906
  -6155.00   42256.80  0.0618992     3.8705   233.2738   197.5287   158.6655
  -6145.00   42258.02  0.0618759     3.8837   230.8853   198.2432   158.3545
  -6135.00   42257.78  0.0619165     3.9004   228.6519   198.8649   158.0559
  -6125.00   42255.43  0.0619490     3.9108   226.5670   199.6254   157.5876
  -6115.00   42254.36  0.0618258     3.9096   224.6016   200.3653   157.1756
  -6105.00   42254.80  0.0617169     3.9129   222.8569   200.9595   156.8538
  -6095.00   42253.92  0.0616595     3.9237   221.2221   201.7746   156.3499
  -6085.00   42251.52  0.0615541     3.9249   219.8297   202.5624   155.7597
  -6075.00   42251.49  0.0614142     3.9240   218.5474   203.2182   155.2446
  -6065.00   42253.01  0.0613045     3.9357   217.1348   203.9901   154.7331
  -6055.00   42252.84  0.0612702     3.9512   215.8180   204.7071   154.1324
  -6045.00   42252.34  0.0612375     3.9628   214.4261   205.4301   153.4773
  -6035.00   42254.24  0.0611580     3.9755   212.7510   206.1322   152.9680
  -6025.00   42256.74  0.0611778     3.9992   211.0001   206.6783   152.5321
  -6015.00   42257.29  0.0612536     4.0263   209.0678   207.3855   151.9569
  -6005.00   42256.66  0.0612710     4.0424   206.9955   208.0461   151.4610
  -5995.00   42258.09  0.0613150     4.0612   204.8741   208.4985   151.1630
  -5985.00   42258.95  0.0614078     4.0902   202.6382   209.1486   150.7807
  -5975.00   42256.86  0.0614859     4.1105   200.5569   209.7705   150.3615
  -5965.00   42254.90  0.0615266     4.1203   198.5944   210.3010   150.0374
  -5955.00   42254.72  0.0615511     4.1368   196.6128   210.9576   149.7507
  -5945.00   42254.49  0.0615825     4.1538   194.9336   211.5209   149.4342
  -5935.00   42252.21  0.0615831     4.1618   193.4047   212.2011   148.9898
  -5925.00   42251.25  0.0615092     4.1642   191.8548   212.9453   148.5966
  -5915.00   42252.63  0.0614536     4.1716   190.4812   213.4961   148.2769
  -5905.00   42253.60  0.0614003     4.1847   189.0875   214.2486   147.7552
  -5895.00   42252.51  0.0612971     4.1885   187.6278   215.0592   147.1672
  -5885.00   42253.29  0.0612136     4.1927   186.1198   215.6652   146.7081
  -5875.00   42255.83  0.0611665     4.2122   184.3892   216.3829   146.1981
  -5865.00   42256.63  0.0611241     4.2322   182.6152   217.0907   145.5880
  -5855.00   42255.94  0.0611118     4.2473   180.7116   217.7387   145.0186
  -5845.00   42256.81  0.0611327     4.2697   178.5677   218.3898   144.5774
  -5835.00   42258.55  0.0611981     4.3002   176.5190   218.8758   144.1783
  -5825.00   42258.27  0.0612783     4.3293   174.4514   219.4912   143.6853
  -5815.00   42256.05  0.0613635     4.3494   172.3372   220.1324   143.2965
  -5805.00   42255.71  0.0614912     4.3720   170.4325   220.5267   143.0895
  -5795.00   42256.09  0.0616090     4.4013   168.6068   221.1117   142.7655
  -5785.00   42253.86  0.0616737     4.4183   166.9086   221.7896   142.3823
  -5775.00   42251.68  0.0617475     4.4255   165.3583   222.3192   142.1352
  -5765.00   42251.76  0.0618133     4.4426   163.7857   222.9819   141.8581
  -5755.00   42252.88  0.0617959     4.4576   162.3660   223.6339   141.4836
  -5745.00   42252.04  0.0617483     4.4614   160.9057   224.3551   141.0449
  -5735.00   42252.10  0.0617064     4.4682   159.2370   225.1432   140.6473
  -5725.00   42254.45  0.0616443     4.4812   157.6278   225.7193   140.2865
  -5715.00   42256.65  0.0615289     4.4964   155.8613   226.4673   139.7485
  -5705.00   42256.30  0.0614225     4.5063   153.8502   227.2997   139.2001
  -5695.00   42256.46  0.0613695     4.5186   151.8499   227.8356   138.8130
  -5685.00   42258.23  0.0613149     4.5455   149.7509   228.4541   138.3547
  -5675.00   42258.47  0.0612179     4.5693   147.6385   229.1491   137.8067
  -5665.00   42256.46  0.0611981     4.5863   145.5993   229.6920   137.3777
  -5655.00   42255.38  0.0612472     4.6145   143.5803   230.2193   137.0407
  -5645.00   42255.87  0.0612570     4.6468   141.8397   230.6427   136.6877
  -5635.00   42255.11  0.0612691     4.6716   140.1961   231.1733   136.2850
  -5625.00   42252.72  0.0613704     4.6931   138.5619   231.7327   135.9869
  -5615.00   42252.03  0.0614955     4.7172   137.2051   232.0287   135.8165
  -5605.00   42253.29  0.0615560     4.7439   135.8605   232.5173   135.5148
  -5595.00   42252.69  0.0616109     4.7590   134.3864   233.1866   135.1637
  -5585.00   42251.66  0.0617176     4.7670   132.9494   233.6305   134.9611
  -5575.00   42252.68  0.0618026     4.7858   131.3629   234.1798   134.6994
  -5565.00   42255.14  0.0617558     4.8006   129.6469   234.8653   134.2919
  -5555.00   42255.52  0.0617234     4.8033   127.7576   235.5500   133.8917
  -5545.00   42255.53  0.0617442     4.8146   125.6418   236.2631   133.5235
  -5535.00   42257.18  0.0616806     4.8329   123.6035   236.8196   133.1300
  -5525.00   42258.84  0.0615437     4.8482   121.4525   237.5463   132.6040
  -5515.00   42257.86  0.0614931     4.8636   119.1790   238.3420   132.1040
  -5505.00   42256.15  0.0614942     4.8841   117.1849   238.7838   131.7527
  -5495.00   42256.21  0.0614420     4.9158   115.3143   239.3045   131.3206
  -5485.00   42255.91  0.0613820     4.9434   113.4785   239.9906   130.8260
  -5475.00   42253.55  0.0614436     4.9646   111.8858   240.4316   130.4977
  -5465.00   42251.83  0.0615694     4.9983   110.4289   240.8216   130.2371
  -5455.00   42252.48  0.0615997     5.0326   109.1283   241.2454   129.9106
  -5445.00   42252.89  0.0616656     5.0538   107.7892   241.7535   129.5924
  -5435.00   42251.90  0.0618604     5.0765   106.3389   242.2611   129.3718
  -5425.00   42252.01  0.0620134     5.1017   105.0052   242.5564   129.2061
  -5415.00   42254.38  0.0620544     5.1226   103.4520   243.0936   128.9058
  -5405.00   42255.42  0.0621612     5.1355   101.5486   243.8332   128.5789
  -5395.00   42255.07  0.0622986     5.1444    99.6409   244.2981   128.3775
  -5385.00   42255.80  0.0623422     5.1634    97.5950   244.8474   128.0873
  -5375.00   42257.85  0.0622763     5.1782    95.3073   245.6685   127.6426
  -5365.00   42258.03  0.0622539     5.1823    93.0000   246.3849   127.2614
  -5355.00   42256.53  0.0622835     5.1996    90.7317   247.0238   126.9233
  -5345.00   42256.28  0.0621563     5.2242    88.6780   247.6241   126.4979
  -5335.00   42256.74  0.0619931     5.2410    86.6828   248.3455   126.0188
  -5325.00   42255.32  0.0619784     5.2617    84.7663   249.0525   125.6120
  -5315.00   42252.85  0.0619557     5.2905    83.2893   249.3970   125.3103
  -5305.00   42252.38  0.0618394     5.3230    81.9428   249.8427   124.9353
  -5295.00   42252.89  0.0618003     5.3509    80.5102   250.4836   124.5345
  -5285.00   42251.96  0.0618800     5.3742    79.2737   250.8105   124.3021
  -5275.00   42251.07  0.0619623     5.4082    78.0733   251.0669   124.1008
  -5265.00   42252.61  0.0619475     5.4399    76.7192   251.5070   123.7955
  -5255.00   42254.66  0.0620208     5.4568    75.1609   251.9702   123.5393
  -5245.00   42254.94  0.0622238     5.4787    73.4127   252.3685   123.3697
  -5235.00   42255.19  0.0623082     5.5049    71.6618   252.6463   123.1757
  -5225.00   42257.21  0.0623119     5.5210    69.6132   253.1817   122.8775
  -5215.00   42258.41  0.0624564     5.5334    67.2760   253.8696   122.5826
  -5205.00   42257.43  0.0625969     5.5466    65.1083   254.2594   122.3805
  -5195.00   42256.34  0.0625819     5.5659    62.9726   254.7609   122.0723
  -5185.00   42256.68  0.0625546     5.5816    60.7116   255.5799   121.6398
  -5175.00   42256.32  0.0625925     5.5890    58.6688   256.2266   121.2962
  -5165.00   42253.93  0.0626247     5.6111    56.9009   256.7342   120.9845
  -5155.00   42252.65  0.0624843     5.6398    55.3193   257.3535   120.5449
  -5145.00   42253.11  0.0623662     5.6578    53.8165   258.0322   120.1100
  -5135.00   42252.88  0.0624273     5.6828    52.3960   258.6026   119.7787
  -5125.00   42251.58  0.0623905     5.7194    51.2736   258.8906   119.4830
  -5115.00   42251.80  0.0622737     5.7526    50.0655   259.2989   119.1409
  -5105.00   42253.72  0.0623353     5.7811    48.5681   259.8654   118.8196
  -5095.00   42254.57  0.0624885     5.8096    47.1325   260.0871   118.6474
  -5085.00   42254.39  0.0625743     5.8440    45.5784   260.2806   118.4760
  -5075.00   42255.70  0.0626271     5.8728    43.6665   260.7638   118.1999
  -5065.00   42257.85  0.0628099     5.8873    41.5664   261.2127   117.9971
  -5055.00   42258.04  0.0630720     5.9081    39.3952   261.5691   117.8589
  -5045.00   42257.03  0.0631389     5.9329    37.2607   261.9674   117.6206
  -5035.00   42257.15  0.0631703     5.9441    34.9968   262.6062   117.3102
  -5025.00   42257.40  0.0633702     5.9551    32.7109   263.3127   117.0299
  -5015.00   42255.87  0.0634727     5.9734    30.8144   263.7464   116.7861
  -5005.00   42253.59  0.0633773     5.9932    29.0542   264.3328   116.4363
  -4995.00   42253.02  0.0633611     6.0108    27.2517   265.1696   116.0192
  -4985.00   42253.26  0.0634121     6.0254    25.7338   265.7452   115.7115
  -4975.00   42251.95  0.0633665     6.0534    24.4405   266.1772   115.4199
  -4965.00   42251.23  0.0632031     6.0855    23.0873   266.8041   115.0130
  -4955.00   42252.57  0.0631161     6.1056    21.6688   267.4088   114.6579
  -4945.00   42254.15  0.0631930     6.1333    20.2243   267.8135   114.4231
  -4935.00   42254.48  0.0630994     6.1726    18.8022   268.0966   114.1532
  -4925.00   42254.92  0.0629542     6.2025    17.1311   268.5060   113.8562
  -4915.00   42257.01  0.0630583     6.2271    15.1496   268.9846   113.6180
  -4905.00   42258.31  0.0631736     6.2576    13.2631   269.1439   113.4706
  -4895.00   42257.62  0.0631727     6.2891    11.3019   269.3398   113.2949
  -4885.00   42257.05  0.0632236     6.3130     9.0927   269.8334   113.0372
  -4875.00   42257.62  0.0634182     6.3277     6.9688   270.1981   112.8643
  -4865.00   42257.17  0.0636338     6.3487     5.0196   270.4605   112.7313
  -4855.00   42255.16  0.0636585     6.3727     3.1773   270.8986   112.4657
  -4845.00   42253.74  0.0637071     6.3823     1.3633   271.5073   112.1671
  -4835.00   42253.84  0.0639378     6.3936   359.6660   272.0855   111.9263
  -4825.00   42253.38  0.0639929     6.4166   358.2958   272.4942   111.6578
  -4815.00   42251.75  0.0638742     6.4365   356.9107   273.0984   111.2941
  -4805.00   42251.69  0.0639010     6.4539   355.3692   273.8691   110.9146
  -4795.00   42253.31  0.0639591     6.4758   353.9908   274.3295   110.6324
  -4785.00   42253.97  0.0638664     6.5077   352.6019   274.7227   110.3371
  -4775.00   42254.09  0.0637318     6.5416   350.9267   275.3305   109.9561
  -4765.00   42255.48  0.0637113     6.5656   349.1148   275.8256   109.6615
  -4755.00   42257.67  0.0638044     6.5978   347.2766   276.0815   109.4785
  -4745.00   42258.44  0.0637386     6.6396   345.3615   276.3575   109.2264
  -4735.00   42257.52  0.0636660     6.6682   343.2728   276.7514   108.9679
  -4725.00   42257.86  0.0638765     6.6911   341.1083   277.1075   108.8063
  -4715.00   42258.15  0.0640215     6.7239   339.1974   277.2473   108.6681
  -4705.00   42256.65  0.0640497     6.7520   337.3481   277.5078   108.4786
  -4695.00   42254.46  0.0642027     6.7695   335.4121   278.0402   108.2425
  -4685.00   42253.83  0.0644441     6.7854   333.7474   278.3885   108.0777
  -4675.00   42253.85  0.0646340     6.8060   332.2902   278.6919   107.9127
  -4665.00   42252.65  0.0646744     6.8273   330.8060   279.2675   107.6086
  -4655.00   42251.50  0.0647600     6.8376   329.3002   279.9138   107.3104
  -4645.00   42252.49  0.0649730     6.8519   327.8385   280.4443   107.0826
  -4635.00   42253.96  0.0649583     6.8798   326.4360   280.9284   106.7816
  -4625.00   42253.76  0.0648233     6.9016   324.8089   281.5904   106.4160
  -4615.00   42254.14  0.0648727     6.9204   322.9346   282.2915   106.0970
  -4605.00   42256.18  0.0648671     6.9504   321.1468   282.6780   105.8466
  -4595.00   42257.76  0.0647162     6.9850   319.2473   283.0698   105.5672
  -4585.00   42257.56  0.0646045     7.0168   317.0768   283.6539   105.2413
  -4575.00   42257.39  0.0645991     7.0436   314.9506   284.0317   105.0208
  -4565.00   42258.32  0.0646326     7.0767   312.9723   284.2112   104.8753
  -4555.00   42258.43  0.0645510     7.1154   311.0364   284.5045   104.6421
  -4545.00   42256.02  0.0645045     7.1400   309.1296   284.8820   104.4192
  -4535.00   42254.53  0.0646976     7.1605   307.3940   285.1391   104.3024
  -4525.00   42254.31  0.0647715     7.1926   305.9585   285.2868   104.1560
  -4515.00   42253.49  0.0647583     7.2169   304.5775   285.5936   103.9429
  -4505.00   42251.57  0.0649321     7.2297   303.1043   286.0779   103.7315
  -4495.00   42251.33  0.0651159     7.2484   301.8254   286.3608   103.5685
  -4485.00   42252.93  0.0652202     7.2700   300.5612   286.6581   103.3746
  -4475.00   42253.61  0.0652701     7.2883   299.0363   287.2431   103.0647
  -4465.00   42253.48  0.0653753     7.3014   297.3672   287.8009   102.7914
  -4455.00   42254.87  0.0655429     7.3196   295.6211   288.2345   102.5772
  -4445.00   42257.25  0.0655031     7.3495   293.7511   288.7305   102.2644
  -4435.00   42257.58  0.0654087     7.3725   291.6363   289.3602   101.9143
  -4425.00   42256.87  0.0654966     7.3934   289.3919   289.9369   101.6468
  -4415.00   42257.41  0.0654532     7.4294   287.3281   290.2715   101.4088
  -4405.00   42258.29  0.0653015     7.4661   285.2928   290.6559   101.1295
  -4395.00   42256.98  0.0652661     7.4959   283.2053   291.1685   100.8495
  -4385.00   42255.08  0.0652882     7.5278   281.4026   291.4233   100.6762
  -4375.00   42254.69  0.0653083     7.5635   279.8578   291.5593   100.5428
  -4365.00   42254.85  0.0652859     7.5986   278.3883   291.8552   100.3229
  -4355.00   42252.83  0.0653456     7.6220   276.9837   292.1662   100.1417
  -4345.00   42251.30  0.0655802     7.6422   275.7038   292.3586   100.0512
  -4335.00   42251.95  0.0656832     7.6722   274.5117   292.5639    99.8916
  -4325.00   42252.97  0.0657399     7.6922   273.1707   292.9499    99.6599
  -4315.00   42252.44  0.0659987     7.7014   271.6042   293.4289    99.4629
  -4305.00   42252.86  0.0661743     7.7221   270.0359   293.7602    99.2829
  -4295.00   42255.43  0.0662440     7.7448   268.2990   294.1809    99.0373
  -4285.00   42257.11  0.0663334     7.7606   266.2324   294.8329    98.7188
  -4275.00   42256.95  0.0664330     7.7788   264.0811   295.3675    98.4600
  -4265.00   42257.08  0.0665218     7.8039   261.9194   295.8079    98.2410
  -4255.00   42258.46  0.0664515     7.8355   259.7204   296.3593    97.9273
  -4245.00   42258.12  0.0663696     7.8612   257.5160   296.9373    97.6201
  -4235.00   42255.75  0.0664370     7.8858   255.4375   297.3973    97.4133
  -4225.00   42254.48  0.0663381     7.9246   253.6525   297.7219    97.2032
  -4215.00   42254.78  0.0661751     7.9599   252.0142   298.1092    96.9472
  -4205.00   42253.56  0.0661758     7.9848   250.4396   298.5377    96.7283
  -4195.00   42251.63  0.0661565     8.0173   249.1412   298.7326    96.5903
  -4185.00   42251.49  0.0661164     8.0517   247.9628   298.9033    96.4502
  -4175.00   42253.00  0.0660964     8.0788   246.7070   299.2288    96.2369
  -4165.00   42252.84  0.0661469     8.1008   245.4028   299.4804    96.0789
  -4155.00   42252.24  0.0663082     8.1218   244.0328   299.6448    95.9864
  -4145.00   42253.81  0.0663594     8.1486   242.5237   299.9011    95.8039
  -4135.00   42256.06  0.0664068     8.1666   240.7652   300.2740    95.5727
  -4125.00   42256.21  0.0666428     8.1759   238.7831   300.6576    95.3961
  -4115.00   42255.86  0.0667576     8.1987   236.7652   300.9672    95.2129
  -4105.00   42257.41  0.0667970     8.2223   234.6334   301.4102    94.9443
  -4095.00   42258.45  0.0669137     8.2359   232.3720   301.9944    94.6468
  -4085.00   42257.05  0.0669892     8.2577   230.2435   302.4348    94.4107
  -4075.00   42255.22  0.0670338     8.2882   228.2588   302.8626    94.1796
  -4065.00   42255.30  0.0669872     8.3187   226.3866   303.4122    93.8694
  -4055.00   42254.85  0.0669289     8.3467   224.6867   303.8945    93.5971
  -4045.00   42252.39  0.0669744     8.3768   223.1763   304.2517    93.4195
  -4035.00   42250.98  0.0668752     8.4177   221.8591   304.5686    93.2180
  -4025.00   42252.06  0.0667542     8.4526   220.5944   304.9187    92.9832
  -4015.00   42252.52  0.0668053     8.4769   219.2965   305.2246    92.8155
  -4005.00   42251.77  0.0667931     8.5107   218.0532   305.3609    92.7040
  -3995.00   42252.47  0.0667919     8.5442   216.6895   305.5554    92.5542
  -3985.00   42255.17  0.0668710     8.5646   215.0942   305.8666    92.3591
  -3975.00   42256.24  0.0669735     8.5850   213.3689   306.0689    92.2197
  -3965.00   42255.68  0.0671510     8.6072   211.4838   306.2697    92.1066
  -3955.00   42256.60  0.0672679     8.6293   209.4368   306.6286    91.8918
  -3945.00   42258.18  0.0673775     8.6458   207.2828   307.0322    91.6562
  -3935.00   42257.70  0.0676112     8.6579   205.1031   307.4155    91.4768
  -3925.00   42255.59  0.0677102     8.6835   203.0245   307.8161    91.2673
  -3915.00   42255.30  0.0677614     8.7088   201.0249   308.3370    90.9796
  -3905.00   42255.68  0.0678871     8.7239   199.1248   308.8969    90.7060
  -3895.00   42253.87  0.0679008     8.7508   197.4658   309.3116    90.4968
  -3885.00   42251.71  0.0679001     8.7864   195.9415   309.7789    90.2599
  -3875.00   42251.97  0.0678720     8.8153   194.4950   310.3224    89.9785
  -3865.00   42252.84  0.0677884     8.8436   193.1568   310.7212    89.7609
  -3855.00   42251.90  0.0677682     8.8775   191.8284   311.0375    89.6106
  -3845.00   42251.46  0.0676645     8.9155   190.4543   311.3815    89.4209
  -3835.00   42253.57  0.0675516     8.9457   188.9754   311.7058    89.2158
  -3825.00   42255.55  0.0675676     8.9682   187.3474   311.9416    89.0846
  -3815.00   42255.39  0.0674980     9.0003   185.6197   312.0962    88.9787
  -3805.00   42255.70  0.0674794     9.0302   183.7280   312.3358    88.8108
  -3795.00   42257.83  0.0675613     9.0452   181.6955   312.6186    88.6293
  -3785.00   42258.51  0.0675870     9.0644   179.6693   312.7831    88.5007
  -3775.00   42256.75  0.0676936     9.0886   177.6236   313.0152    88.3590
  -3765.00   42255.72  0.0678178     9.1070   175.6171   313.3904    88.1302
  -3755.00   42256.01  0.0679022     9.1225   173.7488   313.7323    87.9074
  -3745.00   42255.17  0.0680601     9.1391   172.0090   314.0610    87.7324
  -3735.00   42252.44  0.0681405     9.1657   170.4097   314.4799    87.5060
  -3725.00   42251.63  0.0682046     9.1910   168.9273   314.9626    87.2243
  -3715.00   42252.78  0.0683230     9.2081   167.5183   315.4259    86.9801
  -3705.00   42252.33  0.0682879     9.2388   166.1803   315.8067    86.7852
  -3695.00   42251.38  0.0682885     9.2769   164.7900   316.2648    86.5423
  -3685.00   42252.56  0.0683102     9.3047   163.3132   316.7449    86.2853
  -3675.00   42254.98  0.0682013     9.3341   161.7815   317.0494    86.1098
  -3665.00   42255.42  0.0681552     9.3727   160.0754   317.3436    85.9638
  -3655.00   42255.05  0.0681080     9.4088   158.2238   317.6770    85.7795
  -3645.00   42256.74  0.0680399     9.4357   156.2951   317.9202    85.6071
  -3635.00   42258.43  0.0680533     9.4602   154.2757   318.0889    85.5011
  -3625.00   42257.48  0.0680146     9.4911   152.2335   318.2668    85.3902
  -3615.00   42256.04  0.0680735     9.5165   150.2267   318.5086    85.2135
  -3605.00   42256.48  0.0682318     9.5286   148.3067   318.7477    85.0452
  -3595.00   42256.49  0.0682648     9.5470   146.5387   318.9315    84.9162
  -3585.00   42254.27  0.0684139     9.5718   144.8584   319.2498    84.7332
  -3575.00   42252.40  0.0686354     9.5875   143.3061   319.6701    84.4863
  -3565.00   42252.87  0.0687338     9.6027   141.9096   320.0164    84.2698
  -3555.00   42253.09  0.0688609     9.6261   140.5191   320.4134    84.0790
  -3545.00   42251.46  0.0689675     9.6548   139.1111   320.9213    83.8327
  -3535.00   42251.39  0.0690382     9.6806   137.6942   321.4031    83.5668
  -3525.00   42253.75  0.0691045     9.7030   136.1747   321.8309    83.3589
  -3515.00   42254.86  0.0690122     9.7375   134.5000   322.2539    83.1799
  -3505.00   42254.78  0.0689908     9.7753   132.6699   322.7129    82.9543
  -3495.00   42255.81  0.0690141     9.8010   130.7273   323.1219    82.7402
  -3485.00   42258.17  0.0688293     9.8295   128.7099   323.3888    82.6081
  -3475.00   42258.58  0.0687392     9.8675   126.5720   323.7073    82.4647
  -3465.00   42256.81  0.0687251     9.8978   124.4538   324.0437    82.2832
  -3455.00   42256.64  0.0686271     9.9188   122.4888   324.2312    82.1371
  -3445.00   42257.04  0.0685761     9.9440   120.5941   324.4105    82.0317
  -3435.00   42255.39  0.0685251     9.9723   118.8202   324.6592    81.8968
  -3425.00   42252.95  0.0685719     9.9927   117.2680   324.8884    81.7133
  -3415.00   42252.69  0.0686797    10.0051   115.8779   325.0763    81.5558
  -3405.00   42253.38  0.0686389    10.0245   114.5613   325.2882    81.4217
  -3395.00   42252.50  0.0687578    10.0489   113.2557   325.6221    81.2178
  -3385.00   42251.40  0.0689857    10.0633   111.9748   325.9785    80.9771
  -3375.00   42252.98  0.0690149    10.0786   110.6611   326.2589    80.7835
  -3365.00   42254.82  0.0691017    10.1063   109.1199   326.6626    80.5838
  -3355.00   42254.51  0.0692445    10.1348   107.3989   327.1662    80.3298
  -3345.00   42254.67  0.0693066    10.1590   105.6018   327.5636    80.0866
  -3335.00   42256.83  0.0693273    10.1869   103.6120   327.9444    79.8998
  -3325.00   42258.14  0.0692379    10.2241   101.4381   328.3989    79.7190
  -3315.00   42257.43  0.0692299    10.2609    99.2575   328.8215    79.5038
  -3305.00   42256.71  0.0692457    10.2877    97.1629   329.1278    79.3243
  -3295.00   42257.55  0.0690242    10.3182    95.1334   329.3690    79.2163
  -3285.00   42257.37  0.0689441    10.3558    93.1826   329.6780    79.0740
  -3275.00   42254.59  0.0690037    10.3824    91.4616   329.9457    78.9020
  -3265.00   42253.32  0.0689015    10.3999    90.0124   330.0443    78.7844
  -3255.00   42253.53  0.0688760    10.4256    88.6161   330.2209    78.6738
  -3245.00   42252.92  0.0689384    10.4507    87.2701   330.5119    78.5130
  -3235.00   42251.31  0.0690548    10.4653    86.0892   330.7065    78.3262
  -3225.00   42251.71  0.0691885    10.4795    84.8723   330.8946    78.1673
  -3215.00   42253.80  0.0692041    10.5010    83.4678   331.2122    78.0079
  -3205.00   42254.64  0.0693891    10.5243    81.9205   331.6141    77.7789
  -3195.00   42254.39  0.0696448    10.5404    80.2742   331.9684    77.5440
  -3185.00   42256.01  0.0696282    10.5598    78.4448   332.2957    77.3643
  -3175.00   42258.08  0.0697074    10.5920    76.3389   332.7793    77.1567
  -3165.00   42257.87  0.0698879    10.6214    74.1289   333.3070    76.9100
  -3155.00   42256.76  0.0698818    10.6447    72.0035   333.6572    76.7064
  -3145.00   42257.07  0.0698358    10.6773    69.8113   334.0509    76.5440
  -3135.00   42257.51  0.0697607    10.7144    67.6162   334.5551    76.3693
  -3125.00   42255.90  0.0697438    10.7453    65.6815   334.9375    76.1753
  -3115.00   42253.94  0.0696876    10.7715    63.9840   335.1893    76.0293
  -3105.00   42253.80  0.0694259    10.8010    62.3896   335.4656    75.9288
  -3095.00   42254.11  0.0693469    10.8335    60.9130   335.7998    75.7790
  -3085.00   42252.33  0.0694001    10.8552    59.6549   336.0177    75.6143
  -3075.00   42251.46  0.0692113    10.8704    58.5091   336.1063    75.5083
  -3065.00   42252.61  0.0691383    10.8954    57.2247   336.3203    75.3845
  -3055.00   42253.93  0.0692436    10.9177    55.8160   336.6345    75.2029
  -3045.00   42253.73  0.0692974    10.9284    54.4362   336.7808    75.0244
  -3035.00   42254.46  0.0693493    10.9451    52.8370   336.9619    74.8688
  -3025.00   42256.85  0.0693689    10.9686    50.9227   337.3337    74.6920
  -3015.00   42258.22  0.0695546    10.9891    48.9147   337.7090    74.4599
  -3005.00   42257.53  0.0697520    11.0071    46.8793   337.9980    74.2432
  -2995.00   42257.28  0.0696748    11.0303    44.7354   338.3341    74.0725
  -2985.00   42257.95  0.0697534    11.0634    42.5170   338.8195    73.8610
  -2975.00   42257.23  0.0699649    11.0926    40.4374   339.2822    73.6250
  -2965.00   42254.84  0.0698832    11.1166    38.6140   339.5700    73.4506
  -2955.00   42253.67  0.0698030    11.1524    36.8387   339.9480    73.2982
  -2945.00   42253.98  0.0697950    11.1899    35.1394   340.4391    73.1218
  -2935.00   42253.17  0.0697703    11.2162    33.7576   340.7252    72.9502
  -2925.00   42251.81  0.0696684    11.2442    32.4854   340.9249    72.8273
  -2915.00   42252.03  0.0694325    11.2745    31.1411   341.2129    72.7265
  -2905.00   42253.78  0.0694234    11.3014    29.7947   341.5058    72.5730
  -2895.00   42253.95  0.0694901    11.3207    28.4853   341.6456    72.4228
  -2885.00   42253.77  0.0692988    11.3355    27.0477   341.7383    72.3211
  -2875.00   42255.19  0.0692867    11.3588    25.3290   341.9917    72.1790
  -2865.00   42257.29  0.0695209    11.3783    23.4560   342.2905    71.9811
  -2855.00   42257.45  0.0695937    11.3874    21.5883   342.4355    71.8051
  -2845.00   42256.94  0.0696566    11.4071    19.5296   342.6804    71.6418
  -2835.00   42257.71  0.0697942    11.4336    17.2859   343.1479    71.4385
  -2825.00   42258.29  0.0700270    11.4527    15.2003   343.5348    71.2063
  -2815.00   42256.71  0.0701835    11.4746    13.2539   343.8479    71.0074
  -2805.00   42254.65  0.0700897    11.5039    11.3167   344.2846    70.8408
  -2795.00   42254.21  0.0701776    11.5368     9.4993   344.8049    70.6349
  -2785.00   42253.95  0.0703567    11.5655     7.9292   345.2174    70.4274
  -2775.00   42252.21  0.0701734    11.5904     6.5296   345.5164    70.2863
  -2765.00   42251.17  0.0700378    11.6254     5.0903   345.9196    70.1484
  -2755.00   42252.38  0.0700676    11.6588     3.6318   346.3819    69.9775
  -2745.00   42253.56  0.0699746    11.6788     2.3215   346.6103    69.8307
  -2735.00   42253.55  0.0698086    11.7046     0.8764   346.8191    69.7199
  -2725.00   42254.14  0.0696031    11.7334   359.1631   347.1710    69.6033
  -2715.00   42256.49  0.0696028    11.7529   357.4130   347.4368    69.4441
  -2705.00   42257.67  0.0696111    11.7702   355.6094   347.5690    69.2999
  -2695.00   42257.17  0.0693709    11.7868   353.6328   347.7362    69.1913
  -2685.00   42257.05  0.0693584    11.8079   351.5186   348.0342    69.0319
  -2675.00   42258.01  0.0695689    11.8260   349.4754   348.2863    68.8344
  -2665.00   42257.70  0.0695525    11.8357   347.5893   348.4213    68.6700
  -2655.00   42255.58  0.0695514    11.8573   345.6867   348.6939    68.5063
  -2645.00   42254.49  0.0697250    11.8845   343.8129   349.1440    68.2930
  -2635.00   42254.68  0.0699076    11.9014   342.2508   349.4521    68.0745
  -2625.00   42253.68  0.0699913    11.9249   340.8134   349.7309    67.8927
  -2615.00   42251.80  0.0699198    11.9583   339.2863   350.2075    67.7208
  -2605.00   42251.65  0.0700225    11.9890   337.8519   350.6805    67.5185
  -2595.00   42252.97  0.0701533    12.0172   336.5138   351.0126    67.3333
  -2585.00   42253.23  0.0699257    12.0455   335.0686   351.3261    67.2089
  -2575.00   42252.96  0.0697952    12.0802   333.4244   351.7335    67.0753
  -2565.00   42254.55  0.0698522    12.1109   331.6767   352.1129    66.9146
  -2555.00   42256.92  0.0697022    12.1288   329.9419   352.2779    66.7924
  -2545.00   42257.37  0.0695238    12.1536   328.0048   352.4703    66.6925
  -2535.00   42256.91  0.0694251    12.1809   325.8452   352.8194    66.5623
  -2525.00   42257.88  0.0694553    12.1945   323.8302   353.0067    66.4057
  -2515.00   42258.46  0.0694849    12.2097   321.8827   353.1098    66.2656
  -2505.00   42257.08  0.0693390    12.2287   319.8807   353.3483    66.1378
  -2495.00   42255.00  0.0694410    12.2471   317.9951   353.6658    65.9559
  -2485.00   42254.54  0.0696895    12.2647   316.3423   353.9083    65.7554
  -2475.00   42254.52  0.0696785    12.2783   314.8629   354.1083    65.5917
  -2465.00   42252.51  0.0697297    12.3030   313.3647   354.4790    65.4171
  -2455.00   42251.26  0.0699650    12.3316   311.8961   354.9470    65.2016
  -2445.00   42252.26  0.0700894    12.3493   310.6109   355.2591    65.0042
  -2435.00   42253.17  0.0701091    12.3753   309.2374   355.5853    64.8459
  -2425.00   42252.82  0.0700923    12.4111   307.5806   356.1239    64.6762
  -2415.00   42253.20  0.0701696    12.4380   305.9124   356.5716    64.4918
  -2405.00   42255.53  0.0702087    12.4630   304.1864   356.8734    64.3386
  -2395.00   42257.10  0.0699639    12.4925   302.1873   357.2510    64.2251
  -2385.00   42256.63  0.0698530    12.5226   300.0340   357.6772    64.0908
  -2375.00   42256.88  0.0698839    12.5475   297.8896   358.0097    63.9399
  -2365.00   42258.40  0.0696562    12.5635   295.8221   358.1975    63.8296
  -2355.00   42258.22  0.0694580    12.5860   293.7327   358.4353    63.7254
  -2345.00   42256.17  0.0694160    12.6102   291.6624   358.7903    63.5783
  -2335.00   42255.07  0.0693705    12.6202   289.9297   358.9632    63.4243
  -2325.00   42255.19  0.0693226    12.6338   288.3843   359.0760    63.2898
  -2315.00   42254.13  0.0692098    12.6552   286.8153   359.3804    63.1437
  -2305.00   42251.75  0.0692924    12.6709   285.4381   359.6746    62.9543
  -2295.00   42251.40  0.0694637    12.6867   284.2095   359.8839    62.7636
  -2285.00   42252.86  0.0693891    12.7044   282.9402     0.1273    62.6047
  -2275.00   42252.63  0.0694509    12.7293   281.5290     0.5005    62.4234
  -2265.00   42252.27  0.0696724    12.7568   279.9969     0.9110    62.2146
  -2255.00   42253.97  0.0697020    12.7757   278.4308     1.1979    62.0372
  -2245.00   42256.36  0.0696878    12.8033   276.6285     1.5291    61.8903
  -2235.00   42256.91  0.0697314    12.8397   274.5088     2.0359    61.7204
  -2225.00   42256.37  0.0697693    12.8644   272.4025     2.4189    61.5508
  -2215.00   42257.74  0.0697414    12.8883   270.2914     2.6815    61.4231
  -2205.00   42258.78  0.0695443    12.9202   268.0136     3.0778    61.3108
  -2195.00   42257.13  0.0694682    12.9469   265.8477     3.4492    61.1755
  -2185.00   42255.26  0.0694804    12.9672   263.8977     3.7047    61.0390
  -2175.00   42255.34  0.0692373    12.9842   262.1136     3.9088    60.9371
  -2165.00   42255.12  0.0690951    13.0048   260.4780     4.1409    60.8226
  -2155.00   42253.01  0.0691402    13.0250   258.9613     4.4340    60.6650
  -2145.00   42251.50  0.0690870    13.0333   257.6969     4.5935    60.5133
  -2135.00   42252.54  0.0690642    13.0467   256.5002     4.7307    60.3767
  -2125.00   42253.19  0.0690987    13.0694   255.1270     5.0714    60.2072
  -2115.00   42251.98  0.0692293    13.0841   253.7888     5.3590    60.0102
  -2105.00   42252.37  0.0694062    13.0996   252.3769     5.5861    59.8299
  -2095.00   42254.94  0.0693931    13.1236   250.6688     5.9444    59.6683
  -2085.00   42256.13  0.0695110    13.1497   248.7887     6.3474    59.4838
  -2075.00   42255.77  0.0697339    13.1758   246.7519     6.7523    59.2911
  -2065.00   42256.66  0.0696984    13.1980   244.6186     7.1094    59.1397
  -2055.00   42258.62  0.0696799    13.2264   242.3917     7.4921    59.0051
  -2045.00   42258.70  0.0697450    13.2597   240.0771     7.9770    58.8450
  -2035.00   42256.29  0.0697001    13.2808   237.9453     8.3486    58.6971
  -2025.00   42255.77  0.0696104    13.3017   235.9804     8.6385    58.5894
  -2015.00   42255.98  0.0694634    13.3313   234.0283     9.0661    58.4720
  -2005.00   42254.13  0.0693649    13.3522   232.3494     9.4110    58.3313
  -1995.00   42251.66  0.0693209    13.3667   230.8947     9.6544    58.2034
  -1985.00   42251.72  0.0690770    13.3844   229.4738     9.9436    58.0959
  -1975.00   42252.95  0.0689438    13.4027   228.1636    10.2007    57.9645
  -1965.00   42252.42  0.0689678    13.4186   226.8466    10.4657    57.8017
  -1955.00   42251.84  0.0688334    13.4278   225.5048    10.6713    57.6562
  -1945.00   42253.98  0.0687736    13.4420   224.0640    10.8550    57.5183
  -1935.00   42256.20  0.0688275    13.4640   222.3531    11.1794    57.3410
  -1925.00   42255.76  0.0688679    13.4777   220.5698    11.4363    57.1509
  -1915.00   42255.64  0.0689667    13.4926   218.6627    11.6526    56.9876
  -1905.00   42257.42  0.0689862    13.5195   216.4814    12.0372    56.8240
  -1895.00   42258.38  0.0690740    13.5446   214.3293    12.3830    56.6386
  -1885.00   42256.67  0.0692452    13.5677   212.1923    12.7196    56.4613
  -1875.00   42255.63  0.0691923    13.5937   210.0538    13.1093    56.3228
  -1865.00   42256.29  0.0691960    13.6228   208.0843    13.4735    56.1888
  -1855.00   42256.08  0.0692663    13.6529   206.2263    13.8837    56.0344
  -1845.00   42253.14  0.0691600    13.6737   204.5576    14.2385    55.9059
  -1835.00   42252.08  0.0690726    13.6945   203.0676    14.5288    55.8095
  -1825.00   42252.99  0.0689952    13.7218   201.5735    14.9178    55.6900
  -1815.00   42252.62  0.0688584    13.7386   200.2275    15.2062    55.5524
  -1805.00   42251.17  0.0687934    13.7493   198.9126    15.4136    55.4361
  -1795.00   42252.04  0.0686400    13.7672   197.3994    15.7240    55.3213
  -1785.00   42254.77  0.0685546    13.7830   195.8826    15.9469    55.1733
  -1775.00   42255.56  0.0686004    13.7946   194.2240    16.1591    55.0072
  -1765.00   42255.25  0.0685140    13.8065   192.3475    16.4141    54.8610
  -1755.00   42256.88  0.0685471    13.8231   190.3984    16.6313    54.7108
  -1745.00   42258.89  0.0686883    13.8446   188.2940    16.9382    54.5251
  -1735.00   42257.88  0.0687162    13.8602   186.1759    17.2304    54.3445
  -1725.00   42255.99  0.0688418    13.8781   184.1049    17.5018    54.1948
  -1715.00   42255.92  0.0689661    13.9072   181.9820    17.9280    54.0339
  -1705.00   42256.25  0.0690217    13.9315   180.0934    18.2829    53.8583
  -1695.00   42253.87  0.0691393    13.9516   178.3464    18.6271    53.7074
  -1685.00   42252.14  0.0691204    13.9791   176.6041    19.0903    53.5822
  -1675.00   42252.74  0.0691289    14.0057   175.1003    19.4615    53.4507
  -1665.00   42253.61  0.0691545    14.0282   173.6551    19.8417    53.3062
  -1655.00   42252.06  0.0690006    14.0475   172.1586    20.2492    53.1918
  -1645.00   42251.72  0.0689272    14.0662   170.7044    20.5720    53.0941
  -1635.00   42253.96  0.0688786    14.0881   169.1191    20.9405    52.9656
  -1625.00   42255.19  0.0686618    14.1013   167.4398    21.2570    52.8304
  -1615.00   42254.57  0.0685565    14.1102   165.6608    21.5023    52.7178
  -1605.00   42255.18  0.0684620    14.1277   163.6372    21.8453    52.5937
  -1595.00   42257.73  0.0683175    14.1416   161.6460    22.0722    52.4365
  -1585.00   42258.34  0.0682726    14.1500   159.5979    22.2828    52.2770
  -1575.00   42256.77  0.0681775    14.1643   157.4250    22.5930    52.1337
  -1565.00   42256.33  0.0682008    14.1821   155.4496    22.7998    51.9767
  -1555.00   42257.17  0.0682897    14.2005   153.5611    23.0499    51.7925
  -1545.00   42255.66  0.0682406    14.2172   151.7334    23.3619    51.6249
  -1535.00   42252.84  0.0683583    14.2372   150.1110    23.6246    51.4814
  -1525.00   42252.14  0.0685249    14.2655   148.5446    23.9871    51.3212
  -1515.00   42253.15  0.0685054    14.2884   147.1241    24.3163    51.1548
  -1505.00   42252.11  0.0685783    14.3076   145.7304    24.6438    51.0221
  -1495.00   42251.18  0.0686261    14.3358   144.1865    25.0965    50.9033
  -1485.00   42252.68  0.0686200    14.3609   142.7395    25.4167    50.7721
  -1475.00   42255.10  0.0685914    14.3783   141.1499    25.7518    50.6420
  -1465.00   42255.03  0.0684468    14.3978   139.2763    26.1802    50.5382
  -1455.00   42254.80  0.0684085    14.4159   137.4041    26.4683    50.4377
  -1445.00   42256.97  0.0683650    14.4322   135.4094    26.7568    50.3057
  -1435.00   42258.24  0.0681208    14.4439   133.2424    27.0859    50.1767
  -1425.00   42257.11  0.0680462    14.4527   131.1122    27.3291    50.0628
  -1415.00   42255.94  0.0680640    14.4690   128.9765    27.6130    49.9258
  -1405.00   42256.84  0.0679154    14.4817   127.0105    27.8268    49.7612
  -1395.00   42256.85  0.0678854    14.4897   125.1611    28.0457    49.6050
  -1385.00   42254.36  0.0679230    14.5068   123.3324    28.3822    49.4585
  -1375.00   42252.84  0.0680046    14.5267   121.8450    28.5718    49.2922
  -1365.00   42253.63  0.0681081    14.5435   120.4544    28.8111    49.1150
  -1355.00   42253.20  0.0681098    14.5628   118.9654    29.2026    48.9629
  -1345.00   42251.38  0.0682882    14.5854   117.6214    29.4928    48.8263
  -1335.00   42251.41  0.0684931    14.6112   116.2302    29.8240    48.6737
  -1325.00   42253.68  0.0684288    14.6320   114.6770    30.2192    48.5275
  -1315.00   42254.49  0.0684908    14.6500   112.9835    30.6037    48.4134
  -1305.00   42254.16  0.0686019    14.6752   111.0573    31.0590    48.3007
  -1295.00   42255.61  0.0685235    14.6956   109.1245    31.3868    48.1714
  -1285.00   42258.18  0.0684289    14.7076   107.0019    31.7550    48.0530
  -1275.00   42258.17  0.0683119    14.7247   104.6314    32.2427    47.9508
  -1265.00   42256.68  0.0682607    14.7412   102.4674    32.5215    47.8380
  -1255.00   42256.98  0.0681570    14.7520   100.3721    32.7886    47.7019
  -1245.00   42257.26  0.0678891    14.7628    98.2042    33.1870    47.5746
  -1235.00   42255.57  0.0678216    14.7729    96.3045    33.4630    47.4554
  -1225.00   42253.07  0.0678400    14.7872    94.6387    33.6937    47.3090
  -1215.00   42252.99  0.0676161    14.7990    93.1153    33.9378    47.1481
  -1205.00   42253.67  0.0675436    14.8073    91.7066    34.1915    47.0005
  -1195.00   42252.12  0.0676271    14.8251    90.3052    34.5097    46.8544
  -1185.00   42251.25  0.0676240    14.8444    89.1168    34.6638    46.6871
  -1175.00   42252.95  0.0676454    14.8588    87.8356    34.8785    46.5215
  -1165.00   42254.43  0.0676683    14.8787    86.2171    35.2924    46.3808
  -1155.00   42254.15  0.0678351    14.9026    84.6431    35.5337    46.2439
  -1145.00   42254.40  0.0679918    14.9252    82.9248    35.7792    46.0963
  -1135.00   42256.70  0.0679029    14.9451    80.8460    36.1968    45.9659
  -1125.00   42258.06  0.0679885    14.9643    78.6566    36.5812    45.8613
  -1115.00   42256.99  0.0681449    14.9875    76.3999    36.9596    45.7504
  -1105.00   42256.61  0.0679939    15.0051    74.1990    37.2766    45.6284
  -1095.00   42257.70  0.0678799    15.0152    71.9830    37.6509    45.5221
  -1085.00   42257.10  0.0678433    15.0308    69.7468    38.1288    45.4219
  -1075.00   42254.68  0.0677519    15.0452    67.9456    38.3483    45.2996
  -1065.00   42253.50  0.0676011    15.0521    66.3287    38.5668    45.1637
  -1055.00   42253.77  0.0673868    15.0617    64.6369    38.9772    45.0362
  -1045.00   42253.16  0.0673891    15.0735    63.2577    39.2055    44.9052
  -1035.00   42251.26  0.0674300    15.0859    62.0649    39.3458    44.7483
  -1025.00   42251.56  0.0672400    15.0980    60.7444    39.6030    44.5897
  -1015.00   42253.65  0.0672694    15.1095    59.3516    39.8751    44.4464
  -1005.00   42253.89  0.0674873    15.1288    57.8477    40.1512    44.2986
   -995.00   42253.85  0.0674814    15.1483    56.3028    40.3305    44.1381
   -985.00   42255.54  0.0675191    15.1627    54.5159    40.5951    43.9910
   -975.00   42257.67  0.0676659    15.1832    52.3383    41.0662    43.8657
   -965.00   42257.81  0.0678259    15.2066    50.2666    41.3252    43.7343
   -955.00   42256.73  0.0679188    15.2247    48.1561    41.5805    43.5993
   -945.00   42257.24  0.0678382    15.2418    45.7683    42.0816    43.4857
   -935.00   42257.78  0.0679472    15.2599    43.5359    42.4898    43.3840
   -925.00   42255.87  0.0680862    15.2781    41.5118    42.8251    43.2689
   -915.00   42253.87  0.0678614    15.2914    39.5955    43.1974    43.1509
   -905.00   42253.78  0.0677454    15.3000    37.7944    43.6115    43.0467
   -895.00   42253.80  0.0677863    15.3134    36.0829    44.0699    42.9390
   -885.00   42252.38  0.0676078    15.3251    34.7156    44.3036    42.8086
   -875.00   42251.34  0.0673883    15.3300    33.4004    44.5511    42.6749
   -865.00   42252.62  0.0672226    15.3389    31.8397    45.0062    42.5499
   -855.00   42253.98  0.0671945    15.3514    30.4711    45.2116    42.4117
   -845.00   42253.54  0.0671470    15.3616    29.0993    45.3285    42.2550
   -835.00   42254.02  0.0669094    15.3728    27.3665    45.6321    42.1057
   -825.00   42256.42  0.0669501    15.3864    25.5159    45.8951    41.9673
   -815.00   42257.61  0.0671595    15.4047    23.5961    46.0991    41.8186
   -805.00   42257.21  0.0670738    15.4229    21.5808    46.2890    41.6664
   -795.00   42257.02  0.0670840    15.4379    19.4388    46.5641    41.5325
   -785.00   42257.99  0.0673071    15.4587    17.1529    46.9890    41.4128
   -775.00   42257.71  0.0674101    15.4810    15.1483    47.2171    41.2841
   -765.00   42255.23  0.0674311    15.4968    13.2732    47.4568    41.1596
   -755.00   42253.99  0.0673904    15.5129    11.2465    47.9737    41.0579
   -745.00   42254.15  0.0674968    15.5308     9.5406    48.3246    40.9563
   -735.00   42253.24  0.0675868    15.5451     8.0738    48.5852    40.8409
   -725.00   42251.56  0.0673250    15.5553     6.5399    48.9820    40.7303
   -715.00   42251.70  0.0672345    15.5639     5.0470    49.3696    40.6278
   -705.00   42253.36  0.0673256    15.5750     3.5699    49.7216    40.5120
   -695.00   42253.98  0.0670969    15.5841     2.1386    49.9429    40.3782
   -685.00   42253.63  0.0668823    15.5887     0.5646    50.1882    40.2463
   -675.00   42255.16  0.0668522    15.5982   358.6574    50.6026    40.1188
   -665.00   42257.28  0.0668298    15.6115   356.8688    50.7532    39.9729
   -655.00   42257.46  0.0667969    15.6215   355.0249    50.8500    39.8181
   -645.00   42256.67  0.0666604    15.6335   352.8160    51.2052    39.6784
   -635.00   42257.42  0.0667935    15.6506   350.7094    51.4370    39.5429
   -625.00   42258.14  0.0670539    15.6686   348.7313    51.6023    39.3981
   -615.00   42256.90  0.0669871    15.6853   346.7375    51.8617    39.2600
   -605.00   42254.85  0.0670656    15.7015   344.8048    52.1937    39.1418
   -595.00   42254.52  0.0673628    15.7208   342.9609    52.5983    39.0277
   -585.00   42254.59  0.0674166    15.7392   341.3979    52.8646    38.9057
   -575.00   42252.67  0.0673947    15.7516   339.9101    53.1730    38.7933
   -565.00   42251.31  0.0674144    15.7649   338.2263    53.7328    38.6969
   -555.00   42252.20  0.0674667    15.7797   336.7746    54.0756    38.5906
   -545.00   42253.46  0.0674757    15.7894   335.3758    54.3317    38.4732
   -535.00   42253.25  0.0672136    15.7964   333.6382    54.8040    38.3651
   -525.00   42253.78  0.0671336    15.8051   331.8474    55.1923    38.2583
   -515.00   42256.19  0.0672018    15.8141   330.0145    55.4881    38.1342
   -505.00   42257.97  0.0669258    15.8210   328.0468    55.7601    38.0012
   -495.00   42257.34  0.0667150    15.8265   325.9405    56.0548    37.8744
   -485.00   42257.18  0.0667368    15.8366   323.6885    56.4387    37.7456
   -475.00   42258.08  0.0666319    15.8489   321.6613    56.5999    37.6001
   -465.00   42257.89  0.0665324    15.8582   319.7503    56.7166    37.4533
   -455.00   42255.53  0.0664452    15.8705   317.6685    57.1020    37.3221
   -445.00   42254.39  0.0665167    15.8881   315.9325    57.2918    37.1876
   -435.00   42254.72  0.0666930    15.9043   314.4563    57.4008    37.0458
   -425.00   42254.12  0.0666001    15.9191   312.9134    57.6911    36.9186
   -415.00   42252.15  0.0666909    15.9366   311.4515    57.9923    36.8071
   -405.00   42251.88  0.0669771    15.9547   310.0418    58.3113    36.6936
   -395.00   42253.50  0.0669633    15.9698   308.6705    58.5713    36.5782
   -385.00   42253.48  0.0669379    15.9817   307.1541    58.8926    36.4774
   -375.00   42252.88  0.0670277    15.9941   305.3248    59.4117    36.3843
   -365.00   42254.19  0.0670179    16.0062   303.5615    59.7217    36.2776
   -355.00   42256.69  0.0669583    16.0130   301.7193    59.9585    36.1652
   -345.00   42257.20  0.0667570    16.0185   299.4763    60.4404    36.0611
   -335.00   42256.75  0.0666803    16.0270   297.2893    60.7700    35.9491
   -325.00   42257.74  0.0667109    16.0343   295.2033    60.9806    35.8186
   -315.00   42258.98  0.0664499    16.0398   293.0630    61.2532    35.6862
   -305.00   42257.35  0.0663220    16.0477   291.0082    61.5141    35.5594
   -295.00   42255.09  0.0664348    16.0592   289.0732    61.8045    35.4248
   -285.00   42254.60  0.0663469    16.0713   287.4268    61.9612    35.2804
   -275.00   42254.60  0.0663036    16.0820   285.9544    62.0949    35.1437
   -265.00   42252.49  0.0663857    16.0961   284.3641    62.4714    35.0202
   -255.00   42251.15  0.0664777    16.1137   283.0408    62.6712    34.8914
   -245.00   42252.23  0.0666357    16.1279   281.8339    62.8039    34.7611
   -235.00   42253.56  0.0666222    16.1408   280.3341    63.1774    34.6496
   -225.00   42253.03  0.0667407    16.1572   278.7920    63.4948    34.5454
   -215.00   42253.21  0.0670031    16.1718   277.1553    63.8034    34.4343
   -205.00   42255.88  0.0669434    16.1819   275.3245    64.1403    34.3264
   -195.00   42257.08  0.0669337    16.1921   273.2883    64.5012    34.2310
   -185.00   42256.42  0.0670668    16.2025   271.0045    64.9919    34.1334
   -175.00   42256.50  0.0669934    16.2108   268.7941    65.3301    34.0223
   -165.00   42258.12  0.0668900    16.2160   266.6059    65.6123    33.9125
   -155.00   42258.19  0.0667658    16.2213   264.2408    66.1065    33.8074
   -145.00   42255.98  0.0666619    16.2293   262.1474    66.4327    33.6896
   -135.00   42254.92  0.0666196    16.2353   260.3220    66.6515    33.5586
   -125.00   42255.58  0.0663647    16.2399   258.5318    66.9864    33.4314
   -115.00   42254.20  0.0662366    16.2491   256.9591    67.2441    33.3063
   -105.00   42251.71  0.0663139    16.2602   255.5467    67.4883    33.1701
    -95.00   42251.42  0.0661603    16.2702   254.2574    67.6860    33.0308
    -85.00   42252.87  0.0660865    16.2814   253.0101    67.8405    32.9035
    -75.00   42252.68  0.0662009    16.2960   251.5567    68.1572    32.7824
    -65.00   42252.11  0.0662261    16.3119   250.1307    68.3478    32.6565
    -55.00   42253.89  0.0663096    16.3247   248.6212    68.4847    32.5367
    -45.00   42256.62  0.0663488    16.3376   246.7069    68.8506    32.4346
    -35.00   42256.79  0.0664359    16.3533   244.7168    69.1246    32.3340
    -25.00   42256.13  0.0666383    16.3657   242.6398    69.3847    32.2271
    -15.00   42257.78  0.0665753    16.3735   240.3736    69.7558    32.1290
     -5.00   42258.53  0.0665673    16.3833   238.1178    70.0813    32.0381
      5.00   42256.88  0.0667010    16.3924   235.8634    70.4832    31.9374
     15.00   42254.91  0.0665796    16.3975   233.7943    70.8241    31.8262
     25.00   42255.09  0.0664716    16.4021   231.9197    71.1017    31.7195
     35.00   42255.18  0.0664171    16.4079   230.0686    71.5244    31.6102
     45.00   42252.66  0.0662937    16.4150   228.5216    71.7992    31.4848
     55.00   42251.31  0.0662367    16.4206   227.1731    71.9931    31.3548
     65.00   42252.72  0.0660807    16.4264   225.7515    72.3205    31.2306
     75.00   42253.09  0.0660042    16.4373   224.4427    72.5219    31.1043
     85.00   42251.93  0.0661079    16.4487   223.1086    72.7026    30.9696
     95.00   42252.41  0.0660231    16.4581   221.6109    72.9378    30.8403
    105.00   42255.04  0.0660313    16.4707   220.0118    73.1034    30.7245
    115.00   42256.27  0.0662257    16.4857   218.1546    73.3729    30.6089
    125.00   42255.53  0.0662661    16.4987   216.1901    73.6067    30.4909
    135.00   42256.43  0.0663722    16.5100   214.1383    73.8077    30.3859
    145.00   42258.61  0.0665013    16.5219   211.8464    74.1923    30.2908
    155.00   42258.12  0.0665649    16.5347   209.6458    74.4881    30.1905
    165.00   42255.83  0.0667173    16.5434   207.5344    74.7781    30.0877
    175.00   42255.49  0.0667030    16.5490   205.3987    75.2198    29.9933
    185.00   42255.77  0.0666813    16.5574   203.5017    75.5558    29.8990
    195.00   42254.05  0.0667745    16.5644   201.7439    75.9267    29.7917
    205.00   42251.52  0.0666378    16.5670   200.1016    76.3331    29.6798
    215.00   42251.71  0.0665363    16.5714   198.6343    76.6415    29.5738
    225.00   42253.17  0.0665070    16.5778   197.1375    77.0338    29.4602
    235.00   42252.11  0.0663247    16.5832   195.7211    77.3366    29.3323
    245.00   42251.66  0.0662368    16.5884   194.2891    77.5688    29.2088
    255.00   42254.00  0.0661307    16.5950   192.6292    77.9139    29.0897
    265.00   42256.00  0.0659938    16.6057   190.9597    78.1101    28.9634
    275.00   42255.75  0.0660128    16.6160   189.1564    78.2832    28.8345
    285.00   42255.60  0.0659344    16.6247   187.1207    78.5595    28.7149
    295.00   42257.57  0.0659157    16.6378   185.1001    78.7087    28.6045
    305.00   42258.49  0.0660517    16.6523   182.9931    78.9121    28.4906
    315.00   42256.38  0.0660412    16.6632   180.8734    79.1625    28.3787
    325.00   42255.20  0.0661410    16.6743   178.8853    79.3540    28.2830
    335.00   42256.03  0.0663022    16.6866   176.9066    79.6754    28.1902
    345.00   42255.30  0.0663028    16.6970   175.1260    79.9525    28.0894
    355.00   42252.73  0.0664173    16.7039   173.4890    80.2312    27.9939
    365.00   42251.85  0.0664723    16.7091   171.8396    80.6598    27.9040
    375.00   42253.10  0.0664226    16.7162   170.3910    80.9602    27.8063
    385.00   42252.94  0.0664579    16.7211   168.9429    81.2863    27.6978
    395.00   42251.40  0.0663455    16.7223   167.3768    81.7077    27.5884
    405.00   42252.37  0.0662609    16.7270   165.8584    81.9760    27.4815
    415.00   42255.07  0.0662378    16.7338   164.1743    82.2860    27.3627
    425.00   42255.32  0.0660367    16.7383   162.3559    82.5859    27.2340
    435.00   42254.90  0.0659890    16.7445   160.4654    82.7881    27.1159
    445.00   42256.61  0.0659924    16.7538   158.3863    83.0667    27.0000
    455.00   42258.50  0.0658621    16.7649   156.3428    83.2374    26.8740
    465.00   42257.83  0.0659037    16.7750   154.2736    83.4036    26.7550
    475.00   42255.85  0.0659621    16.7846   152.1425    83.6901    26.6481
    485.00   42256.15  0.0660020    16.7979   150.2589    83.8303    26.5428
    495.00   42256.37  0.0661455    16.8103   148.4514    84.0322    26.4345
    505.00   42253.80  0.0661856    16.8183   146.6763    84.3616    26.3324
    515.00   42251.80  0.0663344    16.8278   145.1440    84.5811    26.2427
    525.00   42252.53  0.0665258    16.8383   143.6422    84.8915    26.1484
    535.00   42253.10  0.0664845    16.8447   142.1675    85.2413    26.0453
    545.00   42251.96  0.0665877    16.8492   140.7032    85.5651    25.9527
    555.00   42251.79  0.0667054    16.8542   139.0938    85.9931    25.8614
    565.00   42254.35  0.0666081    16.8597   137.4894    86.3154    25.7560
    575.00   42255.84  0.0665912    16.8629   135.6947    86.6708    25.6480
    585.00   42255.02  0.0665266    16.8642   133.6420    87.1394    25.5427
    595.00   42255.62  0.0664332    16.8694   131.6463    87.4056    25.4345
    605.00   42257.78  0.0663657    16.8759   129.5027    87.7094    25.3155
    615.00   42257.99  0.0661325    16.8794   127.2359    88.0897    25.1920
    625.00   42256.18  0.0660710    16.8859   125.1227    88.3066    25.0799
    635.00   42255.88  0.0660690    16.8963   123.0665    88.5463    24.9656
    645.00   42256.70  0.0658513    16.9060   121.1780    88.7518    24.8401
    655.00   42255.76  0.0658348    16.9151   119.4341    88.9361    24.7283
    665.00   42252.94  0.0659298    16.9257   117.7838    89.1870    24.6281
    675.00   42252.64  0.0659111    16.9385   116.4338    89.2873    24.5215
    685.00   42253.54  0.0659883    16.9491   115.0862    89.4664    24.4176
    695.00   42252.43  0.0660610    16.9563   113.6113    89.8128    24.3249
    705.00   42251.24  0.0662060    16.9656   112.2947    89.9823    24.2381
    715.00   42252.71  0.0663681    16.9746   110.8288    90.2309    24.1443
    725.00   42254.95  0.0663031    16.9784   109.0978    90.6280    24.0455
    735.00   42255.20  0.0664035    16.9819   107.2746    90.9461    23.9575
    745.00   42255.09  0.0665443    16.9870   105.2682    91.3049    23.8658
    755.00   42257.30  0.0663813    16.9908   103.1786    91.6294    23.7554
    765.00   42258.83  0.0663279    16.9930   100.9408    91.9832    23.6493
    775.00   42257.43  0.0663286    16.9956    98.5916    92.4183    23.5466
    785.00   42256.22  0.0662070    17.0021    96.5256    92.6158    23.4326
    795.00   42256.58  0.0661205    17.0086    94.4848    92.8647    23.3137
    805.00   42256.41  0.0659561    17.0129    92.4378    93.2595    23.1963
    815.00   42253.87  0.0659533    17.0213    90.7822    93.4102    23.0879
    825.00   42252.64  0.0659969    17.0327    89.2756    93.5673    22.9761
    835.00   42253.43  0.0658193    17.0412    87.8400    93.7999    22.8563
    845.00   42253.67  0.0658850    17.0495    86.4940    93.9966    22.7548
    855.00   42251.97  0.0660851    17.0607    85.1600    94.2035    22.6618
    865.00   42252.20  0.0660696    17.0712    83.9062    94.3213    22.5560
    875.00   42254.36  0.0661595    17.0785    82.4259    94.5525    22.4583
    885.00   42255.02  0.0663419    17.0846    80.6360    94.9477    22.3738
    895.00   42254.52  0.0664850    17.0925    78.9205    95.1268    22.2845
    905.00   42255.71  0.0666065    17.0987    76.9616    95.3937    22.1886
    915.00   42258.05  0.0665730    17.1004    74.6430    95.8945    22.0930
    925.00   42258.33  0.0666892    17.1035    72.3821    96.2462    22.0045
    935.00   42256.93  0.0668099    17.1088    70.1307    96.5784    21.9083
    945.00   42257.02  0.0665939    17.1112    67.8907    96.9712    21.7953
    955.00   42257.56  0.0665276    17.1127    65.7193    97.3757    21.6912
    965.00   42255.69  0.0665774    17.1171    63.6757    97.7925    21.5907
    975.00   42253.27  0.0663772    17.1235    62.0314    97.9983    21.4725
    985.00   42252.78  0.0662269    17.1289    60.4602    98.2631    21.3559
    995.00   42253.42  0.0661183    17.1335    58.8326    98.6986    21.2470
   1005.00   42252.19  0.0660735    17.1426    57.5849    98.8257    21.1387
   1015.00   42251.57  0.0660428    17.1531    56.3380    98.9514    21.0284
   1025.00   42253.13  0.0658365    17.1599    54.8913    99.2406    20.9155
   1035.00   42255.16  0.0659040    17.1681    53.4189    99.4278    20.8201
   1045.00   42254.94  0.0660759    17.1796    51.8349    99.5704    20.7298
   1055.00   42255.13  0.0659742    17.1883    50.1382    99.6992    20.6254
   1065.00   42257.17  0.0660380    17.1938    48.1541    99.9447    20.5342
   1075.00   42258.23  0.0662837    17.2006    45.9260   100.2967    20.4565
   1085.00   42257.24  0.0663689    17.2080    43.8655   100.4462    20.3650
   1095.00   42256.51  0.0664187    17.2121    41.6942   100.7035    20.2696
   1105.00   42257.30  0.0664507    17.2133    39.3112   101.2306    20.1809
   1115.00   42257.14  0.0665718    17.2169    37.2624   101.5453    20.0905
   1125.00   42254.80  0.0666292    17.2218    35.4080   101.8179    19.9896
   1135.00   42253.43  0.0663824    17.2230    33.5756   102.2474    19.8772
   1145.00   42253.86  0.0663333    17.2248    31.9194   102.6289    19.7741
   1155.00   42253.21  0.0664055    17.2312    30.4289   102.9383    19.6720
   1165.00   42251.60  0.0661449    17.2376    29.1472   103.1213    19.5507
   1175.00   42251.59  0.0659837    17.2424    27.7840   103.3589    19.4373
   1185.00   42253.59  0.0660139    17.2490    26.2125   103.7216    19.3375
   1195.00   42254.37  0.0659909    17.2592    24.8378   103.7864    19.2299
   1205.00   42254.38  0.0659704    17.2686    23.2750   103.8754    19.1238
   1215.00   42255.72  0.0658892    17.2743    21.3122   104.2113    19.0241
   1225.00   42258.10  0.0660587    17.2826    19.3693   104.3814    18.9346
   1235.00   42258.15  0.0662727    17.2929    17.3463   104.5120    18.8464
   1245.00   42256.98  0.0661778    17.2987    15.2063   104.7441    18.7461
   1255.00   42257.09  0.0662978    17.3022    12.9951   105.0575    18.6592
   1265.00   42257.32  0.0666019    17.3088    10.8113   105.4010    18.5812
   1275.00   42255.90  0.0666314    17.3147     8.9316   105.6034    18.4833
   1285.00   42253.61  0.0666269    17.3164     7.0771   105.9304    18.3854
   1295.00   42253.25  0.0667305    17.3179     5.1434   106.4746    18.2994
   1305.00   42253.75  0.0668290    17.3223     3.6067   106.7737    18.2031
   1315.00   42252.43  0.0668113    17.3262     2.1745   107.0519    18.0972
   1325.00   42251.37  0.0665837    17.3267     0.5469   107.5628    17.9903
   1335.00   42252.58  0.0665556    17.3292   359.0190   107.9469    17.8892
   1345.00   42253.99  0.0665960    17.3361   357.5058   108.2167    17.7862
   1355.00   42254.00  0.0662686    17.3413   355.8929   108.4810    17.6671
   1365.00   42254.16  0.0660768    17.3450   354.0850   108.7765    17.5590
   1375.00   42256.27  0.0661320    17.3527   352.0810   109.0926    17.4648
   1385.00   42257.93  0.0660222    17.3629   350.2182   109.1626    17.3558
   1395.00   42257.38  0.0659089    17.3705   348.2178   109.2709    17.2509
   1405.00   42256.79  0.0658793    17.3766   345.9420   109.6194    17.1618
   1415.00   42257.68  0.0660175    17.3859   343.9541   109.7353    17.0727
   1425.00   42257.31  0.0661735    17.3954   342.0802   109.8154    16.9829
   1435.00   42255.10  0.0660758    17.3997   340.1403   110.1115    16.8898
   1445.00   42253.51  0.0662165    17.4032   338.3612   110.4068    16.8068
   1455.00   42253.52  0.0665086    17.4097   336.7303   110.6794    16.7280
   1465.00   42253.27  0.0664623    17.4140   335.2880   110.9126    16.6281
   1475.00   42251.45  0.0664326    17.4139   333.7839   111.2764    16.5315
   1485.00   42251.33  0.0665686    17.4160   332.1421   111.7675    16.4477
   1495.00   42253.28  0.0665880    17.4208   330.7253   112.0186    16.3456
   1505.00   42253.96  0.0664864    17.4234   329.1882   112.2845    16.2351
   1515.00   42253.76  0.0663214    17.4245   327.2547   112.7941    16.1348
   1525.00   42254.98  0.0663023    17.4290   325.3915   113.0957    16.0339
   1535.00   42257.18  0.0663084    17.4368   323.4960   113.2688    15.9277
   1545.00   42257.81  0.0660192    17.4417   321.3764   113.5559    15.8149
   1555.00   42256.71  0.0659150    17.4460   319.2077   113.8253    15.7142
   1565.00   42256.97  0.0660426    17.4553   317.0716   114.0391    15.6238
   1575.00   42257.91  0.0659427    17.4649   315.1628   114.1126    15.5165
   1585.00   42256.51  0.0658775    17.4703   313.2837   114.2582    15.4157
   1595.00   42254.29  0.0659986    17.4767   311.3387   114.5922    15.3352
   1605.00   42253.82  0.0661486    17.4856   309.8033   114.7045    15.2444
   1615.00   42254.03  0.0662781    17.4925   308.4077   114.8070    15.1492
   1625.00   42252.69  0.0662815    17.4951   306.8123   115.2008    15.0629
   1635.00   42251.15  0.0664581    17.4984   305.3693   115.5138    14.9791
   1645.00   42252.01  0.0667203    17.5043   303.9611   115.7712    14.8929
   1655.00   42253.74  0.0666373    17.5066   302.4171   116.1125    14.7924
   1665.00   42253.44  0.0666360    17.5056   300.6852   116.5293    14.6971
   1675.00   42253.60  0.0667945    17.5086   298.7321   116.9969    14.6124
   1685.00   42256.00  0.0667255    17.5134   296.8390   117.2815    14.5064
   1695.00   42257.73  0.0665856    17.5146   294.7658   117.6023    14.3952
   1705.00   42257.41  0.0664953    17.5165   292.3611   118.1224    14.3015
   1715.00   42256.85  0.0664379    17.5225   290.1698   118.4117    14.2005
   1725.00   42257.87  0.0663581    17.5296   288.1040   118.5916    14.0899
   1735.00   42257.97  0.0660962    17.5338   285.9238   118.9502    13.9847
   1745.00   42255.44  0.0660017    17.5390   283.9710   119.2150    13.8884
   1755.00   42253.83  0.0660727    17.5488   282.2525   119.3871    13.7956
   1765.00   42254.26  0.0658877    17.5570   280.7407   119.5245    13.6895
   1775.00   42253.64  0.0658069    17.5613   279.3219   119.6933    13.5928
   1785.00   42251.81  0.0659480    17.5683   277.8565   119.9692    13.5154
   1795.00   42251.53  0.0660018    17.5770   276.6333   120.0724    13.4228
   1805.00   42253.38  0.0660483    17.5816   275.3676   120.1889    13.3254
   1815.00   42254.03  0.0661228    17.5839   273.7137   120.5769    13.2467
   1825.00   42253.26  0.0662779    17.5879   272.0785   120.8453    13.1636
   1835.00   42254.54  0.0664578    17.5928   270.3415   121.0639    13.0706
   1845.00   42256.99  0.0663794    17.5936   268.2503   121.4719    12.9754
   1855.00   42257.32  0.0663974    17.5931   266.0591   121.8579    12.8831
   1865.00   42256.34  0.0665430    17.5972   263.7661   122.2449    12.7945
   1875.00   42257.24  0.0663863    17.6016   261.5422   122.5602    12.6865
   1885.00   42258.37  0.0662397    17.6023   259.3665   122.8705    12.5762
   1895.00   42257.24  0.0662146    17.6059   257.1348   123.2977    12.4853
   1905.00   42254.80  0.0661135    17.6138   255.2711   123.5249    12.3822
   1915.00   42254.59  0.0660051    17.6201   253.6485   123.6788    12.2683
   1925.00   42254.82  0.0658620    17.6244   251.9661   124.0115    12.1713
   1935.00   42252.64  0.0658351    17.6313   250.5578   124.2011    12.0796
   1945.00   42250.98  0.0659285    17.6408   249.2964   124.3204    11.9834
   1955.00   42252.13  0.0658123    17.6468   247.9598   124.5319    11.8831
   1965.00   42253.46  0.0658278    17.6501   246.6077   124.7114    11.7928
   1975.00   42253.09  0.0660435    17.6569   245.0711   124.9525    11.7150
   1985.00   42253.39  0.0660765    17.6639   243.4870   125.1331    11.6203
   1995.00   42256.12  0.0661347    17.6656   241.7330   125.3326    11.5221
   2005.00   42257.91  0.0662914    17.6677   239.5931   125.7256    11.4451
   2015.00   42256.87  0.0664137    17.6724   237.4722   126.0057    11.3587
   2025.00   42256.81  0.0665293    17.6758   235.3150   126.2693    11.2569
   2035.00   42258.01  0.0665143    17.6762   232.9107   126.7441    11.1653
   2045.00   42257.80  0.0665390    17.6771   230.6824   127.1129    11.0746
   2055.00   42255.19  0.0666488    17.6822   228.5794   127.4669    10.9786
   2065.00   42254.31  0.0664780    17.6856   226.5654   127.8842    10.8723
   2075.00   42254.98  0.0663498    17.6859   224.7964   128.2270    10.7658
   2085.00   42254.28  0.0663423    17.6907   223.0975   128.6123    10.6749
   2095.00   42251.90  0.0661621    17.6986   221.6328   128.8931    10.5701
   2105.00   42251.95  0.0660106    17.7029   220.3084   129.1118    10.4554
   2115.00   42253.70  0.0659060    17.7070   218.8252   129.4473    10.3634
   2125.00   42253.23  0.0658071    17.7152   217.4488   129.6194    10.2727
   2135.00   42252.42  0.0658097    17.7236   216.0270   129.7408    10.1709
   2145.00   42254.12  0.0657099    17.7282   214.2983   130.0069    10.0765
   2155.00   42256.64  0.0657044    17.7322   212.5310   130.1520     9.9921
   2165.00   42256.80  0.0658692    17.7395   210.5815   130.3223     9.9114
   2175.00   42256.27  0.0658552    17.7451   208.4763   130.5573     9.8180
   2185.00   42257.78  0.0659174    17.7456   206.3575   130.7661     9.7244
   2195.00   42259.03  0.0660909    17.7481   204.0991   131.0905     9.6486
   2205.00   42256.85  0.0661325    17.7534   201.9825   131.3676     9.5591
   2215.00   42254.87  0.0662039    17.7549   200.0089   131.6535     9.4530
   2225.00   42254.77  0.0662464    17.7550   197.9805   132.1117     9.3635
   2235.00   42254.65  0.0662191    17.7579   196.2640   132.4256     9.2723
   2245.00   42252.08  0.0662520    17.7631   194.7071   132.7306     9.1665
   2255.00   42251.12  0.0661170    17.7659   193.0953   133.1715     9.0625
   2265.00   42252.65  0.0660107    17.7671   191.6959   133.4554     8.9608
   2275.00   42253.56  0.0659983    17.7737   190.2665   133.7292     8.8665
   2285.00   42252.60  0.0658129    17.7811   188.7446   134.0203     8.7627
   2295.00   42253.26  0.0657242    17.7841   187.2146   134.2212     8.6528
   2305.00   42256.14  0.0657239    17.7888   185.4455   134.4737     8.5658
   2315.00   42256.71  0.0656234    17.7976   183.6116   134.6328     8.4759
   2325.00   42255.74  0.0656537    17.8040   181.6916   134.7703     8.3719
   2335.00   42256.40  0.0656951    17.8070   179.5088   135.0565     8.2827
   2345.00   42258.22  0.0657193    17.8118   177.4386   135.1951     8.2015
   2355.00   42257.66  0.0658667    17.8188   175.3727   135.3668     8.1128
   2365.00   42255.50  0.0659103    17.8224   173.2404   135.6966     8.0188
   2375.00   42255.18  0.0660257    17.8224   171.3534   135.9299     7.9278
   2385.00   42255.95  0.0662053    17.8257   169.5386   136.2256     7.8468
   2395.00   42253.82  0.0662062    17.8306   167.8213   136.5815     7.7520
   2405.00   42251.53  0.0662953    17.8306   166.2769   136.9186     7.6445
   2415.00   42251.77  0.0664041    17.8307   164.6780   137.3586     7.5550
   2425.00   42253.06  0.0663183    17.8351   163.2012   137.6996     7.4621
   2435.00   42252.14  0.0663014    17.8393   161.7006   138.0490     7.3503
   2445.00   42251.96  0.0662332    17.8408   159.9462   138.5348     7.2486
   2455.00   42254.38  0.0661107    17.8432   158.2704   138.8174     7.1524
   2465.00   42256.57  0.0660218    17.8504   156.4444   139.0927     7.0522
   2475.00   42256.26  0.0658187    17.8565   154.3539   139.4671     6.9498
   2485.00   42256.06  0.0657308    17.8588   152.3251   139.6811     6.8462
   2495.00   42258.09  0.0656986    17.8645   150.2142   139.8829     6.7591
   2505.00   42258.21  0.0655061    17.8734   148.0680   140.0943     6.6681
   2515.00   42256.04  0.0654922    17.8783   146.0523   140.2573     6.5639
   2525.00   42254.73  0.0655763    17.8809   144.0506   140.4931     6.4780
   2535.00   42255.37  0.0655240    17.8870   142.2984   140.6148     6.3976
   2545.00   42254.78  0.0655919    17.8934   140.6711   140.7869     6.3024
   2555.00   42252.30  0.0656843    17.8953   139.0061   141.1309     6.2094
   2565.00   42251.72  0.0657923    17.8957   137.6210   141.3138     6.1233
   2575.00   42253.37  0.0659147    17.8997   136.2331   141.5592     6.0362
   2585.00   42252.94  0.0658966    17.9033   134.6744   141.9696     5.9382
   2595.00   42251.75  0.0659968    17.9020   133.1735   142.2886     5.8336
   2605.00   42252.85  0.0661123    17.9026   131.5184   142.6366     5.7435
   2615.00   42255.29  0.0659563    17.9080   129.6971   143.0002     5.6471
   2625.00   42255.64  0.0659098    17.9111   127.7566   143.3536     5.5325
   2635.00   42255.14  0.0659174    17.9121   125.5835   143.7721     5.4329
   2645.00   42256.76  0.0657544    17.9169   123.5003   143.9925     5.3403
   2655.00   42258.55  0.0656285    17.9245   121.3523   144.2385     5.2348
   2665.00   42257.50  0.0655067    17.9297   119.0600   144.6149     5.1331
   2675.00   42255.59  0.0654761    17.9325   117.0945   144.7492     5.0380
   2685.00   42255.89  0.0654668    17.9392   115.2595   144.8751     4.9483
   2695.00   42255.68  0.0653237    17.9471   113.4191   145.1371     4.8549
   2705.00   42253.40  0.0653959    17.9501   111.8469   145.3104     4.7533
   2715.00   42251.52  0.0655751    17.9522   110.4008   145.4841     4.6679
   2725.00   42252.26  0.0655270    17.9585   109.0403   145.6564     4.5838
   2735.00   42253.11  0.0656132    17.9630   107.6742   145.9015     4.4819
   2745.00   42251.90  0.0658103    17.9630   106.1527   146.2687     4.3878
   2755.00   42252.06  0.0659013    17.9644   104.7357   146.4541     4.3030
   2765.00   42254.69  0.0659792    17.9687   103.1188   146.7338     4.2075
   2775.00   42255.92  0.0660022    17.9709   101.1154   147.2328     4.1063
   2785.00   42255.40  0.0661188    17.9696    99.1476   147.5510     4.0070
   2795.00   42255.92  0.0662039    17.9714    97.0549   147.8592     3.9147
   2805.00   42257.80  0.0660263    17.9767    94.7093   148.3137     3.8151
   2815.00   42258.02  0.0659911    17.9785    92.3919   148.7268     3.7018
   2825.00   42256.00  0.0660366    17.9793    90.1228   149.1050     3.6039
   2835.00   42255.52  0.0657979    17.9854    88.0514   149.3673     3.5106
   2845.00   42256.24  0.0656190    17.9922    86.0905   149.6786     3.4000
   2855.00   42254.94  0.0655437    17.9959    84.1616   150.0887     3.2970
   2865.00   42252.58  0.0654392    17.9999    82.6888   150.1929     3.2066
   2875.00   42252.33  0.0653349    18.0072    81.3556   150.3028     3.1117
   2885.00   42253.22  0.0651824    18.0139    79.8715   150.6226     3.0145
   2895.00   42252.63  0.0652473    18.0160    78.5993   150.7613     2.9186
   2905.00   42251.60  0.0653825    18.0186    77.3498   150.8428     2.8336
   2915.00   42253.02  0.0652848    18.0245    75.8755   151.0431     2.7468
   2925.00   42255.36  0.0653815    18.0271    74.2228   151.3093     2.6447
   2935.00   42255.33  0.0656322    18.0259    72.3606   151.6170     2.5528
   2945.00   42255.34  0.0656510    18.0282    70.4692   151.7920     2.4684
   2955.00   42257.25  0.0656775    18.0319    68.3489   152.0988     2.3671
   2965.00   42258.51  0.0657591    18.0325    65.9134   152.6283     2.2631
   2975.00   42257.52  0.0658346    18.0321    63.7177   152.8986     2.1679
   2985.00   42256.10  0.0658296    18.0354    61.6039   153.1530     2.0707
   2995.00   42256.38  0.0656466    18.0403    59.3514   153.6398     1.9655
   3005.00   42256.25  0.0656381    18.0417    57.3735   154.0059     1.8552
   3015.00   42253.74  0.0656822    18.0436    55.6680   154.2506     1.7578
   3025.00   42252.31  0.0654129    18.0505    54.0959   154.4980     1.6615
   3035.00   42253.05  0.0652806    18.0562    52.6210   154.7903     1.5493
   3045.00   42253.14  0.0653443    18.0584    51.1576   155.1156     1.4474
   3055.00   42252.16  0.0652336    18.0634    49.9432   155.1806     1.3592
   3065.00   42252.36  0.0651434    18.0701    48.6611   155.2887     1.2603
   3075.00   42254.59  0.0651318    18.0744    46.9999   155.6541     1.1588
   3085.00   42255.77  0.0652505    18.0761    45.4360   155.7670     1.0681
   3095.00   42255.29  0.0653832    18.0791    43.7763   155.8322     0.9805
   3105.00   42256.17  0.0653127    18.0841    41.7308   156.1282     0.8870
   3115.00   42258.20  0.0654818    18.0851    39.5771   156.4291     0.7859
   3125.00   42258.21  0.0657817    18.0839    37.3819   156.7081     0.6940
   3135.00   42256.81  0.0657528    18.0871    35.2215   156.9451     0.6056
   3145.00   42256.53  0.0657810    18.0900    33.0184   157.3213     0.4995
   3155.00   42256.93  0.0659563    18.0892    30.7580   157.8650     0.3936
   3165.00   42255.78  0.0659898    18.0899    28.8970   158.1425     0.2996
   3175.00   42253.30  0.0659144    18.0938    27.2034   158.4325     0.1971
   3185.00   42252.83  0.0657655    18.0973    25.3743   158.9931     0.0861
   3195.00   42253.51  0.0657602    18.0981    23.8476   159.3462   359.9797
   3205.00   42252.55  0.0657407    18.1008    22.5061   159.5614   359.8810
   3215.00   42251.74  0.0654143    18.1073    21.0334   159.8842   359.7795
   3225.00   42253.15  0.0652809    18.1113    19.5112   160.2040   359.6680
   3235.00   42255.10  0.0653579    18.1129    17.9162   160.4641   359.5679
   3245.00   42255.65  0.0651587    18.1185    16.3150   160.5574   359.4790
   3255.00   42255.62  0.0650053    18.1246    14.5354   160.7026   359.3775
   3265.00   42257.47  0.0650617    18.1269    12.4026   161.0566   359.2754
   3275.00   42258.80  0.0651225    18.1290    10.4231   161.1341   359.1891
   3285.00   42257.78  0.0651815    18.1327     8.4519   161.1834   359.0998
   3295.00   42256.57  0.0651269    18.1362     6.1965   161.5434   359.0007
   3305.00   42256.83  0.0653021    18.1361     4.1254   161.7982   358.9039
   3315.00   42256.63  0.0655799    18.1353     2.2384   162.0058   358.8119
   3325.00   42254.54  0.0654867    18.1385     0.4160   162.2952   358.7169
   3335.00   42253.06  0.0655156    18.1398   358.6661   162.6842   358.6086
   3345.00   42253.43  0.0657261    18.1378   356.9687   163.1518   358.5018
   3355.00   42253.67  0.0656734    18.1395   355.5515   163.4025   358.4052
   3365.00   42252.15  0.0655344    18.1434   354.1333   163.7014   358.2971
   3375.00   42252.05  0.0654422    18.1452   352.4447   164.2428   358.1823
   3385.00   42253.92  0.0654108    18.1464   350.9386   164.4969   358.0793
   3395.00   42254.97  0.0653486    18.1504   349.4208   164.6358   357.9790
   3405.00   42254.78  0.0650610    18.1562   347.5417   164.9783   357.8729
   3415.00   42255.82  0.0650079    18.1589   345.6037   165.2329   357.7655
   3425.00   42257.99  0.0651469    18.1606   343.6407   165.3824   357.6682
   3435.00   42258.75  0.0649846    18.1663   341.6135   165.4957   357.5764
   3445.00   42257.30  0.0649143    18.1710   339.5128   165.6850   357.4731
   3455.00   42256.97  0.0651053    18.1716   337.3287   166.0073   357.3712
   3465.00   42257.24  0.0651779    18.1738   335.4417   166.1066   357.2837
   3475.00   42255.87  0.0652339    18.1776   333.7054   166.2135   357.1887
   3485.00   42253.32  0.0652796    18.1792   331.8000   166.6555   357.0831
   3495.00   42252.59  0.0654484    18.1785   330.2112   166.9118   356.9869
   3505.00   42253.24  0.0656863    18.1785   328.8153   167.1028   356.8920
   3515.00   42252.47  0.0655926    18.1811   327.2820   167.4956   356.7887
   3525.00   42251.57  0.0656468    18.1809   325.7414   167.9062   356.6805
   3535.00   42252.65  0.0658701    18.1786   324.1515   168.3253   356.5748
   3545.00   42254.82  0.0657599    18.1806   322.5595   168.6257   356.4741
   3555.00   42254.80  0.0656196    18.1835   320.7639   168.9958   356.3632
   3565.00   42254.68  0.0655955    18.1835   318.6394   169.5503   356.2479
   3575.00   42256.37  0.0655000    18.1848   316.6417   169.8121   356.1460
   3585.00   42258.03  0.0653639    18.1893   314.6210   169.9851   356.0428
   3595.00   42257.41  0.0651076    18.1939   312.2969   170.4039   355.9319
   3605.00   42256.50  0.0650252    18.1960   310.1504   170.6410   355.8276
   3615.00   42257.09  0.0650870    18.1986   308.2104   170.7393   355.7313
   3625.00   42257.40  0.0648783    18.2043   306.3135   170.8997   355.6344
   3635.00   42255.01  0.0648177    18.2076   304.5347   171.0963   355.5314
   3645.00   42253.12  0.0650193    18.2073   302.8715   171.3434   355.4324
