  -7305.00   42253.29  0.0224108     3.7680   344.5833   314.9038    93.7632
  -7295.00   42255.62  0.0225075     3.7920   343.0736   314.9172    93.7278
  -7285.00   42255.98  0.0223879     3.8230   341.3651   314.9952    93.6853
  -7275.00   42255.36  0.0223588     3.8479   339.5109   315.2182    93.5657
  -7265.00   42256.34  0.0225154     3.8619   337.5005   315.5293    93.4945
  -7255.00   42257.00  0.0225117     3.8812   335.8663   315.4420    93.4773
  -7245.00   42254.93  0.0225128     3.9010   334.2436   315.5374    93.3830
  -7235.00   42252.88  0.0225864     3.9132   332.2801   316.2420    93.1713
  -7225.00   42252.44  0.0226444     3.9255   330.8959   316.4789    92.9986
  -7215.00   42252.22  0.0227576     3.9398   329.7350   316.6400    92.8498
  -7205.00   42250.09  0.0227074     3.9591   328.2807   317.3613    92.5650
  -7195.00   42249.29  0.0227344     3.9764   327.0651   317.9596    92.2370
  -7185.00   42250.65  0.0228994     3.9905   325.8704   318.4860    91.9926
  -7175.00   42251.74  0.0228204     4.0166   324.7255   318.9059    91.7593
  -7165.00   42251.17  0.0227646     4.0451   323.3713   319.5162    91.4474
  -7155.00   42251.98  0.0228390     4.0660   321.6270   320.3516    91.1684
  -7145.00   42254.54  0.0227904     4.0928   320.1846   320.5791    91.0225
  -7135.00   42255.42  0.0227269     4.1255   318.5909   320.7926    90.8825
  -7125.00   42254.81  0.0226487     4.1540   316.4213   321.5037    90.6893
  -7115.00   42255.38  0.0226042     4.1779   314.5655   321.7142    90.5859
  -7105.00   42256.86  0.0226509     4.2021   312.8533   321.6617    90.5827
  -7095.00   42256.43  0.0225213     4.2301   310.9686   321.8769    90.5227
  -7085.00   42254.33  0.0224641     4.2511   309.2237   322.1002    90.4115
  -7075.00   42253.67  0.0225876     4.2632   307.5915   322.2938    90.3695
  -7065.00   42254.00  0.0225371     4.2823   306.3512   322.2368    90.3427
  -7055.00   42252.03  0.0224948     4.3016   305.1799   322.3820    90.2037
  -7045.00   42249.89  0.0225727     4.3111   303.7309   323.0028    90.0051
  -7035.00   42249.87  0.0225844     4.3239   302.7586   323.1653    89.8612
  -7025.00   42251.01  0.0226347     4.3421   301.9141   323.2582    89.6912
  -7015.00   42250.39  0.0226054     4.3605   300.5327   323.9827    89.3938
  -7005.00   42250.41  0.0226019     4.3786   299.2868   324.4511    89.1113
  -6995.00   42252.58  0.0227325     4.3972   297.9900   324.7652    88.9100
  -6985.00   42254.80  0.0226514     4.4261   296.4649   325.1794    88.6752
  -6975.00   42254.79  0.0225947     4.4561   294.7439   325.6591    88.3970
  -6965.00   42254.84  0.0226918     4.4785   292.6986   326.2617    88.1949
  -6955.00   42256.69  0.0226380     4.5086   290.9470   326.3693    88.1020
  -6945.00   42257.01  0.0225813     4.5438   289.1811   326.4874    87.9756
  -6935.00   42255.21  0.0225740     4.5699   287.0166   327.0674    87.8295
  -6925.00   42253.98  0.0225519     4.5931   285.3420   327.1335    87.7992
  -6915.00   42254.33  0.0226052     4.6194   283.9889   326.9839    87.8083
  -6905.00   42253.63  0.0225473     4.6440   282.4786   327.2429    87.7299
  -6895.00   42251.21  0.0225373     4.6611   281.2061   327.4246    87.6401
  -6885.00   42250.27  0.0226978     4.6732   280.0741   327.5493    87.6104
  -6875.00   42251.42  0.0226872     4.6918   279.1196   327.6258    87.5393
  -6865.00   42250.83  0.0226836     4.7097   278.1030   327.8961    87.3536
  -6855.00   42249.69  0.0228273     4.7183   276.7039   328.5397    87.1541
  -6845.00   42250.62  0.0228625     4.7333   275.5299   328.8127    87.0094
  -6835.00   42252.94  0.0228981     4.7563   274.3115   329.0616    86.7955
  -6825.00   42253.53  0.0229229     4.7753   272.4449   329.8885    86.4967
  -6815.00   42253.50  0.0229228     4.7951   270.6391   330.4104    86.2704
  -6805.00   42255.27  0.0230169     4.8205   268.8562   330.7153    86.1093
  -6795.00   42257.23  0.0229452     4.8509   266.8142   331.2477    85.8909
  -6785.00   42256.56  0.0228729     4.8798   264.7731   331.7235    85.6773
  -6775.00   42254.97  0.0229643     4.9033   262.6672   332.2073    85.5657
  -6765.00   42255.24  0.0228865     4.9336   260.9136   332.3892    85.5065
  -6755.00   42254.92  0.0227960     4.9662   259.3627   332.5435    85.3953
  -6745.00   42252.58  0.0228077     4.9875   257.5922   333.0785    85.2908
  -6735.00   42250.55  0.0227564     5.0082   256.3174   333.1751    85.2931
  -6725.00   42250.87  0.0227495     5.0343   255.3764   333.0902    85.2759
  -6715.00   42251.21  0.0226911     5.0545   254.1855   333.4392    85.1671
  -6705.00   42249.81  0.0226460     5.0683   253.1517   333.6220    85.0891
  -6695.00   42249.68  0.0227514     5.0828   252.1624   333.6947    85.0563
  -6685.00   42252.02  0.0227063     5.1014   251.0803   333.8610    84.9430
  -6675.00   42253.07  0.0226606     5.1178   249.8504   334.1012    84.7508
  -6665.00   42252.70  0.0227885     5.1276   248.2012   334.5835    84.5828
  -6655.00   42253.64  0.0227936     5.1451   246.6170   334.8180    84.4437
  -6645.00   42255.87  0.0227826     5.1701   244.9979   335.0225    84.2157
  -6635.00   42256.41  0.0228231     5.1888   242.8538   335.7069    83.9390
  -6625.00   42255.03  0.0228168     5.2097   240.8578   336.1055    83.7609
  -6615.00   42255.10  0.0228760     5.2409   239.0736   336.3027    83.6065
  -6605.00   42255.96  0.0228265     5.2720   237.1706   336.7819    83.3884
  -6595.00   42254.56  0.0227560     5.3000   235.4725   337.1261    83.2205
  -6585.00   42252.01  0.0228537     5.3281   233.9058   337.3995    83.1626
  -6575.00   42251.55  0.0227994     5.3601   232.6312   337.5552    83.1091
  -6565.00   42251.80  0.0227165     5.3907   231.5974   337.6285    83.0140
  -6555.00   42250.37  0.0227845     5.4107   230.3368   337.9784    82.9628
  -6545.00   42248.95  0.0227731     5.4310   229.3511   338.0278    82.9863
  -6535.00   42250.15  0.0227850     5.4561   228.5266   337.9471    82.9455
  -6525.00   42251.98  0.0228034     5.4721   227.2609   338.3043    82.8235
  -6515.00   42251.76  0.0228074     5.4829   225.9776   338.4910    82.7525
  -6505.00   42252.11  0.0229398     5.5001   224.6119   338.6011    82.6865
  -6495.00   42254.70  0.0229518     5.5185   222.9711   338.9391    82.5132
  -6485.00   42256.23  0.0229334     5.5336   221.2098   339.2702    82.3030
  -6475.00   42255.52  0.0230889     5.5480   219.1563   339.7414    82.1473
  -6465.00   42255.14  0.0231198     5.5703   217.1749   340.1201    81.9888
  -6455.00   42256.10  0.0231030     5.5976   215.3338   340.4414    81.7564
  -6445.00   42255.87  0.0231687     5.6180   213.2341   341.1031    81.5298
  -6435.00   42253.21  0.0231675     5.6417   211.4055   341.5313    81.4092
  -6425.00   42251.94  0.0232006     5.6759   209.9196   341.7899    81.2758
  -6415.00   42252.44  0.0231687     5.7051   208.3775   342.3305    81.0886
  -6405.00   42251.44  0.0230855     5.7290   207.0627   342.6899    80.9834
  -6395.00   42249.52  0.0231533     5.7587   205.8805   342.9390    80.9562
  -6385.00   42249.60  0.0230976     5.7885   204.7681   343.2181    80.8909
  -6375.00   42251.32  0.0229782     5.8129   203.7647   343.3765    80.7967
  -6365.00   42251.48  0.0230270     5.8319   202.4707   343.6698    80.7720
  -6355.00   42250.95  0.0229909     5.8520   201.1947   343.8053    80.7780
  -6345.00   42252.68  0.0229477     5.8750   199.9686   343.8052    80.7007
  -6335.00   42255.15  0.0229548     5.8885   198.2666   344.1505    80.5806
  -6325.00   42255.16  0.0229147     5.8990   196.5264   344.3283    80.5200
  -6315.00   42254.63  0.0229913     5.9187   194.8009   344.4141    80.4310
  -6305.00   42255.94  0.0229927     5.9367   192.8730   344.7706    80.2344
  -6295.00   42256.73  0.0229298     5.9498   191.0367   345.0382    80.0400
  -6285.00   42255.07  0.0230440     5.9686   189.1658   345.3666    79.9018
  -6275.00   42253.09  0.0230691     5.9941   187.4590   345.7242    79.7247
  -6265.00   42253.06  0.0230259     6.0207   186.0539   345.9836    79.4921
  -6255.00   42252.81  0.0230886     6.0433   184.5332   346.4683    79.3098
  -6245.00   42250.34  0.0230872     6.0712   183.2322   346.8100    79.2098
  -6235.00   42249.14  0.0231086     6.1074   182.2301   346.9816    79.0783
  -6225.00   42250.46  0.0231097     6.1361   181.0476   347.4108    78.9197
  -6215.00   42250.95  0.0230342     6.1598   179.9219   347.6579    78.8658
  -6205.00   42250.37  0.0231026     6.1921   178.7991   347.7823    78.8524
  -6195.00   42251.16  0.0230959     6.2209   177.5124   348.0217    78.7807
  -6185.00   42253.89  0.0229965     6.2399   176.1912   348.1256    78.7060
  -6175.00   42254.97  0.0230703     6.2599   174.5572   348.2953    78.7000
  -6165.00   42254.30  0.0230859     6.2803   172.8263   348.4479    78.6789
  -6155.00   42255.25  0.0230701     6.2992   171.1912   348.4818    78.5616
  -6145.00   42256.78  0.0231386     6.3120   169.2166   348.7886    78.4443
  -6135.00   42256.08  0.0231355     6.3242   167.2894   349.0299    78.3690
  -6125.00   42254.01  0.0232347     6.3462   165.5909   349.1819    78.2328
  -6115.00   42253.78  0.0233054     6.3650   163.8177   349.6213    78.0154
  -6105.00   42254.04  0.0232631     6.3789   162.2539   349.9684    77.8371
  -6095.00   42252.31  0.0233841     6.4036   160.7853   350.3379    77.7047
  -6085.00   42250.10  0.0234510     6.4330   159.4359   350.8082    77.5173
  -6075.00   42250.41  0.0234104     6.4581   158.3403   351.1443    77.3091
  -6065.00   42251.22  0.0234748     6.4836   157.0637   351.6185    77.1870
  -6055.00   42250.07  0.0234786     6.5144   155.7953   352.0469    77.1088
  -6045.00   42249.70  0.0234798     6.5483   154.6935   352.2787    76.9858
  -6035.00   42251.93  0.0234893     6.5738   153.2555   352.7109    76.8721
  -6025.00   42253.71  0.0233898     6.5960   151.6840   353.0320    76.8508
  -6015.00   42253.78  0.0234174     6.6268   150.0847   353.2082    76.8292
  -6005.00   42254.28  0.0234133     6.6519   148.2815   353.5135    76.7401
  -5995.00   42256.51  0.0232741     6.6659   146.4681   353.6819    76.6761
  -5985.00   42257.29  0.0232932     6.6862   144.5083   353.8748    76.6625
  -5975.00   42255.37  0.0232924     6.7076   142.5790   354.1100    76.6014
  -5965.00   42254.58  0.0232284     6.7224   140.9685   354.1735    76.4620
  -5955.00   42254.75  0.0232607     6.7362   139.2527   354.4168    76.3572
  -5945.00   42253.63  0.0232218     6.7518   137.6523   354.6952    76.2735
  -5935.00   42250.96  0.0232700     6.7741   136.4608   354.8125    76.1085
  -5925.00   42250.34  0.0233362     6.7931   135.2338   355.1476    75.9037
  -5915.00   42251.25  0.0232603     6.8084   134.1061   355.4467    75.7519
  -5905.00   42250.82  0.0233440     6.8366   133.0285   355.7326    75.6170
  -5895.00   42249.62  0.0234241     6.8678   131.9133   356.1205    75.4214
  -5885.00   42250.87  0.0233638     6.8912   130.8721   356.3556    75.2391
  -5875.00   42253.04  0.0234133     6.9202   129.4974   356.7053    75.1490
  -5865.00   42253.04  0.0234360     6.9552   127.9372   357.0901    75.0683
  -5855.00   42252.91  0.0234290     6.9869   126.5030   357.2220    74.9471
  -5845.00   42254.82  0.0234544     7.0123   124.7073   357.4999    74.8767
  -5835.00   42256.56  0.0233691     7.0367   122.7150   357.7936    74.8765
  -5825.00   42256.00  0.0233992     7.0666   120.8662   357.9087    74.8422
  -5815.00   42255.07  0.0234409     7.0887   118.9895   358.1065    74.7554
  -5805.00   42255.78  0.0233229     7.1001   117.2158   358.2324    74.7079
  -5795.00   42255.95  0.0233591     7.1203   115.4868   358.4063    74.6782
  -5785.00   42253.20  0.0234291     7.1418   113.9347   358.6460    74.5702
  -5775.00   42251.51  0.0233977     7.1528   112.7864   358.7008    74.4115
  -5765.00   42251.54  0.0234663     7.1683   111.5562   358.9269    74.3006
  -5755.00   42251.19  0.0234966     7.1894   110.2894   359.3211    74.1841
  -5745.00   42249.37  0.0235719     7.2121   109.3826   359.5027    73.9841
  -5735.00   42249.43  0.0236822     7.2333   108.3031   359.8322    73.7980
  -5725.00   42251.55  0.0236345     7.2537   107.0241     0.2512    73.6731
  -5715.00   42252.58  0.0237249     7.2856   105.6800     0.6319    73.5369
  -5705.00   42252.36  0.0238359     7.3172   104.1798     1.0539    73.3620
  -5695.00   42253.78  0.0237593     7.3391   102.6079     1.3464    73.2302
  -5685.00   42256.25  0.0237879     7.3692   100.6801     1.7595    73.1727
  -5675.00   42256.26  0.0238287     7.4042    98.5869     2.2446    73.0900
  -5665.00   42255.13  0.0237857     7.4297    96.7678     2.4208    72.9770
  -5655.00   42255.44  0.0237813     7.4526    94.7625     2.7013    72.9337
  -5645.00   42256.15  0.0236906     7.4778    92.6408     3.1354    72.9244
  -5635.00   42254.64  0.0236854     7.5039    90.9330     3.3315    72.8539
  -5625.00   42252.55  0.0237025     7.5228    89.4015     3.5131    72.7663
  -5615.00   42252.30  0.0235434     7.5343    87.9842     3.7109    72.7233
  -5605.00   42252.75  0.0235360     7.5551    86.6796     3.9547    72.6681
  -5595.00   42250.72  0.0235941     7.5762    85.5831     4.1811    72.5339
  -5585.00   42249.48  0.0235008     7.5854    84.7731     4.2091    72.3838
  -5575.00   42250.52  0.0235094     7.6020    83.7544     4.3961    72.2808
  -5565.00   42251.66  0.0235467     7.6272    82.5023     4.7993    72.1419
  -5555.00   42251.21  0.0235752     7.6481    81.5057     4.9116    71.9326
  -5545.00   42251.77  0.0236456     7.6699    80.2291     5.0997    71.7687
  -5535.00   42254.36  0.0235930     7.6957    78.5190     5.5186    71.6561
  -5525.00   42255.92  0.0236679     7.7290    76.7793     5.8520    71.5039
  -5515.00   42255.48  0.0237772     7.7608    74.9609     6.1343    71.3454
  -5505.00   42255.56  0.0236726     7.7846    73.0777     6.3573    71.2520
  -5495.00   42256.92  0.0236895     7.8172    71.0044     6.7198    71.2035
  -5485.00   42256.20  0.0237663     7.8528    68.9774     7.1225    71.1179
  -5475.00   42253.82  0.0237001     7.8750    67.4123     7.1883    71.0260
  -5465.00   42252.72  0.0236810     7.8971    65.8264     7.3497    71.0067
  -5455.00   42252.97  0.0236449     7.9240    64.1626     7.7608    70.9839
  -5445.00   42251.74  0.0236574     7.9458    63.0220     7.8743    70.8870
  -5435.00   42249.92  0.0236916     7.9616    62.0369     7.9266    70.8026
  -5425.00   42250.03  0.0235711     7.9751    60.9459     8.1312    70.7534
  -5415.00   42251.65  0.0236165     7.9961    59.8639     8.3875    70.6528
  -5405.00   42251.27  0.0237345     8.0165    58.8538     8.5614    70.4942
  -5395.00   42250.88  0.0236614     8.0268    57.8569     8.6146    70.3477
  -5385.00   42252.72  0.0236960     8.0471    56.4690     8.8813    70.2366
  -5375.00   42254.65  0.0238223     8.0767    54.7708     9.3390    70.0733
  -5365.00   42254.73  0.0238670     8.0977    53.2499     9.5074    69.8709
  -5355.00   42254.56  0.0239260     8.1207    51.4731     9.7289    69.7405
  -5345.00   42256.13  0.0239272     8.1529    49.2580    10.2933    69.6392
  -5335.00   42257.01  0.0240174     8.1853    47.2328    10.7120    69.4872
  -5325.00   42255.50  0.0241171     8.2142    45.3582    10.9949    69.3592
  -5315.00   42253.90  0.0239894     8.2394    43.4687    11.3439    69.3035
  -5305.00   42254.06  0.0239960     8.2709    41.6192    11.8085    69.2505
  -5295.00   42253.26  0.0240842     8.3025    40.0061    12.2213    69.1591
  -5285.00   42250.86  0.0239605     8.3206    38.8194    12.3499    69.0838
  -5275.00   42249.65  0.0238864     8.3408    37.5980    12.5830    69.0655
  -5265.00   42250.58  0.0238715     8.3677    36.2364    13.0596    69.0119
  -5255.00   42250.86  0.0238413     8.3851    35.2923    13.1942    68.8938
  -5245.00   42250.13  0.0238113     8.3984    34.3399    13.2424    68.8117
  -5235.00   42251.03  0.0236715     8.4158    33.0089    13.5544    68.7519
  -5225.00   42253.63  0.0236938     8.4364    31.6516    13.8270    68.6183
  -5215.00   42254.48  0.0237752     8.4553    30.2958    13.9420    68.4567
  -5205.00   42254.16  0.0236384     8.4683    28.7865    14.0273    68.3299
  -5195.00   42255.29  0.0236356     8.4913    26.9501    14.3171    68.2095
  -5185.00   42256.72  0.0237659     8.5220    24.9939    14.6838    68.0366
  -5175.00   42256.24  0.0237602     8.5426    23.3088    14.7814    67.8511
  -5165.00   42254.42  0.0237575     8.5671    21.5298    14.9510    67.7426
  -5155.00   42254.30  0.0237848     8.6038    19.5091    15.4699    67.6353
  -5145.00   42254.53  0.0238644     8.6354    17.9021    15.7768    67.4807
  -5135.00   42252.64  0.0239264     8.6622    16.5670    15.9108    67.3769
  -5125.00   42250.65  0.0237978     8.6921    15.1103    16.2637    67.3400
  -5115.00   42250.80  0.0238129     8.7236    13.7800    16.6554    67.2765
  -5105.00   42251.23  0.0239157     8.7516    12.6837    16.8937    67.1856
  -5095.00   42250.13  0.0237663     8.7693    11.7181    16.9767    67.1356
  -5085.00   42249.71  0.0236906     8.7892    10.5703    17.1829    67.1131
  -5075.00   42251.61  0.0237406     8.8147     9.2092    17.5502    67.0322
  -5065.00   42253.29  0.0237159     8.8286     8.0789    17.5867    66.9050
  -5055.00   42253.21  0.0236898     8.8403     6.7756    17.5874    66.8213
  -5045.00   42253.91  0.0236301     8.8618     4.9700    17.9433    66.7321
  -5035.00   42256.17  0.0237094     8.8823     3.2365    18.1824    66.5622
  -5025.00   42256.91  0.0238333     8.9004     1.5631    18.2583    66.3938
  -5015.00   42255.60  0.0237387     8.9198   359.6881    18.4742    66.2761
  -5005.00   42255.00  0.0237896     8.9471   357.7180    18.8701    66.1389
  -4995.00   42255.29  0.0239731     8.9786   355.8949    19.2406    65.9656
  -4985.00   42254.30  0.0239608     9.0008   354.3890    19.4179    65.8158
  -4975.00   42251.64  0.0239480     9.0276   352.8566    19.7333    65.7319
  -4965.00   42250.72  0.0240127     9.0651   351.2284    20.3149    65.6285
  -4955.00   42251.38  0.0240714     9.0930   350.0320    20.6336    65.4885
  -4945.00   42250.48  0.0240816     9.1154   348.9832    20.8098    65.4142
  -4935.00   42249.40  0.0239643     9.1464   347.5961    21.3091    65.3778
  -4925.00   42250.38  0.0239714     9.1746   346.2861    21.7538    65.2943
  -4915.00   42252.36  0.0240432     9.1958   345.1134    21.9565    65.1972
  -4905.00   42252.72  0.0238595     9.2141   343.7157    22.1867    65.1536
  -4895.00   42252.69  0.0237630     9.2343   342.0685    22.5250    65.1087
  -4885.00   42254.58  0.0238144     9.2573   340.2918    22.8832    64.9993
  -4875.00   42256.42  0.0237251     9.2700   338.6660    22.9600    64.8768
  -4865.00   42255.88  0.0236411     9.2824   336.9165    23.0377    64.7961
  -4855.00   42255.04  0.0235872     9.3065   334.8347    23.4541    64.6863
  -4845.00   42255.78  0.0236152     9.3262   333.0954    23.6444    64.5056
  -4835.00   42255.78  0.0236767     9.3422   331.6122    23.6440    64.3483
  -4825.00   42253.68  0.0235634     9.3666   329.9518    23.9243    64.2352
  -4815.00   42251.88  0.0235935     9.3961   328.4308    24.2891    64.0823
  -4805.00   42251.93  0.0237497     9.4256   327.2101    24.5181    63.9070
  -4795.00   42251.63  0.0236847     9.4505   326.1427    24.6679    63.7847
  -4785.00   42249.70  0.0236542     9.4807   324.9681    24.9847    63.7042
  -4775.00   42249.25  0.0237304     9.5185   323.6675    25.4709    63.5961
  -4765.00   42251.08  0.0237398     9.5450   322.6358    25.6639    63.4753
  -4755.00   42251.78  0.0237118     9.5669   321.5212    25.7743    63.4256
  -4745.00   42251.69  0.0236259     9.5993   319.8970    26.2412    63.3869
  -4735.00   42252.96  0.0236326     9.6252   318.3215    26.5672    63.2929
  -4725.00   42255.47  0.0236835     9.6408   316.8540    26.6022    63.2041
  -4715.00   42256.22  0.0235301     9.6608   315.0096    26.8230    63.1604
  -4705.00   42255.29  0.0234765     9.6816   313.0370    27.1318    63.0872
  -4695.00   42255.80  0.0235743     9.7004   311.1837    27.3460    62.9492
  -4685.00   42256.53  0.0234981     9.7141   309.4910    27.4070    62.8284
  -4675.00   42255.14  0.0234574     9.7298   307.8378    27.5128    62.7341
  -4665.00   42252.86  0.0234995     9.7562   306.0577    27.9344    62.5923
  -4655.00   42252.46  0.0235424     9.7770   304.7223    28.1167    62.4074
  -4645.00   42252.56  0.0236146     9.7941   303.6679    28.1328    62.2659
  -4635.00   42251.00  0.0235737     9.8242   302.3224    28.5446    62.1531
  -4625.00   42249.46  0.0236364     9.8557   301.1098    28.9713    61.9955
  -4615.00   42250.39  0.0237940     9.8816   300.1235    29.1913    61.8377
  -4605.00   42251.55  0.0237275     9.9092   298.9518    29.4899    61.7474
  -4595.00   42250.97  0.0237147     9.9408   297.5525    29.9315    61.6703
  -4585.00   42251.18  0.0238146     9.9739   295.9718    30.4475    61.5578
  -4575.00   42253.58  0.0237709     9.9972   294.4513    30.7194    61.4613
  -4565.00   42255.19  0.0237197    10.0178   292.7762    30.9347    61.4201
  -4555.00   42255.02  0.0236624    10.0482   290.6264    31.4929    61.3641
  -4545.00   42255.28  0.0236335    10.0704   288.6340    31.8574    61.2559
  -4535.00   42256.82  0.0236315    10.0819   286.8708    31.9296    61.1712
  -4525.00   42256.97  0.0234799    10.1029   284.8401    32.2621    61.1156
  -4515.00   42254.59  0.0234152    10.1247   282.9140    32.6469    61.0124
  -4505.00   42253.49  0.0234723    10.1393   281.3560    32.8431    60.8628
  -4495.00   42253.44  0.0233472    10.1549   279.9468    33.0028    60.7497
  -4485.00   42252.21  0.0232738    10.1742   278.6912    33.1760    60.6451
  -4475.00   42249.90  0.0233135    10.2000   277.4046    33.5715    60.4835
  -4465.00   42249.72  0.0232802    10.2209   276.4210    33.7585    60.3111
  -4455.00   42251.06  0.0232871    10.2396   275.6198    33.7576    60.1851
  -4445.00   42251.08  0.0232541    10.2724   274.3778    34.1609    60.0655
  -4435.00   42250.52  0.0232771    10.3043   273.1442    34.5179    59.9045
  -4425.00   42252.25  0.0233792    10.3277   272.0088    34.6216    59.7655
  -4415.00   42254.51  0.0233021    10.3583   270.4551    34.9133    59.6897
  -4405.00   42254.53  0.0232864    10.3924   268.6741    35.2902    59.6055
  -4395.00   42254.27  0.0233862    10.4214   266.7873    35.6570    59.4912
  -4385.00   42255.73  0.0233088    10.4447   264.8777    35.8953    59.4189
  -4375.00   42256.85  0.0232539    10.4670   262.9966    36.0428    59.3812
  -4365.00   42255.60  0.0232429    10.4953   260.8732    36.4909    59.3066
  -4355.00   42254.26  0.0231951    10.5145   259.0427    36.7651    59.1983
  -4345.00   42254.49  0.0231878    10.5244   257.6051    36.7592    59.1187
  -4335.00   42254.43  0.0230915    10.5460   256.0264    37.0413    59.0448
  -4325.00   42251.68  0.0230625    10.5679   254.6348    37.3647    58.9093
  -4315.00   42250.27  0.0231441    10.5797   253.6153    37.4779    58.7514
  -4305.00   42250.82  0.0230689    10.5979   252.5604    37.6684    58.6355
  -4295.00   42250.80  0.0230471    10.6229   251.5480    37.8766    58.5083
  -4285.00   42249.59  0.0231538    10.6482   250.4133    38.2349    58.3303
  -4275.00   42250.20  0.0231436    10.6710   249.2514    38.5050    58.1761
  -4265.00   42252.74  0.0231695    10.6945   248.1141    38.5888    58.0668
  -4255.00   42253.98  0.0232036    10.7288   246.4582    39.0448    57.9443
  -4245.00   42253.79  0.0232283    10.7594   244.6916    39.4691    57.7977
  -4235.00   42255.09  0.0233173    10.7805   243.0129    39.6307    57.6895
  -4225.00   42257.12  0.0232695    10.8110   240.9419    40.0342    57.6249
  -4215.00   42256.56  0.0232519    10.8436   238.8189    40.4799    57.5310
  -4205.00   42254.82  0.0233432    10.8656   236.8102    40.8544    57.4182
  -4195.00   42254.56  0.0232585    10.8868   234.8195    41.2373    57.3546
  -4185.00   42254.86  0.0231900    10.9099   233.0967    41.4859    57.3014
  -4175.00   42252.98  0.0231923    10.9338   231.3556    41.9592    57.1971
  -4165.00   42251.01  0.0231065    10.9508   229.8521    42.3500    57.0883
  -4155.00   42251.06  0.0230651    10.9617   228.7647    42.4470    57.0091
  -4145.00   42251.92  0.0229733    10.9838   227.5226    42.8072    56.9135
  -4135.00   42250.36  0.0228996    11.0051   226.3457    43.1886    56.7646
  -4125.00   42249.71  0.0229319    11.0153   225.4027    43.3244    56.6158
  -4115.00   42251.50  0.0228384    11.0351   224.2188    43.5813    56.5040
  -4105.00   42252.85  0.0227712    11.0631   222.9583    43.8203    56.3609
  -4095.00   42252.56  0.0228399    11.0857   221.5375    44.1047    56.1803
  -4085.00   42253.15  0.0227950    11.1088   219.8950    44.3966    56.0426
  -4075.00   42255.62  0.0227770    11.1372   218.3129    44.4633    55.9367
  -4065.00   42256.73  0.0228014    11.1713   216.3675    44.8180    55.8025
  -4055.00   42255.63  0.0227845    11.2010   214.3429    45.1952    55.6678
  -4045.00   42255.21  0.0228412    11.2236   212.5958    45.2781    55.5818
  -4035.00   42256.09  0.0228067    11.2551   210.6652    45.6056    55.5173
  -4025.00   42254.85  0.0227613    11.2866   208.8518    45.9731    55.4174
  -4015.00   42252.14  0.0228377    11.3048   207.3298    46.2121    55.3168
  -4005.00   42251.11  0.0227765    11.3249   205.8209    46.5497    55.2621
  -3995.00   42251.65  0.0227053    11.3491   204.6222    46.7383    55.1915
  -3985.00   42250.57  0.0227271    11.3681   203.4231    47.0769    55.0672
  -3975.00   42249.31  0.0226604    11.3830   202.2196    47.4365    54.9582
  -3965.00   42250.18  0.0226427    11.3968   201.3083    47.4815    54.8705
  -3955.00   42252.35  0.0226075    11.4191   200.1118    47.7761    54.7424
  -3945.00   42252.32  0.0225549    11.4402   198.7430    48.1333    54.5828
  -3935.00   42252.19  0.0226241    11.4525   197.4806    48.2248    54.4413
  -3925.00   42254.39  0.0226027    11.4760   195.8736    48.4784    54.3248
  -3915.00   42255.99  0.0225618    11.5070   194.1237    48.7547    54.1706
  -3905.00   42255.49  0.0226610    11.5288   192.3023    49.0188    54.0009
  -3895.00   42254.79  0.0226735    11.5526   190.2859    49.3718    53.8870
  -3885.00   42255.88  0.0226749    11.5850   188.4835    49.5220    53.7842
  -3875.00   42256.14  0.0227239    11.6161   186.5653    49.9036    53.6482
  -3865.00   42253.94  0.0227212    11.6418   184.6402    50.3873    53.5314
  -3855.00   42252.26  0.0227852    11.6651   183.1634    50.5462    53.4614
  -3845.00   42252.64  0.0227798    11.6943   181.6242    50.9421    53.3854
  -3835.00   42251.90  0.0227178    11.7212   180.1409    51.4385    53.2765
  -3825.00   42249.73  0.0227829    11.7358   178.9513    51.7321    53.1830
  -3815.00   42249.24  0.0227484    11.7543   177.6492    52.1567    53.1234
  -3805.00   42250.92  0.0226493    11.7783   176.4663    52.4798    53.0280
  -3795.00   42251.46  0.0226480    11.7932   175.1824    52.8693    52.8918
  -3785.00   42251.09  0.0225784    11.8062   173.6575    53.3401    52.7850
  -3775.00   42252.53  0.0225283    11.8240   172.3294    53.4634    52.6881
  -3765.00   42255.26  0.0224697    11.8452   170.6769    53.8019    52.5398
  -3755.00   42255.73  0.0223705    11.8648   168.7565    54.2494    52.3815
  -3745.00   42254.90  0.0223980    11.8799   167.0651    54.3423    52.2535
  -3735.00   42255.83  0.0223620    11.9053   165.1843    54.5821    52.1287
  -3725.00   42256.55  0.0222615    11.9362   163.2594    54.8926    51.9703
  -3715.00   42255.17  0.0223109    11.9572   161.5185    55.0992    51.8138
  -3705.00   42252.92  0.0223229    11.9821   159.7748    55.3873    51.7128
  -3695.00   42252.76  0.0222832    12.0171   158.3675    55.5004    51.6037
  -3685.00   42252.95  0.0223027    12.0459   156.9748    55.7946    51.4663
  -3675.00   42250.90  0.0222972    12.0689   155.5330    56.2320    51.3659
  -3665.00   42249.49  0.0223435    12.0955   154.5517    56.2848    51.3016
  -3655.00   42250.57  0.0223422    12.1231   153.4209    56.5724    51.2144
  -3645.00   42251.37  0.0222692    12.1455   152.0860    57.0534    51.1043
  -3635.00   42250.57  0.0223312    12.1598   150.9614    57.2275    51.0227
  -3625.00   42250.85  0.0223317    12.1780   149.5921    57.5268    50.9547
  -3615.00   42253.32  0.0222261    12.2003   148.0989    57.8343    50.8380
  -3605.00   42254.76  0.0222345    12.2126   146.4693    58.1352    50.6971
  -3595.00   42254.27  0.0222174    12.2250   144.5587    58.5343    50.5897
  -3585.00   42254.91  0.0221803    12.2470   142.8924    58.5959    50.4720
  -3575.00   42256.79  0.0221559    12.2680   141.0071    58.8750    50.3051
  -3565.00   42256.61  0.0220986    12.2868   138.9108    59.3468    50.1480
  -3555.00   42254.52  0.0221631    12.3079   137.3059    59.3750    50.0274
  -3545.00   42253.84  0.0221852    12.3360   135.6896    59.5699    49.8941
  -3535.00   42253.96  0.0221156    12.3660   134.0350    59.9599    49.7384
  -3525.00   42252.49  0.0222036    12.3876   132.6928    60.1778    49.6067
  -3515.00   42250.03  0.0222786    12.4132   131.3997    60.4639    49.5181
  -3505.00   42249.89  0.0222541    12.4468   130.3042    60.6708    49.4083
  -3495.00   42251.11  0.0222949    12.4708   129.1161    61.0466    49.2780
  -3485.00   42250.35  0.0223305    12.4894   127.7110    61.5807    49.1927
  -3475.00   42249.95  0.0223715    12.5159   126.6321    61.7090    49.1218
  -3465.00   42251.91  0.0223736    12.5397   125.2448    62.0763    49.0166
  -3455.00   42254.00  0.0223026    12.5561   123.4055    62.7323    48.9024
  -3445.00   42254.09  0.0223501    12.5713   121.7802    62.9765    48.8207
  -3435.00   42254.08  0.0223514    12.5898   119.9394    63.3100    48.7348
  -3425.00   42255.93  0.0222151    12.6096   117.8812    63.7803    48.6012
  -3415.00   42256.92  0.0221992    12.6212   115.8462    64.1639    48.4651
  -3405.00   42255.32  0.0221859    12.6346   113.7399    64.6019    48.3598
  -3395.00   42254.16  0.0220946    12.6584   112.0376    64.7330    48.2287
  -3385.00   42254.68  0.0220345    12.6781   110.3119    65.0524    48.0581
  -3375.00   42254.04  0.0219652    12.6947   108.4714    65.6054    47.9113
  -3365.00   42251.63  0.0219759    12.7198   107.3329    65.5969    47.7916
  -3355.00   42250.48  0.0219614    12.7485   106.2434    65.7281    47.6487
  -3345.00   42251.25  0.0218577    12.7753   104.9469    66.1683    47.4943
  -3335.00   42251.03  0.0219179    12.7988   103.9720    66.3000    47.3794
  -3325.00   42249.60  0.0219810    12.8263   102.9643    66.4527    47.2912
  -3315.00   42250.21  0.0219155    12.8584   101.8896    66.6230    47.1774
  -3305.00   42252.60  0.0219477    12.8802   100.5697    66.9239    47.0596
  -3295.00   42253.10  0.0220032    12.8979    98.9101    67.3702    46.9877
  -3285.00   42253.00  0.0220125    12.9243    97.4972    67.4069    46.9114
  -3275.00   42254.67  0.0220051    12.9452    95.7322    67.6936    46.7972
  -3265.00   42256.67  0.0219557    12.9568    93.4603    68.3522    46.6878
  -3255.00   42256.47  0.0219956    12.9734    91.6059    68.5021    46.6017
  -3245.00   42255.01  0.0220003    12.9924    89.7474    68.7012    46.4941
  -3235.00   42255.32  0.0218697    13.0087    87.7116    69.1756    46.3447
  -3225.00   42255.43  0.0218796    13.0218    85.9571    69.4634    46.2102
  -3215.00   42253.19  0.0219170    13.0387    84.3357    69.7644    46.0964
  -3205.00   42251.10  0.0218302    13.0639    83.1262    69.8491    45.9484
  -3195.00   42251.27  0.0218158    13.0840    81.9218    70.0959    45.7806
  -3185.00   42251.44  0.0218343    13.1014    80.5138    70.6191    45.6482
  -3175.00   42250.09  0.0218675    13.1300    79.7232    70.5693    45.5296
  -3165.00   42249.62  0.0218910    13.1585    78.8161    70.6749    45.3864
  -3155.00   42251.59  0.0218495    13.1807    77.3829    71.2311    45.2461
  -3145.00   42252.87  0.0219471    13.2051    76.1973    71.3764    45.1480
  -3135.00   42252.39  0.0220429    13.2322    74.8501    71.5455    45.0581
  -3125.00   42253.19  0.0219783    13.2584    73.1977    71.8789    44.9390
  -3115.00   42255.50  0.0220395    13.2771    71.3276    72.2543    44.8333
  -3105.00   42256.20  0.0221353    13.2936    69.1634    72.7807    44.7616
  -3095.00   42255.14  0.0221156    13.3176    67.3187    72.9381    44.6699
  -3085.00   42255.24  0.0221031    13.3351    65.2764    73.3290    44.5460
  -3075.00   42256.12  0.0220831    13.3439    62.8733    74.1250    44.4387
  -3065.00   42255.31  0.0221009    13.3614    61.1273    74.3599    44.3437
  -3055.00   42252.65  0.0220737    13.3807    59.5676    74.6074    44.2170
  -3045.00   42251.98  0.0219256    13.3934    57.8130    75.2340    44.0640
  -3035.00   42252.20  0.0219150    13.4079    56.4713    75.5596    43.9351
  -3025.00   42250.77  0.0219361    13.4275    55.2910    75.8415    43.8142
  -3015.00   42249.20  0.0217843    13.4510    54.3088    76.0220    43.6572
  -3005.00   42250.07  0.0217374    13.4704    53.2573    76.2681    43.4990
  -2995.00   42251.79  0.0217659    13.4890    51.8683    76.7613    43.3769
  -2985.00   42251.92  0.0217354    13.5184    50.9189    76.7007    43.2548
  -2975.00   42252.04  0.0217107    13.5459    49.7289    76.7632    43.1109
  -2965.00   42254.33  0.0216750    13.5653    47.8504    77.3318    42.9852
  -2955.00   42256.19  0.0217414    13.5910    46.2766    77.3973    42.8944
  -2945.00   42255.53  0.0218085    13.6188    44.6081    77.4572    42.7985
  -2935.00   42255.09  0.0217149    13.6402    42.5788    77.8321    42.6797
  -2925.00   42255.96  0.0217687    13.6582    40.6167    78.0982    42.5861
  -2915.00   42256.03  0.0218847    13.6756    38.5685    78.5033    42.5126
  -2905.00   42253.82  0.0218199    13.6968    36.9320    78.6412    42.4063
  -2895.00   42252.58  0.0218041    13.7116    35.2940    78.9441    42.2816
  -2885.00   42252.87  0.0218257    13.7197    33.4024    79.6512    42.1756
  -2875.00   42252.50  0.0218332    13.7377    32.2382    79.7742    42.0670
  -2865.00   42250.25  0.0217974    13.7568    31.2051    79.9208    41.9220
  -2855.00   42249.86  0.0216822    13.7676    29.7949    80.5219    41.7678
  -2845.00   42251.28  0.0217010    13.7843    28.7530    80.7214    41.6399
  -2835.00   42251.35  0.0217560    13.8077    27.7454    80.8420    41.5071
  -2825.00   42250.76  0.0216227    13.8300    26.5755    81.0477    41.3463
  -2815.00   42252.10  0.0216233    13.8498    25.2579    81.2292    41.2033
  -2805.00   42254.64  0.0217422    13.8714    23.5374    81.6279    41.0922
  -2795.00   42255.34  0.0217365    13.9000    22.0904    81.6086    40.9702
  -2785.00   42254.94  0.0217475    13.9247    20.4031    81.7212    40.8355
  -2775.00   42256.01  0.0217939    13.9415    18.0905    82.3702    40.7276
  -2765.00   42257.19  0.0218892    13.9656    16.2543    82.5090    40.6405
  -2755.00   42255.63  0.0219678    13.9907    14.5090    82.6392    40.5344
  -2745.00   42253.55  0.0218956    14.0060    12.4367    83.2267    40.4157
  -2735.00   42253.06  0.0219519    14.0217    10.7155    83.5742    40.3235
  -2725.00   42252.99  0.0220880    14.0395     9.0955    83.9867    40.2359
  -2715.00   42250.91  0.0219905    14.0566     7.7407    84.3186    40.1119
  -2705.00   42249.63  0.0219609    14.0695     6.4449    84.6969    39.9865
  -2695.00   42250.48  0.0220118    14.0787     4.8488    85.4340    39.8801
  -2685.00   42251.60  0.0219797    14.0966     3.8107    85.6284    39.7586
  -2675.00   42250.79  0.0219123    14.1145     2.7009    85.8604    39.6085
  -2665.00   42251.04  0.0218018    14.1241     0.9974    86.5863    39.4628
  -2655.00   42253.44  0.0217918    14.1415   359.6213    86.8129    39.3385
  -2645.00   42254.57  0.0218058    14.1660   358.2180    86.9180    39.1977
  -2635.00   42254.16  0.0216353    14.1854   356.4396    87.2709    39.0390
  -2625.00   42254.64  0.0215969    14.2047   354.6628    87.4663    38.9078
  -2615.00   42256.46  0.0217085    14.2291   352.7158    87.7459    38.7977
  -2605.00   42256.64  0.0216499    14.2561   351.0509    87.7557    38.6704
  -2595.00   42254.85  0.0216222    14.2787   349.3565    87.8441    38.5434
  -2585.00   42254.12  0.0216871    14.2962   347.2624    88.4231    38.4479
  -2575.00   42254.56  0.0217486    14.3197   345.8279    88.4819    38.3596
  -2565.00   42252.95  0.0217909    14.3425   344.5820    88.5286    38.2484
  -2555.00   42250.52  0.0217275    14.3543   342.9164    89.1524    38.1369
  -2545.00   42250.01  0.0217621    14.3684   341.6862    89.4287    38.0478
  -2535.00   42250.97  0.0218821    14.3863   340.5843    89.6565    37.9466
  -2525.00   42250.32  0.0217630    14.3991   339.3808    90.0279    37.8120
  -2515.00   42249.85  0.0217176    14.4102   338.1779    90.3249    37.6860
  -2505.00   42251.52  0.0218026    14.4220   336.6131    90.8774    37.5736
  -2495.00   42253.88  0.0217489    14.4396   335.3740    90.9867    37.4352
  -2485.00   42254.08  0.0216949    14.4570   333.9543    91.1140    37.2821
  -2475.00   42254.03  0.0216545    14.4686   331.8485    91.7740    37.1440
  -2465.00   42255.99  0.0216746    14.4883   330.1688    91.8753    37.0196
  -2455.00   42256.86  0.0217230    14.5136   328.5312    91.8673    36.8764
  -2445.00   42255.62  0.0216218    14.5315   326.4810    92.2801    36.7280
  -2435.00   42254.33  0.0216380    14.5502   324.6683    92.4780    36.6126
  -2425.00   42254.73  0.0218012    14.5756   322.9721    92.6627    36.5035
  -2415.00   42254.45  0.0217714    14.5987   321.5124    92.7839    36.3753
  -2405.00   42252.04  0.0217737    14.6168   320.1255    92.9723    36.2582
  -2395.00   42250.63  0.0219047    14.6338   318.4556    93.5759    36.1677
  -2385.00   42251.42  0.0219649    14.6542   317.3743    93.7212    36.0696
  -2375.00   42251.07  0.0220011    14.6723   316.3679    93.8630    35.9514
  -2365.00   42249.65  0.0219871    14.6816   314.7268    94.6459    35.8425
  -2355.00   42249.95  0.0220229    14.6941   313.4255    95.0260    35.7486
  -2345.00   42252.17  0.0221194    14.7110   312.1776    95.2621    35.6323
  -2335.00   42253.08  0.0220049    14.7209   310.4812    95.8294    35.4932
  -2325.00   42252.91  0.0219455    14.7302   308.7407    96.2568    35.3702
  -2315.00   42254.36  0.0220350    14.7446   306.7536    96.7787    35.2522
  -2305.00   42256.71  0.0219397    14.7607   304.9562    97.0209    35.1056
  -2295.00   42256.64  0.0218521    14.7760   303.1144    97.2195    34.9553
  -2285.00   42255.16  0.0218376    14.7895   300.7516    97.9204    34.8257
  -2275.00   42255.40  0.0218064    14.8096   299.0135    98.0610    34.6977
  -2265.00   42255.50  0.0218046    14.8335   297.5415    98.0408    34.5534
  -2255.00   42253.71  0.0217054    14.8501   295.6962    98.5446    34.4144
  -2245.00   42251.35  0.0216906    14.8688   294.2881    98.7491    34.3063
  -2235.00   42251.23  0.0218053    14.8944   293.1470    98.8323    34.1939
  -2225.00   42251.77  0.0217344    14.9144   292.0527    99.0103    34.0664
  -2215.00   42250.21  0.0217066    14.9296   290.9905    99.1960    33.9595
  -2205.00   42249.46  0.0218390    14.9477   289.6389    99.6649    33.8705
  -2195.00   42251.27  0.0218460    14.9656   288.6148    99.7844    33.7654
  -2185.00   42252.59  0.0218401    14.9793   287.5160    99.8687    33.6472
  -2175.00   42252.30  0.0218631    14.9882   285.6261   100.5895    33.5436
  -2165.00   42252.80  0.0218787    15.0001   284.0017   100.8936    33.4432
  -2155.00   42255.16  0.0219354    15.0149   282.4443   100.9893    33.3155
  -2145.00   42256.39  0.0218438    15.0232   280.3193   101.5422    33.1753
  -2135.00   42255.30  0.0217934    15.0324   278.3027   101.8957    33.0529
  -2125.00   42255.19  0.0218923    15.0492   276.3253   102.2047    32.9242
  -2115.00   42256.36  0.0218014    15.0647   274.5289   102.4196    32.7712
  -2105.00   42255.55  0.0217281    15.0788   272.9214   102.5317    32.6257
  -2095.00   42253.02  0.0217971    15.0959   271.0196   103.0685    32.5014
  -2085.00   42252.07  0.0217858    15.1167   269.7333   103.1753    32.3717
  -2075.00   42252.34  0.0218031    15.1379   268.7824   103.0884    32.2315
  -2065.00   42251.26  0.0218009    15.1538   267.3207   103.6169    32.1076
  -2055.00   42249.30  0.0218333    15.1717   266.2287   103.8385    32.0059
  -2045.00   42249.78  0.0219719    15.1941   265.2971   103.9102    31.8925
  -2035.00   42251.76  0.0219415    15.2095   264.0546   104.2587    31.7690
  -2025.00   42251.63  0.0219486    15.2209   262.7485   104.5427    31.6689
  -2015.00   42251.59  0.0221166    15.2376   261.1081   105.0098    31.5738
  -2005.00   42253.79  0.0221157    15.2520   259.5215   105.2981    31.4580
  -1995.00   42255.87  0.0221017    15.2611   257.8612   105.4939    31.3379
  -1985.00   42255.73  0.0221761    15.2704   255.5094   106.2363    31.2328
  -1975.00   42255.03  0.0221818    15.2821   253.4410   106.6444    31.1219
  -1965.00   42256.11  0.0222075    15.2945   251.6103   106.8121    30.9869
  -1955.00   42256.59  0.0221473    15.3022   249.3218   107.4866    30.8509
  -1945.00   42254.28  0.0220911    15.3119   247.3707   107.9240    30.7299
  -1935.00   42252.56  0.0221639    15.3286   245.6896   108.2448    30.5955
  -1925.00   42252.93  0.0220521    15.3425   244.1164   108.6457    30.4432
  -1915.00   42252.46  0.0219425    15.3545   242.8634   108.8546    30.3055
  -1905.00   42250.41  0.0220064    15.3729   241.4400   109.3356    30.1817
  -1895.00   42249.68  0.0219435    15.3927   240.3797   109.5554    30.0485
  -1885.00   42251.23  0.0218915    15.4103   239.5924   109.5039    29.9118
  -1875.00   42251.76  0.0219024    15.4268   238.1735   110.0061    29.7974
  -1865.00   42250.82  0.0218913    15.4447   236.9485   110.2192    29.6961
  -1855.00   42251.82  0.0219742    15.4643   235.8012   110.2159    29.5816
  -1845.00   42254.50  0.0219401    15.4774   234.0852   110.6187    29.4669
  -1835.00   42255.04  0.0219178    15.4876   232.3795   110.8401    29.3733
  -1825.00   42254.44  0.0220646    15.5029   230.4496   111.1554    29.2747
  -1815.00   42255.52  0.0220352    15.5144   228.4601   111.4870    29.1551
  -1805.00   42256.95  0.0219885    15.5203   226.6409   111.6249    29.0380
  -1795.00   42256.11  0.0220737    15.5299   224.4318   112.1830    28.9293
  -1785.00   42253.78  0.0220571    15.5413   222.5535   112.5503    28.8067
  -1775.00   42253.54  0.0220543    15.5510   221.1205   112.6288    28.6655
  -1765.00   42253.68  0.0220377    15.5596   219.3421   113.1973    28.5313
  -1755.00   42251.40  0.0219850    15.5713   217.9498   113.5340    28.4064
  -1745.00   42249.51  0.0220634    15.5878   216.8618   113.6960    28.2667
  -1735.00   42250.30  0.0220015    15.6011   215.6152   114.1008    28.1196
  -1725.00   42251.23  0.0219179    15.6132   214.6183   114.2495    27.9923
  -1715.00   42250.60  0.0220273    15.6320   213.3956   114.5603    27.8716
  -1705.00   42250.62  0.0220066    15.6501   212.1444   114.8283    27.7409
  -1695.00   42253.21  0.0219763    15.6633   211.0416   114.7978    27.6150
  -1685.00   42254.88  0.0220627    15.6788   209.2847   115.2263    27.5088
  -1675.00   42254.20  0.0220792    15.6949   207.5407   115.5033    27.4057
  -1665.00   42254.58  0.0221722    15.7092   205.9331   115.5272    27.2890
  -1655.00   42256.37  0.0222116    15.7197   203.7456   116.0353    27.1796
  -1645.00   42256.48  0.0221958    15.7287   201.7552   116.3288    27.0835
  -1635.00   42254.44  0.0223519    15.7413   199.8030   116.6371    26.9754
  -1625.00   42253.83  0.0223549    15.7501   197.7578   117.1637    26.8518
  -1615.00   42254.42  0.0223064    15.7543   196.1363   117.4083    26.7353
  -1605.00   42253.47  0.0224019    15.7638   194.3573   117.9525    26.6214
  -1595.00   42250.73  0.0223832    15.7744   192.7721   118.4850    26.4905
  -1585.00   42250.41  0.0223631    15.7814   191.6609   118.6766    26.3500
  -1575.00   42251.45  0.0223709    15.7901   190.1831   119.2823    26.2200
  -1565.00   42250.56  0.0222879    15.8024   188.8720   119.7429    26.0921
  -1555.00   42249.53  0.0223289    15.8164   187.7849   119.9467    25.9508
  -1545.00   42251.14  0.0222814    15.8285   186.2720   120.4719    25.8113
  -1535.00   42253.44  0.0221483    15.8407   184.8983   120.7055    25.6898
  -1525.00   42253.77  0.0222089    15.8584   183.3199   120.9721    25.5693
  -1515.00   42253.67  0.0221663    15.8745   181.4933   121.3510    25.4409
  -1505.00   42255.77  0.0220831    15.8857   179.9115   121.3514    25.3245
  -1495.00   42257.23  0.0221360    15.9006   177.9039   121.6663    25.2226
  -1485.00   42255.65  0.0221057    15.9157   175.8953   121.9835    25.1169
  -1475.00   42254.33  0.0221468    15.9261   174.2985   121.9507    25.0029
  -1465.00   42254.56  0.0222009    15.9353   172.3302   122.3669    24.8993
  -1455.00   42254.27  0.0221342    15.9440   170.6519   122.6441    24.8006
  -1445.00   42251.57  0.0222505    15.9535   169.2516   122.8159    24.6855
  -1435.00   42250.41  0.0222784    15.9602   167.6617   123.3312    24.5627
  -1425.00   42251.28  0.0222023    15.9640   166.5290   123.5175    24.4460
  -1415.00   42251.41  0.0222799    15.9728   165.2602   123.9026    24.3251
  -1405.00   42249.76  0.0222699    15.9824   163.8840   124.4284    24.1882
  -1395.00   42250.16  0.0222429    15.9883   162.9082   124.5236    24.0499
  -1385.00   42252.51  0.0222718    15.9978   161.4754   124.9510    23.9221
  -1375.00   42252.93  0.0221943    16.0111   159.8874   125.3997    23.7914
  -1365.00   42252.39  0.0222409    16.0234   158.5264   125.4780    23.6529
  -1355.00   42253.82  0.0222639    16.0350   156.6627   125.8872    23.5244
  -1345.00   42256.18  0.0221418    16.0478   154.8484   126.1131    23.4094
  -1335.00   42256.21  0.0222188    16.0633   153.0069   126.2852    23.2912
  -1325.00   42254.91  0.0222497    16.0763   150.9304   126.6812    23.1699
  -1315.00   42255.34  0.0221950    16.0854   149.2915   126.6874    23.0619
  -1305.00   42256.02  0.0222737    16.0978   147.4782   126.9500    22.9605
  -1295.00   42253.72  0.0222897    16.1097   145.6342   127.3987    22.8497
  -1285.00   42251.36  0.0223533    16.1160   144.4076   127.4060    22.7361
  -1275.00   42251.07  0.0224602    16.1230   142.9284   127.7926    22.6315
  -1265.00   42251.45  0.0224031    16.1309   141.5017   128.2563    22.5241
  -1255.00   42249.66  0.0225182    16.1371   140.4031   128.4825    22.4021
  -1245.00   42249.12  0.0226055    16.1422   138.9569   129.0602    22.2800
  -1235.00   42251.04  0.0225158    16.1463   137.7322   129.3821    22.1626
  -1225.00   42252.71  0.0225784    16.1539   136.2855   129.8261    22.0368
  -1215.00   42252.31  0.0225923    16.1618   134.4719   130.4992    21.9012
  -1205.00   42252.88  0.0225422    16.1668   133.0166   130.6715    21.7688
  -1195.00   42255.49  0.0225469    16.1759   131.1180   131.1145    21.6436
  -1185.00   42256.12  0.0224535    16.1883   128.8882   131.7591    21.5121
  -1175.00   42254.86  0.0224558    16.1983   127.1083   131.8930    21.3777
  -1165.00   42254.69  0.0224695    16.2089   125.0598   132.2594    21.2562
  -1155.00   42255.85  0.0222933    16.2220   123.0366   132.6423    21.1420
  -1145.00   42255.16  0.0223103    16.2353   121.3122   132.8357    21.0232
  -1135.00   42252.73  0.0223412    16.2462   119.5415   133.2097    20.9082
  -1125.00   42251.99  0.0222233    16.2550   118.3005   133.2157    20.8054
  -1115.00   42252.76  0.0222460    16.2657   117.0078   133.4164    20.7032
  -1105.00   42251.20  0.0222619    16.2748   115.5654   133.8870    20.5928
  -1095.00   42249.31  0.0222793    16.2788   114.7707   133.7991    20.4839
  -1085.00   42249.77  0.0223565    16.2840   113.6815   134.0060    20.3800
  -1075.00   42251.50  0.0222936    16.2904   112.2180   134.5469    20.2673
  -1065.00   42251.25  0.0223783    16.2938   111.0787   134.6850    20.1434
  -1055.00   42251.23  0.0224853    16.2973   109.5257   135.0834    20.0222
  -1045.00   42253.55  0.0223615    16.3022   107.8762   135.4297    19.9019
  -1035.00   42255.80  0.0224048    16.3089   106.0565   135.8008    19.7711
  -1025.00   42255.52  0.0224554    16.3160   103.8696   136.3991    19.6377
  -1015.00   42254.96  0.0223747    16.3220   102.1503   136.4658    19.5106
  -1005.00   42256.39  0.0223684    16.3316   100.1630   136.7795    19.3865
   -995.00   42256.34  0.0223208    16.3431    97.8774   137.4256    19.2581
   -985.00   42254.10  0.0223297    16.3517    96.3490   137.4338    19.1320
   -975.00   42252.43  0.0223688    16.3613    94.7997   137.5930    19.0183
   -965.00   42252.77  0.0222394    16.3731    93.1184   138.0364    18.9058
   -955.00   42252.36  0.0222955    16.3827    91.8922   138.1882    18.7890
   -945.00   42250.17  0.0224016    16.3903    90.6615   138.4505    18.6798
   -935.00   42249.65  0.0222992    16.3976    89.6976   138.5223    18.5776
   -925.00   42251.45  0.0223527    16.4050    88.5836   138.7666    18.4702
   -915.00   42251.56  0.0224479    16.4104    87.1166   139.3064    18.3589
   -905.00   42250.78  0.0224652    16.4129    86.1443   139.2660    18.2506
   -895.00   42251.94  0.0225364    16.4166    84.7724   139.4859    18.1428
   -885.00   42254.40  0.0225299    16.4211    82.7233   140.2185    18.0257
   -875.00   42255.00  0.0226187    16.4228    81.0496   140.4386    17.9026
   -865.00   42254.36  0.0227324    16.4254    79.1140   140.7828    17.7834
   -855.00   42255.50  0.0226051    16.4303    76.8730   141.3577    17.6614
   -845.00   42257.02  0.0226453    16.4354    74.7192   141.8448    17.5302
   -835.00   42255.87  0.0227306    16.4409    72.4493   142.4756    17.4009
   -825.00   42253.75  0.0225900    16.4472    70.7208   142.6765    17.2775
   -815.00   42253.71  0.0225441    16.4559    68.9513   143.0718    17.1524
   -805.00   42253.52  0.0225169    16.4653    66.9506   143.8360    17.0265
   -795.00   42251.52  0.0224647    16.4728    65.8390   143.8711    16.9064
   -785.00   42249.70  0.0224330    16.4817    64.7718   143.9813    16.7952
   -775.00   42250.41  0.0222912    16.4917    63.3087   144.5473    16.6835
   -765.00   42251.50  0.0223110    16.4988    62.3109   144.6754    16.5709
   -755.00   42250.54  0.0223843    16.5046    61.2768   144.7808    16.4675
   -745.00   42250.74  0.0222243    16.5109    60.0951   144.9337    16.3666
   -735.00   42253.34  0.0222485    16.5156    58.7288   145.1494    16.2588
   -725.00   42254.68  0.0223670    16.5183    56.9552   145.5950    16.1511
   -715.00   42254.30  0.0223164    16.5199    55.5437   145.5298    16.0454
   -705.00   42254.74  0.0223341    16.5223    53.7924   145.6924    15.9342
   -695.00   42256.47  0.0223630    16.5248    51.3780   146.4270    15.8158
   -685.00   42256.75  0.0224232    16.5257    49.5604   146.5609    15.6944
   -675.00   42254.68  0.0224880    16.5282    47.7639   146.7204    15.5745
   -665.00   42254.04  0.0223677    16.5331    45.5956   147.3518    15.4499
   -655.00   42254.66  0.0224093    16.5374    43.8394   147.7341    15.3196
   -645.00   42253.30  0.0225203    16.5423    42.2234   148.1171    15.1951
   -635.00   42250.97  0.0223464    16.5493    40.9234   148.3338    15.0746
   -625.00   42250.63  0.0223051    16.5569    39.6890   148.6276    14.9512
   -615.00   42251.51  0.0223634    16.5640    38.1741   149.2522    14.8316
   -605.00   42250.95  0.0222964    16.5705    37.3595   149.1890    14.7198
   -595.00   42249.95  0.0222665    16.5776    36.4342   149.2041    14.6107
   -585.00   42251.40  0.0222085    16.5843    34.8203   149.7943    14.5014
   -575.00   42253.76  0.0222704    16.5884    33.6186   149.8394    14.3941
   -565.00   42253.78  0.0223731    16.5920    32.2939   149.8435    14.2924
   -555.00   42253.83  0.0222540    16.5959    30.4919   150.1643    14.1890
   -545.00   42255.82  0.0223255    16.5978    28.6392   150.4288    14.0794
   -535.00   42257.09  0.0225174    16.5984    26.5433   150.8416    13.9723
   -525.00   42256.07  0.0224576    16.5996    24.7291   150.9536    13.8648
   -515.00   42254.67  0.0224739    16.6008    22.8140   151.2377    13.7492
   -505.00   42254.95  0.0225684    16.6015    20.4596   152.0507    13.6307
   -495.00   42254.76  0.0226116    16.6021    18.8667   152.2486    13.5122
   -485.00   42252.10  0.0226374    16.6044    17.4264   152.4628    13.3913
   -475.00   42250.62  0.0225404    16.6077    15.5412   153.2647    13.2669
   -465.00   42251.39  0.0225756    16.6105    14.1802   153.6800    13.1405
   -455.00   42251.26  0.0226658    16.6145    12.9838   153.9926    13.0198
   -445.00   42250.10  0.0224625    16.6205    11.6599   154.4378    12.9007
   -435.00   42250.35  0.0223916    16.6262    10.3806   154.8191    12.7789
   -425.00   42252.60  0.0224705    16.6312     8.8087   155.3747    12.6648
   -415.00   42253.59  0.0223244    16.6371     7.5824   155.4310    12.5579
   -405.00   42253.04  0.0222285    16.6430     6.2011   155.5040    12.4496
   -395.00   42254.21  0.0221865    16.6471     4.0912   156.1362    12.3442
   -385.00   42256.40  0.0221841    16.6499     2.5075   156.1086    12.2441
   -375.00   42256.31  0.0222278    16.6526     0.9099   156.0220    12.1444
   -365.00   42254.96  0.0220972    16.6544   358.7758   156.4468    12.0415
   -355.00   42255.21  0.0221466    16.6541   356.9509   156.6245    11.9353
   -345.00   42255.74  0.0223307    16.6535   355.1889   156.8374    11.8301
   -335.00   42254.29  0.0222320    16.6537   353.5840   157.0291    11.7208
   -325.00   42251.81  0.0222203    16.6534   352.0827   157.3027    11.6025
   -315.00   42251.56  0.0223448    16.6526   350.3193   157.9825    11.4846
   -305.00   42251.99  0.0223270    16.6534   349.2197   158.1148    11.3671
   -295.00   42250.30  0.0223034    16.6555   348.1958   158.2610    11.2440
   -285.00   42249.27  0.0222341    16.6577   346.5454   159.0399    11.1210
   -275.00   42250.89  0.0222466    16.6601   345.4050   159.2711    11.0012
   -265.00   42252.41  0.0223118    16.6642   344.3162   159.3505    10.8847
   -255.00   42252.48  0.0221383    16.6689   342.6961   159.8061    10.7695
   -245.00   42252.89  0.0220966    16.6725   341.1256   160.0744    10.6544
   -235.00   42255.38  0.0222303    16.6760   339.3721   160.3599    10.5480
   -225.00   42256.76  0.0221104    16.6803   337.6641   160.4514    10.4453
   -215.00   42255.55  0.0220528    16.6836   335.9222   160.5212    10.3379
   -205.00   42255.12  0.0221189    16.6847   333.6459   161.1004    10.2354
   -195.00   42255.88  0.0221209    16.6859   331.9963   161.0849    10.1380
   -185.00   42255.26  0.0221849    16.6873   330.5344   161.0016    10.0347
   -175.00   42252.70  0.0221318    16.6866   328.5368   161.5902     9.9287
   -165.00   42251.72  0.0221965    16.6847   327.1008   161.7807     9.8240
   -155.00   42252.24  0.0223898    16.6837   325.8620   161.9336     9.7173
   -145.00   42251.62  0.0223118    16.6828   324.4962   162.3248     9.6050
   -135.00   42249.64  0.0223167    16.6807   323.2313   162.7059     9.4875
   -125.00   42249.98  0.0224793    16.6790   321.7250   163.3460     9.3724
   -115.00   42251.78  0.0224311    16.6792   320.5196   163.6297     9.2565
   -105.00   42251.73  0.0223902    16.6801   319.2461   163.8980     9.1336
    -95.00   42251.32  0.0223681    16.6803   317.2102   164.7848     9.0139
    -85.00   42253.17  0.0223332    16.6820   315.6066   165.0755     8.9002
    -75.00   42255.46  0.0223495    16.6857   314.0453   165.1756     8.7851
    -65.00   42255.68  0.0221852    16.6887   311.8211   165.7944     8.6717
    -55.00   42254.97  0.0221165    16.6907   309.8364   166.1027     8.5635
    -45.00   42256.08  0.0222074    16.6940   307.9582   166.2877     8.4615
    -35.00   42256.77  0.0220580    16.6972   306.0766   166.5007     8.3608
    -25.00   42254.60  0.0219668    16.6984   304.4133   166.6140     8.2567
    -15.00   42252.61  0.0220435    16.6981   302.5325   167.0879     8.1596
     -5.00   42252.38  0.0219770    16.6982   301.2226   167.1319     8.0651
      5.00   42252.23  0.0219829    16.6979   300.2513   167.0094     7.9609
     15.00   42250.00  0.0219625    16.6947   298.6672   167.6187     7.8560
     25.00   42249.26  0.0219660    16.6915   297.6243   167.7532     7.7549
     35.00   42250.77  0.0220994    16.6899   296.7401   167.7653     7.6467
     45.00   42251.75  0.0220151    16.6874   295.3667   168.2151     7.5316
     55.00   42250.99  0.0220009    16.6840   294.0414   168.5206     7.4175
     65.00   42251.81  0.0221507    16.6824   292.4619   168.9540     7.3048
     75.00   42254.38  0.0220687    16.6826   290.8638   169.2367     7.1891
     85.00   42255.11  0.0220116    16.6825   289.2169   169.4189     7.0691
     95.00   42254.29  0.0220437    16.6821   286.9060   170.1377     6.9553
    105.00   42254.97  0.0219802    16.6838   285.0221   170.3398     6.8480
    115.00   42256.54  0.0219827    16.6870   283.3905   170.2835     6.7355
    125.00   42255.98  0.0218906    16.6880   281.1882   170.8331     6.6258
    135.00   42253.85  0.0218466    16.6885   279.4516   171.0139     6.5260
    145.00   42253.38  0.0219556    16.6910   278.0266   171.0396     6.4263
    155.00   42253.82  0.0218635    16.6921   276.5411   171.2713     6.3241
    165.00   42251.74  0.0218230    16.6903   275.3347   171.3757     6.2237
    175.00   42249.61  0.0219649    16.6887   273.9898   171.7500     6.1282
    185.00   42249.75  0.0219324    16.6876   272.9112   171.9192     6.0312
    195.00   42250.99  0.0219483    16.6849   272.0882   171.8623     5.9249
    205.00   42250.22  0.0220142    16.6800   270.5334   172.4950     5.8208
    215.00   42250.24  0.0220182    16.6761   269.2418   172.7530     5.7212
    225.00   42252.60  0.0221360    16.6740   268.0495   172.7974     5.6110
    235.00   42254.77  0.0221009    16.6699   266.1545   173.3826     5.4955
    245.00   42254.52  0.0220893    16.6654   264.3077   173.7498     5.3871
    255.00   42254.54  0.0222385    16.6640   262.3067   174.1635     5.2770
    265.00   42256.39  0.0221623    16.6636   260.1838   174.6163     5.1604
    275.00   42256.63  0.0220959    16.6617   258.2211   174.8816     5.0452
    285.00   42254.62  0.0221554    16.6608   255.8880   175.5694     4.9367
    295.00   42253.47  0.0220643    16.6625   253.9680   175.9389     4.8310
    305.00   42254.04  0.0220166    16.6642   252.5411   175.9657     4.7197
    315.00   42253.36  0.0219453    16.6636   250.7000   176.5600     4.6135
    325.00   42250.95  0.0218532    16.6635   249.3366   176.8121     4.5195
    335.00   42250.23  0.0219027    16.6654   248.3476   176.8306     4.4210
    345.00   42251.62  0.0217953    16.6645   247.1304   177.1469     4.3187
    355.00   42250.96  0.0217151    16.6608   246.1205   177.2542     4.2260
    365.00   42249.77  0.0218286    16.6586   244.9326   177.5121     4.1346
    375.00   42250.79  0.0217736    16.6562   243.6709   177.7445     4.0363
    385.00   42253.17  0.0217357    16.6509   242.5593   177.6868     3.9338
    395.00   42253.53  0.0218101    16.6448   240.7414   178.1839     3.8340
    405.00   42253.36  0.0217816    16.6405   238.9623   178.4766     3.7352
    415.00   42255.19  0.0218385    16.6372   237.4000   178.4451     3.6239
    425.00   42257.11  0.0218173    16.6319   235.2134   178.9623     3.5093
    435.00   42256.18  0.0217664    16.6275   233.2099   179.2548     3.4053
    445.00   42254.54  0.0218856    16.6268   231.3379   179.4839     3.2959
    455.00   42254.96  0.0218188    16.6260   229.3891   179.9010     3.1778
    465.00   42254.64  0.0217363    16.6232   227.8325   180.0445     3.0695
    475.00   42252.20  0.0218177    16.6227   226.1402   180.4907     2.9674
    485.00   42250.32  0.0217521    16.6243   224.7106   180.8284     2.8624
    495.00   42250.93  0.0217093    16.6237   223.7969   180.7706     2.7554
    505.00   42251.34  0.0217060    16.6213   222.4537   181.2148     2.6559
    515.00   42249.93  0.0216446    16.6204   221.3187   181.4508     2.5658
    525.00   42249.94  0.0217176    16.6203   220.4457   181.4004     2.4669
    535.00   42252.54  0.0216832    16.6166   219.1002   181.7297     2.3646
    545.00   42253.41  0.0216311    16.6114   217.7987   181.8475     2.2764
    555.00   42252.90  0.0217793    16.6087   216.2792   182.0428     2.1847
    565.00   42253.89  0.0217813    16.6050   214.4842   182.3711     2.0812
    575.00   42256.08  0.0217587    16.5979   212.8473   182.3945     1.9823
    585.00   42256.40  0.0218692    16.5917   210.7123   182.8454     1.8860
    595.00   42254.82  0.0218757    16.5881   208.5807   183.2741     1.7849
    605.00   42254.91  0.0219275    16.5831   206.8743   183.3316     1.6744
    615.00   42255.85  0.0219482    16.5768   204.7816   183.8876     1.5635
    625.00   42254.27  0.0218935    16.5726   202.9338   184.3159     1.4628
    635.00   42251.72  0.0220013    16.5714   201.4331   184.5738     1.3531
    645.00   42251.55  0.0219665    16.5690   199.8125   185.1225     1.2343
    655.00   42251.94  0.0218575    16.5652   198.5646   185.3870     1.1317
    665.00   42250.57  0.0219252    16.5648   197.2267   185.8202     1.0334
    675.00   42249.31  0.0218638    16.5658   195.8706   186.3039     0.9258
    685.00   42250.79  0.0217806    16.5631   194.8953   186.3490     0.8241
    695.00   42252.74  0.0217651    16.5601   193.4357   186.7775     0.7329
    705.00   42252.40  0.0216726    16.5594   191.9098   187.1254     0.6450
    715.00   42252.68  0.0216923    16.5572   190.6240   187.0852     0.5488
    725.00   42255.32  0.0216532    16.5515   188.8223   187.4149     0.4528
    735.00   42256.54  0.0215438    16.5456   187.0351   187.5710     0.3709
    745.00   42255.52  0.0216412    16.5421   185.2400   187.6706     0.2805
    755.00   42255.03  0.0216421    16.5365   183.2259   187.9954     0.1751
    765.00   42255.91  0.0215717    16.5278   181.5465   188.0032     0.0809
    775.00   42255.63  0.0216492    16.5219   179.6729   188.3161   359.9874
    785.00   42252.84  0.0216536    16.5184   177.8482   188.7370   359.8805
    795.00   42251.75  0.0216688    16.5119   176.6037   188.7307   359.7719
    805.00   42252.53  0.0216912    16.5054   175.0947   189.1537   359.6656
    815.00   42251.52  0.0216237    16.5027   173.6936   189.5735   359.5655
    825.00   42249.71  0.0217032    16.5005   172.6909   189.6761   359.4568
    835.00   42250.06  0.0217026    16.4968   171.4025   190.1072   359.3416
    845.00   42251.92  0.0215814    16.4930   170.2502   190.3243   359.2467
    855.00   42252.10  0.0216538    16.4926   168.9766   190.5632   359.1526
    865.00   42251.54  0.0216457    16.4920   167.4230   190.9717   359.0446
    875.00   42253.38  0.0215760    16.4872   166.1263   190.9427   358.9499
    885.00   42255.83  0.0216024    16.4837   164.3453   191.2345   358.8664
    895.00   42255.55  0.0215590    16.4828   162.3659   191.6021   358.7762
    905.00   42254.85  0.0216046    16.4780   160.7649   191.5128   358.6811
    915.00   42256.07  0.0216315    16.4707   158.7830   191.7941   358.5901
    925.00   42256.64  0.0215475    16.4653   156.8543   192.0461   358.5085
    935.00   42254.76  0.0216629    16.4608   155.2039   192.1308   358.4152
    945.00   42252.72  0.0217318    16.4535   153.4532   192.4871   358.3085
    955.00   42252.79  0.0216775    16.4444   152.0881   192.5898   358.2169
    965.00   42252.70  0.0217747    16.4390   150.6523   192.9172   358.1243
    975.00   42250.27  0.0218273    16.4349   149.1623   193.4466   358.0124
    985.00   42249.35  0.0218517    16.4268   148.1859   193.5222   357.9064
    995.00   42251.02  0.0218986    16.4201   146.8509   193.9806   357.8068
   1005.00   42251.62  0.0218476    16.4183   145.3271   194.5811   357.7046
   1015.00   42251.12  0.0219087    16.4144   144.1220   194.7601   357.5977
   1025.00   42251.98  0.0219294    16.4090   142.5045   195.2378   357.4887
   1035.00   42254.68  0.0217842    16.4060   140.7731   195.6429   357.3987
   1045.00   42255.63  0.0218168    16.4050   138.9995   195.9237   357.3066
   1055.00   42254.63  0.0218135    16.4028   136.9284   196.4054   357.2002
   1065.00   42255.32  0.0216920    16.3971   135.1768   196.4636   357.1130
   1075.00   42256.72  0.0216830    16.3939   133.1670   196.7448   357.0362
   1085.00   42255.72  0.0216203    16.3925   131.0313   197.2159   356.9443
   1095.00   42253.50  0.0216102    16.3856   129.5718   197.1079   356.8530
   1105.00   42253.26  0.0216169    16.3772   127.9401   197.3150   356.7711
   1115.00   42253.59  0.0215008    16.3724   126.3315   197.6540   356.6892
   1125.00   42251.96  0.0215680    16.3660   125.1981   197.6734   356.5942
   1135.00   42249.87  0.0216366    16.3563   123.9817   197.9235   356.4910
   1145.00   42250.42  0.0215424    16.3472   122.9645   198.0320   356.4018
   1155.00   42251.54  0.0216125    16.3419   121.8402   198.2624   356.3075
   1165.00   42250.49  0.0216777    16.3365   120.4590   198.7370   356.1921
   1175.00   42250.25  0.0216663    16.3277   119.4557   198.7199   356.0891
   1185.00   42252.63  0.0217042    16.3221   117.9665   199.0474   355.9960
   1195.00   42254.37  0.0216654    16.3213   116.0508   199.6537   355.8912
   1205.00   42254.31  0.0217054    16.3165   114.5073   199.7182   355.7873
   1215.00   42254.56  0.0217377    16.3104   112.6148   200.0160   355.6899
   1225.00   42256.57  0.0216018    16.3090   110.5214   200.4217   355.6037
   1235.00   42257.11  0.0216315    16.3071   108.6291   200.5914   355.5135
   1245.00   42254.91  0.0216801    16.3023   106.6359   200.9346   355.4122
   1255.00   42253.89  0.0215686    16.2964   105.0614   200.9447   355.3311
   1265.00   42254.09  0.0215938    16.2929   103.4549   201.1105   355.2552
   1275.00   42253.00  0.0216070    16.2898   101.7130   201.5989   355.1588
   1285.00   42250.41  0.0216181    16.2809   100.7574   201.4462   355.0683
   1295.00   42249.97  0.0216744    16.2724    99.6202   201.5891   354.9909
   1305.00   42251.18  0.0216195    16.2682    98.2435   202.0606   354.9033
   1315.00   42251.01  0.0217126    16.2603    97.3015   202.1136   354.8049
   1325.00   42249.96  0.0218249    16.2491    96.1497   202.3456   354.7079
   1335.00   42251.36  0.0217492    16.2413    94.8722   202.6026   354.6202
   1345.00   42253.64  0.0218348    16.2359    93.4150   202.8953   354.5237
   1355.00   42253.70  0.0219491    16.2284    91.5685   203.4422   354.4102
   1365.00   42253.33  0.0219228    16.2193    90.0141   203.5282   354.3119
   1375.00   42255.03  0.0219659    16.2145    88.0230   203.9091   354.2226
   1385.00   42256.57  0.0219621    16.2133    85.5572   204.7037   354.1149
   1395.00   42255.74  0.0219820    16.2074    83.6798   204.8739   354.0121
   1405.00   42254.39  0.0219963    16.2013    81.6833   205.2031   353.9251
   1415.00   42254.87  0.0218504    16.2014    79.5227   205.8036   353.8384
   1425.00   42254.93  0.0218432    16.1989    77.8149   206.0775   353.7474
   1435.00   42252.28  0.0218749    16.1920    76.2289   206.4009   353.6557
   1445.00   42250.60  0.0217043    16.1869    75.0032   206.5122   353.5806
   1455.00   42250.85  0.0216773    16.1830    73.8460   206.6616   353.5057
   1465.00   42250.96  0.0217029    16.1772    72.4473   207.1547   353.4110
   1475.00   42249.42  0.0216466    16.1667    71.7294   206.9812   353.3261
   1485.00   42249.67  0.0216639    16.1578    70.7373   207.0239   353.2534
   1495.00   42252.04  0.0216207    16.1528    69.1818   207.5603   353.1616
   1505.00   42253.27  0.0216815    16.1429    68.0239   207.5607   353.0610
   1515.00   42252.94  0.0217674    16.1308    66.5866   207.6746   352.9717
   1525.00   42254.11  0.0216674    16.1247    64.7961   207.9966   352.8827
   1535.00   42256.30  0.0217285    16.1192    62.9446   208.2465   352.7812
   1545.00   42256.24  0.0218518    16.1105    60.8362   208.6794   352.6731
   1555.00   42254.70  0.0217735    16.1028    59.0685   208.7453   352.5805
   1565.00   42254.68  0.0217909    16.0997    57.1356   209.0064   352.4922
   1575.00   42255.33  0.0218296    16.0978    54.8533   209.7408   352.3846
   1585.00   42253.85  0.0218289    16.0911    53.3897   209.7859   352.2865
   1595.00   42251.68  0.0218368    16.0859    51.9525   209.9453   352.2089
   1605.00   42251.46  0.0217291    16.0862    50.2729   210.5226   352.1209
   1615.00   42252.16  0.0217531    16.0820    49.1141   210.6955   352.0269
   1625.00   42250.49  0.0218146    16.0735    48.0520   210.8375   351.9461
   1635.00   42249.40  0.0216658    16.0689    47.0378   210.9613   351.8725
   1645.00   42250.61  0.0216659    16.0645    45.9805   211.0801   351.7919
   1655.00   42252.22  0.0217800    16.0558    44.5527   211.4846   351.6999
   1665.00   42251.95  0.0217384    16.0450    43.5292   211.3485   351.6186
   1675.00   42252.43  0.0217732    16.0369    42.1680   211.3741   351.5453
   1685.00   42254.91  0.0218196    16.0308    40.0675   212.0109   351.4491
   1695.00   42256.47  0.0219105    16.0197    38.4195   212.0660   351.3482
   1705.00   42255.64  0.0220158    16.0083    36.5912   212.1949   351.2656
   1715.00   42255.15  0.0219486    16.0035    34.3701   212.7165   351.1743
   1725.00   42256.08  0.0220325    15.9975    32.3584   213.0769   351.0670
   1735.00   42255.36  0.0221870    15.9877    30.3476   213.5232   350.9670
   1745.00   42252.81  0.0220910    15.9816    28.6675   213.7826   350.8782
   1755.00   42251.56  0.0220858    15.9793    27.0329   214.1508   350.7860
   1765.00   42252.05  0.0221678    15.9754    25.1455   214.9391   350.6804
   1775.00   42251.35  0.0221284    15.9684    24.0173   215.0841   350.5883
   1785.00   42249.75  0.0220905    15.9643    22.8812   215.2902   350.5151
   1795.00   42250.01  0.0219907    15.9640    21.2727   216.0163   350.4261
   1805.00   42252.09  0.0219873    15.9580    20.1512   216.2150   350.3330
   1815.00   42252.04  0.0220020    15.9489    18.9930   216.3232   350.2642
   1825.00   42251.65  0.0218111    15.9447    17.5554   216.5938   350.1938
   1835.00   42253.28  0.0217742    15.9393    16.0657   216.7648   350.1086
   1845.00   42255.36  0.0218820    15.9278    14.3049   217.0378   350.0264
   1855.00   42255.40  0.0217883    15.9169    12.7795   216.9527   349.9510
   1865.00   42254.77  0.0217616    15.9095    11.0549   216.9758   349.8739
   1875.00   42255.87  0.0218456    15.9010     8.7598   217.5667   349.7763
   1885.00   42256.74  0.0219041    15.8889     7.1034   217.5685   349.6770
   1895.00   42254.97  0.0219625    15.8790     5.4887   217.5993   349.5963
   1905.00   42253.00  0.0219050    15.8750     3.4606   218.2094   349.4998
   1915.00   42253.05  0.0219719    15.8686     1.9299   218.4985   349.3873
   1925.00   42252.59  0.0221045    15.8591     0.5552   218.7544   349.2954
   1935.00   42250.50  0.0219767    15.8555   359.2638   219.0584   349.2102
   1945.00   42249.40  0.0219438    15.8541   358.0534   219.3689   349.1131
   1955.00   42250.70  0.0220545    15.8482   356.6116   219.9296   349.0152
   1965.00   42251.64  0.0219904    15.8417   355.6415   219.9735   348.9330
   1975.00   42251.15  0.0219360    15.8385   354.5198   220.0557   348.8615
   1985.00   42251.93  0.0219100    15.8360   352.7133   220.7108   348.7725
   1995.00   42254.72  0.0219317    15.8279   351.3550   220.7650   348.6830
   2005.00   42255.57  0.0219746    15.8189   349.8798   220.7383   348.6196
   2015.00   42254.93  0.0218463    15.8149   347.9028   221.1042   348.5467
   2025.00   42255.47  0.0218649    15.8080   346.0515   221.2816   348.4535
   2035.00   42256.63  0.0220221    15.7955   344.1512   221.4527   348.3767
   2045.00   42256.10  0.0219602    15.7861   342.4464   221.4798   348.3036
   2055.00   42253.85  0.0219525    15.7800   340.7287   221.6271   348.2169
   2065.00   42253.31  0.0221052    15.7696   338.7322   222.1961   348.1208
   2075.00   42253.77  0.0221725    15.7576   337.4211   222.2520   348.0259
   2085.00   42252.14  0.0222190    15.7498   336.2069   222.3398   347.9441
   2095.00   42250.14  0.0222283    15.7448   334.4523   223.1127   347.8444
   2105.00   42250.49  0.0223047    15.7369   333.2224   223.4662   347.7310
   2115.00   42251.47  0.0224272    15.7280   332.0855   223.7081   347.6449
   2125.00   42250.93  0.0223103    15.7256   330.6031   224.2611   347.5604
   2135.00   42250.56  0.0222722    15.7237   329.1335   224.7313   347.4572
   2145.00   42252.57  0.0223812    15.7165   327.4465   225.2625   347.3674
   2155.00   42254.69  0.0222714    15.7110   325.9323   225.4546   347.2946
   2165.00   42254.56  0.0221661    15.7092   324.2369   225.6638   347.2215
   2175.00   42254.66  0.0221604    15.7042   321.9426   226.3511   347.1368
   2185.00   42256.58  0.0221264    15.6949   320.1956   226.4136   347.0572
   2195.00   42257.10  0.0221114    15.6866   318.5172   226.3454   346.9990
   2205.00   42255.41  0.0219980    15.6815   316.3381   226.8371   346.9251
   2215.00   42254.16  0.0219916    15.6720   314.6139   227.0047   346.8302
   2225.00   42254.27  0.0221107    15.6585   313.1079   227.0554   346.7578
   2235.00   42253.67  0.0220181    15.6499   311.6966   227.1813   346.6847
   2245.00   42251.01  0.0219878    15.6434   310.3820   227.3918   346.5858
   2255.00   42250.13  0.0221312    15.6313   308.9397   227.8418   346.4911
   2265.00   42251.30  0.0221380    15.6203   308.0051   227.8779   346.4006
   2275.00   42251.00  0.0221221    15.6153   307.0345   227.9616   346.3120
   2285.00   42250.12  0.0221624    15.6093   305.3941   228.6821   346.2115
   2295.00   42251.15  0.0222002    15.6010   304.1626   228.9294   346.1034
   2305.00   42253.48  0.0222633    15.5944   302.9514   228.9819   346.0235
   2315.00   42254.15  0.0221747    15.5927   301.0596   229.5543   345.9404
   2325.00   42253.73  0.0221435    15.5897   299.2417   229.9289   345.8365
   2335.00   42255.19  0.0222541    15.5818   297.3549   230.2093   345.7564
   2345.00   42257.01  0.0221468    15.5775   295.4810   230.3795   345.6909
   2355.00   42256.17  0.0220628    15.5759   293.6069   230.5359   345.6113
   2365.00   42254.64  0.0221300    15.5684   291.4003   231.0613   345.5296
   2375.00   42254.89  0.0221054    15.5585   289.8189   231.0658   345.4569
   2385.00   42254.91  0.0220978    15.5519   288.4947   230.9313   345.3945
   2395.00   42252.84  0.0220858    15.5453   286.6874   231.4497   345.3151
   2405.00   42250.77  0.0221166    15.5340   285.4260   231.6113   345.2195
   2415.00   42250.98  0.0222503    15.5212   284.4355   231.5953   345.1474
   2425.00   42251.43  0.0222072    15.5138   283.2181   231.8908   345.0709
   2435.00   42249.85  0.0222213    15.5063   282.0631   232.1854   344.9636
   2445.00   42249.59  0.0224007    15.4935   280.7071   232.6206   344.8704
   2455.00   42251.86  0.0224011    15.4838   279.5214   232.7986   344.7860
   2465.00   42253.12  0.0223918    15.4803   278.1661   233.0178   344.6892
   2475.00   42253.06  0.0224869    15.4729   276.1048   233.7736   344.5896
   2485.00   42253.86  0.0225141    15.4640   274.3281   234.1097   344.4901
   2495.00   42256.22  0.0225373    15.4600   272.6013   234.2352   344.4112
   2505.00   42256.85  0.0224968    15.4579   270.1929   234.9430   344.3277
   2515.00   42255.20  0.0224617    15.4533   268.0424   235.4004   344.2267
   2525.00   42254.92  0.0225356    15.4458   266.0965   235.6610   344.1542
   2535.00   42255.55  0.0224126    15.4425   264.1171   236.0346   344.0930
   2545.00   42254.19  0.0223045    15.4401   262.4305   236.2806   344.0093
   2555.00   42251.66  0.0223665    15.4305   260.6664   236.7515   343.9327
   2565.00   42251.21  0.0222805    15.4202   259.4195   236.8597   343.8700
   2575.00   42251.86  0.0222073    15.4143   258.4898   236.7800   343.8023
   2585.00   42250.83  0.0222158    15.4050   257.0657   237.2783   343.7200
   2595.00   42249.39  0.0222036    15.3912   256.0383   237.4328   343.6294
   2605.00   42250.59  0.0222665    15.3794   255.1945   237.3490   343.5560
   2615.00   42252.39  0.0222324    15.3718   253.7844   237.7381   343.4725
   2625.00   42252.09  0.0222239    15.3626   252.4058   238.0005   343.3602
   2635.00   42252.06  0.0223763    15.3500   250.8141   238.2941   343.2675
   2645.00   42254.41  0.0223351    15.3429   249.0912   238.5535   343.1857
   2655.00   42256.08  0.0222943    15.3407   247.3368   238.7332   343.0813
   2665.00   42255.56  0.0223939    15.3332   245.0624   239.3240   342.9828
   2675.00   42254.98  0.0223782    15.3255   243.0955   239.5858   342.8969
   2685.00   42256.09  0.0223582    15.3244   241.3865   239.6216   342.8173
   2695.00   42256.05  0.0223549    15.3218   239.2297   240.1838   342.7339
   2705.00   42253.30  0.0223214    15.3151   237.4839   240.4985   342.6419
   2715.00   42251.78  0.0223833    15.3086   236.1112   240.5814   342.5744
   2725.00   42251.98  0.0223169    15.3051   234.5871   240.9542   342.5113
   2735.00   42251.30  0.0222383    15.3005   233.4295   241.1212   342.4225
   2745.00   42249.24  0.0223453    15.2893   232.2082   241.4215   342.3465
   2755.00   42249.36  0.0222926    15.2796   231.1254   241.5999   342.2863
   2765.00   42251.37  0.0222424    15.2742   230.2581   241.5500   342.2074
   2775.00   42252.01  0.0223195    15.2633   228.8151   241.9792   342.1197
   2785.00   42251.46  0.0223303    15.2491   227.4883   242.1692   342.0360
   2795.00   42253.11  0.0223945    15.2398   226.2414   242.1208   341.9585
   2805.00   42255.44  0.0224331    15.2320   224.3233   242.5778   341.8685
   2815.00   42255.42  0.0224441    15.2212   222.4604   242.8727   341.7585
   2825.00   42254.40  0.0226059    15.2097   220.5283   243.1305   341.6684
   2835.00   42255.30  0.0226074    15.2041   218.3551   243.5858   341.5855
   2845.00   42256.25  0.0225745    15.2013   216.4391   243.8507   341.4756
   2855.00   42254.72  0.0226964    15.1934   214.2900   244.4210   341.3770
   2865.00   42252.78  0.0226753    15.1870   212.4068   244.8514   341.3002
   2875.00   42252.89  0.0226418    15.1874   210.9539   245.0277   341.2157
   2885.00   42253.13  0.0226544    15.1840   209.2126   245.6300   341.1293
   2895.00   42250.71  0.0225944    15.1760   207.7980   246.0379   341.0502
   2905.00   42249.41  0.0226117    15.1708   206.7261   246.1864   340.9865
   2915.00   42250.42  0.0225618    15.1667   205.3362   246.6653   340.9216
   2925.00   42251.29  0.0224405    15.1587   204.1802   246.9016   340.8367
   2935.00   42250.40  0.0225040    15.1461   202.9273   247.1366   340.7663
   2945.00   42251.12  0.0224405    15.1363   201.4462   247.4527   340.7074
   2955.00   42253.91  0.0223417    15.1291   200.1534   247.4565   340.6206
   2965.00   42255.32  0.0223940    15.1159   198.3600   247.7952   340.5285
   2975.00   42254.64  0.0223616    15.1017   196.5236   248.0335   340.4503
   2985.00   42255.25  0.0223734    15.0943   194.9009   247.9867   340.3639
   2995.00   42256.76  0.0224113    15.0864   192.8016   248.3805   340.2637
   3005.00   42256.01  0.0223710    15.0750   190.8760   248.6433   340.1589
   3015.00   42253.58  0.0224786    15.0667   189.1681   248.7767   340.0699
   3025.00   42252.91  0.0224997    15.0631   187.2642   249.2295   339.9826
   3035.00   42253.39  0.0224272    15.0597   185.8049   249.4262   339.8730
   3045.00   42251.79  0.0225243    15.0521   184.3111   249.7949   339.7797
   3055.00   42249.91  0.0225055    15.0475   182.8677   250.2191   339.7099
   3065.00   42250.25  0.0224632    15.0478   181.8838   250.3019   339.6225
   3075.00   42251.78  0.0224895    15.0427   180.5707   250.7305   339.5335
   3085.00   42250.77  0.0224324    15.0338   179.2899   251.0730   339.4666
   3095.00   42250.31  0.0224595    15.0294   178.2377   251.1164   339.4013
   3105.00   42252.27  0.0224696    15.0244   176.7252   251.4828   339.3268
   3115.00   42254.17  0.0223635    15.0135   175.2168   251.6911   339.2462
   3125.00   42253.87  0.0224403    15.0015   173.6282   251.8209   339.1766
   3135.00   42254.03  0.0224557    14.9927   171.6838   252.1578   339.1111
   3145.00   42256.09  0.0223774    14.9841   169.9949   252.1799   339.0174
   3155.00   42257.04  0.0224510    14.9702   168.0192   252.4529   338.9230
   3165.00   42255.26  0.0224604    14.9577   165.9890   252.7909   338.8472
   3175.00   42254.05  0.0224974    14.9516   164.4302   252.7820   338.7524
   3185.00   42254.53  0.0225764    14.9431   162.6261   253.1574   338.6433
   3195.00   42253.49  0.0225483    14.9316   160.9635   253.5343   338.5460
   3205.00   42250.79  0.0226632    14.9257   159.6671   253.7085   338.4559
   3215.00   42249.84  0.0227487    14.9227   158.1660   254.2128   338.3605
   3225.00   42251.04  0.0226737    14.9173   156.9453   254.5374   338.2540
   3235.00   42250.80  0.0227606    14.9105   155.6624   254.9397   338.1664
   3245.00   42249.95  0.0227810    14.9071   154.1439   255.5198   338.0974
   3255.00   42251.05  0.0227231    14.9061   152.9683   255.7045   338.0085
   3265.00   42253.80  0.0227307    14.8991   151.3736   256.1686   337.9225
   3275.00   42253.97  0.0226550    14.8902   149.5373   256.6769   337.8660
   3285.00   42253.52  0.0226476    14.8859   147.9741   256.7815   337.8007
   3295.00   42255.16  0.0226399    14.8786   146.0314   257.1371   337.7195
   3305.00   42256.63  0.0224856    14.8652   143.9981   257.4682   337.6489
   3315.00   42255.79  0.0225039    14.8533   142.1318   257.6116   337.5810
   3325.00   42254.30  0.0225263    14.8445   140.1259   257.9281   337.5041
   3335.00   42254.81  0.0223912    14.8328   138.4790   257.9959   337.4072
   3345.00   42255.12  0.0224108    14.8185   136.8124   258.2239   337.3112
   3355.00   42252.79  0.0224230    14.8080   135.1287   258.6040   337.2297
   3365.00   42250.89  0.0224129    14.8021   134.0795   258.5405   337.1246
   3375.00   42251.48  0.0224602    14.7932   132.8449   258.8048   337.0087
   3385.00   42251.40  0.0224130    14.7836   131.5022   259.2293   336.9175
   3395.00   42249.78  0.0224916    14.7804   130.5524   259.3056   336.8262
   3405.00   42249.55  0.0225809    14.7780   129.3205   259.6417   336.7240
   3415.00   42251.80  0.0224741    14.7715   128.0110   259.9598   336.6285
   3425.00   42253.05  0.0225332    14.7660   126.5925   260.2477   336.5498
   3435.00   42252.82  0.0225930    14.7634   124.8180   260.7166   336.4795
   3445.00   42253.90  0.0225087    14.7597   123.2966   260.7992   336.3919
   3455.00   42256.56  0.0225106    14.7510   121.3875   261.1297   336.3107
   3465.00   42256.75  0.0224731    14.7424   119.1678   261.6338   336.2554
   3475.00   42255.24  0.0224724    14.7375   117.4677   261.6160   336.1828
   3485.00   42255.26  0.0224880    14.7282   115.5936   261.8237   336.0924
   3495.00   42255.66  0.0223686    14.7144   113.6069   262.1954   336.0233
   3505.00   42254.27  0.0224150    14.7042   112.0406   262.3001   335.9511
   3515.00   42251.67  0.0224989    14.6959   110.5478   262.5075   335.8587
   3525.00   42251.38  0.0223879    14.6826   109.3011   262.6236   335.7618
   3535.00   42252.14  0.0224348    14.6694   108.0715   262.8653   335.6674
   3545.00   42250.70  0.0225262    14.6610   106.7388   263.2820   335.5779
   3555.00   42249.53  0.0225209    14.6537   105.9131   263.2478   335.4677
   3565.00   42251.00  0.0225839    14.6439   104.7702   263.5193   335.3517
   3575.00   42252.54  0.0225907    14.6356   103.1835   264.1067   335.2629
   3585.00   42252.29  0.0226765    14.6332   101.9423   264.2306   335.1680
   3595.00   42252.40  0.0227799    14.6300   100.3658   264.5515   335.0597
   3605.00   42254.73  0.0226832    14.6228    98.4101   265.0615   334.9727
   3615.00   42256.35  0.0227418    14.6187    96.4226   265.4582   334.8999
   3625.00   42255.48  0.0228322    14.6167    94.2276   265.9628   334.8245
   3635.00   42255.10  0.0227036    14.6102    92.2869   266.1855   334.7428
   3645.00   42256.38  0.0226745    14.6005    90.1814   266.6043   334.6710
