  -7305.00   42251.56  0.0606536     3.1202   179.6368   255.4320   160.1783
  -7295.00   42253.04  0.0606551     3.1397   178.3159   256.0947   159.6494
  -7285.00   42252.75  0.0605693     3.1619   176.8203   256.9050   158.9819
  -7275.00   42253.67  0.0605345     3.1765   175.2397   257.5429   158.4146
  -7265.00   42256.32  0.0606053     3.1905   173.4735   258.0042   158.0720
  -7255.00   42256.66  0.0605821     3.2120   171.6677   258.4898   157.6498
  -7245.00   42254.98  0.0606702     3.2273   169.8412   259.0189   157.2011
  -7235.00   42254.86  0.0608196     3.2308   167.9619   259.5692   156.8319
  -7225.00   42255.29  0.0608815     3.2392   166.2507   260.0245   156.4765
  -7215.00   42253.87  0.0610329     3.2490   164.6442   260.5522   156.1049
  -7205.00   42251.11  0.0611637     3.2505   163.1018   261.3534   155.5679
  -7195.00   42250.72  0.0612478     3.2492   161.7823   262.0515   155.0579
  -7185.00   42251.57  0.0613832     3.2516   160.5444   262.7098   154.6417
  -7175.00   42250.13  0.0613891     3.2601   159.3509   263.6238   154.0062
  -7165.00   42249.00  0.0614288     3.2636   158.2187   264.5643   153.3065
  -7155.00   42250.60  0.0614995     3.2655   157.0030   265.4102   152.7494
  -7145.00   42252.35  0.0613913     3.2809   155.7556   266.2196   152.1527
  -7135.00   42252.15  0.0613538     3.2989   154.3687   267.1201   151.4731
  -7125.00   42252.32  0.0613435     3.3105   152.7766   268.0284   150.8338
  -7115.00   42254.73  0.0612171     3.3283   151.1519   268.6574   150.3309
  -7105.00   42256.35  0.0611527     3.3532   149.3805   269.2390   149.8907
  -7095.00   42255.30  0.0610742     3.3760   147.4717   269.9732   149.3486
  -7085.00   42254.84  0.0610263     3.3922   145.6552   270.4763   148.9136
  -7075.00   42256.09  0.0610505     3.4090   143.8633   270.8089   148.6667
  -7065.00   42255.59  0.0609672     3.4314   142.1482   271.2695   148.3061
  -7055.00   42252.99  0.0610229     3.4453   140.5978   271.7676   147.8909
  -7045.00   42251.77  0.0611740     3.4491   139.1721   272.1891   147.5968
  -7035.00   42252.13  0.0611726     3.4603   137.9473   272.5806   147.2764
  -7025.00   42251.32  0.0612687     3.4716   136.7846   273.1440   146.8622
  -7015.00   42249.16  0.0614314     3.4726   135.6290   273.8859   146.3558
  -7005.00   42249.41  0.0615007     3.4758   134.5908   274.4995   145.8747
  -6995.00   42251.49  0.0615860     3.4845   133.4598   275.1412   145.4337
  -6985.00   42251.44  0.0616053     3.4961   132.1502   276.0726   144.7944
  -6975.00   42251.27  0.0616504     3.5052   130.7871   276.9354   144.1343
  -6965.00   42253.27  0.0617162     3.5151   129.2592   277.6505   143.6363
  -6955.00   42255.56  0.0615785     3.5386   127.5641   278.4212   143.0826
  -6945.00   42255.61  0.0615416     3.5623   125.7380   279.2585   142.4522
  -6935.00   42254.82  0.0615848     3.5789   123.8286   279.9710   141.9442
  -6925.00   42256.00  0.0614472     3.6040   122.0038   280.4258   141.5666
  -6915.00   42256.65  0.0613804     3.6339   120.1603   280.9398   141.1827
  -6905.00   42254.49  0.0613927     3.6562   118.3616   281.5504   140.7537
  -6895.00   42252.70  0.0613946     3.6739   116.8584   281.8728   140.4470
  -6885.00   42252.97  0.0614424     3.6929   115.4854   282.1176   140.2557
  -6875.00   42252.56  0.0614303     3.7133   114.1714   282.5996   139.9261
  -6865.00   42250.45  0.0615571     3.7243   113.0513   283.0693   139.5442
  -6855.00   42249.50  0.0617700     3.7279   112.0167   283.4371   139.2789
  -6845.00   42250.92  0.0617782     3.7406   110.9879   283.8879   138.9534
  -6835.00   42251.47  0.0619079     3.7524   109.8440   284.5798   138.4739
  -6825.00   42250.49  0.0621371     3.7544   108.5803   285.3308   137.9784
  -6815.00   42251.46  0.0621874     3.7633   107.2877   285.9195   137.5350
  -6805.00   42254.11  0.0622344     3.7802   105.7303   286.6491   137.0629
  -6795.00   42254.79  0.0622844     3.7958   103.9167   287.6052   136.4632
  -6785.00   42254.39  0.0623146     3.8111   102.1022   288.3575   135.9147
  -6775.00   42255.44  0.0623228     3.8302   100.1975   288.9611   135.5169
  -6765.00   42256.94  0.0621600     3.8587    98.1782   289.7059   135.0558
  -6755.00   42256.29  0.0621104     3.8847    96.2318   290.4392   134.5482
  -6745.00   42254.03  0.0621491     3.9034    94.4461   290.9535   134.1945
  -6735.00   42253.76  0.0619495     3.9311    92.8660   291.3037   133.9342
  -6725.00   42253.76  0.0618546     3.9610    91.3694   291.8006   133.5995
  -6715.00   42251.60  0.0619017     3.9797    90.0209   292.3190   133.2585
  -6705.00   42249.68  0.0618519     3.9972    88.9982   292.5196   133.0408
  -6695.00   42250.20  0.0618299     4.0181    88.0017   292.7647   132.8530
  -6685.00   42251.04  0.0618299     4.0362    86.9138   293.2788   132.5289
  -6675.00   42250.40  0.0619279     4.0464    85.9256   293.6742   132.1892
  -6665.00   42250.37  0.0620780     4.0533    84.8801   293.9562   131.9492
  -6655.00   42252.74  0.0620419     4.0685    83.6055   294.4301   131.6232
  -6645.00   42254.41  0.0621609     4.0816    82.1161   295.1059   131.1433
  -6635.00   42253.97  0.0624019     4.0860    80.4791   295.7411   130.6946
  -6625.00   42254.44  0.0623904     4.1001    78.7778   296.2368   130.3058
  -6615.00   42256.22  0.0624225     4.1229    76.8223   296.9808   129.8198
  -6605.00   42256.52  0.0625302     4.1409    74.7407   297.8811   129.2635
  -6595.00   42254.86  0.0625450     4.1609    72.8730   298.4719   128.8127
  -6585.00   42254.27  0.0625053     4.1890    71.0565   299.0043   128.4600
  -6575.00   42254.72  0.0623756     4.2213    69.2581   299.7177   128.0485
  -6565.00   42253.78  0.0623525     4.2493    67.7205   300.3077   127.6415
  -6555.00   42251.20  0.0623793     4.2728    66.4582   300.6248   127.3983
  -6545.00   42250.63  0.0621715     4.3033    65.3393   300.8936   127.2108
  -6535.00   42251.25  0.0621249     4.3321    64.2496   301.3234   126.9231
  -6525.00   42250.42  0.0622704     4.3481    63.2362   301.6954   126.6599
  -6515.00   42249.40  0.0622314     4.3644    62.3733   301.7898   126.5081
  -6505.00   42250.66  0.0622508     4.3853    61.3040   302.0795   126.2954
  -6495.00   42252.80  0.0623909     4.3993    59.9688   302.6448   125.9522
  -6485.00   42253.24  0.0625485     4.4076    58.6361   303.0177   125.6310
  -6475.00   42253.45  0.0626925     4.4189    57.1282   303.3512   125.3685
  -6465.00   42255.46  0.0627090     4.4365    55.3060   303.9711   124.9981
  -6455.00   42256.94  0.0628651     4.4516    53.3654   304.6916   124.5217
  -6445.00   42255.99  0.0631032     4.4620    51.4360   305.2737   124.1232
  -6435.00   42254.89  0.0630267     4.4834    49.5444   305.7818   123.7859
  -6425.00   42255.03  0.0630435     4.5116    47.5922   306.5347   123.3359
  -6415.00   42254.77  0.0631956     4.5323    45.7304   307.3371   122.8762
  -6405.00   42252.36  0.0631411     4.5554    44.2466   307.7665   122.5648
  -6395.00   42250.98  0.0630473     4.5887    42.8379   308.2642   122.2771
  -6385.00   42251.34  0.0629576     4.6201    41.4593   308.9458   121.9322
  -6375.00   42251.25  0.0629361     4.6448    40.3518   309.3979   121.6337
  -6365.00   42249.78  0.0628875     4.6706    39.3846   309.6340   121.4623
  -6355.00   42249.83  0.0626482     4.7003    38.3504   309.9379   121.2974
  -6345.00   42251.61  0.0625987     4.7252    37.2159   310.3585   121.0338
  -6335.00   42252.39  0.0627254     4.7401    36.0515   310.6311   120.8202
  -6325.00   42252.15  0.0625928     4.7569    34.8460   310.7091   120.6971
  -6315.00   42253.39  0.0625639     4.7784    33.3314   311.0415   120.4633
  -6305.00   42255.74  0.0627484     4.7907    31.5669   311.5742   120.1266
  -6295.00   42256.17  0.0628555     4.7988    29.8746   311.8488   119.8524
  -6285.00   42255.37  0.0629242     4.8153    28.0600   312.1835   119.5862
  -6275.00   42255.67  0.0629689     4.8347    26.0667   312.8399   119.1983
  -6265.00   42256.13  0.0631363     4.8501    24.1959   313.4817   118.7586
  -6255.00   42254.57  0.0633228     4.8666    22.5238   313.9574   118.4078
  -6245.00   42252.26  0.0632079     4.8938    20.9533   314.4769   118.0861
  -6235.00   42251.55  0.0632190     4.9251    19.4513   315.1850   117.6648
  -6225.00   42251.73  0.0634017     4.9492    18.1225   315.8312   117.2786
  -6215.00   42250.10  0.0632748     4.9770    17.0839   316.1404   117.0527
  -6205.00   42249.24  0.0631581     5.0150    15.9902   316.5875   116.8016
  -6195.00   42250.40  0.0631451     5.0465    14.8018   317.1817   116.5053
  -6185.00   42251.79  0.0631288     5.0691    13.7756   317.4400   116.3054
  -6175.00   42251.73  0.0630601     5.0980    12.6464   317.6102   116.1762
  -6165.00   42252.16  0.0628854     5.1266    11.2705   317.9288   116.0139
  -6155.00   42254.36  0.0629299     5.1455     9.7572   318.2847   115.7737
  -6145.00   42255.67  0.0630886     5.1604     8.1889   318.4727   115.5880
  -6135.00   42255.17  0.0629845     5.1775     6.5211   318.6073   115.4499
  -6125.00   42255.12  0.0630265     5.1973     4.6386   319.0315   115.1707
  -6115.00   42256.28  0.0633235     5.2091     2.7226   319.5455   114.8276
  -6105.00   42256.03  0.0634356     5.2191     1.0260   319.8167   114.5714
  -6095.00   42254.02  0.0634992     5.2415   359.3207   320.2532   114.2809
  -6085.00   42252.82  0.0636295     5.2642   357.5987   320.9821   113.8806
  -6075.00   42252.87  0.0638115     5.2809   356.1629   321.5600   113.5014
  -6065.00   42251.70  0.0639240     5.3053   354.9200   322.0024   113.2119
  -6055.00   42249.68  0.0637979     5.3379   353.6804   322.5783   112.9220
  -6045.00   42249.37  0.0638056     5.3689   352.4728   323.2476   112.5659
  -6035.00   42250.73  0.0639499     5.3949   351.3682   323.7370   112.2828
  -6025.00   42250.81  0.0637489     5.4248   350.2978   324.0155   112.1289
  -6015.00   42250.77  0.0635928     5.4618   349.0088   324.4594   111.9161
  -6005.00   42252.47  0.0636291     5.4897   347.5352   324.9812   111.6648
  -5995.00   42254.82  0.0635505     5.5091   346.1286   325.1460   111.5315
  -5985.00   42255.28  0.0634293     5.5381   344.5166   325.3347   111.4142
  -5975.00   42254.99  0.0632898     5.5649   342.6590   325.7281   111.2281
  -5965.00   42256.13  0.0633274     5.5787   340.8442   326.0271   111.0113
  -5955.00   42256.74  0.0634098     5.5953   339.0961   326.1863   110.8420
  -5945.00   42255.39  0.0632659     5.6149   337.3612   326.3952   110.6829
  -5935.00   42253.63  0.0633002     5.6329   335.6348   326.8434   110.3890
  -5925.00   42253.46  0.0635634     5.6464   334.1070   327.2530   110.0742
  -5915.00   42253.22  0.0635936     5.6598   332.8492   327.4795   109.8453
  -5905.00   42251.18  0.0636128     5.6856   331.5878   327.9372   109.5468
  -5895.00   42249.84  0.0637917     5.7102   330.3250   328.6154   109.1554
  -5885.00   42250.61  0.0639313     5.7281   329.2933   329.0630   108.8345
  -5875.00   42250.96  0.0639770     5.7586   328.2535   329.4607   108.5787
  -5865.00   42250.21  0.0638872     5.7958   327.0098   330.0609   108.2902
  -5855.00   42250.63  0.0639136     5.8260   325.7009   330.6397   107.9817
  -5845.00   42252.90  0.0639961     5.8559   324.3681   330.9883   107.7709
  -5835.00   42254.23  0.0637702     5.8902   322.8802   331.2490   107.6496
  -5825.00   42254.16  0.0636266     5.9261   321.1441   331.6655   107.4583
  -5815.00   42255.07  0.0637069     5.9522   319.3249   332.0367   107.2581
  -5805.00   42256.93  0.0636012     5.9709   317.6146   332.1044   107.1731
  -5795.00   42256.80  0.0634967     5.9989   315.8067   332.2756   107.0573
  -5785.00   42255.05  0.0634976     6.0226   313.9257   332.6738   106.8435
  -5775.00   42254.52  0.0635866     6.0317   312.3145   332.8964   106.6408
  -5765.00   42254.40  0.0636934     6.0491   310.8703   333.0604   106.4638
  -5755.00   42252.87  0.0636462     6.0715   309.4758   333.3943   106.2472
  -5745.00   42250.53  0.0637770     6.0874   308.1841   333.8889   105.9270
  -5735.00   42250.20  0.0640444     6.1044   307.0858   334.2813   105.6296
  -5725.00   42251.03  0.0640538     6.1248   306.1019   334.5757   105.4072
  -5715.00   42250.17  0.0640907     6.1544   304.9708   335.1224   105.1029
  -5705.00   42249.68  0.0643056     6.1819   303.7513   335.7529   104.7560
  -5695.00   42251.46  0.0643743     6.2029   302.5871   336.1313   104.5144
  -5685.00   42253.27  0.0643549     6.2375   301.2211   336.5316   104.3092
  -5675.00   42253.51  0.0643173     6.2757   299.5445   337.1405   104.0483
  -5665.00   42253.79  0.0643314     6.3015   297.8088   337.6267   103.8092
  -5655.00   42255.72  0.0643339     6.3314   296.0344   337.9131   103.6625
  -5645.00   42256.98  0.0641038     6.3665   294.1240   338.2265   103.5472
  -5635.00   42255.78  0.0639819     6.3966   292.1393   338.6600   103.3590
  -5625.00   42254.91  0.0640261     6.4200   290.2966   338.9580   103.1931
  -5615.00   42255.46  0.0638477     6.4393   288.6775   339.0477   103.1203
  -5605.00   42254.76  0.0637016     6.4660   287.1186   339.2789   102.9848
  -5595.00   42252.32  0.0637383     6.4876   285.6574   339.6603   102.7599
  -5585.00   42251.00  0.0637477     6.4956   284.5183   339.8379   102.5813
  -5575.00   42251.38  0.0637683     6.5145   283.5106   339.9967   102.4136
  -5565.00   42250.94  0.0637457     6.5394   282.4446   340.3885   102.1627
  -5555.00   42249.37  0.0638610     6.5532   281.4207   340.8260   101.8543
  -5545.00   42249.83  0.0640559     6.5724   280.4190   341.1525   101.5895
  -5535.00   42252.04  0.0640201     6.5994   279.2993   341.4794   101.3643
  -5525.00   42252.51  0.0640693     6.6295   277.9133   342.0250   101.0542
  -5515.00   42252.52  0.0642703     6.6591   276.3703   342.5536   100.7454
  -5505.00   42254.27  0.0642629     6.6853   274.7718   342.8723   100.5516
  -5495.00   42256.36  0.0642072     6.7235   272.9567   343.2643   100.3636
  -5485.00   42256.37  0.0642238     6.7630   270.9466   343.8046   100.1221
  -5475.00   42255.20  0.0642039     6.7881   269.0231   344.1680    99.9420
  -5465.00   42255.68  0.0641512     6.8193   267.1974   344.3812    99.8427
  -5455.00   42256.05  0.0639696     6.8557   265.3906   344.6948    99.7215
  -5445.00   42253.81  0.0638962     6.8802   263.7338   345.0518    99.5435
  -5435.00   42251.79  0.0639337     6.9010   262.3407   345.2521    99.4081
  -5425.00   42251.84  0.0637705     6.9218   261.1610   345.3573    99.3263
  -5415.00   42251.69  0.0636938     6.9453   260.0450   345.6281    99.1496
  -5405.00   42250.03  0.0638187     6.9645   259.0089   345.9554    98.9125
  -5395.00   42249.24  0.0638440     6.9738   258.1075   346.1324    98.7355
  -5385.00   42250.95  0.0638820     6.9953   257.1456   346.3553    98.5481
  -5375.00   42251.99  0.0639853     7.0228   255.9628   346.8080    98.2607
  -5365.00   42251.39  0.0641301     7.0376   254.6861   347.2333    97.9688
  -5355.00   42252.34  0.0643020     7.0604   253.2793   347.5597    97.7448
  -5345.00   42254.90  0.0642958     7.0950   251.6230   347.9860    97.5163
  -5335.00   42255.73  0.0643696     7.1251   249.7663   348.5336    97.2280
  -5325.00   42255.00  0.0645381     7.1548   247.8366   348.9984    96.9836
  -5315.00   42255.47  0.0644671     7.1859   245.9134   349.3295    96.8402
  -5305.00   42256.64  0.0643949     7.2234   243.9592   349.7507    96.6701
  -5295.00   42255.78  0.0644237     7.2592   242.0580   350.2303    96.4595
  -5285.00   42253.18  0.0643404     7.2820   240.3827   350.5425    96.3297
  -5275.00   42252.58  0.0642335     7.3116   238.9025   350.7728    96.2514
  -5265.00   42252.73  0.0640920     7.3460   237.5170   351.1293    96.1086
  -5255.00   42250.84  0.0639965     7.3649   236.3227   351.4581    95.9362
  -5245.00   42249.05  0.0639729     7.3832   235.3005   351.6472    95.8199
  -5235.00   42249.84  0.0637859     7.4070   234.3166   351.8375    95.7144
  -5225.00   42251.19  0.0636999     7.4276   233.2940   352.1443    95.5100
  -5215.00   42250.94  0.0637755     7.4450   232.2191   352.4284    95.2826
  -5205.00   42250.99  0.0637206     7.4584   231.0647   352.6121    95.1206
  -5195.00   42253.51  0.0637121     7.4819   229.7219   352.8785    94.9187
  -5185.00   42255.28  0.0638222     7.5098   228.1448   353.2891    94.6281
  -5175.00   42254.68  0.0638990     7.5260   226.4516   353.6456    94.3673
  -5165.00   42254.73  0.0640051     7.5519   224.6582   353.9407    94.1726
  -5155.00   42256.13  0.0640287     7.5911   222.7159   354.3836    93.9333
  -5145.00   42256.25  0.0640835     7.6209   220.7933   354.8609    93.6616
  -5135.00   42254.04  0.0642042     7.6507   218.9679   355.2366    93.4662
  -5125.00   42253.13  0.0641102     7.6887   217.2545   355.5737    93.3388
  -5115.00   42253.60  0.0640470     7.7260   215.6864   355.9732    93.1713
  -5105.00   42252.64  0.0640649     7.7587   214.2911   356.3532    92.9900
  -5095.00   42250.13  0.0639341     7.7836   213.0804   356.6001    92.9009
  -5085.00   42249.79  0.0638243     7.8127   211.9955   356.8188    92.8282
  -5075.00   42250.91  0.0637481     7.8436   210.9348   357.1312    92.6708
  -5065.00   42250.37  0.0636490     7.8586   209.9119   357.3853    92.5105
  -5055.00   42249.51  0.0636347     7.8747   208.8635   357.5406    92.4029
  -5045.00   42251.14  0.0635401     7.9003   207.6561   357.7807    92.2547
  -5035.00   42253.59  0.0635200     7.9181   206.3155   358.0887    92.0168
  -5025.00   42253.95  0.0636280     7.9339   204.8286   358.3528    91.7902
  -5015.00   42253.93  0.0636142     7.9544   203.1741   358.5950    91.6193
  -5005.00   42255.86  0.0636739     7.9811   201.3873   358.9361    91.3893
  -4995.00   42257.08  0.0638283     8.0100   199.5208   359.3386    91.1054
  -4985.00   42255.52  0.0638815     8.0312   197.6490   359.6947    90.8879
  -4975.00   42254.01  0.0639798     8.0616   195.8385     0.0326    90.7220
  -4965.00   42253.95  0.0640574     8.1025   194.0823     0.4931    90.4978
  -4955.00   42253.61  0.0640692     8.1307   192.5011     0.9377    90.2691
  -4945.00   42250.85  0.0641344     8.1585   191.0866     1.2820    90.1334
  -4935.00   42249.73  0.0640494     8.1982   189.7631     1.6681    90.0151
  -4925.00   42250.71  0.0639809     8.2311   188.5841     2.0732    89.8483
  -4915.00   42250.77  0.0639542     8.2566   187.4820     2.4190    89.6930
  -4905.00   42249.57  0.0637791     8.2829   186.3623     2.6965    89.6158
  -4895.00   42250.17  0.0636675     8.3103   185.2121     2.9718    89.5229
  -4885.00   42252.51  0.0635909     8.3362   183.9695     3.2855    89.3486
  -4875.00   42253.14  0.0634196     8.3507   182.5890     3.5449    89.2023
  -4865.00   42252.63  0.0633552     8.3673   181.0847     3.7339    89.0988
  -4855.00   42253.97  0.0632796     8.3938   179.4109     4.0167    88.9235
  -4845.00   42256.19  0.0631947     8.4101   177.6680     4.3150    88.6829
  -4835.00   42255.85  0.0632228     8.4246   175.8771     4.5545    88.4807
  -4825.00   42254.56  0.0631830     8.4509   174.0450     4.8274    88.3045
  -4815.00   42254.90  0.0632282     8.4787   172.3071     5.1620    88.0587
  -4805.00   42255.25  0.0633300     8.5055   170.6860     5.5063    87.7888
  -4795.00   42253.06  0.0633252     8.5324   169.1512     5.8357    87.6011
  -4785.00   42250.81  0.0634188     8.5669   167.7757     6.1698    87.4369
  -4775.00   42250.58  0.0635171     8.6079   166.5215     6.5743    87.2177
  -4765.00   42250.97  0.0634678     8.6369   165.3564     6.9635    87.0257
  -4755.00   42249.16  0.0634947     8.6663   164.2445     7.2696    86.9271
  -4745.00   42248.80  0.0634490     8.7077   163.0821     7.6408    86.8119
  -4735.00   42250.93  0.0633584     8.7377   161.9268     7.9940    86.6508
  -4725.00   42252.23  0.0632891     8.7579   160.6715     8.2744    86.5297
  -4715.00   42252.13  0.0631174     8.7862   159.2280     8.5477    86.4536
  -4705.00   42252.97  0.0630441     8.8118   157.7006     8.8065    86.3338
  -4695.00   42255.47  0.0629816     8.8309   156.0699     9.0659    86.1464
  -4685.00   42256.04  0.0628133     8.8468   154.2752     9.3132    86.0022
  -4675.00   42254.71  0.0628035     8.8653   152.4574     9.5199    85.8768
  -4665.00   42254.65  0.0628323     8.8916   150.6571     9.7982    85.6631
  -4655.00   42255.67  0.0627662     8.9090   148.9176    10.0979    85.4204
  -4645.00   42254.44  0.0628218     8.9259   147.2802    10.3550    85.2355
  -4635.00   42252.15  0.0628751     8.9586   145.7405    10.6803    85.0478
  -4625.00   42251.66  0.0629579     8.9885   144.4145    11.0280    84.7995
  -4615.00   42252.16  0.0630481     9.0133   143.2113    11.3715    84.5673
  -4605.00   42250.60  0.0630502     9.0461   142.0148    11.7417    84.4141
  -4595.00   42248.98  0.0631688     9.0826   140.9163    12.1038    84.2593
  -4585.00   42249.77  0.0632604     9.1185   139.8373    12.4863    84.0583
  -4575.00   42251.37  0.0631594     9.1469   138.6094    12.8917    83.9110
  -4565.00   42250.94  0.0631660     9.1756   137.2815    13.2319    83.8326
  -4555.00   42251.16  0.0631567     9.2134   135.8098    13.6121    83.7112
  -4545.00   42253.75  0.0630056     9.2386   134.2213    13.9784    83.5534
  -4535.00   42255.49  0.0628823     9.2548   132.4700    14.2856    83.4521
  -4525.00   42255.18  0.0627181     9.2833   130.5546    14.6190    83.3636
  -4515.00   42254.92  0.0626254     9.3074   128.6977    14.9015    83.2136
  -4505.00   42256.27  0.0625001     9.3211   126.8715    15.1660    83.0287
  -4495.00   42255.94  0.0622843     9.3398   125.0125    15.4609    82.8886
  -4485.00   42253.50  0.0622603     9.3613   123.3458    15.7014    82.7454
  -4475.00   42252.17  0.0622664     9.3852   121.9060    15.9521    82.5160
  -4465.00   42252.49  0.0621263     9.4042   120.5602    16.2518    82.2913
  -4455.00   42251.57  0.0621394     9.4241   119.3533    16.5168    82.1228
  -4445.00   42249.54  0.0622163     9.4593   118.2618    16.8240    81.9254
  -4435.00   42249.52  0.0622397     9.4898   117.2902    17.1313    81.6809
  -4425.00   42251.19  0.0622739     9.5137   116.2703    17.4435    81.4824
  -4415.00   42251.10  0.0622808     9.5511   115.0797    17.8144    81.3428
  -4405.00   42250.54  0.0623952     9.5898   113.8718    18.1390    81.1826
  -4395.00   42252.18  0.0624411     9.6213   112.5381    18.4609    80.9990
  -4385.00   42254.36  0.0623144     9.6519   110.8784    18.8583    80.8846
  -4375.00   42254.49  0.0623291     9.6826   109.0979    19.1919    80.8127
  -4365.00   42254.11  0.0623404     9.7166   107.2661    19.5073    80.6828
  -4355.00   42255.61  0.0621371     9.7391   105.3261    19.8515    80.5404
  -4345.00   42256.66  0.0620044     9.7539   103.3594    20.1532    80.4520
  -4335.00   42255.23  0.0619106     9.7816   101.4442    20.4720    80.3449
  -4325.00   42253.59  0.0618064     9.8035    99.7918    20.7173    80.1638
  -4315.00   42253.81  0.0616827     9.8135    98.2926    20.9543    79.9792
  -4305.00   42253.28  0.0615321     9.8348    96.8322    21.2697    79.8291
  -4295.00   42250.93  0.0615861     9.8606    95.6575    21.5043    79.6494
  -4285.00   42249.65  0.0616338     9.8826    94.6913    21.7203    79.4066
  -4275.00   42250.48  0.0615361     9.9055    93.6399    22.0444    79.1997
  -4265.00   42250.88  0.0616292     9.9318    92.5874    22.3501    79.0417
  -4255.00   42249.93  0.0617911     9.9686    91.5436    22.6525    78.8428
  -4245.00   42250.71  0.0617950     9.9994    90.3864    22.9805    78.6261
  -4235.00   42253.31  0.0618289    10.0235    88.9984    23.3343    78.4738
  -4225.00   42254.22  0.0618883    10.0619    87.3497    23.7534    78.3534
  -4215.00   42253.93  0.0619721    10.0986    85.6740    24.0887    78.1951
  -4205.00   42255.07  0.0619555    10.1229    83.8635    24.4221    78.0378
  -4195.00   42256.61  0.0618204    10.1520    81.7699    24.8765    77.9421
  -4185.00   42256.21  0.0618464    10.1825    79.7411    25.2487    77.8561
  -4175.00   42254.40  0.0618255    10.2095    77.8891    25.5508    77.7085
  -4165.00   42254.15  0.0615778    10.2298    76.0193    25.9404    77.5742
  -4155.00   42254.42  0.0614466    10.2456    74.2844    26.3010    77.4849
  -4145.00   42252.54  0.0613925    10.2722    72.7889    26.6286    77.3535
  -4135.00   42250.58  0.0612058    10.2927    71.5605    26.9001    77.1627
  -4125.00   42250.73  0.0610254    10.3017    70.4489    27.1651    76.9923
  -4115.00   42251.24  0.0608938    10.3250    69.2982    27.5218    76.8440
  -4105.00   42250.27  0.0608976    10.3528    68.3655    27.7473    76.6427
  -4095.00   42249.85  0.0608616    10.3721    67.4733    27.9340    76.4070
  -4085.00   42251.65  0.0607261    10.3967    66.2718    28.2731    76.2200
  -4075.00   42253.34  0.0608304    10.4284    64.9621    28.5697    76.0595
  -4065.00   42253.16  0.0609742    10.4641    63.6016    28.8098    75.8541
  -4055.00   42253.76  0.0609157    10.4953    61.9823    29.1244    75.6598
  -4045.00   42255.95  0.0609496    10.5228    60.1234    29.4796    75.5345
  -4035.00   42256.65  0.0610649    10.5625    58.1291    29.8734    75.4181
  -4025.00   42255.56  0.0610883    10.5981    56.2283    30.1817    75.2630
  -4015.00   42254.99  0.0610169    10.6195    54.3308    30.4983    75.1338
  -4005.00   42255.37  0.0609071    10.6482    52.3233    30.9609    75.0541
  -3995.00   42254.51  0.0609360    10.6787    50.6140    31.2982    74.9499
  -3985.00   42251.97  0.0608598    10.6990    49.2100    31.5434    74.7945
  -3975.00   42251.01  0.0605987    10.7173    47.7837    31.9248    74.6657
  -3965.00   42251.53  0.0605249    10.7353    46.5144    32.2677    74.5611
  -3955.00   42250.62  0.0605252    10.7594    45.4886    32.5206    74.3937
  -3945.00   42249.59  0.0603296    10.7791    44.4996    32.7844    74.1932
  -3935.00   42250.42  0.0601986    10.7908    43.4514    33.0519    74.0268
  -3925.00   42252.29  0.0602143    10.8176    42.2353    33.3942    73.8670
  -3915.00   42252.81  0.0602374    10.8480    41.0611    33.6160    73.6500
  -3905.00   42252.78  0.0602144    10.8675    39.7657    33.8092    73.4324
  -3895.00   42254.63  0.0601637    10.8949    38.0432    34.2022    73.2744
  -3885.00   42256.37  0.0603370    10.9315    36.2779    34.5090    73.1144
  -3875.00   42255.92  0.0604866    10.9643    34.5298    34.7457    72.9200
  -3865.00   42255.15  0.0604092    10.9932    32.5613    35.1196    72.7601
  -3855.00   42255.74  0.0604886    11.0229    30.5452    35.5234    72.6570
  -3845.00   42255.71  0.0606532    11.0593    28.6534    35.9158    72.5376
  -3835.00   42253.88  0.0606115    11.0897    26.9574    36.2669    72.3869
  -3825.00   42252.07  0.0605046    11.1080    25.3638    36.6390    72.2760
  -3815.00   42252.02  0.0604475    11.1344    23.7672    37.1412    72.1957
  -3805.00   42251.78  0.0604408    11.1628    22.5072    37.4905    72.0653
  -3795.00   42249.96  0.0602934    11.1780    21.4442    37.7619    71.9060
  -3785.00   42249.47  0.0600169    11.1944    20.1959    38.2059    71.7828
  -3775.00   42250.98  0.0599648    11.2157    19.0161    38.5648    71.6605
  -3765.00   42251.78  0.0599281    11.2370    17.9432    38.8017    71.4735
  -3755.00   42251.79  0.0596713    11.2556    16.6594    39.1097    71.2791
  -3745.00   42252.89  0.0595325    11.2712    15.1913    39.4182    71.1242
  -3735.00   42255.24  0.0595808    11.2993    13.5839    39.7292    70.9538
  -3725.00   42256.23  0.0595303    11.3297    11.9475    39.9619    70.7359
  -3715.00   42255.44  0.0594405    11.3497    10.2260    40.1681    70.5391
  -3705.00   42255.81  0.0594297    11.3793     8.2209    40.5661    70.3976
  -3695.00   42256.43  0.0595682    11.4185     6.3969    40.8333    70.2300
  -3685.00   42255.36  0.0596605    11.4492     4.7560    41.0277    70.0434
  -3675.00   42253.16  0.0595581    11.4771     2.9825    41.4227    69.9105
  -3665.00   42252.52  0.0596652    11.5108     1.3631    41.7938    69.8125
  -3655.00   42252.58  0.0598308    11.5449   359.9921    42.1124    69.6865
  -3645.00   42251.25  0.0597266    11.5708   358.7217    42.4622    69.5459
  -3635.00   42249.74  0.0596209    11.5898   357.4690    42.8461    69.4511
  -3625.00   42250.29  0.0596227    11.6150   356.1861    43.3010    69.3636
  -3615.00   42251.49  0.0595639    11.6398   355.0769    43.6145    69.2131
  -3605.00   42251.13  0.0593757    11.6518   353.9443    43.8781    69.0541
  -3595.00   42251.20  0.0591523    11.6674   352.4624    44.3282    68.9309
  -3585.00   42253.22  0.0591377    11.6914   351.0146    44.6262    68.7782
  -3575.00   42255.01  0.0591077    11.7111   349.5817    44.8044    68.5718
  -3565.00   42255.03  0.0588851    11.7294   347.8335    45.1234    68.3812
  -3555.00   42255.20  0.0588621    11.7521   345.9761    45.4260    68.2268
  -3545.00   42256.57  0.0590052    11.7827   344.1661    45.6777    68.0450
  -3535.00   42256.93  0.0589903    11.8129   342.3884    45.9255    67.8360
  -3525.00   42254.96  0.0589575    11.8360   340.6391    46.1875    67.6705
  -3515.00   42253.59  0.0590672    11.8678   338.8432    46.5980    67.5461
  -3505.00   42253.30  0.0592038    11.9058   337.3532    46.8893    67.3841
  -3495.00   42252.43  0.0592630    11.9323   336.0903    47.1181    67.2181
  -3485.00   42250.13  0.0591984    11.9568   334.6535    47.5954    67.1121
  -3475.00   42249.53  0.0593114    11.9900   333.4064    47.9814    67.0100
  -3465.00   42250.71  0.0594397    12.0184   332.3284    48.2868    66.8724
  -3455.00   42250.87  0.0592890    12.0377   331.0976    48.7057    66.7380
  -3445.00   42250.46  0.0592134    12.0575   329.7379    49.1412    66.6431
  -3435.00   42251.70  0.0592479    12.0813   328.2789    49.5821    66.5355
  -3425.00   42254.00  0.0591303    12.1020   326.7999    49.9321    66.3708
  -3415.00   42254.55  0.0589198    12.1139   325.1578    50.2638    66.2188
  -3405.00   42254.22  0.0587553    12.1305   323.1880    50.7558    66.0972
  -3395.00   42255.35  0.0586966    12.1555   321.3472    51.0625    65.9277
  -3385.00   42256.76  0.0585951    12.1737   319.6095    51.2521    65.7211
  -3375.00   42255.86  0.0583581    12.1909   317.6574    51.6283    65.5467
  -3365.00   42254.39  0.0583395    12.2183   315.8574    51.9220    65.3900
  -3355.00   42254.31  0.0584342    12.2490   314.3253    52.1232    65.1993
  -3345.00   42254.27  0.0583543    12.2765   312.8916    52.3722    64.9996
  -3335.00   42252.10  0.0583296    12.3035   311.5395    52.6477    64.8525
  -3325.00   42250.25  0.0584710    12.3375   310.2478    53.0012    64.7285
  -3315.00   42250.33  0.0585551    12.3737   309.1697    53.2701    64.5672
  -3305.00   42250.82  0.0585622    12.3992   308.1583    53.4997    64.4212
  -3295.00   42249.65  0.0585552    12.4237   306.8324    53.9771    64.3337
  -3285.00   42249.77  0.0586423    12.4565   305.5766    54.3332    64.2274
  -3275.00   42252.10  0.0587030    12.4809   304.3357    54.5948    64.0864
  -3265.00   42253.55  0.0585375    12.4954   302.7245    55.0390    63.9657
  -3255.00   42253.64  0.0584897    12.5163   300.9680    55.4458    63.8651
  -3245.00   42254.43  0.0585257    12.5387   299.1536    55.8118    63.7336
  -3235.00   42256.47  0.0583639    12.5545   297.2921    56.1452    63.5571
  -3225.00   42256.67  0.0581950    12.5684   295.3524    56.4680    63.4048
  -3215.00   42254.99  0.0581367    12.5881   293.3134    56.8982    63.2694
  -3205.00   42254.42  0.0580872    12.6138   291.5667    57.1639    63.0795
  -3195.00   42254.88  0.0580014    12.6332   290.0439    57.3364    62.8768
  -3185.00   42253.46  0.0578841    12.6527   288.4199    57.7176    62.7187
  -3175.00   42251.23  0.0579414    12.6848   287.0847    57.9791    62.5601
  -3165.00   42250.71  0.0580585    12.7157   286.0189    58.1567    62.3726
  -3155.00   42251.46  0.0580074    12.7396   284.9149    58.4511    62.1984
  -3145.00   42250.38  0.0580741    12.7694   283.8040    58.7550    62.0716
  -3135.00   42249.26  0.0582697    12.8027   282.6639    59.0976    61.9497
  -3125.00   42250.48  0.0583310    12.8323   281.5159    59.4076    61.7938
  -3115.00   42252.35  0.0583409    12.8553   280.2134    59.7132    61.6677
  -3105.00   42252.37  0.0584066    12.8783   278.5353    60.2118    61.5843
  -3095.00   42252.61  0.0584750    12.9072   276.8406    60.6009    61.4651
  -3085.00   42254.92  0.0584740    12.9269   275.1039    60.9051    61.3201
  -3075.00   42256.53  0.0583412    12.9385   273.0130    61.4105    61.2063
  -3065.00   42255.84  0.0583064    12.9600   270.9405    61.8330    61.0947
  -3055.00   42254.99  0.0583124    12.9813   268.9852    62.1969    60.9429
  -3045.00   42255.76  0.0581121    12.9932   267.0763    62.5951    60.7683
  -3035.00   42255.22  0.0579611    13.0094   265.2905    62.9511    60.6202
  -3025.00   42252.61  0.0579285    13.0319   263.6184    63.3607    60.4741
  -3015.00   42251.07  0.0578156    13.0554   262.2738    63.6568    60.2774
  -3005.00   42251.49  0.0576814    13.0752   261.1393    63.8723    60.0871
  -2995.00   42250.99  0.0576006    13.0971   259.9122    64.2508    59.9402
  -2985.00   42249.36  0.0576145    13.1303   258.8983    64.4959    59.7772
  -2975.00   42249.55  0.0576549    13.1602   257.9887    64.6625    59.5927
  -2965.00   42251.73  0.0575916    13.1825   256.8294    64.9782    59.4404
  -2955.00   42252.12  0.0576620    13.2145   255.5698    65.2427    59.3216
  -2945.00   42251.69  0.0578349    13.2481   254.1694    65.5249    59.1949
  -2935.00   42253.33  0.0578447    13.2724   252.5876    65.8412    59.0487
  -2925.00   42255.46  0.0578633    13.2957   250.8125    66.1455    58.9387
  -2915.00   42255.55  0.0579652    13.3195   248.7735    66.5823    58.8543
  -2905.00   42254.59  0.0579943    13.3441   246.7835    66.9527    58.7240
  -2895.00   42255.45  0.0579517    13.3611   244.8492    67.2658    58.5829
  -2885.00   42256.30  0.0578643    13.3720   242.7799    67.7476    58.4720
  -2875.00   42254.46  0.0578257    13.3935   240.9508    68.1213    58.3436
  -2865.00   42252.34  0.0577987    13.4134   239.3776    68.4385    58.1718
  -2855.00   42252.43  0.0576199    13.4236   237.8849    68.8388    57.9980
  -2845.00   42252.20  0.0575204    13.4427   236.6062    69.1399    57.8470
  -2835.00   42250.08  0.0575400    13.4691   235.4453    69.4622    57.6827
  -2825.00   42248.94  0.0574491    13.4913   234.4218    69.7499    57.4843
  -2815.00   42250.34  0.0573838    13.5132   233.4399    69.9614    57.3113
  -2805.00   42251.38  0.0574215    13.5394   232.2515    70.2927    57.1750
  -2795.00   42250.74  0.0574740    13.5722   231.0759    70.5318    57.0150
  -2785.00   42251.57  0.0575389    13.5997   229.8026    70.7284    56.8480
  -2775.00   42254.47  0.0575656    13.6206   228.1649    71.0863    56.7224
  -2765.00   42255.48  0.0576696    13.6512   226.4405    71.3574    56.6119
  -2755.00   42254.69  0.0578360    13.6811   224.6004    71.6529    56.4802
  -2745.00   42255.28  0.0578528    13.6987   222.5934    72.0510    56.3448
  -2735.00   42256.50  0.0578976    13.7195   220.5945    72.3880    56.2401
  -2725.00   42255.78  0.0580138    13.7429   218.5701    72.8128    56.1403
  -2715.00   42253.27  0.0580095    13.7619   216.7075    73.2365    55.9959
  -2705.00   42252.69  0.0579702    13.7769   215.0247    73.6093    55.8564
  -2695.00   42253.22  0.0579312    13.7893   213.3643    74.1012    55.7431
  -2685.00   42251.38  0.0578668    13.8101   211.9829    74.4945    55.5990
  -2675.00   42249.47  0.0578031    13.8287   210.7816    74.8506    55.4231
  -2665.00   42250.11  0.0576506    13.8384   209.5407    75.3078    55.2602
  -2655.00   42251.33  0.0575352    13.8590   208.4359    75.6142    55.1116
  -2645.00   42250.68  0.0575089    13.8862   207.3012    75.9266    54.9373
  -2635.00   42250.36  0.0573801    13.9057   206.0587    76.2690    54.7462
  -2625.00   42252.64  0.0572996    13.9279   204.7520    76.4890    54.5882
  -2615.00   42254.60  0.0573266    13.9577   203.2004    76.7756    54.4513
  -2605.00   42254.08  0.0573130    13.9885   201.5724    77.0169    54.2894
  -2595.00   42254.21  0.0573462    14.0145   199.8480    77.2156    54.1364
  -2585.00   42256.26  0.0574050    14.0372   197.8825    77.5427    54.0266
  -2575.00   42256.64  0.0574658    14.0674   196.0009    77.7727    53.9169
  -2565.00   42254.70  0.0575850    14.0947   194.1542    78.0421    53.7843
  -2555.00   42253.67  0.0576253    14.1092   192.2688    78.4533    53.6632
  -2545.00   42254.10  0.0576666    14.1286   190.6115    78.7499    53.5640
  -2535.00   42253.15  0.0577544    14.1514   189.0564    79.1233    53.4481
  -2525.00   42250.32  0.0577238    14.1652   187.6233    79.5669    53.2963
  -2515.00   42249.69  0.0576970    14.1783   186.3742    79.9197    53.1572
  -2505.00   42251.02  0.0576847    14.1934   185.1121    80.3482    53.0323
  -2495.00   42250.33  0.0575845    14.2130   183.9624    80.7180    52.8676
  -2485.00   42249.50  0.0575255    14.2312   182.8112    81.0446    52.6883
  -2475.00   42251.03  0.0574536    14.2439   181.4638    81.4556    52.5321
  -2465.00   42253.47  0.0573573    14.2676   180.1358    81.7002    52.3807
  -2455.00   42253.89  0.0573476    14.2958   178.6481    81.9621    52.2040
  -2445.00   42253.48  0.0573012    14.3147   176.9331    82.3085    52.0296
  -2435.00   42255.44  0.0572960    14.3377   175.2178    82.4885    51.8929
  -2425.00   42256.91  0.0573751    14.3691   173.3528    82.7361    51.7583
  -2415.00   42255.48  0.0573884    14.3957   171.4618    83.0244    51.6032
  -2405.00   42254.04  0.0574839    14.4176   169.6591    83.2464    51.4694
  -2395.00   42254.60  0.0576200    14.4404   167.8297    83.5718    51.3678
  -2385.00   42254.37  0.0576647    14.4667   166.2128    83.8460    51.2509
  -2375.00   42251.97  0.0577814    14.4884   164.7199    84.1639    51.1161
  -2365.00   42250.39  0.0578888    14.5004   163.2316    84.6168    51.0011
  -2355.00   42251.23  0.0579253    14.5180   161.9931    84.9278    50.8972
  -2345.00   42251.30  0.0579863    14.5387   160.7611    85.3266    50.7633
  -2335.00   42249.46  0.0579725    14.5491   159.4502    85.8452    50.6096
  -2325.00   42249.71  0.0579643    14.5605   158.2242    86.2096    50.4750
  -2315.00   42252.12  0.0579523    14.5784   156.8375    86.6373    50.3400
  -2305.00   42252.77  0.0578071    14.5959   155.3371    87.0814    50.1673
  -2295.00   42252.44  0.0577403    14.6122   153.7485    87.4435    49.9942
  -2285.00   42253.90  0.0576942    14.6279   151.9462    87.8504    49.8469
  -2275.00   42256.26  0.0575282    14.6521   150.1650    88.1215    49.6916
  -2265.00   42256.49  0.0574559    14.6791   148.2955    88.4057    49.5165
  -2255.00   42254.76  0.0574256    14.6977   146.3267    88.7689    49.3569
  -2245.00   42255.18  0.0573815    14.7218   144.5979    88.9115    49.2303
  -2235.00   42255.58  0.0574046    14.7535   142.8974    89.1273    49.0927
  -2225.00   42253.45  0.0573923    14.7773   141.2503    89.4510    48.9432
  -2215.00   42251.09  0.0574891    14.7970   139.8796    89.6251    48.8254
  -2205.00   42251.12  0.0576259    14.8214   138.5544    89.8866    48.7248
  -2195.00   42251.53  0.0576176    14.8447   137.3446    90.1826    48.6018
  -2185.00   42249.99  0.0577253    14.8615   136.1916    90.4919    48.4711
  -2175.00   42249.22  0.0578729    14.8736   134.9428    90.8988    48.3622
  -2165.00   42251.14  0.0578628    14.8901   133.7808    91.1871    48.2499
  -2155.00   42252.63  0.0578831    14.9077   132.4374    91.5795    48.1030
  -2145.00   42251.88  0.0579024    14.9165   130.8387    92.1014    47.9495
  -2135.00   42252.49  0.0578864    14.9280   129.2948    92.3966    47.8150
  -2125.00   42254.90  0.0578544    14.9481   127.5291    92.7682    47.6644
  -2115.00   42255.81  0.0577077    14.9652   125.5707    93.2361    47.4853
  -2105.00   42254.69  0.0576793    14.9809   123.6789    93.5356    47.3205
  -2095.00   42254.87  0.0576825    15.0018   121.7391    93.8476    47.1772
  -2085.00   42256.12  0.0575159    15.0271   119.9172    94.1088    47.0206
  -2075.00   42255.59  0.0574864    15.0519   118.1805    94.3768    46.8547
  -2065.00   42252.86  0.0575697    15.0715   116.5248    94.6860    46.7159
  -2055.00   42252.21  0.0575579    15.0955   115.2256    94.7906    46.5989
  -2045.00   42252.54  0.0576069    15.1237   113.9695    95.0070    46.4635
  -2035.00   42250.97  0.0576897    15.1428   112.6735    95.3922    46.3248
  -2025.00   42249.09  0.0578356    15.1587   111.6572    95.5505    46.2188
  -2015.00   42249.69  0.0579930    15.1812   110.5544    95.8101    46.1119
  -2005.00   42251.49  0.0579919    15.1996   109.2921    96.2202    45.9793
  -1995.00   42251.32  0.0581318    15.2111   107.9837    96.5695    45.8505
  -1985.00   42251.42  0.0583102    15.2237   106.4739    96.9685    45.7391
  -1975.00   42253.77  0.0582547    15.2393   104.8823    97.3182    45.6138
  -1965.00   42255.88  0.0582594    15.2536   103.0401    97.7731    45.4604
  -1955.00   42255.22  0.0583312    15.2626   100.9677    98.3204    45.3128
  -1945.00   42254.78  0.0582793    15.2752    99.0674    98.6107    45.1799
  -1935.00   42255.85  0.0582052    15.2952    97.0542    99.0032    45.0230
  -1925.00   42256.06  0.0580768    15.3109    94.9314    99.5641    44.8474
  -1915.00   42253.78  0.0580390    15.3254    93.1593    99.8510    44.6946
  -1905.00   42252.52  0.0580044    15.3486    91.5179   100.1368    44.5515
  -1895.00   42253.00  0.0577791    15.3732    90.0139   100.4724    44.3920
  -1885.00   42252.62  0.0577338    15.3944    88.6979   100.7583    44.2342
  -1875.00   42250.34  0.0578104    15.4159    87.5145   101.0083    44.1063
  -1865.00   42249.89  0.0577149    15.4402    86.5818   101.0975    43.9895
  -1855.00   42251.33  0.0577091    15.4652    85.5467   101.3147    43.8550
  -1845.00   42251.26  0.0578405    15.4826    84.3103   101.6814    43.7288
  -1835.00   42250.45  0.0579482    15.4977    83.2453   101.7724    43.6312
  -1825.00   42251.58  0.0580556    15.5183    81.9301   101.9831    43.5207
  -1815.00   42254.20  0.0580781    15.5331    80.2139   102.4602    43.3862
  -1805.00   42254.67  0.0582311    15.5410    78.4881   102.7767    43.2634
  -1795.00   42254.41  0.0583912    15.5541    76.5995   103.1126    43.1472
  -1785.00   42255.71  0.0582773    15.5689    74.5948   103.5141    43.0076
  -1775.00   42257.12  0.0582797    15.5800    72.5043   103.9812    42.8490
  -1765.00   42255.76  0.0583812    15.5910    70.4194   104.4609    42.7025
  -1755.00   42253.80  0.0582590    15.6063    68.6819   104.7015    42.5630
  -1745.00   42253.53  0.0581485    15.6264    66.9840   105.0553    42.3996
  -1735.00   42253.44  0.0581073    15.6428    65.2682   105.5848    42.2315
  -1725.00   42251.22  0.0580855    15.6586    64.0430   105.7605    42.0915
  -1715.00   42249.77  0.0580581    15.6832    62.9245   105.9521    41.9521
  -1705.00   42250.62  0.0578992    15.7061    61.7391   106.3177    41.7982
  -1695.00   42251.44  0.0579550    15.7231    60.6893   106.5547    41.6581
  -1685.00   42250.59  0.0580932    15.7444    59.6268   106.7404    41.5410
  -1675.00   42250.80  0.0580004    15.7665    58.5487   106.8742    41.4239
  -1665.00   42253.22  0.0580504    15.7846    57.1993   107.1520    41.2918
  -1655.00   42254.28  0.0582796    15.7995    55.5778   107.5155    41.1743
  -1645.00   42253.87  0.0583701    15.8129    54.0548   107.6254    41.0748
  -1635.00   42254.40  0.0584395    15.8298    52.2624   107.8840    40.9547
  -1625.00   42256.34  0.0585495    15.8415    50.0825   108.4464    40.8187
  -1615.00   42256.46  0.0587229    15.8478    48.1072   108.7658    40.6984
  -1605.00   42254.83  0.0588496    15.8610    46.1586   109.0874    40.5758
  -1595.00   42254.30  0.0587269    15.8748    44.1397   109.6056    40.4274
  -1585.00   42254.78  0.0587647    15.8832    42.2786   110.1067    40.2723
  -1575.00   42253.25  0.0588800    15.8953    40.6019   110.5554    40.1300
  -1565.00   42250.85  0.0586757    15.9120    39.2487   110.8557    39.9860
  -1555.00   42250.38  0.0585240    15.9295    37.9310   111.2670    39.8222
  -1545.00   42251.11  0.0585331    15.9454    36.5673   111.7921    39.6641
  -1535.00   42250.39  0.0584393    15.9623    35.5895   111.9498    39.5307
  -1525.00   42249.70  0.0583162    15.9859    34.5554   112.1344    39.3918
  -1515.00   42251.28  0.0581744    16.0070    33.2038   112.5619    39.2428
  -1505.00   42253.45  0.0582210    16.0222    31.9452   112.7470    39.1164
  -1495.00   42253.65  0.0583083    16.0433    30.5661   112.8694    39.0049
  -1485.00   42253.73  0.0581524    16.0642    28.9770   113.0674    38.8859
  -1475.00   42255.71  0.0582193    16.0778    27.1767   113.3456    38.7612
  -1465.00   42256.67  0.0584665    16.0917    25.2291   113.6427    38.6513
  -1455.00   42255.68  0.0584815    16.1050    23.4455   113.7547    38.5488
  -1445.00   42254.53  0.0584966    16.1180    21.5324   114.0500    38.4222
  -1435.00   42254.93  0.0586694    16.1278    19.4512   114.5932    38.2884
  -1425.00   42254.71  0.0588118    16.1341    17.7842   114.8589    38.1672
  -1415.00   42252.34  0.0588451    16.1470    16.2639   115.1398    38.0350
  -1405.00   42250.98  0.0587413    16.1601    14.6263   115.7149    37.8792
  -1395.00   42251.54  0.0587943    16.1678    13.2671   116.1491    37.7271
  -1385.00   42251.15  0.0588833    16.1818    12.0778   116.4759    37.5861
  -1375.00   42249.75  0.0586250    16.2004    10.9357   116.8056    37.4368
  -1365.00   42249.90  0.0584952    16.2162     9.7273   117.1900    37.2782
  -1355.00   42251.80  0.0585822    16.2324     8.3915   117.5878    37.1342
  -1345.00   42252.72  0.0584651    16.2508     7.2207   117.6864    37.0087
  -1335.00   42252.50  0.0583365    16.2721     5.8353   117.8532    36.8749
  -1325.00   42253.88  0.0583358    16.2899     4.0382   118.2700    36.7387
  -1315.00   42256.19  0.0584433    16.3030     2.3897   118.3894    36.6255
  -1305.00   42256.33  0.0585488    16.3212     0.6637   118.4752    36.5175
  -1295.00   42255.21  0.0584622    16.3383   358.6847   118.7976    36.3954
  -1285.00   42255.43  0.0586114    16.3471   356.7688   119.0931    36.2753
  -1275.00   42255.61  0.0589041    16.3586   354.9312   119.3664    36.1658
  -1265.00   42254.11  0.0588803    16.3712   353.3025   119.5792    36.0525
  -1255.00   42251.72  0.0589085    16.3802   351.6826   119.9648    35.9195
  -1245.00   42251.26  0.0591324    16.3886   350.0466   120.5015    35.7868
  -1235.00   42251.68  0.0592267    16.3959   348.8224   120.7651    35.6635
  -1225.00   42250.14  0.0591913    16.4077   347.6300   121.0979    35.5248
  -1215.00   42249.27  0.0591471    16.4195   346.1710   121.7341    35.3712
  -1205.00   42250.66  0.0592021    16.4268   344.9238   122.1422    35.2269
  -1195.00   42252.03  0.0592302    16.4407   343.6935   122.4330    35.0891
  -1185.00   42252.02  0.0589599    16.4587   342.1815   122.8880    34.9387
  -1175.00   42252.35  0.0588401    16.4721   340.5686   123.3071    34.7877
  -1165.00   42254.53  0.0589169    16.4877   338.8486   123.6444    34.6541
  -1155.00   42256.02  0.0587038    16.5071   337.1696   123.7991    34.5293
  -1145.00   42255.21  0.0585221    16.5258   335.3396   124.0226    34.3973
  -1135.00   42254.96  0.0585561    16.5418   333.2892   124.4120    34.2714
  -1125.00   42256.07  0.0585895    16.5554   331.5814   124.4781    34.1656
  -1115.00   42255.65  0.0586073    16.5719   329.9628   124.5353    34.0578
  -1105.00   42253.45  0.0585650    16.5861   328.1615   124.9119    33.9374
  -1095.00   42252.21  0.0587149    16.5928   326.6621   125.1521    33.8241
  -1085.00   42252.35  0.0589696    16.6024   325.3537   125.3362    33.7160
  -1075.00   42251.58  0.0589036    16.6138   324.0749   125.6365    33.5939
  -1065.00   42249.48  0.0589463    16.6197   322.8063   126.0425    33.4586
  -1055.00   42249.36  0.0591789    16.6267   321.4860   126.5152    33.3265
  -1045.00   42251.12  0.0591657    16.6357   320.3655   126.7729    33.1969
  -1035.00   42251.18  0.0590749    16.6465   319.0801   127.1333    33.0511
  -1025.00   42251.01  0.0590731    16.6579   317.4157   127.7352    32.9004
  -1015.00   42252.78  0.0590826    16.6673   315.9027   128.0419    32.7625
  -1005.00   42255.08  0.0590330    16.6824   314.3231   128.2507    32.6268
   -995.00   42255.56  0.0588296    16.6999   312.3482   128.7116    32.4816
   -985.00   42254.84  0.0587724    16.7122   310.4178   129.0458    32.3439
   -975.00   42255.84  0.0588714    16.7271   308.5632   129.2413    32.2230
   -965.00   42256.63  0.0586822    16.7456   306.7355   129.4299    32.1015
   -955.00   42254.81  0.0585867    16.7600   304.9634   129.6624    31.9750
   -945.00   42252.81  0.0587360    16.7724   303.2052   129.9906    31.8591
   -935.00   42252.81  0.0587558    16.7847   301.8550   130.0644    31.7546
   -925.00   42252.60  0.0587721    16.7973   300.6351   130.1714    31.6413
   -915.00   42250.70  0.0588502    16.8074   299.2184   130.6004    31.5206
   -905.00   42249.40  0.0590152    16.8126   298.0986   130.8353    31.4083
   -895.00   42250.55  0.0592207    16.8206   297.0758   131.0049    31.2958
   -885.00   42251.41  0.0591937    16.8299   295.7767   131.4307    31.1671
   -875.00   42250.45  0.0592806    16.8339   294.4143   131.8619    31.0329
   -865.00   42250.91  0.0595253    16.8398   292.9174   132.2883    30.9046
   -855.00   42253.49  0.0594463    16.8497   291.3477   132.6396    30.7718
   -845.00   42254.63  0.0593669    16.8587   289.5678   133.0632    30.6262
   -835.00   42254.20  0.0594230    16.8685   287.4545   133.6625    30.4825
   -825.00   42254.96  0.0593595    16.8793   285.5355   133.9757    30.3502
   -815.00   42256.69  0.0592376    16.8936   283.6399   134.2310    30.2146
   -805.00   42256.64  0.0590787    16.9093   281.4981   134.7381    30.0743
   -795.00   42254.26  0.0590024    16.9212   279.6423   135.0502    29.9459
   -785.00   42253.67  0.0590096    16.9357   278.0625   135.2064    29.8299
   -775.00   42253.89  0.0587954    16.9529   276.5092   135.4794    29.7092
   -765.00   42252.11  0.0586997    16.9648   275.1643   135.7114    29.5884
   -755.00   42249.75  0.0588408    16.9752   273.9225   135.9575    29.4808
   -745.00   42249.90  0.0587667    16.9871   272.9031   136.0720    29.3763
   -735.00   42251.07  0.0587425    16.9967   271.9174   136.2068    29.2615
   -725.00   42250.54  0.0588748    17.0035   270.6345   136.6027    29.1448
   -715.00   42250.04  0.0589767    17.0083   269.4776   136.8034    29.0343
   -705.00   42252.17  0.0590890    17.0149   268.2449   136.9677    28.9168
   -695.00   42254.28  0.0591019    17.0221   266.5476   137.4372    28.7852
   -685.00   42253.90  0.0591835    17.0257   264.7909   137.8228    28.6530
   -675.00   42253.88  0.0593677    17.0319   262.9432   138.1580    28.5252
   -665.00   42255.73  0.0592477    17.0426   260.9105   138.5767    28.3884
   -655.00   42256.64  0.0591709    17.0513   258.8813   138.9677    28.2447
   -645.00   42254.92  0.0592612    17.0608   256.7673   139.4464    28.1093
   -635.00   42254.06  0.0591203    17.0738   254.9265   139.7329    27.9812
   -625.00   42254.71  0.0589848    17.0874   253.2876   139.9625    27.8488
   -615.00   42254.33  0.0589190    17.1006   251.5752   140.3967    27.7179
   -605.00   42251.42  0.0588543    17.1121   250.2334   140.6146    27.6010
   -595.00   42250.39  0.0588524    17.1249   249.1439   140.7237    27.4890
   -585.00   42251.26  0.0587393    17.1382   247.9418   141.0255    27.3714
   -575.00   42250.67  0.0587242    17.1465   246.8862   141.2241    27.2574
   -565.00   42249.19  0.0589069    17.1541   245.8224   141.4067    27.1531
   -555.00   42250.13  0.0588601    17.1636   244.6487   141.6205    27.0447
   -545.00   42252.74  0.0588838    17.1695   243.3915   141.8120    26.9270
   -535.00   42253.41  0.0590945    17.1735   241.7878   142.1832    26.8118
   -525.00   42253.19  0.0591608    17.1784   240.1526   142.4312    26.6994
   -515.00   42255.01  0.0592467    17.1838   238.4137   142.6645    26.5767
   -505.00   42257.11  0.0593319    17.1889   236.2937   143.1650    26.4459
   -495.00   42256.09  0.0594020    17.1928   234.2602   143.5376    26.3184
   -485.00   42254.46  0.0595339    17.1993   232.2988   143.8689    26.1913
   -475.00   42254.66  0.0594530    17.2089   230.2296   144.3803    26.0554
   -465.00   42254.94  0.0593891    17.2165   228.4089   144.7815    25.9171
   -455.00   42252.47  0.0594713    17.2252   226.7093   145.2035    25.7886
   -445.00   42250.82  0.0592858    17.2381   225.1975   145.5881    25.6621
   -435.00   42251.41  0.0591335    17.2500   223.9384   145.8772    25.5315
   -425.00   42251.97  0.0590923    17.2607   222.6319   146.2855    25.4080
   -415.00   42250.10  0.0589419    17.2725   221.5311   146.5178    25.2967
   -405.00   42249.72  0.0588665    17.2841   220.5221   146.6613    25.1854
   -395.00   42251.94  0.0587779    17.2943   219.2452   146.9828    25.0718
   -385.00   42252.69  0.0587159    17.3014   217.9955   147.1445    24.9660
   -375.00   42251.95  0.0588241    17.3079   216.6354   147.2745    24.8644
   -365.00   42252.90  0.0587789    17.3151   214.9721   147.5468    24.7556
   -355.00   42255.63  0.0587927    17.3188   213.2685   147.7279    24.6408
   -345.00   42256.23  0.0589897    17.3211   211.3527   148.0121    24.5286
   -335.00   42254.99  0.0589988    17.3259   209.3873   148.3005    24.4135
   -325.00   42255.26  0.0590603    17.3303   207.4961   148.5591    24.2866
   -315.00   42256.45  0.0591760    17.3341   205.4785   149.0115    24.1566
   -305.00   42254.64  0.0591726    17.3394   203.6921   149.3515    24.0308
   -295.00   42251.90  0.0592352    17.3469   202.1095   149.6619    23.9015
   -285.00   42251.36  0.0591984    17.3558   200.4835   150.1645    23.7672
   -275.00   42251.91  0.0591099    17.3636   199.1675   150.4918    23.6373
   -265.00   42250.12  0.0591465    17.3728   197.9657   150.7993    23.5156
   -255.00   42248.96  0.0589888    17.3848   196.7122   151.1921    23.3941
   -245.00   42250.47  0.0588765    17.3944   195.6162   151.4291    23.2711
   -235.00   42252.40  0.0588889    17.4026   194.3802   151.7149    23.1582
   -225.00   42251.95  0.0587444    17.4127   193.0637   151.9436    23.0521
   -215.00   42252.04  0.0587186    17.4213   191.7071   152.0896    22.9416
   -205.00   42254.82  0.0587477    17.4271   190.0406   152.3772    22.8318
   -195.00   42255.91  0.0586979    17.4326   188.3418   152.5337    22.7295
   -185.00   42254.84  0.0588070    17.4375   186.5742   152.6767    22.6247
   -175.00   42254.50  0.0588616    17.4419   184.5694   153.0101    22.5124
   -165.00   42255.98  0.0589016    17.4441   182.7165   153.2048    22.3993
   -155.00   42255.80  0.0590845    17.4461   180.8813   153.4624    22.2870
   -145.00   42253.29  0.0591126    17.4504   179.0493   153.8392    22.1688
   -135.00   42252.26  0.0592047    17.4536   177.4731   154.1340    22.0420
   -125.00   42253.16  0.0593551    17.4563   175.9270   154.5509    21.9161
   -115.00   42251.81  0.0593138    17.4619   174.5286   154.9420    21.7928
   -105.00   42249.46  0.0593676    17.4687   173.2827   155.3013    21.6634
    -95.00   42249.59  0.0594002    17.4754   171.9244   155.8145    21.5329
    -85.00   42251.33  0.0592730    17.4828   170.7005   156.1630    21.4103
    -75.00   42251.11  0.0592459    17.4918   169.4306   156.4916    21.2914
    -65.00   42250.64  0.0591208    17.5019   167.8992   156.9541    21.1722
    -55.00   42252.72  0.0589842    17.5099   166.4396   157.2011    21.0565
    -45.00   42255.32  0.0589336    17.5174   164.8102   157.4508    20.9505
    -35.00   42255.17  0.0587386    17.5264   162.9732   157.7458    20.8474
    -25.00   42254.44  0.0586889    17.5330   161.1934   157.9040    20.7398
    -15.00   42256.14  0.0587170    17.5368   159.2971   158.1269    20.6362
     -5.00   42256.53  0.0585892    17.5415   157.4418   158.2963    20.5375
      5.00   42254.48  0.0586447    17.5454   155.7057   158.4473    20.4309
     15.00   42252.67  0.0587531    17.5472   153.9437   158.7553    20.3182
     25.00   42253.03  0.0587495    17.5487   152.4557   158.9271    20.2079
     35.00   42252.88  0.0588647    17.5509   151.0780   159.1595    20.0937
     45.00   42250.31  0.0589184    17.5542   149.6546   159.5758    19.9714
     55.00   42249.47  0.0589959    17.5568   148.4915   159.8382    19.8464
     65.00   42251.18  0.0591100    17.5598   147.3009   160.1789    19.7236
     75.00   42251.26  0.0590228    17.5662   145.9986   160.6003    19.6015
     85.00   42250.14  0.0590615    17.5727   144.7319   160.9322    19.4746
     95.00   42251.09  0.0591246    17.5782   143.2727   161.3412    19.3515
    105.00   42253.65  0.0589464    17.5858   141.7353   161.6551    19.2380
    115.00   42254.36  0.0588922    17.5944   140.0711   161.9478    19.1236
    125.00   42253.59  0.0588598    17.6017   138.1486   162.3543    19.0096
    135.00   42254.89  0.0587307    17.6078   136.3470   162.5272    18.9040
    145.00   42256.83  0.0586773    17.6141   134.4809   162.7182    18.8023
    155.00   42255.86  0.0585584    17.6206   132.4784   163.0445    18.6991
    165.00   42253.81  0.0585723    17.6241   130.7681   163.1664    18.5938
    175.00   42253.94  0.0586521    17.6261   129.1515   163.3250    18.4921
    185.00   42253.96  0.0585458    17.6295   127.5924   163.5538    18.3911
    195.00   42251.83  0.0586481    17.6317   126.2491   163.7437    18.2805
    205.00   42249.72  0.0588465    17.6316   124.9678   164.0221    18.1674
    215.00   42250.25  0.0588386    17.6326   123.8421   164.2240    18.0584
    225.00   42251.25  0.0589432    17.6349   122.7002   164.5054    17.9424
    235.00   42249.87  0.0590806    17.6367   121.3720   164.9648    17.8192
    245.00   42249.87  0.0591555    17.6384   120.1637   165.2277    17.6998
    255.00   42252.46  0.0592413    17.6416   118.7744   165.5664    17.5814
    265.00   42253.84  0.0591739    17.6473   117.0430   166.0848    17.4602
    275.00   42253.43  0.0592203    17.6523   115.3218   166.4384    17.3383
    285.00   42253.94  0.0592832    17.6568   113.4498   166.8092    17.2221
    295.00   42256.02  0.0590578    17.6642   111.4286   167.2003    17.1129
    305.00   42256.38  0.0589774    17.6719   109.3979   167.5557    17.0005
    315.00   42254.34  0.0589781    17.6772   107.3476   167.9462    16.8907
    325.00   42253.86  0.0587741    17.6827   105.5619   168.1290    16.7919
    335.00   42254.68  0.0586461    17.6889   103.8737   168.3458    16.6921
    345.00   42253.30  0.0585538    17.6934   102.1789   168.7134    16.5885
    355.00   42250.88  0.0585160    17.6953   100.9267   168.7933    16.4889
    365.00   42250.57  0.0585324    17.6967    99.8096   168.8927    16.3903
    375.00   42251.44  0.0584064    17.6991    98.5929   169.1768    16.2875
    385.00   42250.58  0.0585065    17.6993    97.5475   169.3457    16.1773
    395.00   42249.30  0.0587058    17.6979    96.4849   169.5382    16.0665
    405.00   42250.66  0.0586436    17.6989    95.3122   169.7548    15.9580
    415.00   42252.82  0.0587342    17.7010    93.9448   170.0611    15.8401
    425.00   42252.55  0.0589212    17.7018    92.3149   170.4904    15.7176
    435.00   42252.62  0.0589344    17.7038    90.7126   170.7183    15.6036
    445.00   42254.89  0.0589531    17.7084    88.8841   171.0425    15.4885
    455.00   42256.32  0.0589170    17.7138    86.7201   171.5906    15.3686
    465.00   42255.51  0.0589350    17.7180    84.7531   171.8788    15.2549
    475.00   42254.48  0.0589493    17.7226    82.8376   172.1394    15.1474
    485.00   42255.23  0.0587133    17.7297    80.8424   172.5387    15.0418
    495.00   42254.99  0.0586666    17.7353    79.0604   172.8448    14.9336
    505.00   42252.24  0.0587270    17.7382    77.4803   173.1071    14.8299
    515.00   42250.79  0.0585168    17.7424    76.1604   173.2517    14.7348
    525.00   42251.43  0.0584345    17.7468    74.9248   173.4621    14.6337
    535.00   42250.95  0.0584846    17.7482    73.6591   173.8050    14.5283
    545.00   42249.49  0.0584672    17.7483    72.7223   173.8547    14.4312
    555.00   42249.76  0.0584902    17.7493    71.7490   173.9508    14.3316
    565.00   42251.92  0.0584615    17.7504    70.4308   174.3210    14.2238
    575.00   42252.69  0.0586020    17.7491    69.1873   174.4923    14.1157
    585.00   42252.12  0.0588082    17.7474    67.8275   174.6500    14.0082
    595.00   42253.57  0.0587389    17.7487    66.1595   174.9499    13.8995
    605.00   42255.74  0.0588706    17.7499    64.2993   175.2983    13.7831
    615.00   42255.61  0.0591213    17.7496    62.2790   175.7098    13.6651
    625.00   42254.47  0.0590929    17.7516    60.3454   175.9645    13.5561
    635.00   42255.10  0.0590996    17.7562    58.3017   176.3489    13.4430
    645.00   42255.71  0.0591469    17.7602    56.1151   176.9521    13.3238
    655.00   42254.31  0.0591425    17.7634    54.3314   177.2517    13.2160
    665.00   42252.07  0.0590860    17.7684    52.7376   177.5228    13.1132
    675.00   42252.03  0.0588535    17.7749    51.0773   178.0186    13.0063
    685.00   42252.22  0.0587946    17.7787    49.7228   178.3361    12.9020
    695.00   42250.29  0.0588092    17.7807    48.5872   178.5415    12.8048
    705.00   42249.23  0.0585139    17.7846    47.5100   178.7328    12.7116
    715.00   42250.57  0.0584078    17.7875    46.3926   178.9611    12.6115
    725.00   42251.76  0.0584979    17.7867    45.1553   179.2471    12.5095
    735.00   42251.55  0.0584061    17.7859    44.0442   179.2757    12.4167
    745.00   42252.17  0.0583690    17.7866    42.7271   179.3803    12.3177
    755.00   42254.70  0.0584127    17.7861    40.9699   179.7756    12.2074
    765.00   42256.11  0.0585319    17.7838    39.3021   179.9173    12.1028
    775.00   42255.18  0.0586749    17.7828    37.5644   180.0353    11.9985
    785.00   42255.28  0.0585947    17.7847    35.5157   180.4158    11.8867
    795.00   42256.18  0.0587236    17.7854    33.5149   180.7460    11.7725
    805.00   42255.61  0.0589709    17.7852    31.5905   181.0797    11.6598
    815.00   42253.24  0.0588485    17.7885    29.8425   181.3473    11.5539
    825.00   42252.47  0.0588330    17.7931    28.1407   181.7210    11.4431
    835.00   42252.83  0.0589374    17.7958    26.4516   182.2524    11.3278
    845.00   42251.92  0.0588807    17.7983    25.1969   182.4663    11.2274
    855.00   42250.02  0.0587716    17.8032    24.0357   182.6946    11.1291
    865.00   42250.24  0.0586110    17.8077    22.6878   183.1767    11.0217
    875.00   42251.72  0.0585906    17.8089    21.5699   183.4032    10.9222
    885.00   42251.39  0.0586029    17.8099    20.5058   183.5090    10.8306
    895.00   42251.06  0.0583386    17.8128    19.2134   183.7366    10.7351
    905.00   42252.78  0.0583113    17.8133    17.7894   183.9481    10.6344
    915.00   42254.95  0.0584994    17.8108    16.2132   184.1561    10.5356
    925.00   42255.17  0.0584137    17.8099    14.6367   184.2079    10.4431
    935.00   42254.98  0.0584118    17.8102    12.8507   184.3703    10.3421
    945.00   42256.28  0.0585810    17.8083    10.7764   184.7800    10.2310
    955.00   42257.14  0.0587222    17.8056     8.9495   184.9274    10.1295
    965.00   42255.28  0.0588357    17.8055     7.1954   185.0766    10.0275
    975.00   42253.57  0.0588196    17.8071     5.2501   185.5541     9.9130
    985.00   42253.28  0.0589670    17.8066     3.5727   185.8972     9.8016
    995.00   42252.90  0.0592080    17.8063     2.1072   186.1892     9.6952
   1005.00   42250.69  0.0590571    17.8101     0.7067   186.5587     9.5889
   1015.00   42249.78  0.0590460    17.8134   359.3598   186.9728     9.4795
   1025.00   42250.88  0.0591981    17.8144   357.9937   187.4727     9.3690
   1035.00   42251.59  0.0590722    17.8170   356.8618   187.7132     9.2728
   1045.00   42250.92  0.0589184    17.8214   355.6076   188.0069     9.1765
   1055.00   42251.58  0.0588027    17.8242   354.0327   188.5317     9.0700
   1065.00   42254.04  0.0587416    17.8240   352.6126   188.7359     8.9761
   1075.00   42254.77  0.0586639    17.8252   351.1240   188.8382     8.8900
   1085.00   42254.32  0.0583893    17.8276   349.3008   189.1488     8.7932
   1095.00   42255.05  0.0583501    17.8261   347.4727   189.3494     8.6948
   1105.00   42256.68  0.0585100    17.8230   345.6665   189.4659     8.6026
   1115.00   42256.42  0.0583689    17.8227   343.8941   189.5544     8.5101
   1125.00   42254.70  0.0583602    17.8222   342.0939   189.7434     8.4074
   1135.00   42254.26  0.0585846    17.8189   340.2614   190.0976     8.2984
   1145.00   42254.63  0.0586783    17.8166   338.7983   190.2173     8.1990
   1155.00   42252.74  0.0587315    17.8174   337.4326   190.3952     8.0967
   1165.00   42250.53  0.0587668    17.8184   335.8947   190.9117     7.9800
   1175.00   42250.30  0.0588838    17.8172   334.6531   191.2222     7.8717
   1185.00   42251.11  0.0590315    17.8180   333.5483   191.4432     7.7718
   1195.00   42250.30  0.0588577    17.8223   332.2476   191.8677     7.6649
   1205.00   42250.02  0.0588235    17.8243   330.9199   192.2467     7.5584
   1215.00   42251.96  0.0589706    17.8241   329.5075   192.6046     7.4573
   1225.00   42254.05  0.0587861    17.8271   328.0901   192.8137     7.3649
   1235.00   42254.16  0.0586439    17.8302   326.4532   193.0732     7.2701
   1245.00   42254.30  0.0586376    17.8303   324.5053   193.5208     7.1669
   1255.00   42256.29  0.0585869    17.8291   322.7622   193.6396     7.0773
   1265.00   42256.85  0.0585274    17.8300   320.9806   193.7195     6.9920
   1275.00   42255.39  0.0583793    17.8310   318.9565   194.0720     6.8913
   1285.00   42254.24  0.0584144    17.8279   317.1700   194.2501     6.7929
   1295.00   42254.63  0.0585844    17.8250   315.5935   194.3214     6.7039
   1305.00   42254.10  0.0584807    17.8254   314.0765   194.4942     6.6075
   1315.00   42251.69  0.0585281    17.8239   312.6550   194.7304     6.5021
   1325.00   42250.56  0.0588090    17.8197   311.3060   195.0425     6.3977
   1335.00   42251.49  0.0588730    17.8181   310.2247   195.1907     6.2999
   1345.00   42250.96  0.0589280    17.8189   309.0965   195.4325     6.1967
   1355.00   42249.61  0.0590606    17.8182   307.6823   195.9782     6.0816
   1365.00   42250.18  0.0591780    17.8162   306.4317   196.2912     5.9773
   1375.00   42252.33  0.0592695    17.8174   305.1193   196.5381     5.8812
   1385.00   42252.99  0.0591500    17.8212   303.4005   197.0639     5.7729
   1395.00   42252.80  0.0591285    17.8215   301.6189   197.4861     5.6679
   1405.00   42254.42  0.0592309    17.8212   299.7829   197.8087     5.5752
   1415.00   42256.60  0.0589989    17.8251   297.8613   198.1089     5.4833
   1425.00   42256.29  0.0588336    17.8274   295.8573   198.4178     5.3884
   1435.00   42254.85  0.0588536    17.8260   293.7687   198.8260     5.2922
   1445.00   42255.26  0.0587145    17.8253   292.0293   198.9495     5.2067
   1455.00   42255.23  0.0585957    17.8262   290.4099   199.0476     5.1219
   1465.00   42253.20  0.0585081    17.8255   288.6924   199.4157     5.0213
   1475.00   42251.00  0.0585187    17.8212   287.3644   199.5554     4.9258
   1485.00   42251.05  0.0586134    17.8185   286.2535   199.6012     4.8395
   1495.00   42251.46  0.0585185    17.8189   285.0758   199.8415     4.7393
   1505.00   42249.80  0.0585810    17.8159   283.9558   200.0829     4.6317
   1515.00   42249.24  0.0588347    17.8114   282.8236   200.3280     4.5330
   1525.00   42251.30  0.0588272    17.8113   281.6953   200.5190     4.4351
   1535.00   42252.41  0.0588545    17.8121   280.3656   200.7921     4.3295
   1545.00   42252.01  0.0590268    17.8102   278.6816   201.2839     4.2194
   1555.00   42252.75  0.0590728    17.8088   277.0616   201.5559     4.1208
   1565.00   42255.10  0.0590818    17.8110   275.3119   201.7903     4.0273
   1575.00   42256.06  0.0590130    17.8139   273.1890   202.3013     3.9202
   1585.00   42254.78  0.0589944    17.8128   271.1666   202.6475     3.8194
   1595.00   42254.82  0.0590402    17.8128   269.2477   202.8736     3.7339
   1605.00   42256.00  0.0588297    17.8168   267.3280   203.1806     3.6407
   1615.00   42254.89  0.0587124    17.8174   265.5535   203.4487     3.5428
   1625.00   42252.33  0.0587925    17.8146   263.9047   203.7339     3.4532
   1635.00   42251.68  0.0586587    17.8144   262.5888   203.8585     3.3676
   1645.00   42252.02  0.0585737    17.8150   261.4193   203.9646     3.2775
   1655.00   42250.72  0.0586240    17.8122   260.1370   204.3016     3.1777
   1665.00   42248.89  0.0586609    17.8075   259.1355   204.4264     3.0840
   1675.00   42249.69  0.0587531    17.8054   258.1704   204.4949     2.9969
   1685.00   42251.65  0.0587509    17.8051   256.9162   204.8120     2.8937
   1695.00   42251.29  0.0588643    17.8007   255.6289   205.0576     2.7865
   1705.00   42251.30  0.0591117    17.7965   254.1965   205.2861     2.6933
   1715.00   42253.75  0.0591093    17.7972   252.5656   205.5733     2.5948
   1725.00   42255.59  0.0591668    17.7973   250.7494   205.8937     2.4863
   1735.00   42255.12  0.0593843    17.7943   248.6769   206.3465     2.3833
   1745.00   42254.56  0.0593968    17.7938   246.6859   206.6661     2.2886
   1755.00   42255.77  0.0593836    17.7966   244.6990   206.9673     2.1931
   1765.00   42256.05  0.0593858    17.7980   242.5466   207.5018     2.0878
   1775.00   42253.49  0.0593446    17.7963   240.6938   207.8522     1.9914
   1785.00   42252.04  0.0593252    17.7973   239.0606   208.1101     1.9085
   1795.00   42252.68  0.0591288    17.8009   237.4649   208.5080     1.8137
   1805.00   42251.91  0.0589981    17.7999   236.1284   208.7876     1.7152
   1815.00   42249.79  0.0590242    17.7969   234.9227   209.0250     1.6329
   1825.00   42249.46  0.0588373    17.7973   233.8461   209.2165     1.5481
   1835.00   42251.18  0.0587184    17.7970   232.8192   209.3551     1.4532
   1845.00   42251.39  0.0587919    17.7923   231.5923   209.6254     1.3595
   1855.00   42250.42  0.0587698    17.7876   230.4246   209.7465     1.2698
   1865.00   42251.84  0.0588076    17.7862   229.1371   209.8338     1.1801
   1875.00   42254.47  0.0588662    17.7844   227.4517   210.1681     1.0766
   1885.00   42254.59  0.0589516    17.7791   225.7514   210.3782     0.9720
   1895.00   42253.93  0.0591367    17.7760   223.9228   210.5805     0.8816
   1905.00   42255.37  0.0591353    17.7777   221.8931   210.9386     0.7814
   1915.00   42256.63  0.0591762    17.7771   219.9201   211.2426     0.6705
   1925.00   42255.32  0.0593504    17.7743   217.9261   211.6045     0.5744
   1935.00   42253.18  0.0593042    17.7755   216.0877   211.9390     0.4829
   1945.00   42253.31  0.0592636    17.7786   214.4399   212.2302     0.3834
   1955.00   42253.33  0.0593015    17.7783   212.7959   212.6667     0.2828
   1965.00   42250.70  0.0592211    17.7766   211.4566   212.9478     0.1923
   1975.00   42249.13  0.0591852    17.7779   210.2820   213.1624     0.1086
   1985.00   42250.37  0.0590838    17.7799   209.0195   213.5406     0.0122
   1995.00   42250.97  0.0589874    17.7769   207.9306   213.7497   359.9147
   2005.00   42250.15  0.0590266    17.7737   206.7954   213.9219   359.8347
   2015.00   42250.60  0.0589109    17.7743   205.5111   214.1618   359.7477
   2025.00   42253.43  0.0588575    17.7727   204.1854   214.3085   359.6466
   2035.00   42254.75  0.0589793    17.7672   202.6076   214.5209   359.5572
   2045.00   42253.80  0.0589680    17.7635   200.9464   214.6867   359.4702
   2055.00   42254.62  0.0590318    17.7629   199.2009   214.8252   359.3744
   2065.00   42256.40  0.0591816    17.7597   197.1884   215.1548   359.2732
   2075.00   42255.92  0.0592521    17.7543   195.2994   215.3685   359.1733
   2085.00   42253.72  0.0594234    17.7525   193.4442   215.5928   359.0827
   2095.00   42253.58  0.0595066    17.7537   191.5068   216.0226   358.9807
   2105.00   42254.21  0.0595628    17.7517   189.8464   216.3352   358.8694
   2115.00   42252.76  0.0597150    17.7491   188.2749   216.6851   358.7771
   2125.00   42250.29  0.0596870    17.7514   186.7787   217.1181   358.6857
   2135.00   42250.61  0.0596643    17.7538   185.4960   217.4647   358.5806
   2145.00   42251.67  0.0597069    17.7521   184.1794   217.8834   358.4845
   2155.00   42250.25  0.0595698    17.7512   182.9439   218.2260   358.3998
   2165.00   42249.49  0.0594965    17.7533   181.7294   218.4950   358.3133
   2175.00   42251.58  0.0594308    17.7534   180.2888   218.8868   358.2187
   2185.00   42253.43  0.0592612    17.7493   178.8904   219.0966   358.1276
   2195.00   42253.27  0.0592244    17.7466   177.3511   219.2660   358.0505
   2205.00   42253.57  0.0591317    17.7467   175.5638   219.5552   357.9628
   2215.00   42256.03  0.0590538    17.7431   173.8355   219.6852   357.8607
   2225.00   42257.15  0.0591197    17.7372   171.9745   219.8448   357.7751
   2235.00   42255.13  0.0590841    17.7347   170.0663   220.0619   357.6896
   2245.00   42254.42  0.0591459    17.7339   168.3045   220.2139   357.5857
   2255.00   42254.86  0.0593084    17.7296   166.5061   220.4886   357.4863
   2265.00   42253.90  0.0593089    17.7251   164.9073   220.7187   357.3909
   2275.00   42251.01  0.0594353    17.7253   163.4624   220.9536   357.2954
   2285.00   42250.37  0.0595661    17.7256   161.9799   221.3707   357.1927
   2295.00   42251.48  0.0595637    17.7228   160.7701   221.6456   357.0849
   2305.00   42250.95  0.0596411    17.7214   159.5651   221.9500   356.9955
   2315.00   42249.54  0.0596370    17.7241   158.2326   222.3935   356.9040
   2325.00   42250.72  0.0596113    17.7249   157.0322   222.6791   356.7968
   2335.00   42253.11  0.0596265    17.7223   155.6658   222.9944   356.7059
   2345.00   42252.85  0.0594859    17.7222   154.1227   223.3397   356.6254
   2355.00   42252.47  0.0594456    17.7241   152.5553   223.5718   356.5331
   2365.00   42254.39  0.0594547    17.7221   150.7583   223.8740   356.4398
   2375.00   42256.30  0.0592773    17.7177   148.9465   224.0709   356.3541
   2385.00   42255.56  0.0592582    17.7161   147.0882   224.2354   356.2740
   2395.00   42254.59  0.0592832    17.7154   145.1121   224.5222   356.1829
   2405.00   42255.56  0.0592310    17.7104   143.3910   224.6314   356.0812
   2415.00   42255.99  0.0592899    17.7049   141.7059   224.7815   355.9961
   2425.00   42253.17  0.0593286    17.7036   140.0362   225.0674   355.9088
   2435.00   42251.46  0.0594424    17.7018   138.6923   225.2213   355.7990
   2445.00   42251.70  0.0596279    17.6966   137.3821   225.4589   355.7002
   2455.00   42251.46  0.0596311    17.6932   136.1117   225.7686   355.6090
   2465.00   42249.40  0.0597888    17.6940   134.9569   226.0456   355.5069
   2475.00   42249.35  0.0599919    17.6929   133.6670   226.4515   355.4037
   2485.00   42251.66  0.0599593    17.6894   132.4279   226.7680   355.3017
   2495.00   42252.51  0.0600141    17.6893   131.0206   227.1306   355.2118
   2505.00   42252.13  0.0600731    17.6915   129.3301   227.6304   355.1193
   2515.00   42253.45  0.0600263    17.6908   127.7150   227.9293   355.0135
   2525.00   42256.14  0.0599733    17.6882   125.8847   228.2620   354.9271
   2535.00   42255.94  0.0598314    17.6891   123.8090   228.7048   354.8493
   2545.00   42254.62  0.0597720    17.6903   121.8903   228.9537   354.7537
   2555.00   42255.07  0.0597407    17.6868   119.9432   229.2080   354.6634
   2565.00   42255.98  0.0594942    17.6828   118.0311   229.4709   354.5847
   2575.00   42254.39  0.0594392    17.6819   116.3075   229.6612   354.5007
   2585.00   42252.30  0.0594910    17.6795   114.6811   229.9021   354.4073
   2595.00   42252.36  0.0593703    17.6730   113.3770   229.9967   354.3095
   2605.00   42252.98  0.0593711    17.6682   112.1355   230.1557   354.2234
   2615.00   42250.84  0.0594625    17.6668   110.8626   230.4592   354.1314
   2625.00   42249.52  0.0595533    17.6635   109.8862   230.5725   354.0183
   2635.00   42250.74  0.0596737    17.6579   108.8164   230.7626   353.9194
   2645.00   42251.76  0.0596848    17.6562   107.4894   231.1445   353.8298
   2655.00   42251.00  0.0598343    17.6574   106.2082   231.4099   353.7217
   2665.00   42251.41  0.0600209    17.6553   104.7167   231.7291   353.6181
   2675.00   42254.18  0.0599153    17.6525   103.0403   232.0738   353.5249
   2685.00   42255.57  0.0599425    17.6542   101.1930   232.4380   353.4334
   2695.00   42255.01  0.0600401    17.6556    99.1428   232.8719   353.3400
   2705.00   42255.18  0.0599312    17.6534    97.2523   233.1007   353.2400
   2715.00   42256.81  0.0598364    17.6514    95.2660   233.3960   353.1561
   2725.00   42255.99  0.0597708    17.6525    93.1749   233.8282   353.0766
   2735.00   42253.50  0.0597371    17.6520    91.4929   233.9967   352.9772
   2745.00   42252.56  0.0597018    17.6473    89.9487   234.1592   352.8868
   2755.00   42252.93  0.0595175    17.6441    88.3973   234.4662   352.8094
   2765.00   42251.66  0.0595365    17.6436    87.1395   234.6506   352.7172
   2775.00   42249.70  0.0596560    17.6396    86.0091   234.8208   352.6196
   2785.00   42250.07  0.0595310    17.6328    84.9957   234.9473   352.5266
   2795.00   42251.81  0.0595683    17.6294    83.9080   235.1548   352.4367
   2805.00   42251.31  0.0597561    17.6274    82.6616   235.4628   352.3402
   2815.00   42250.86  0.0598339    17.6224    81.5531   235.5646   352.2287
   2825.00   42252.80  0.0599216    17.6170    80.1801   235.7762   352.1311
   2835.00   42254.64  0.0600213    17.6161    78.3785   236.2350   352.0404
   2845.00   42254.44  0.0602021    17.6164    76.6444   236.5107   351.9286
   2855.00   42254.08  0.0603659    17.6132    74.7641   236.7969   351.8245
   2865.00   42255.74  0.0602700    17.6116    72.6169   237.2578   351.7371
   2875.00   42256.57  0.0603283    17.6142    70.5011   237.6917   351.6415
   2885.00   42254.91  0.0604553    17.6149    68.4335   238.1137   351.5453
   2895.00   42253.47  0.0602574    17.6120    66.6151   238.4013   351.4536
   2905.00   42253.93  0.0601178    17.6113    64.8598   238.7671   351.3706
   2915.00   42253.17  0.0600887    17.6120    63.1433   239.2286   351.2890
   2925.00   42250.78  0.0599728    17.6094    61.9235   239.3732   351.1916
   2935.00   42249.74  0.0598286    17.6037    60.8135   239.5215   351.1038
   2945.00   42250.72  0.0596640    17.6006    59.5392   239.8777   351.0268
   2955.00   42250.95  0.0596797    17.5987    58.5108   240.0306   350.9289
   2965.00   42249.98  0.0597493    17.5924    57.5010   240.1161   350.8284
   2975.00   42250.95  0.0595841    17.5855    56.2853   240.2981   350.7395
   2985.00   42253.58  0.0596431    17.5831    54.8949   240.5301   350.6436
   2995.00   42254.20  0.0598700    17.5804    53.3034   240.7953   350.5405
   3005.00   42253.83  0.0598598    17.5746    51.7332   240.9040   350.4333
   3015.00   42255.07  0.0598887    17.5709    49.8943   241.1567   350.3358
   3025.00   42256.45  0.0600401    17.5711    47.7339   241.6300   350.2418
   3035.00   42255.87  0.0601712    17.5707    45.8338   241.8613   350.1299
   3045.00   42254.02  0.0602174    17.5675    43.9761   242.0931   350.0282
   3055.00   42253.95  0.0601345    17.5673    41.9328   242.5857   349.9438
   3065.00   42254.25  0.0602082    17.5700    40.1732   242.9658   349.8447
   3075.00   42252.25  0.0603134    17.5691    38.6571   243.2502   349.7451
   3085.00   42250.40  0.0600697    17.5660    37.2655   243.5460   349.6604
   3095.00   42250.73  0.0599632    17.5659    35.9648   243.8866   349.5747
   3105.00   42251.18  0.0600359    17.5658    34.6854   244.2588   349.4858
   3115.00   42250.19  0.0598839    17.5611    33.7060   244.3570   349.3911
   3125.00   42249.82  0.0597317    17.5554    32.6418   244.5017   349.3032
   3135.00   42251.69  0.0596879    17.5526    31.2318   244.8692   349.2215
   3145.00   42253.38  0.0597476    17.5492    29.9728   244.9753   349.1193
   3155.00   42253.10  0.0597978    17.5418    28.6162   245.0238   349.0176
   3165.00   42253.69  0.0596854    17.5358    26.8696   245.2885   348.9304
   3175.00   42255.88  0.0598243    17.5339    25.0412   245.5356   348.8290
   3185.00   42256.44  0.0601061    17.5301    23.1557   245.7567   348.7201
   3195.00   42255.17  0.0600676    17.5241    21.2899   245.9379   348.6184
   3205.00   42254.51  0.0601259    17.5219    19.3411   246.2622   348.5193
   3215.00   42254.83  0.0603726    17.5223    17.3131   246.7492   348.4189
   3225.00   42254.01  0.0604733    17.5206    15.6876   246.9922   348.3084
   3235.00   42251.41  0.0604604    17.5178    14.1694   247.2845   348.2088
   3245.00   42250.53  0.0604317    17.5183    12.4943   247.8530   348.1228
   3255.00   42251.30  0.0605128    17.5203    11.1566   248.2329   348.0211
   3265.00   42250.49  0.0605368    17.5178    10.0057   248.4920   347.9216
   3275.00   42249.51  0.0602632    17.5149     8.6962   248.8950   347.8424
   3285.00   42250.42  0.0601543    17.5147     7.3995   249.2700   347.7556
   3295.00   42252.37  0.0602268    17.5127     6.0712   249.5721   347.6613
   3305.00   42252.88  0.0599703    17.5062     4.7487   249.7192   347.5739
   3315.00   42252.70  0.0597665    17.5003     3.2465   249.9090   347.4875
   3325.00   42254.42  0.0597852    17.4970     1.4135   250.2640   347.3988
   3335.00   42256.23  0.0597775    17.4912   359.7610   250.3265   347.2961
   3345.00   42255.68  0.0597506    17.4830   358.0569   250.3712   347.1941
   3355.00   42254.72  0.0596788    17.4780   356.0272   250.7032   347.1032
   3365.00   42255.35  0.0598316    17.4759   354.1904   250.9156   346.9950
   3375.00   42255.41  0.0600745    17.4715   352.5180   251.0666   346.8808
   3385.00   42253.56  0.0599915    17.4667   350.8524   251.3298   346.7818
   3395.00   42251.66  0.0600506    17.4663   349.2778   251.6799   346.6797
   3405.00   42251.69  0.0603167    17.4669   347.7808   252.0954   346.5724
   3415.00   42251.67  0.0603032    17.4644   346.5881   252.3228   346.4672
   3425.00   42249.84  0.0602242    17.4625   345.3967   252.6269   346.3709
   3435.00   42249.30  0.0602344    17.4634   343.9650   253.1668   346.2818
   3445.00   42251.08  0.0602677    17.4634   342.7817   253.4368   346.1800
   3455.00   42252.03  0.0602186    17.4595   341.5873   253.6206   346.0827
   3465.00   42252.01  0.0599925    17.4564   339.9969   254.0305   346.0037
   3475.00   42253.00  0.0599470    17.4556   338.3835   254.3392   345.9124
   3485.00   42255.42  0.0600397    17.4515   336.7512   254.5174   345.8123
   3495.00   42256.41  0.0598114    17.4445   334.9591   254.6993   345.7269
   3505.00   42255.30  0.0596787    17.4396   333.0765   254.9166   345.6380
   3515.00   42255.41  0.0598136    17.4360   331.0919   255.2202   345.5392
   3525.00   42256.12  0.0597859    17.4289   329.3801   255.2899   345.4371
   3535.00   42255.01  0.0597626    17.4212   327.7679   255.3727   345.3357
   3545.00   42252.61  0.0598013    17.4173   325.9779   255.7593   345.2384
   3555.00   42252.03  0.0599640    17.4140   324.5646   255.9454   345.1260
   3565.00   42252.37  0.0601747    17.4086   323.3682   256.0734   345.0100
   3575.00   42251.27  0.0601360    17.4044   322.0300   256.4340   344.9105
   3585.00   42249.63  0.0602529    17.4044   320.7659   256.8148   344.8042
   3595.00   42250.34  0.0605412    17.4039   319.5338   257.1879   344.6906
   3605.00   42251.89  0.0604840    17.4007   318.2974   257.5011   344.5895
   3615.00   42251.48  0.0604152    17.3997   316.8916   257.8933   344.4953
   3625.00   42251.36  0.0604912    17.4006   315.1688   258.4597   344.4014
   3635.00   42253.50  0.0604357    17.3985   313.5756   258.7461   344.3031
   3645.00   42255.38  0.0603056    17.3939   311.8844   258.9777   344.2115
