  -7305.00   42252.64  0.0123365     3.5197   166.3802   215.7486   234.9051
  -7295.00   42252.25  0.0124210     3.5051   165.0109   216.5240   234.3303
  -7285.00   42251.94  0.0124484     3.4843   163.5027   217.3906   233.6977
  -7275.00   42254.04  0.0123579     3.4669   162.2176   217.7581   233.1916
  -7265.00   42256.39  0.0123909     3.4619   160.3157   218.5441   232.7137
  -7255.00   42256.55  0.0123702     3.4546   158.2789   219.4364   232.0953
  -7245.00   42256.33  0.0123916     3.4434   156.6631   219.6778   231.5919
  -7235.00   42258.05  0.0124076     3.4360   154.5393   220.1534   231.2821
  -7225.00   42258.52  0.0123351     3.4306   152.3412   220.7755   230.8717
  -7215.00   42256.73  0.0124325     3.4233   150.4163   221.2062   230.4562
  -7205.00   42255.07  0.0124946     3.4066   148.5235   221.5985   230.1674
  -7195.00   42255.14  0.0124081     3.3911   146.8074   221.9282   229.9020
  -7185.00   42254.72  0.0124851     3.3806   145.0006   222.5634   229.6004
  -7175.00   42252.27  0.0125477     3.3593   143.3634   223.3027   229.1840
  -7165.00   42251.30  0.0125211     3.3332   142.2725   223.5407   228.8393
  -7155.00   42252.58  0.0125558     3.3149   140.7654   224.2147   228.5441
  -7145.00   42252.77  0.0125322     3.2962   139.1328   225.2506   228.0076
  -7135.00   42251.91  0.0125887     3.2718   137.9457   225.8319   227.4303
  -7125.00   42252.79  0.0126228     3.2496   136.3926   226.5463   226.9749
  -7115.00   42255.26  0.0125117     3.2358   134.5375   227.5130   226.4012
  -7105.00   42256.24  0.0125675     3.2254   132.5935   228.5229   225.7153
  -7095.00   42255.79  0.0126061     3.2097   130.5277   229.4635   225.0673
  -7085.00   42256.88  0.0124830     3.1993   128.5757   230.0577   224.5222
  -7075.00   42258.69  0.0124781     3.1997   126.2102   230.9913   223.9917
  -7065.00   42258.02  0.0124515     3.1952   123.8007   232.0843   223.3444
  -7055.00   42256.06  0.0124099     3.1856   122.1247   232.3721   222.8422
  -7045.00   42255.80  0.0123927     3.1823   120.2245   232.8153   222.5373
  -7035.00   42255.76  0.0122808     3.1793   118.2656   233.6142   222.0788
  -7025.00   42253.93  0.0123205     3.1694   116.8685   234.0338   221.6148
  -7015.00   42251.74  0.0123565     3.1534   115.6392   234.2517   221.3398
  -7005.00   42251.87  0.0122350     3.1397   114.4310   234.6042   221.0009
  -6995.00   42252.91  0.0122755     3.1280   113.0635   235.2622   220.5799
  -6985.00   42251.91  0.0123386     3.1051   111.7793   235.8899   220.1008
  -6975.00   42251.79  0.0122777     3.0806   110.7884   236.1198   219.6436
  -6965.00   42254.03  0.0122961     3.0655   109.2489   236.7682   219.2038
  -6955.00   42255.80  0.0122884     3.0487   107.3039   237.9212   218.5054
  -6945.00   42255.85  0.0123107     3.0267   105.8030   238.4825   217.7862
  -6935.00   42256.11  0.0123462     3.0115   103.9816   239.0596   217.2304
  -6925.00   42258.03  0.0122440     3.0056   101.7159   240.1281   216.5086
  -6915.00   42258.74  0.0122949     2.9993    99.5634   241.1319   215.6924
  -6905.00   42256.94  0.0123619     2.9899    97.5552   241.8574   215.0324
  -6895.00   42255.95  0.0122512     2.9880    95.7450   242.3804   214.4480
  -6885.00   42256.41  0.0122692     2.9932    93.7317   243.2489   213.8623
  -6875.00   42255.40  0.0123099     2.9904    91.7959   244.2411   213.2351
  -6865.00   42253.01  0.0122766     2.9830    90.6694   244.4263   212.7613
  -6855.00   42252.12  0.0122973     2.9819    89.3991   244.7336   212.4600
  -6845.00   42252.97  0.0122516     2.9788    87.7945   245.6567   211.9686
  -6835.00   42252.70  0.0123122     2.9649    86.7333   246.0918   211.4603
  -6825.00   42251.47  0.0123917     2.9485    85.6906   246.2845   211.1601
  -6815.00   42252.47  0.0123033     2.9371    84.3227   246.8512   210.7180
  -6805.00   42254.85  0.0123802     2.9240    82.6252   247.7830   210.1165
  -6795.00   42255.28  0.0124893     2.9023    80.8638   248.5973   209.5415
  -6785.00   42255.25  0.0124361     2.8844    79.2333   249.1158   208.9541
  -6775.00   42256.93  0.0124648     2.8763    77.0393   250.1039   208.3312
  -6765.00   42258.63  0.0124971     2.8654    74.4395   251.5945   207.5187
  -6755.00   42258.20  0.0124956     2.8514    72.4039   252.4553   206.7241
  -6745.00   42256.54  0.0125131     2.8464    70.3683   253.1661   206.1224
  -6735.00   42256.64  0.0124097     2.8495    67.9546   254.5154   205.3558
  -6725.00   42256.57  0.0124285     2.8478    65.9456   255.6713   204.5148
  -6715.00   42254.20  0.0124784     2.8441    64.3183   256.3714   203.9137
  -6705.00   42252.21  0.0123259     2.8491    62.8793   256.9979   203.3504
  -6695.00   42252.48  0.0123126     2.8567    61.3059   257.9637   202.7216
  -6685.00   42252.80  0.0123540     2.8544    59.7788   258.9307   202.1307
  -6675.00   42251.75  0.0122645     2.8501    58.8521   259.1814   201.6656
  -6665.00   42251.59  0.0122345     2.8518    57.7033   259.5207   201.3064
  -6655.00   42253.76  0.0121901     2.8492    55.9677   260.5386   200.7639
  -6645.00   42255.26  0.0121911     2.8354    54.6651   260.9938   200.1988
  -6635.00   42254.89  0.0122289     2.8219    53.3481   261.1031   199.8374
  -6625.00   42255.62  0.0121074     2.8147    51.4900   261.7748   199.2948
  -6615.00   42257.66  0.0121558     2.8023    49.4603   262.7026   198.5359
  -6605.00   42258.17  0.0122648     2.7833    47.4441   263.4411   197.8736
  -6595.00   42256.78  0.0121767     2.7729    45.6535   263.9491   197.1862
  -6585.00   42256.47  0.0121948     2.7713    43.5000   265.0118   196.3670
  -6575.00   42257.06  0.0122568     2.7658    41.1701   266.4554   195.4600
  -6565.00   42256.11  0.0122444     2.7605    39.5492   267.2571   194.6150
  -6555.00   42253.48  0.0122461     2.7664    38.1063   267.8867   193.9357
  -6545.00   42252.75  0.0121701     2.7778    36.2868   269.1709   193.1455
  -6535.00   42253.17  0.0121857     2.7820    34.9272   270.1342   192.3274
  -6525.00   42252.15  0.0122548     2.7849    33.9248   270.5226   191.7964
  -6515.00   42250.87  0.0121141     2.7963    32.8013   271.0094   191.2990
  -6505.00   42251.94  0.0121268     2.8046    31.4489   271.8058   190.6736
  -6495.00   42254.05  0.0122365     2.8009    29.9810   272.5119   190.1476
  -6485.00   42254.46  0.0121784     2.7978    28.7905   272.6752   189.7241
  -6475.00   42254.66  0.0121841     2.8000    27.1953   273.1130   189.2763
  -6465.00   42256.74  0.0122239     2.7952    24.9665   274.2014   188.6665
  -6455.00   42258.42  0.0122589     2.7824    23.0863   274.8224   188.0327
  -6445.00   42257.66  0.0123277     2.7738    21.2891   275.1427   187.5496
  -6435.00   42256.56  0.0122512     2.7726    18.9637   276.1830   186.8834
  -6425.00   42256.80  0.0123059     2.7656    16.7939   277.3376   186.0046
  -6415.00   42256.74  0.0124510     2.7548    14.8667   278.2060   185.2899
  -6405.00   42254.31  0.0123542     2.7564    13.1772   278.9643   184.5977
  -6395.00   42252.81  0.0123713     2.7639    11.3376   280.2438   183.7081
  -6385.00   42253.13  0.0124567     2.7654     9.4461   281.7100   182.8469
  -6375.00   42253.09  0.0124271     2.7690     8.1773   282.5097   182.1233
  -6365.00   42251.48  0.0124012     2.7839     6.8911   283.3248   181.4639
  -6355.00   42251.29  0.0123288     2.7996     5.1241   284.6923   180.7485
  -6345.00   42253.05  0.0123115     2.8068     3.6708   285.6575   180.0413
  -6335.00   42253.99  0.0123445     2.8148     2.4535   286.0161   179.5778
  -6325.00   42253.63  0.0121741     2.8300     0.7722   286.6701   179.1373
  -6315.00   42254.77  0.0121374     2.8390   358.9062   287.5171   178.5219
  -6305.00   42257.30  0.0122324     2.8361   357.0380   288.0869   178.0299
  -6295.00   42257.90  0.0121303     2.8366   355.3244   288.2663   177.6469
  -6285.00   42256.97  0.0120953     2.8416   353.3211   288.8350   177.1139
  -6275.00   42257.12  0.0121300     2.8372   350.9879   289.8812   176.4583
  -6265.00   42257.67  0.0121323     2.8276   349.1860   290.4357   175.8213
  -6255.00   42256.21  0.0121617     2.8259   347.6544   290.7922   175.2396
  -6245.00   42253.67  0.0120836     2.8298   345.6993   291.9228   174.4880
  -6235.00   42252.87  0.0120947     2.8285   344.0997   293.0250   173.5678
  -6225.00   42253.29  0.0122212     2.8267   342.9317   293.6607   172.8265
  -6215.00   42251.80  0.0121078     2.8389   341.7040   294.4113   172.1373
  -6205.00   42250.86  0.0120996     2.8550   340.3488   295.5529   171.2344
  -6195.00   42252.02  0.0121971     2.8636   338.8825   296.6949   170.4366
  -6185.00   42253.76  0.0121519     2.8763   337.7878   297.1467   169.8635
  -6175.00   42253.73  0.0121337     2.8993   336.3834   297.8226   169.2461
  -6165.00   42253.92  0.0120998     2.9180   334.3918   298.9520   168.6228
  -6155.00   42256.10  0.0121018     2.9265   332.6626   299.5536   168.0827
  -6145.00   42257.59  0.0121510     2.9388   331.0959   299.6918   167.6814
  -6135.00   42256.96  0.0120388     2.9545   328.9899   300.2745   167.2839
  -6125.00   42256.56  0.0120322     2.9609   326.8367   301.0441   166.7013
  -6115.00   42257.62  0.0121736     2.9584   325.0133   301.3985   166.2209
  -6105.00   42257.53  0.0121189     2.9612   323.3339   301.5953   165.8394
  -6095.00   42255.31  0.0121235     2.9683   321.4985   302.3352   165.2140
  -6085.00   42253.80  0.0122218     2.9657   319.5665   303.4348   164.5019
  -6075.00   42253.99  0.0122534     2.9619   318.2010   304.0198   163.8914
  -6065.00   42253.13  0.0123009     2.9703   316.9868   304.6250   163.2464
  -6055.00   42251.13  0.0122736     2.9814   315.2788   305.9665   162.4744
  -6045.00   42250.86  0.0122908     2.9872   313.7831   307.1793   161.6479
  -6035.00   42252.63  0.0124023     2.9968   312.6700   307.7986   160.9967
  -6025.00   42253.16  0.0123051     3.0180   311.1335   308.6990   160.4087
  -6015.00   42253.13  0.0122724     3.0397   309.3272   309.9124   159.6408
  -6005.00   42254.67  0.0123705     3.0528   307.4509   310.9054   159.0030
  -5995.00   42257.26  0.0122997     3.0707   305.7160   311.3402   158.6082
  -5985.00   42257.65  0.0122634     3.0971   303.6769   312.0570   158.0868
  -5975.00   42256.84  0.0122410     3.1152   301.1504   313.2023   157.5446
  -5965.00   42257.53  0.0122102     3.1236   299.0441   313.7359   157.1507
  -5955.00   42258.05  0.0122214     3.1394   297.2488   313.9514   156.7851
  -5945.00   42256.59  0.0121077     3.1559   295.1164   314.6527   156.3857
  -5935.00   42254.41  0.0120645     3.1610   293.1280   315.4891   155.8501
  -5925.00   42254.11  0.0121489     3.1626   291.7740   315.7707   155.3897
  -5915.00   42254.28  0.0120584     3.1698   290.5381   316.0236   155.0087
  -5905.00   42252.48  0.0120160     3.1796   289.1684   316.8125   154.3614
  -5895.00   42251.15  0.0120968     3.1807   287.7904   317.7576   153.6545
  -5885.00   42252.27  0.0120811     3.1829   286.7735   318.2065   153.1050
  -5875.00   42253.24  0.0120899     3.1994   285.7200   318.7525   152.4518
  -5865.00   42252.80  0.0120741     3.2161   284.0185   319.9836   151.6785
  -5855.00   42253.18  0.0120730     3.2272   282.3437   320.9804   150.9666
  -5845.00   42255.59  0.0121441     3.2474   280.9562   321.3740   150.3957
  -5835.00   42257.20  0.0120584     3.2763   279.0415   322.1018   149.8663
  -5825.00   42256.84  0.0120146     3.3018   276.8255   323.1043   149.2249
  -5815.00   42257.02  0.0121108     3.3206   274.8063   323.6666   148.7368
  -5805.00   42258.54  0.0120446     3.3432   272.9334   323.8432   148.4707
  -5795.00   42258.19  0.0120114     3.3711   271.0120   324.2693   148.0451
  -5785.00   42255.91  0.0120457     3.3871   268.8521   325.0877   147.5803
  -5775.00   42254.82  0.0120360     3.3943   267.1830   325.3766   147.3014
  -5765.00   42254.77  0.0120770     3.4108   265.9342   325.4616   146.9620
  -5755.00   42253.68  0.0120319     3.4255   264.3912   326.1218   146.5135
  -5745.00   42251.45  0.0120368     3.4276   262.8986   326.9168   146.0035
  -5735.00   42251.35  0.0121472     3.4336   261.9039   327.2306   145.5389
  -5725.00   42252.92  0.0121017     3.4462   260.8189   327.6264   145.1078
  -5715.00   42252.80  0.0120895     3.4588   259.3775   328.5564   144.4489
  -5705.00   42252.53  0.0122084     3.4667   257.8545   329.4504   143.7940
  -5695.00   42254.36  0.0122088     3.4780   256.3573   329.9864   143.3308
  -5685.00   42256.57  0.0122209     3.5026   254.7200   330.6149   142.7476
  -5675.00   42256.90  0.0122490     3.5244   252.4674   331.7972   142.0713
  -5665.00   42256.50  0.0122570     3.5395   250.1631   332.7477   141.5519
  -5655.00   42257.73  0.0123168     3.5664   248.1990   333.1870   141.1249
  -5645.00   42258.71  0.0122471     3.5981   245.9162   333.9693   140.6791
  -5635.00   42257.07  0.0121996     3.6212   243.4916   334.9999   140.1828
  -5625.00   42255.32  0.0122743     3.6423   241.5331   335.5308   139.8275
  -5615.00   42255.38  0.0121954     3.6669   239.7830   335.8669   139.6238
  -5605.00   42254.98  0.0121204     3.6928   238.1527   336.4147   139.2502
  -5595.00   42252.83  0.0121496     3.7077   236.5028   337.1582   138.8447
  -5585.00   42251.50  0.0121070     3.7160   235.1201   337.5636   138.6292
  -5575.00   42252.38  0.0120988     3.7345   234.1376   337.7212   138.3181
  -5565.00   42253.01  0.0120433     3.7491   232.7545   338.4455   137.8444
  -5555.00   42252.09  0.0120114     3.7510   231.2317   339.2227   137.3923
  -5545.00   42252.72  0.0120792     3.7617   230.0200   339.5362   136.9686
  -5535.00   42255.31  0.0120027     3.7795   228.5540   340.0070   136.5044
  -5525.00   42256.40  0.0119495     3.7929   226.6885   340.8762   135.8753
  -5515.00   42256.20  0.0120314     3.8069   224.8100   341.5497   135.2894
  -5505.00   42256.97  0.0120041     3.8267   222.8782   342.0044   134.8744
  -5495.00   42258.58  0.0119716     3.8566   220.9828   342.4900   134.3373
  -5485.00   42258.29  0.0119947     3.8829   218.8048   343.3152   133.7434
  -5475.00   42256.12  0.0119886     3.9034   216.6323   344.0009   133.3594
  -5465.00   42255.48  0.0120342     3.9364   215.0207   344.1901   133.0383
  -5455.00   42255.65  0.0119814     3.9704   213.2807   344.7437   132.6454
  -5445.00   42253.88  0.0119361     3.9913   211.4854   345.4885   132.2736
  -5435.00   42251.78  0.0120194     4.0141   210.1934   345.7390   132.0272
  -5425.00   42251.85  0.0119695     4.0398   208.9964   345.9510   131.8434
  -5415.00   42252.84  0.0119037     4.0606   207.7732   346.4030   131.4919
  -5405.00   42252.35  0.0119652     4.0735   206.5280   346.8533   131.1314
  -5395.00   42251.87  0.0119638     4.0829   205.1778   347.1902   130.9242
  -5385.00   42253.85  0.0119732     4.1016   204.0298   347.3346   130.5878
  -5375.00   42255.78  0.0119821     4.1160   202.3871   347.9784   130.0819
  -5365.00   42255.70  0.0119830     4.1199   200.3919   348.7265   129.6593
  -5355.00   42255.81  0.0120914     4.1366   198.6679   349.0200   129.2744
  -5345.00   42257.61  0.0120634     4.1606   196.6473   349.6249   128.7822
  -5335.00   42258.45  0.0120262     4.1763   194.3650   350.5148   128.2216
  -5325.00   42257.04  0.0121295     4.1963   192.2489   351.1502   127.7586
  -5315.00   42255.86  0.0121283     4.2245   190.2178   351.6866   127.4130
  -5305.00   42256.17  0.0120981     4.2561   188.3817   352.2777   126.9621
  -5295.00   42255.48  0.0121311     4.2832   186.5464   353.0224   126.5004
  -5285.00   42252.86  0.0121326     4.3067   184.6907   353.7466   126.2443
  -5275.00   42251.69  0.0121747     4.3404   183.4129   354.0204   126.0083
  -5265.00   42252.38  0.0121396     4.3721   181.9663   354.6657   125.6600
  -5255.00   42252.27  0.0120759     4.3894   180.2758   355.5152   125.3771
  -5245.00   42251.25  0.0121470     4.4118   178.9661   355.8429   125.2006
  -5235.00   42252.20  0.0120898     4.4384   177.5256   356.2580   124.9939
  -5225.00   42254.69  0.0119877     4.4547   175.8447   356.9085   124.6566
  -5215.00   42255.64  0.0120070     4.4672   174.1189   357.3966   124.3436
  -5205.00   42255.38  0.0119768     4.4809   172.1846   357.8330   124.1384
  -5195.00   42256.79  0.0119340     4.4998   170.4255   358.1130   123.7885
  -5185.00   42258.27  0.0119113     4.5148   168.4014   358.6793   123.3070
  -5175.00   42257.70  0.0118629     4.5226   166.0546   359.4294   122.9335
  -5165.00   42255.91  0.0119268     4.5441   164.3058   359.6056   122.5839
  -5155.00   42255.83  0.0118874     4.5720   162.4312     0.1585   122.0868
  -5145.00   42256.04  0.0118028     4.5896   160.4469     0.9657   121.5886
  -5135.00   42254.03  0.0118800     4.6142   158.8747     1.3833   121.2212
  -5125.00   42252.21  0.0118626     4.6503   157.4614     1.7791   120.8916
  -5115.00   42252.44  0.0118105     4.6830   156.2097     2.2256   120.4916
  -5105.00   42252.90  0.0118269     4.7109   154.9372     2.7078   120.1356
  -5095.00   42251.63  0.0118263     4.7401   153.5112     3.1904   119.9553
  -5085.00   42251.22  0.0118609     4.7745   152.5037     3.2410   119.7633
  -5075.00   42253.01  0.0118472     4.8031   151.1785     3.6094   119.4617
  -5065.00   42254.63  0.0117899     4.8188   149.2709     4.3165   119.2499
  -5055.00   42254.41  0.0118761     4.8401   147.7365     4.4100   119.1149
  -5045.00   42255.26  0.0118568     4.8651   145.9715     4.6969   118.8666
  -5035.00   42257.61  0.0117704     4.8766   143.8374     5.3118   118.5252
  -5025.00   42258.42  0.0118125     4.8877   141.7637     5.7143   118.2355
  -5015.00   42257.07  0.0118171     4.9064   139.6816     6.0827   117.9843
  -5005.00   42256.52  0.0118011     4.9257   137.8829     6.3769   117.5932
  -4995.00   42256.67  0.0118128     4.9421   136.0650     6.8444   117.1378
  -4985.00   42255.58  0.0118018     4.9574   133.9733     7.6111   116.8068
  -4975.00   42252.85  0.0118875     4.9849   132.6683     7.7670   116.4848
  -4965.00   42251.98  0.0119085     5.0161   131.3127     8.2542   116.0349
  -4955.00   42252.75  0.0118486     5.0362   129.6037     9.1619   115.6389
  -4945.00   42251.91  0.0119511     5.0640   128.3137     9.5709   115.3882
  -4935.00   42251.08  0.0119641     5.1030   126.9999    10.0609   115.0990
  -4925.00   42252.17  0.0119180     5.1326   125.5982    10.6418   114.7641
  -4915.00   42254.29  0.0119418     5.1569   123.9573    11.2452   114.5147
  -4905.00   42254.55  0.0119395     5.1884   122.0566    11.8565   114.3673
  -4895.00   42254.48  0.0119562     5.2200   120.4446    12.0731   114.1791
  -4885.00   42256.18  0.0119318     5.2433   118.5016    12.5303   113.9085
  -4875.00   42257.95  0.0118620     5.2595   115.8558    13.4561   113.7340
  -4865.00   42257.28  0.0119136     5.2811   113.7889    13.6936   113.6071
  -4855.00   42256.41  0.0118820     5.3049   111.7334    14.0677   113.3333
  -4845.00   42257.00  0.0117597     5.3150   109.3386    14.8869   113.0130
  -4835.00   42257.03  0.0117680     5.3264   107.2751    15.4057   112.7701
  -4825.00   42254.78  0.0117384     5.3497   105.4921    15.8438   112.4926
  -4815.00   42252.95  0.0116713     5.3691   104.1133    16.1835   112.0928
  -4805.00   42252.94  0.0116379     5.3852   102.7772    16.6209   111.6874
  -4795.00   42252.77  0.0116023     5.4078   101.1592    17.3497   111.3846
  -4785.00   42251.08  0.0116369     5.4393   100.3072    17.4139   111.0619
  -4775.00   42250.89  0.0116334     5.4718    99.3810    17.6332   110.6478
  -4765.00   42252.94  0.0115591     5.4962    97.6682    18.4770   110.3259
  -4755.00   42253.98  0.0116370     5.5286    96.3365    18.6930   110.1352
  -4745.00   42254.09  0.0116524     5.5702    94.8769    18.9569   109.8716
  -4735.00   42255.21  0.0115832     5.5987    93.0877    19.4079   109.5900
  -4725.00   42257.68  0.0116093     5.6216    91.0232    19.8406   109.4322
  -4715.00   42258.04  0.0116070     5.6553    88.7698    20.3187   109.2984
  -4705.00   42256.90  0.0116076     5.6838    86.9456    20.3906   109.1016
  -4695.00   42256.93  0.0115819     5.7005    84.9586    20.6611   108.8645
  -4685.00   42257.48  0.0115368     5.7179    82.4274    21.4661   108.7002
  -4675.00   42256.16  0.0115958     5.7393    80.7045    21.6036   108.5379
  -4665.00   42253.91  0.0115894     5.7599    79.2998    21.7344   108.2248
  -4655.00   42253.38  0.0115000     5.7707    77.4254    22.4958   107.9102
  -4645.00   42253.82  0.0115515     5.7851    75.9516    22.9183   107.6801
  -4635.00   42252.39  0.0115718     5.8129    74.7630    23.2492   107.3669
  -4625.00   42251.08  0.0115255     5.8342    73.7209    23.5752   106.9705
  -4615.00   42252.13  0.0115329     5.8517    72.4988    23.9925   106.6379
  -4605.00   42253.57  0.0115500     5.8821    70.8397    24.7020   106.3712
  -4595.00   42253.52  0.0116051     5.9165    69.6823    24.8369   106.0701
  -4585.00   42253.84  0.0116171     5.9466    68.3451    25.0269   105.7268
  -4575.00   42256.13  0.0115858     5.9742    65.9613    25.9795   105.4930
  -4565.00   42257.90  0.0116818     6.0078    63.9312    26.3537   105.3463
  -4555.00   42257.54  0.0117221     6.0461    61.9576    26.6524   105.1094
  -4545.00   42257.06  0.0116471     6.0710    59.5256    27.3587   104.8767
  -4535.00   42258.10  0.0116801     6.0918    57.0926    27.9573   104.7713
  -4525.00   42257.65  0.0116921     6.1245    54.6847    28.6466   104.6310
  -4515.00   42255.31  0.0116581     6.1494    52.8666    28.9725   104.4113
  -4505.00   42253.80  0.0116062     6.1614    51.0789    29.4058   104.2072
  -4495.00   42253.81  0.0115523     6.1812    48.8752    30.3663   104.0450
  -4485.00   42253.29  0.0115803     6.2037    47.5111    30.6766   103.8483
  -4475.00   42251.45  0.0115279     6.2209    46.5002    30.8437   103.5321
  -4465.00   42251.37  0.0114125     6.2345    44.7668    31.7280   103.2476
  -4455.00   42253.24  0.0114365     6.2529    43.3726    32.1887   103.0298
  -4445.00   42253.66  0.0114350     6.2822    42.1881    32.4619   102.7043
  -4435.00   42253.40  0.0113334     6.3048    40.7653    32.8889   102.3297
  -4425.00   42254.89  0.0113074     6.3245    39.1365    33.2593   102.0562
  -4415.00   42257.05  0.0113153     6.3604    37.0677    33.8819   101.8051
  -4405.00   42257.51  0.0113268     6.3972    35.4529    33.9711   101.5051
  -4395.00   42256.78  0.0112936     6.4255    33.7569    34.0258   101.2193
  -4385.00   42257.47  0.0112598     6.4580    31.1589    34.8366   101.0403
  -4375.00   42258.37  0.0113444     6.4945    29.1474    35.0663   100.9059
  -4365.00   42256.92  0.0113695     6.5292    27.5255    35.0816   100.6868
  -4355.00   42254.83  0.0112856     6.5533    25.3502    35.7453   100.5055
  -4345.00   42254.57  0.0113168     6.5741    23.4964    36.1541   100.4293
  -4335.00   42254.38  0.0113585     6.6044    21.8438    36.5937   100.2761
  -4325.00   42252.60  0.0113026     6.6251    20.5554    36.8834   100.0382
  -4315.00   42251.23  0.0112520     6.6338    19.3123    37.1568    99.8525
  -4305.00   42252.12  0.0112296     6.6548    17.5537    37.9574    99.6734
  -4295.00   42253.32  0.0112685     6.6782    16.4931    38.1097    99.4167
  -4285.00   42252.86  0.0112294     6.6927    15.5406    38.1172    99.0938
  -4275.00   42253.41  0.0111529     6.7111    13.6017    38.9067    98.8265
  -4265.00   42255.92  0.0112234     6.7361    11.9340    39.2375    98.6004
  -4255.00   42257.33  0.0112747     6.7668    10.4357    39.3371    98.2743
  -4245.00   42257.02  0.0112131     6.7922     8.3668    39.8636    97.9511
  -4235.00   42257.14  0.0112302     6.8160     6.2396    40.2582    97.7456
  -4225.00   42258.27  0.0113021     6.8544     3.8901    40.8707    97.5288
  -4215.00   42258.03  0.0113332     6.8899     1.9948    41.1359    97.2565
  -4205.00   42255.71  0.0113139     6.9139     0.1950    41.3502    97.0431
  -4195.00   42254.55  0.0113061     6.9467   357.7291    42.2986    96.9070
  -4185.00   42254.76  0.0113989     6.9819   356.0353    42.6604    96.7645
  -4175.00   42253.56  0.0114163     7.0087   354.7953    42.7807    96.5550
  -4165.00   42251.67  0.0113397     7.0315   352.8119    43.6955    96.4018
  -4155.00   42251.57  0.0113670     7.0529   351.1733    44.2782    96.3219
  -4145.00   42252.93  0.0114152     7.0800   349.7803    44.7217    96.1428
  -4135.00   42253.02  0.0113362     7.0984   348.1862    45.3550    95.9070
  -4125.00   42252.59  0.0112632     7.1074   346.5614    45.8435    95.7435
  -4115.00   42254.20  0.0112443     7.1301   344.3804    46.7612    95.5619
  -4105.00   42256.44  0.0112338     7.1539   342.7431    47.0748    95.2786
  -4095.00   42256.65  0.0111564     7.1666   341.1430    47.2053    94.9802
  -4085.00   42256.35  0.0110557     7.1882   338.5515    48.1420    94.7396
  -4075.00   42257.59  0.0110912     7.2183   336.5407    48.4488    94.4984
  -4065.00   42258.45  0.0111067     7.2478   334.9358    48.4270    94.1760
  -4055.00   42257.13  0.0110219     7.2757   332.7334    49.0120    93.8930
  -4045.00   42255.29  0.0110149     7.3053   330.7846    49.3685    93.7188
  -4035.00   42255.15  0.0110769     7.3455   329.0064    49.7483    93.5121
  -4025.00   42254.80  0.0110697     7.3806   327.5582    49.9931    93.2646
  -4015.00   42252.54  0.0110253     7.4047   326.2797    50.1234    93.1078
  -4005.00   42251.18  0.0110157     7.4386   324.3537    50.9629    93.0032
  -3995.00   42252.07  0.0110716     7.4728   323.2002    51.1451    92.8499
  -3985.00   42252.66  0.0110605     7.4932   322.3385    51.0544    92.6618
  -3975.00   42252.13  0.0109854     7.5144   320.4290    51.8744    92.5307
  -3965.00   42252.75  0.0110130     7.5370   318.8109    52.2757    92.4274
  -3955.00   42255.28  0.0110569     7.5587   317.4710    52.3576    92.2129
  -3945.00   42256.57  0.0109951     7.5756   315.4888    52.9184    91.9742
  -3935.00   42256.16  0.0109481     7.5874   313.5002    53.2734    91.8067
  -3925.00   42256.82  0.0109810     7.6122   311.1733    53.9092    91.5964
  -3915.00   42258.15  0.0109790     7.6372   309.2416    54.1793    91.2929
  -3905.00   42257.85  0.0109412     7.6517   307.5893    54.1500    91.0201
  -3895.00   42255.74  0.0109048     7.6780   305.0170    55.0570    90.8098
  -3885.00   42255.17  0.0109661     7.7132   303.3132    55.2761    90.5617
  -3875.00   42255.41  0.0110123     7.7410   302.1653    55.1406    90.2719
  -3865.00   42253.97  0.0109715     7.7693   300.3093    55.7916    90.0502
  -3855.00   42251.82  0.0110121     7.8030   298.7592    56.2187    89.9053
  -3845.00   42251.76  0.0111038     7.8401   297.4511    56.5638    89.7128
  -3835.00   42252.65  0.0111115     7.8706   296.0768    57.0205    89.5005
  -3825.00   42252.06  0.0110922     7.8935   294.7273    57.3372    89.3832
  -3815.00   42251.53  0.0111230     7.9252   292.6288    58.3132    89.2864
  -3805.00   42253.34  0.0111623     7.9555   291.0261    58.7414    89.1141
  -3795.00   42255.53  0.0111436     7.9708   289.6187    58.8065    88.9412
  -3785.00   42255.78  0.0110843     7.9903   287.0037    59.8494    88.8228
  -3775.00   42255.98  0.0111089     8.0148   284.7470    60.4230    88.6873
  -3765.00   42257.79  0.0111267     8.0325   282.8817    60.5989    88.4582
  -3755.00   42258.65  0.0110588     8.0481   280.3848    61.3361    88.2340
  -3745.00   42257.11  0.0110094     8.0648   278.0752    61.8631    88.0691
  -3735.00   42255.68  0.0110313     8.0901   275.8166    62.5093    87.8409
  -3725.00   42255.50  0.0109936     8.1150   273.8696    63.0326    87.5451
  -3715.00   42255.03  0.0109202     8.1318   272.5175    63.0703    87.3025
  -3705.00   42252.44  0.0108893     8.1616   270.3916    64.0040    87.1081
  -3695.00   42251.49  0.0108923     8.1992   269.0843    64.3214    86.8527
  -3685.00   42252.44  0.0108836     8.2261   268.3929    64.1241    86.5896
  -3675.00   42252.56  0.0108208     8.2554   266.7856    64.7726    86.4140
  -3665.00   42251.66  0.0108389     8.2942   265.4603    65.0860    86.2714
  -3655.00   42252.38  0.0108941     8.3292   264.2639    65.2365    86.0861
  -3645.00   42254.63  0.0108712     8.3563   262.6699    65.6154    85.9113
  -3635.00   42255.43  0.0108419     8.3817   261.0288    65.7931    85.8197
  -3625.00   42255.04  0.0108809     8.4120   258.7125    66.5054    85.7197
  -3615.00   42256.26  0.0108927     8.4376   256.6642    66.8833    85.5403
  -3605.00   42258.20  0.0108521     8.4502   255.0207    66.7350    85.3824
  -3595.00   42257.87  0.0108142     8.4686   252.3325    67.5599    85.2653
  -3585.00   42256.43  0.0108341     8.4935   250.1881    67.9567    85.0840
  -3575.00   42256.33  0.0108476     8.5083   248.6717    67.8960    84.8370
  -3565.00   42256.47  0.0107968     8.5232   246.6568    68.4303    84.6201
  -3555.00   42254.41  0.0107847     8.5469   244.9889    68.7609    84.4335
  -3545.00   42252.16  0.0108406     8.5737   243.4953    69.1582    84.1839
  -3535.00   42251.88  0.0108426     8.5989   242.0620    69.6353    83.9057
  -3525.00   42252.53  0.0108029     8.6214   241.1544    69.5932    83.6997
  -3515.00   42251.33  0.0108379     8.6546   239.4613    70.3407    83.5225
  -3505.00   42251.19  0.0108724     8.6920   238.0701    70.7978    83.2862
  -3495.00   42253.26  0.0108843     8.7170   237.2064    70.6072    83.0712
  -3485.00   42255.13  0.0108706     8.7451   235.2315    71.2889    82.9442
  -3475.00   42255.20  0.0109109     8.7835   233.3948    71.6859    82.8033
  -3465.00   42255.66  0.0109859     8.8126   231.6365    71.8949    82.6243
  -3455.00   42257.75  0.0109821     8.8337   229.3640    72.4338    82.4809
  -3445.00   42258.37  0.0109744     8.8601   227.2040    72.7272    82.3873
  -3435.00   42256.89  0.0110355     8.8874   224.6400    73.4579    82.2630
  -3425.00   42256.10  0.0110591     8.9079   222.2504    74.1174    82.0782
  -3415.00   42256.65  0.0110151     8.9210   220.5174    74.1859    81.9310
  -3405.00   42255.87  0.0109947     8.9401   218.0880    75.0816    81.8083
  -3395.00   42253.48  0.0110024     8.9646   216.1207    75.7657    81.6029
  -3385.00   42252.50  0.0109972     8.9781   214.8984    75.8953    81.3632
  -3375.00   42253.31  0.0109356     8.9929   213.1611    76.6027    81.1711
  -3365.00   42252.50  0.0108996     9.0209   211.7315    77.0815    80.9703
  -3355.00   42251.17  0.0109296     9.0475   210.4125    77.5288    80.7126
  -3345.00   42251.88  0.0109106     9.0707   208.8751    78.1201    80.4598
  -3335.00   42254.04  0.0108346     9.0989   207.6779    78.1915    80.2731
  -3325.00   42254.49  0.0108431     9.1346   205.7841    78.8194    80.0935
  -3315.00   42254.59  0.0108535     9.1709   203.8279    79.3808    79.8696
  -3305.00   42256.41  0.0108173     9.1973   202.4559    79.1544    79.6930
  -3295.00   42258.48  0.0107833     9.2274   200.1401    79.6768    79.5929
  -3285.00   42258.03  0.0107779     9.2656   197.9554    80.0380    79.4528
  -3275.00   42256.71  0.0108203     9.2913   196.1719    80.0318    79.2870
  -3265.00   42257.17  0.0108017     9.3088   193.9952    80.4203    79.1774
  -3255.00   42256.94  0.0107639     9.3359   192.2072    80.5263    79.0757
  -3245.00   42254.73  0.0108100     9.3602   190.3024    80.9676    78.9244
  -3235.00   42252.76  0.0108389     9.3747   188.5198    81.4770    78.7383
  -3225.00   42252.92  0.0107935     9.3896   187.4449    81.3841    78.5878
  -3215.00   42253.16  0.0107836     9.4103   185.7754    82.0073    78.4359
  -3205.00   42251.64  0.0108053     9.4335   184.2482    82.6203    78.2023
  -3195.00   42251.31  0.0108136     9.4486   183.4135    82.5329    77.9687
  -3185.00   42253.47  0.0107850     9.4670   181.8583    83.0445    77.7906
  -3175.00   42254.43  0.0107622     9.4993   180.3348    83.4357    77.5779
  -3165.00   42254.13  0.0108199     9.5267   178.8730    83.6584    77.3281
  -3155.00   42255.06  0.0108447     9.5488   176.9833    84.0975    77.1206
  -3145.00   42257.33  0.0108007     9.5818   175.3070    84.1249    76.9577
  -3135.00   42258.09  0.0108360     9.6174   173.0702    84.6285    76.7849
  -3125.00   42256.94  0.0108975     9.6478   170.7216    85.2091    76.5869
  -3115.00   42256.90  0.0108926     9.6742   169.0877    85.0277    76.4480
  -3105.00   42257.80  0.0108932     9.7031   166.8000    85.5441    76.3562
  -3095.00   42256.53  0.0109111     9.7363   164.5939    86.1559    76.2083
  -3085.00   42253.97  0.0109718     9.7575   163.1296    86.1921    76.0519
  -3075.00   42253.34  0.0109930     9.7726   161.3151    86.6840    75.9559
  -3065.00   42253.55  0.0109557     9.7988   159.7872    87.0438    75.8375
  -3055.00   42252.39  0.0110108     9.8201   158.2344    87.5885    75.6621
  -3045.00   42250.96  0.0110643     9.8306   156.5957    88.2554    75.4866
  -3035.00   42251.98  0.0110210     9.8480   155.4568    88.3684    75.3369
  -3025.00   42253.98  0.0110088     9.8703   153.6076    89.1458    75.1640
  -3015.00   42253.96  0.0110303     9.8905   151.5891    90.0193    74.9270
  -3005.00   42254.12  0.0110189     9.9076   150.2075    90.0703    74.7131
  -2995.00   42256.42  0.0109801     9.9295   148.0728    90.6801    74.5439
  -2985.00   42257.99  0.0109173     9.9625   145.7663    91.3630    74.3259
  -2975.00   42257.43  0.0109313     9.9899   143.8173    91.6119    74.0879
  -2965.00   42256.69  0.0109355    10.0129   141.6084    92.0255    73.9142
  -2955.00   42257.43  0.0108422    10.0491   139.7105    92.1353    73.7604
  -2945.00   42257.46  0.0108324    10.0850   137.5819    92.6007    73.5845
  -2935.00   42255.02  0.0108734    10.1113   135.5525    93.0933    73.4132
  -2925.00   42253.51  0.0108319    10.1399   134.4125    92.7958    73.2987
  -2915.00   42253.90  0.0108068    10.1696   132.7694    93.1552    73.2056
  -2905.00   42253.36  0.0108107    10.1974   131.0330    93.7861    73.0537
  -2895.00   42251.58  0.0108354    10.2165   130.2012    93.5747    72.9141
  -2885.00   42251.35  0.0108526    10.2312   128.9233    93.8006    72.8233
  -2875.00   42253.09  0.0107929    10.2554   127.4979    94.1797    72.6839
  -2865.00   42253.75  0.0108348    10.2737   126.1291    94.4562    72.4903
  -2855.00   42253.25  0.0108979    10.2823   124.4662    94.8693    72.3193
  -2845.00   42254.59  0.0108420    10.3024   123.1131    94.7992    72.1589
  -2835.00   42257.11  0.0108416    10.3270   120.9877    95.3931    71.9554
  -2825.00   42257.49  0.0108848    10.3457   118.5855    96.1584    71.7186
  -2815.00   42256.72  0.0108808    10.3670   117.0172    95.9600    71.5231
  -2805.00   42257.34  0.0108676    10.3945   114.8284    96.3508    71.3575
  -2795.00   42258.13  0.0108329    10.4273   112.3907    97.0798    71.1444
  -2785.00   42256.76  0.0108660    10.4545   110.7120    97.1398    70.9377
  -2775.00   42254.35  0.0109115    10.4786   108.9895    97.3319    70.8011
  -2765.00   42253.88  0.0108446    10.5141   107.4993    97.4569    70.6623
  -2755.00   42254.02  0.0108757    10.5461   105.9140    97.8633    70.4919
  -2745.00   42252.15  0.0109676    10.5663   104.3599    98.3281    70.3492
  -2735.00   42250.86  0.0109543    10.5931   103.5846    98.0415    70.2465
  -2725.00   42252.03  0.0109673    10.6208   102.1211    98.4782    70.1356
  -2715.00   42253.36  0.0110200    10.6411   100.2145    99.3435    69.9773
  -2705.00   42253.25  0.0110579    10.6585    99.1039    99.2664    69.8442
  -2695.00   42253.55  0.0110938    10.6744    97.4468    99.5750    69.7455
  -2685.00   42256.02  0.0110530    10.6961    95.2271   100.3409    69.5862
  -2675.00   42257.51  0.0110923    10.7128    93.2164   100.7588    69.3929
  -2665.00   42256.80  0.0111655    10.7221    90.9382   101.2935    69.2352
  -2655.00   42256.62  0.0110836    10.7439    88.9414   101.4849    69.0732
  -2645.00   42257.79  0.0110804    10.7688    86.4573   102.2122    68.8581
  -2635.00   42257.54  0.0111271    10.7855    83.7802   103.1983    68.6364
  -2625.00   42255.30  0.0110830    10.8090    82.2480   103.1084    68.4579
  -2615.00   42254.19  0.0110430    10.8403    80.3175   103.5808    68.2859
  -2605.00   42254.54  0.0109971    10.8709    78.1027   104.5390    68.0757
  -2595.00   42253.69  0.0109881    10.8982    76.8786   104.6130    67.8926
  -2585.00   42251.49  0.0109921    10.9259    75.6956   104.7076    67.7734
  -2575.00   42251.33  0.0108808    10.9610    74.4489   104.9451    67.6384
  -2565.00   42252.78  0.0108807    10.9904    73.1880   105.2083    67.4786
  -2555.00   42252.80  0.0109553    11.0089    71.7773   105.5095    67.3633
  -2545.00   42252.36  0.0108869    11.0348    70.9266   105.1084    67.2716
  -2535.00   42254.10  0.0108803    11.0607    69.2862   105.3880    67.1465
  -2525.00   42256.54  0.0109422    11.0748    66.9886   106.1818    66.9924
  -2515.00   42257.09  0.0109525    11.0905    65.5215   105.9526    66.8635
  -2505.00   42256.55  0.0109631    11.1084    63.5972   106.0770    66.7448
  -2495.00   42257.77  0.0109286    11.1268    61.0164   106.8707    66.5613
  -2485.00   42258.46  0.0109518    11.1429    59.0026   107.0998    66.3651
  -2475.00   42256.81  0.0110251    11.1562    56.9763   107.3896    66.2072
  -2465.00   42254.73  0.0109237    11.1808    55.2334   107.5517    66.0319
  -2455.00   42254.45  0.0109257    11.2069    53.4441   107.9528    65.8132
  -2445.00   42254.36  0.0110131    11.2245    51.4368   108.7187    65.6135
  -2435.00   42252.23  0.0109624    11.2508    50.5922   108.4190    65.4574
  -2425.00   42251.16  0.0109493    11.2844    49.3353   108.6567    65.2870
  -2415.00   42252.30  0.0109617    11.3111    47.5185   109.5239    65.0963
  -2405.00   42253.23  0.0109878    11.3360    46.5975   109.4186    64.9471
  -2395.00   42252.46  0.0110221    11.3648    45.4720   109.4087    64.8392
  -2385.00   42252.97  0.0109525    11.3950    43.8671   109.7888    64.7041
  -2375.00   42255.29  0.0109908    11.4185    42.2711   109.9992    64.5563
  -2365.00   42256.56  0.0111176    11.4352    40.3566   110.3181    64.4540
  -2355.00   42256.01  0.0110607    11.4586    38.7762   110.1569    64.3576
  -2345.00   42256.63  0.0110833    11.4811    36.6196   110.5178    64.2151
  -2335.00   42258.28  0.0111996    11.4915    33.8321   111.4740    64.0651
  -2325.00   42258.19  0.0112252    11.5058    32.0193   111.4437    63.9408
  -2315.00   42256.01  0.0112398    11.5260    29.9714   111.7643    63.8018
  -2305.00   42255.22  0.0112281    11.5414    27.3743   112.8301    63.6111
  -2295.00   42255.24  0.0112521    11.5562    25.5699   113.2397    63.4248
  -2285.00   42253.75  0.0113195    11.5736    23.9184   113.6321    63.2698
  -2275.00   42251.45  0.0111984    11.5982    22.3040   114.1649    63.0863
  -2265.00   42251.25  0.0111659    11.6233    20.8520   114.6388    62.8743
  -2255.00   42252.63  0.0112576    11.6422    19.1007   115.4139    62.6952
  -2245.00   42252.27  0.0111558    11.6702    18.1353   115.3405    62.5491
  -2235.00   42252.15  0.0111029    11.7044    16.7823   115.5892    62.3775
  -2225.00   42254.03  0.0111108    11.7289    14.6369   116.5050    62.2041
  -2215.00   42256.38  0.0110974    11.7531    13.3258   116.3624    62.0815
  -2205.00   42256.36  0.0110926    11.7842    11.7330   116.3265    61.9745
  -2195.00   42256.14  0.0110009    11.8111     9.4936   116.8417    61.8406
  -2185.00   42257.52  0.0110061    11.8304     7.5661   116.9373    61.7109
  -2175.00   42258.36  0.0111163    11.8480     5.5447   117.0626    61.6174
  -2165.00   42256.78  0.0110256    11.8695     3.7555   117.0189    61.5110
  -2155.00   42255.40  0.0110132    11.8880     1.8638   117.2190    61.3588
  -2145.00   42255.63  0.0111351    11.8968   359.5674   117.9635    61.2123
  -2135.00   42255.45  0.0111303    11.9110   358.3062   117.8130    61.0838
  -2125.00   42253.04  0.0111201    11.9322   356.9264   117.9758    60.9181
  -2115.00   42251.73  0.0111142    11.9465   354.9019   118.9522    60.7195
  -2105.00   42252.59  0.0111296    11.9612   353.7209   119.1268    60.5425
  -2095.00   42252.65  0.0111839    11.9844   352.6094   119.2319    60.3811
  -2085.00   42251.62  0.0110740    12.0101   351.0828   119.7482    60.1932
  -2075.00   42252.17  0.0110377    12.0339   349.6991   120.0132    59.9987
  -2065.00   42254.76  0.0111622    12.0560   348.0109   120.3995    59.8462
  -2055.00   42255.91  0.0110844    12.0849   346.6539   120.2815    59.7124
  -2045.00   42255.85  0.0110501    12.1162   344.9912   120.3309    59.5522
  -2035.00   42256.83  0.0111265    12.1372   342.4624   121.1163    59.4048
  -2025.00   42258.79  0.0111507    12.1588   340.8095   120.9033    59.3036
  -2015.00   42258.19  0.0111917    12.1876   339.0244   120.8172    59.1914
  -2005.00   42256.19  0.0111633    12.2088   336.5324   121.5329    59.0541
  -1995.00   42255.65  0.0112019    12.2228   334.6685   121.7077    58.9351
  -1985.00   42255.72  0.0113461    12.2408   332.9644   121.8483    58.8345
  -1975.00   42254.05  0.0112910    12.2600   331.3063   122.1409    58.7088
  -1965.00   42251.93  0.0112835    12.2744   329.7337   122.5205    58.5517
  -1955.00   42252.01  0.0114338    12.2839   327.8492   123.3104    58.4109
  -1945.00   42253.17  0.0114277    12.2990   326.7158   123.4059    58.2782
  -1935.00   42252.30  0.0114127    12.3194   325.4008   123.7173    58.1025
  -1925.00   42251.76  0.0114336    12.3325   323.1668   124.9107    57.9119
  -1915.00   42253.73  0.0114375    12.3471   321.6517   125.2396    57.7515
  -1905.00   42255.40  0.0114723    12.3728   320.1153   125.4361    57.5864
  -1895.00   42255.37  0.0113688    12.3975   317.8202   126.2662    57.3978
  -1885.00   42255.46  0.0113078    12.4189   315.7157   126.7361    57.2216
  -1875.00   42257.44  0.0114028    12.4446   313.6065   127.0577    57.0824
  -1865.00   42258.54  0.0113014    12.4742   311.6692   127.1566    56.9485
  -1855.00   42257.20  0.0112170    12.5028   309.7178   127.2847    56.7961
  -1845.00   42256.07  0.0112889    12.5240   307.2310   127.9974    56.6710
  -1835.00   42256.64  0.0112653    12.5458   305.7313   127.8205    56.5813
  -1825.00   42255.78  0.0112613    12.5726   304.4391   127.6015    56.4668
  -1815.00   42253.20  0.0112403    12.5898   302.3306   128.3840    56.3344
  -1805.00   42251.98  0.0112411    12.6008   300.9925   128.5149    56.2282
  -1795.00   42252.63  0.0113436    12.6186   299.9459   128.4480    56.1191
  -1785.00   42252.56  0.0112749    12.6351   298.5424   128.8268    55.9750
  -1775.00   42251.34  0.0112350    12.6455   297.1772   129.1608    55.8152
  -1765.00   42252.13  0.0113658    12.6571   295.5234   129.6898    55.6725
  -1755.00   42254.74  0.0113254    12.6742   294.2449   129.7350    55.5241
  -1745.00   42255.42  0.0112798    12.6940   292.7788   129.8366    55.3387
  -1735.00   42255.14  0.0113272    12.7090   290.2767   130.8127    55.1580
  -1725.00   42256.64  0.0113178    12.7267   288.4551   130.9434    55.0104
  -1715.00   42258.29  0.0113460    12.7545   286.8052   130.8036    54.8474
  -1705.00   42257.94  0.0112914    12.7785   284.3072   131.4945    54.6698
  -1695.00   42256.22  0.0112603    12.7978   282.1879   131.8040    54.5228
  -1685.00   42256.23  0.0113738    12.8249   280.3882   131.8521    54.3982
  -1675.00   42256.63  0.0113154    12.8523   278.7190   131.9251    54.2668
  -1665.00   42254.55  0.0112619    12.8741   277.1793   132.0256    54.1268
  -1655.00   42252.48  0.0113910    12.8937   275.2956   132.5956    54.0170
  -1645.00   42252.68  0.0113961    12.9135   274.1736   132.5370    53.9249
  -1635.00   42253.10  0.0114032    12.9350   273.3166   132.3172    53.8006
  -1625.00   42251.89  0.0114599    12.9486   271.3977   133.1912    53.6708
  -1615.00   42251.30  0.0114882    12.9579   270.0049   133.4941    53.5674
  -1605.00   42253.17  0.0115988    12.9748   268.8604   133.4644    53.4472
  -1595.00   42254.95  0.0115745    12.9890   266.9300   134.1213    53.2926
  -1585.00   42254.64  0.0115546    12.9968   264.9647   134.6513    53.1401
  -1575.00   42255.20  0.0117002    13.0104   262.7666   135.2382    53.0001
  -1565.00   42257.61  0.0116618    13.0283   260.6901   135.5985    52.8434
  -1555.00   42258.43  0.0116020    13.0455   258.6398   135.8608    52.6602
  -1545.00   42257.12  0.0116769    13.0617   255.7907   136.8783    52.4940
  -1535.00   42256.45  0.0116507    13.0816   253.6080   137.2664    52.3521
  -1525.00   42256.96  0.0116391    13.1089   251.9762   137.2136    52.1897
  -1515.00   42256.17  0.0116002    13.1318   249.6044   138.0485    52.0223
  -1505.00   42253.36  0.0115480    13.1512   247.7402   138.5077    51.8943
  -1495.00   42252.35  0.0116217    13.1790   246.3953   138.5842    51.7763
  -1485.00   42253.21  0.0115397    13.2049   244.9698   138.8879    51.6451
  -1475.00   42252.38  0.0114483    13.2224   243.7147   139.0807    51.5209
  -1465.00   42251.19  0.0115529    13.2421   242.1799   139.5322    51.4227
  -1455.00   42252.08  0.0115168    13.2612   240.9806   139.6190    51.3272
  -1445.00   42254.29  0.0114564    13.2773   240.0063   139.3961    51.1998
  -1435.00   42254.80  0.0115173    13.2890   237.9408   140.1023    51.0775
  -1425.00   42254.45  0.0115119    13.2983   236.1292   140.3954    50.9726
  -1415.00   42256.27  0.0115625    13.3137   234.6914   140.1812    50.8387
  -1405.00   42258.20  0.0115447    13.3263   232.3063   140.8094    50.6770
  -1395.00   42257.55  0.0114968    13.3340   230.0911   141.1909    50.5278
  -1385.00   42256.32  0.0116221    13.3503   227.9638   141.4698    50.3837
  -1375.00   42256.95  0.0115764    13.3701   225.8439   141.8324    50.2166
  -1365.00   42257.14  0.0114902    13.3863   224.1403   141.8980    50.0402
  -1355.00   42255.07  0.0115822    13.4050   221.9689   142.5487    49.8896
  -1345.00   42253.01  0.0115646    13.4280   220.3177   142.8475    49.7537
  -1335.00   42253.23  0.0115424    13.4531   219.3836   142.5910    49.5990
  -1325.00   42253.34  0.0115586    13.4740   217.6590   143.2181    49.4533
  -1315.00   42251.44  0.0115352    13.4928   216.2562   143.5591    49.3442
  -1305.00   42250.90  0.0116338    13.5177   215.3037   143.4458    49.2326
  -1295.00   42252.94  0.0116117    13.5386   213.8084   143.8306    49.1045
  -1285.00   42254.10  0.0115500    13.5512   212.3911   144.0042    48.9930
  -1275.00   42253.96  0.0116943    13.5683   210.6374   144.3373    48.8969
  -1265.00   42254.94  0.0117018    13.5852   208.8053   144.6161    48.7886
  -1255.00   42257.54  0.0116554    13.5959   207.2184   144.5169    48.6576
  -1245.00   42258.46  0.0117570    13.6064   204.7493   145.1571    48.5376
  -1235.00   42256.97  0.0117791    13.6171   202.4026   145.6300    48.4265
  -1225.00   42256.89  0.0118313    13.6305   200.6634   145.5384    48.2829
  -1215.00   42257.48  0.0118687    13.6421   198.1436   146.2990    48.1254
  -1205.00   42256.23  0.0118228    13.6507   195.9523   146.8510    47.9844
  -1195.00   42253.55  0.0119510    13.6678   194.1621   147.1612    47.8399
  -1185.00   42253.00  0.0119407    13.6870   192.1697   147.8593    47.6718
  -1175.00   42253.65  0.0118389    13.7013   190.7188   148.1573    47.5073
  -1165.00   42252.65  0.0119264    13.7208   188.9677   148.8197    47.3679
  -1155.00   42251.14  0.0119065    13.7453   187.3441   149.4106    47.2307
  -1145.00   42252.20  0.0118468    13.7675   186.3539   149.3657    47.0814
  -1135.00   42254.07  0.0118599    13.7874   184.5398   150.0310    46.9527
  -1125.00   42253.77  0.0118022    13.8077   182.7289   150.5485    46.8528
  -1115.00   42253.60  0.0118494    13.8306   181.4019   150.4371    46.7437
  -1105.00   42255.76  0.0118285    13.8485   179.2971   150.9443    46.6252
  -1095.00   42257.64  0.0117097    13.8596   177.2808   151.2033    46.5274
  -1085.00   42257.21  0.0118029    13.8751   175.2331   151.3799    46.4345
  -1075.00   42256.62  0.0117942    13.8899   172.9783   151.7570    46.3181
  -1065.00   42257.73  0.0116955    13.8968   171.2436   151.6578    46.1891
  -1055.00   42258.02  0.0117566    13.9062   169.0527   152.0748    46.0696
  -1045.00   42255.34  0.0117539    13.9186   166.9636   152.5440    45.9449
  -1035.00   42253.65  0.0117629    13.9302   165.7705   152.3159    45.7901
  -1025.00   42253.63  0.0118089    13.9419   163.9660   152.8398    45.6345
  -1015.00   42253.19  0.0117356    13.9540   162.3001   153.3506    45.4954
  -1005.00   42251.05  0.0118328    13.9726   161.2345   153.3612    45.3470
   -995.00   42250.90  0.0118621    13.9920   159.6462   153.9293    45.1854
   -985.00   42252.92  0.0117466    14.0067   158.3887   154.1272    45.0395
   -975.00   42253.83  0.0118298    14.0270   156.8570   154.4777    44.9151
   -965.00   42253.40  0.0118438    14.0509   155.0319   154.9966    44.7840
   -955.00   42254.74  0.0117896    14.0687   153.7746   154.8030    44.6496
   -945.00   42257.30  0.0118321    14.0858   151.7096   155.2187    44.5399
   -935.00   42257.50  0.0118007    14.1052   149.3884   155.7478    44.4435
   -925.00   42256.36  0.0118584    14.1231   147.7909   155.4922    44.3318
   -915.00   42256.81  0.0119072    14.1364   145.5058   155.8923    44.2195
   -905.00   42257.85  0.0118086    14.1463   143.2899   156.2560    44.1242
   -895.00   42256.56  0.0119145    14.1597   141.4318   156.3661    44.0231
   -885.00   42254.36  0.0119751    14.1718   139.3734   156.8420    43.8987
   -875.00   42254.07  0.0119020    14.1769   137.9591   156.8489    43.7722
   -865.00   42254.62  0.0119808    14.1857   136.2506   157.2807    43.6540
   -855.00   42252.57  0.0120224    14.1988   134.4225   157.9689    43.5201
   -845.00   42251.03  0.0120448    14.2083   133.5036   157.8554    43.3654
   -835.00   42251.86  0.0121201    14.2189   131.9417   158.3732    43.2191
   -825.00   42253.28  0.0120652    14.2334   129.9984   159.2147    43.0830
   -815.00   42252.76  0.0121475    14.2510   128.6752   159.3544    42.9331
   -805.00   42253.12  0.0122163    14.2689   126.6913   160.0023    42.7807
   -795.00   42255.70  0.0120841    14.2843   124.6806   160.5062    42.6492
   -785.00   42257.55  0.0121339    14.3051   122.5259   160.9849    42.5302
   -775.00   42256.97  0.0121577    14.3280   119.9868   161.7264    42.4033
   -765.00   42256.72  0.0120583    14.3438   118.1680   161.6891    42.2825
   -755.00   42258.07  0.0120584    14.3602   115.8416   162.1230    42.1866
   -745.00   42257.63  0.0120046    14.3796   113.2137   162.9117    42.0908
   -735.00   42255.15  0.0119971    14.3940   111.7472   162.6810    41.9807
   -725.00   42253.83  0.0120210    14.4043   109.9427   162.9234    41.8780
   -715.00   42254.29  0.0118862    14.4144   107.9972   163.4611    41.7843
   -705.00   42253.53  0.0119345    14.4257   106.7181   163.4963    41.6739
   -695.00   42251.56  0.0119947    14.4350   105.2528   163.8345    41.5462
   -685.00   42251.43  0.0118746    14.4398   104.2129   163.8143    41.4214
   -675.00   42253.39  0.0119149    14.4492   102.8502   164.1056    41.2981
   -665.00   42253.19  0.0119629    14.4627   101.0742   164.7518    41.1550
   -655.00   42252.57  0.0119407    14.4720   100.1372   164.4702    41.0021
   -645.00   42254.06  0.0119836    14.4834    98.5192   164.6980    40.8652
   -635.00   42256.39  0.0119444    14.5012    96.0775   165.5774    40.7308
   -625.00   42256.67  0.0119971    14.5187    94.4216   165.5485    40.5851
   -615.00   42256.09  0.0120737    14.5350    92.3373   165.8215    40.4491
   -605.00   42257.31  0.0119418    14.5521    89.9477   166.3333    40.3346
   -595.00   42258.52  0.0119864    14.5718    87.7666   166.6553    40.2216
   -585.00   42256.95  0.0120601    14.5908    85.4241   167.2065    40.1033
   -575.00   42254.81  0.0119522    14.6038    83.9216   167.0471    39.9974
   -565.00   42254.77  0.0119647    14.6178    82.1718   167.2790    39.9068
   -555.00   42254.45  0.0119788    14.6340    80.0026   168.0832    39.8064
   -545.00   42252.34  0.0119820    14.6439    79.1242   167.7564    39.6948
   -535.00   42250.89  0.0120330    14.6511    77.9890   167.7695    39.5948
   -525.00   42252.04  0.0119580    14.6611    76.2131   168.4582    39.4950
   -515.00   42253.19  0.0120354    14.6701    75.0701   168.5176    39.3744
   -505.00   42252.59  0.0121512    14.6769    73.6460   168.7722    39.2473
   -495.00   42253.04  0.0120480    14.6827    72.1739   168.9495    39.1274
   -485.00   42255.82  0.0121113    14.6926    70.3428   169.3413    39.0007
   -475.00   42256.94  0.0122208    14.7049    67.9335   170.1469    38.8584
   -465.00   42256.30  0.0121898    14.7137    66.3008   170.0526    38.7152
   -455.00   42256.55  0.0122215    14.7256    64.1517   170.3713    38.5871
   -445.00   42257.92  0.0122285    14.7440    61.1191   171.5280    38.4544
   -435.00   42257.77  0.0122711    14.7600    59.1122   171.7134    38.3129
   -425.00   42255.46  0.0123262    14.7748    57.1013   171.9745    38.1897
   -415.00   42254.69  0.0121936    14.7936    54.6252   172.8207    38.0823
   -405.00   42255.27  0.0122155    14.8124    52.6956   173.2983    37.9695
   -395.00   42253.94  0.0122934    14.8284    50.8385   173.8408    37.8587
   -385.00   42251.74  0.0121216    14.8414    49.5393   173.9410    37.7658
   -375.00   42251.73  0.0120809    14.8547    48.1539   174.2180    37.6775
   -365.00   42252.94  0.0121083    14.8680    46.2063   175.0722    37.5768
   -355.00   42252.69  0.0120375    14.8751    45.3711   174.7836    37.4717
   -345.00   42252.04  0.0120182    14.8808    44.2624   174.6713    37.3757
   -335.00   42253.82  0.0119429    14.8902    42.1190   175.4558    37.2703
   -325.00   42256.30  0.0119800    14.8972    40.6693   175.4140    37.1433
   -315.00   42256.38  0.0120669    14.9023    39.0106   175.4159    37.0172
   -305.00   42256.15  0.0119303    14.9105    36.9183   175.7205    36.8969
   -295.00   42257.79  0.0119669    14.9217    34.8028   175.9959    36.7631
   -285.00   42258.62  0.0120988    14.9338    32.3115   176.6203    36.6214
   -275.00   42257.11  0.0120171    14.9446    30.5906   176.5221    36.4894
   -265.00   42255.30  0.0120061    14.9588    28.7127   176.6933    36.3678
   -255.00   42255.25  0.0120414    14.9773    26.1131   177.7198    36.2409
   -245.00   42255.10  0.0120587    14.9918    24.7397   177.6927    36.1122
   -235.00   42252.58  0.0120787    15.0052    23.5183   177.6459    36.0052
   -225.00   42251.37  0.0119714    15.0231    21.5653   178.4308    35.9054
   -215.00   42252.54  0.0120018    15.0384    20.2714   178.6497    35.7951
   -205.00   42252.97  0.0121093    15.0492    19.0298   178.8019    35.6926
   -195.00   42252.25  0.0119560    15.0607    17.7065   178.9599    35.6054
   -185.00   42252.79  0.0119355    15.0717    16.3060   179.1138    35.5115
   -175.00   42255.31  0.0120464    15.0808    14.2422   179.7798    35.4059
   -165.00   42256.53  0.0119892    15.0862    12.9151   179.5385    35.3047
   -155.00   42255.88  0.0119848    15.0916    11.3329   179.4116    35.2068
   -145.00   42256.60  0.0119851    15.1002     8.6218   180.3003    35.0951
   -135.00   42258.43  0.0120450    15.1058     6.7885   180.2657    34.9685
   -125.00   42258.00  0.0121586    15.1103     4.9612   180.2206    34.8479
   -115.00   42256.06  0.0120648    15.1199     2.5342   180.8359    34.7291
   -105.00   42255.57  0.0121176    15.1309     0.5092   181.2009    34.5934
    -95.00   42255.86  0.0122970    15.1410   358.4098   181.7826    34.4567
    -85.00   42254.45  0.0122153    15.1528   356.7976   182.0195    34.3347
    -75.00   42252.01  0.0121935    15.1679   355.2098   182.3923    34.2143
    -65.00   42251.89  0.0122649    15.1846   352.9467   183.5359    34.0897
    -55.00   42253.06  0.0122474    15.1981   351.7375   183.6700    33.9727
    -45.00   42252.19  0.0122285    15.2118   350.5432   183.7670    33.8746
    -35.00   42251.70  0.0121269    15.2289   348.3095   184.8174    33.7786
    -25.00   42253.68  0.0121167    15.2418   346.7542   185.0912    33.6738
    -15.00   42255.77  0.0121843    15.2504   345.2463   185.1472    33.5822
     -5.00   42256.13  0.0120141    15.2615   343.1538   185.6018    33.5006
      5.00   42255.99  0.0119489    15.2710   341.1755   185.8339    33.4045
     15.00   42257.88  0.0120547    15.2765   338.8519   186.3086    33.2998
     25.00   42258.86  0.0119478    15.2815   337.0065   186.2374    33.2034
     35.00   42257.12  0.0118953    15.2875   335.2472   186.1234    33.1009
     45.00   42255.70  0.0119111    15.2949   332.5874   187.0049    32.9809
     55.00   42255.98  0.0119038    15.3003   331.0516   186.8950    32.8560
     65.00   42255.44  0.0119692    15.3062   329.8064   186.6527    32.7372
     75.00   42253.06  0.0118801    15.3178   327.7391   187.3856    32.6154
     85.00   42251.90  0.0118872    15.3292   326.3524   187.5970    32.4806
     95.00   42252.87  0.0120392    15.3389   325.0535   187.8039    32.3531
    105.00   42253.12  0.0119364    15.3525   323.6815   188.0900    32.2420
    115.00   42251.73  0.0118888    15.3681   322.3503   188.3273    32.1263
    125.00   42252.32  0.0119825    15.3819   320.3187   189.1766    32.0095
    135.00   42254.71  0.0119252    15.3939   318.9857   189.1726    31.9096
    145.00   42255.49  0.0118986    15.4068   317.6279   189.0370    31.8187
    155.00   42255.09  0.0118510    15.4207   315.0181   189.9887    31.7236
    165.00   42256.41  0.0118353    15.4298   313.2030   190.0202    31.6256
    175.00   42258.39  0.0119179    15.4361   311.5761   189.7685    31.5387
    185.00   42258.43  0.0118158    15.4456   309.2042   190.2142    31.4541
    195.00   42256.46  0.0117856    15.4530   307.1979   190.3650    31.3518
    205.00   42256.32  0.0119344    15.4558   305.1904   190.6220    31.2466
    215.00   42256.49  0.0118728    15.4610   303.4846   190.6907    31.1506
    225.00   42254.42  0.0118517    15.4677   302.1097   190.6126    31.0422
    235.00   42252.04  0.0119399    15.4734   299.9342   191.5056    30.9183
    245.00   42251.98  0.0119322    15.4786   298.6886   191.5780    30.8003
    255.00   42252.82  0.0120034    15.4857   297.8152   191.3615    30.6850
    265.00   42251.88  0.0119797    15.4971   295.7960   192.3070    30.5617
    275.00   42251.49  0.0119840    15.5073   294.3363   192.6564    30.4332
    285.00   42253.51  0.0121308    15.5163   292.9285   192.8532    30.3156
    295.00   42255.59  0.0120562    15.5306   290.9704   193.4337    30.2097
    305.00   42255.18  0.0120075    15.5456   289.0329   193.8471    30.0964
    315.00   42255.37  0.0121174    15.5570   286.4968   194.7076    29.9868
    325.00   42257.28  0.0120355    15.5692   284.3482   195.0255    29.8983
    335.00   42258.19  0.0119797    15.5826   282.4766   194.9992    29.8107
    345.00   42256.67  0.0119613    15.5942   279.5158   196.0556    29.7159
    355.00   42255.94  0.0118892    15.6017   277.4597   196.2557    29.6283
    365.00   42256.63  0.0119168    15.6079   275.9756   196.0011    29.5466
    375.00   42256.31  0.0118173    15.6164   273.8005   196.5764    29.4582
    385.00   42253.55  0.0117454    15.6216   272.1827   196.7721    29.3557
    395.00   42252.45  0.0118500    15.6231   270.7782   196.9168    29.2526
    405.00   42253.16  0.0117680    15.6286   269.3960   197.1305    29.1544
    415.00   42252.49  0.0116984    15.6357   268.3857   197.0507    29.0391
    425.00   42250.98  0.0117855    15.6402   266.5830   197.7829    28.9126
    435.00   42251.59  0.0117331    15.6466   265.2304   197.9806    28.7997
    445.00   42254.07  0.0117383    15.6565   264.3310   197.6218    28.6858
    455.00   42254.72  0.0117310    15.6681   262.1006   198.4521    28.5613
    465.00   42254.69  0.0116877    15.6782   260.2645   198.7158    28.4447
    475.00   42256.35  0.0117872    15.6884   258.6439   198.6197    28.3404
    485.00   42258.56  0.0117222    15.7030   256.3347   199.0867    28.2400
    495.00   42257.85  0.0116537    15.7162   254.2687   199.2553    28.1348
    505.00   42256.25  0.0117709    15.7248   251.9074   199.7362    28.0368
    515.00   42256.30  0.0117066    15.7358   249.8070   200.0046    27.9558
    525.00   42256.53  0.0116459    15.7475   248.3832   199.7285    27.8670
    535.00   42254.36  0.0116881    15.7550   246.0916   200.4847    27.7695
    545.00   42252.44  0.0116334    15.7604   244.5003   200.6808    27.6859
    555.00   42252.72  0.0116737    15.7664   243.6637   200.2756    27.6014
    565.00   42253.42  0.0116418    15.7732   242.0120   200.7887    27.5024
    575.00   42251.87  0.0115956    15.7767   240.7477   200.9520    27.4008
    585.00   42251.28  0.0117322    15.7781   239.5859   201.0128    27.3006
    595.00   42253.29  0.0117094    15.7842   238.0817   201.3314    27.1989
    605.00   42254.49  0.0116589    15.7908   236.7977   201.3078    27.0831
    615.00   42254.06  0.0117916    15.7941   234.7032   201.9605    26.9617
    625.00   42254.58  0.0117861    15.8008   232.6376   202.4031    26.8554
    635.00   42257.10  0.0117863    15.8118   231.1271   202.1574    26.7433
    645.00   42258.07  0.0118254    15.8220   228.4529   202.9920    26.6192
    655.00   42256.89  0.0117907    15.8314   226.0408   203.5015    26.5123
    665.00   42256.47  0.0118831    15.8431   224.1729   203.5000    26.4156
    675.00   42257.45  0.0118492    15.8575   221.7466   204.1492    26.3133
    685.00   42256.26  0.0117602    15.8692   219.7466   204.4895    26.2145
    695.00   42253.51  0.0118709    15.8774   217.7581   204.9813    26.1269
    705.00   42252.55  0.0118227    15.8885   215.8617   205.5268    26.0484
    715.00   42253.20  0.0117180    15.8990   214.7232   205.4454    25.9604
    725.00   42252.32  0.0117544    15.9037   212.8791   206.1645    25.8668
    735.00   42250.97  0.0116849    15.9081   211.2868   206.6378    25.7884
    745.00   42251.96  0.0116702    15.9143   210.4605   206.3258    25.7026
    755.00   42254.32  0.0116309    15.9188   208.6932   206.8801    25.5969
    765.00   42254.43  0.0115346    15.9211   207.0437   207.1597    25.4980
    775.00   42254.16  0.0116258    15.9238   205.5673   207.1256    25.4001
    785.00   42256.26  0.0115926    15.9309   203.5597   207.4778    25.2905
    795.00   42257.86  0.0114827    15.9376   201.7846   207.4527    25.1757
    805.00   42257.29  0.0115774    15.9417   199.5102   207.8616    25.0610
    815.00   42256.15  0.0115715    15.9508   197.1972   208.2795    24.9582
    825.00   42256.95  0.0115129    15.9632   195.6781   207.9484    24.8489
    835.00   42257.32  0.0115346    15.9724   193.3887   208.5098    24.7306
    845.00   42255.01  0.0114897    15.9817   191.3059   208.9779    24.6355
    855.00   42253.18  0.0115479    15.9944   190.1266   208.7048    24.5462
    865.00   42253.66  0.0115338    16.0067   188.3999   209.1507    24.4434
    875.00   42253.39  0.0114284    16.0153   186.9749   209.3849    24.3521
    885.00   42251.53  0.0115409    16.0225   185.7152   209.5213    24.2730
    895.00   42251.05  0.0115446    16.0321   184.2200   209.9133    24.1903
    905.00   42252.96  0.0114424    16.0396   183.2353   209.7361    24.1001
    915.00   42254.11  0.0115076    16.0418   181.5282   210.1817    24.0094
    925.00   42253.64  0.0114987    16.0457   179.6542   210.6381    23.9300
    935.00   42254.75  0.0114998    16.0517   178.4945   210.2319    23.8390
    945.00   42257.52  0.0115125    16.0544   176.3568   210.6744    23.7296
    955.00   42258.05  0.0114447    16.0562   174.1331   211.0561    23.6335
    965.00   42256.82  0.0115576    16.0608   172.3716   210.9204    23.5381
    975.00   42257.02  0.0115884    16.0678   170.1283   211.2941    23.4232
    985.00   42257.66  0.0114927    16.0737   168.1880   211.4035    23.3117
    995.00   42256.51  0.0116056    16.0786   166.1041   211.7793    23.2060
   1005.00   42253.82  0.0116606    16.0888   164.0247   212.3073    23.1026
   1015.00   42253.30  0.0116165    16.1005   162.7687   212.1619    22.9950
   1025.00   42254.02  0.0116625    16.1083   160.9028   212.7865    22.8834
   1035.00   42252.49  0.0116534    16.1178   159.0096   213.5175    22.7944
   1045.00   42251.16  0.0117003    16.1310   158.0337   213.3788    22.7074
   1055.00   42252.33  0.0117138    16.1414   156.3663   213.9536    22.6051
   1065.00   42253.99  0.0115985    16.1482   154.5902   214.5357    22.5210
   1075.00   42253.84  0.0116811    16.1563   153.0881   214.7134    22.4493
   1085.00   42253.74  0.0116988    16.1651   151.1235   215.2310    22.3638
   1095.00   42255.98  0.0115565    16.1702   149.4170   215.3185    22.2752
   1105.00   42257.84  0.0115873    16.1718   147.1827   215.7842    22.1928
   1115.00   42257.03  0.0115729    16.1762   144.7051   216.3906    22.1118
   1125.00   42256.54  0.0115139    16.1816   143.1200   216.0655    22.0164
   1135.00   42257.82  0.0115017    16.1831   140.8416   216.4728    21.9076
   1145.00   42257.75  0.0114016    16.1853   138.4499   217.0504    21.8127
   1155.00   42255.47  0.0114484    16.1924   137.0299   216.7887    21.7149
   1165.00   42253.92  0.0114705    16.1996   135.3054   217.0246    21.5950
   1175.00   42254.19  0.0113318    16.2053   133.7757   217.1975    21.4862
   1185.00   42253.71  0.0114059    16.2127   132.3842   217.3592    21.3894
   1195.00   42251.42  0.0114641    16.2244   130.9134   217.7123    21.2848
   1205.00   42251.12  0.0113865    16.2351   130.0882   217.4410    21.1813
   1215.00   42253.10  0.0114239    16.2420   128.5735   217.8384    21.0832
   1225.00   42253.45  0.0114294    16.2519   126.7135   218.4833    21.0003
   1235.00   42253.18  0.0114443    16.2636   125.7154   218.1271    20.9158
   1245.00   42254.64  0.0114725    16.2707   123.9379   218.4255    20.8178
   1255.00   42257.19  0.0113719    16.2753   121.6831   219.0156    20.7391
   1265.00   42257.77  0.0114366    16.2831   119.9363   218.9444    20.6678
   1275.00   42256.64  0.0114939    16.2901   117.7988   219.2114    20.5754
   1285.00   42257.33  0.0113646    16.2926   115.8494   219.2507    20.4848
   1295.00   42258.22  0.0114184    16.2948   113.7034   219.5063    20.4056
   1305.00   42256.56  0.0114629    16.3001   111.3836   220.0477    20.3176
   1315.00   42254.27  0.0114203    16.3047   110.1514   219.6454    20.2169
   1325.00   42254.12  0.0114583    16.3056   108.4200   219.9116    20.1129
   1335.00   42254.33  0.0114221    16.3089   106.3808   220.6280    20.0192
   1345.00   42252.75  0.0114803    16.3168   105.4483   220.3599    19.9192
   1355.00   42251.24  0.0115552    16.3228   104.1904   220.5281    19.8004
   1365.00   42252.39  0.0114552    16.3273   102.7055   220.9225    19.6962
   1375.00   42253.73  0.0115488    16.3363   101.3655   221.1107    19.6045
   1385.00   42252.95  0.0116555    16.3478    99.7035   221.5492    19.4977
   1395.00   42253.11  0.0115836    16.3565    98.4091   221.4680    19.3958
   1405.00   42255.60  0.0116450    16.3638    96.3783   221.9524    19.3094
   1415.00   42257.05  0.0116879    16.3747    93.7639   222.8661    19.2273
   1425.00   42256.64  0.0116832    16.3856    92.0485   222.7432    19.1428
   1435.00   42256.64  0.0117112    16.3910    89.7589   223.1392    19.0535
   1445.00   42258.13  0.0116198    16.3958    86.9043   224.0752    18.9803
   1455.00   42258.18  0.0116372    16.4039    84.8818   224.2133    18.9088
   1465.00   42255.57  0.0116798    16.4092    82.8291   224.5271    18.8148
   1475.00   42254.42  0.0115112    16.4098    80.9433   224.8179    18.7260
   1485.00   42254.58  0.0115191    16.4130    79.2468   225.0574    18.6485
   1495.00   42253.47  0.0115611    16.4188    77.3758   225.6451    18.5530
   1505.00   42251.25  0.0114517    16.4221    76.5507   225.3063    18.4466
   1515.00   42251.25  0.0114574    16.4236    75.3185   225.4311    18.3483
   1525.00   42252.92  0.0114302    16.4292    73.4363   226.2107    18.2529
   1535.00   42253.19  0.0114310    16.4381    72.5857   225.8955    18.1484
   1545.00   42252.61  0.0114766    16.4436    71.3573   225.8652    18.0355
   1555.00   42254.35  0.0113652    16.4488    69.4718   226.3353    17.9391
   1565.00   42256.67  0.0114167    16.4597    67.8551   226.3546    17.8514
   1575.00   42256.65  0.0115212    16.4705    65.8788   226.6090    17.7471
   1585.00   42255.96  0.0114054    16.4770    64.1446   226.5014    17.6511
   1595.00   42257.08  0.0114513    16.4848    62.0096   226.7141    17.5753
   1605.00   42258.08  0.0115226    16.4956    59.3001   227.5240    17.4922
   1615.00   42256.66  0.0114909    16.5039    57.7251   227.2636    17.4032
   1625.00   42254.87  0.0115182    16.5076    55.8864   227.3886    17.3218
   1635.00   42254.93  0.0114631    16.5124    53.4905   228.2291    17.2473
   1645.00   42255.04  0.0114845    16.5199    52.0898   228.2205    17.1672
   1655.00   42252.61  0.0115516    16.5231    50.8026   228.2581    17.0717
   1665.00   42251.22  0.0114097    16.5228    49.4070   228.5092    16.9832
   1675.00   42252.03  0.0114320    16.5272    48.2342   228.5616    16.9030
   1685.00   42252.86  0.0115461    16.5329    46.6876   228.9958    16.8017
   1695.00   42252.03  0.0114551    16.5345    45.8102   228.6930    16.6938
   1705.00   42252.65  0.0114913    16.5369    44.4905   228.6906    16.6023
   1715.00   42255.31  0.0115455    16.5440    42.1995   229.5211    16.5059
   1725.00   42256.84  0.0115753    16.5521    40.7778   229.3221    16.3973
   1735.00   42256.27  0.0116531    16.5569    39.0185   229.3166    16.2935
   1745.00   42256.69  0.0115917    16.5631    36.4561   230.0174    16.2027
   1755.00   42258.14  0.0116574    16.5748    34.3495   230.2082    16.1129
   1765.00   42257.65  0.0118044    16.5845    32.1201   230.5588    16.0111
   1775.00   42255.32  0.0116932    16.5899    30.0744   230.8100    15.9207
   1785.00   42254.50  0.0117271    16.5989    28.0648   231.1337    15.8488
   1795.00   42254.97  0.0118405    16.6098    25.6051   232.0850    15.7634
   1805.00   42253.74  0.0117831    16.6158    24.2305   232.1058    15.6723
   1815.00   42251.79  0.0117843    16.6194    22.7538   232.3393    15.5993
   1825.00   42251.81  0.0117359    16.6250    20.5763   233.3782    15.5245
   1835.00   42253.33  0.0117246    16.6314    19.3254   233.5179    15.4361
   1845.00   42252.64  0.0117525    16.6330    18.1140   233.5801    15.3457
   1855.00   42252.02  0.0115809    16.6329    16.4002   234.0690    15.2598
   1865.00   42253.62  0.0115476    16.6383    14.9026   234.1981    15.1742
   1875.00   42255.79  0.0116547    16.6435    13.1134   234.4737    15.0702
   1885.00   42255.84  0.0115193    16.6444    11.5938   234.3331    14.9636
   1895.00   42255.76  0.0114970    16.6488     9.8483   234.2654    14.8755
   1905.00   42257.47  0.0115724    16.6581     7.2320   235.0035    14.7768
   1915.00   42258.67  0.0115678    16.6655     5.5521   234.7913    14.6653
   1925.00   42257.09  0.0116086    16.6710     3.8223   234.6500    14.5716
   1935.00   42255.42  0.0115503    16.6794     1.3113   235.4014    14.4861
   1945.00   42255.52  0.0115808    16.6911   359.5947   235.5017    14.3926
   1955.00   42254.96  0.0117101    16.6989   358.0653   235.5678    14.2972
   1965.00   42252.52  0.0115820    16.7035   356.4535   235.8684    14.2139
   1975.00   42251.23  0.0115699    16.7124   355.1014   236.0137    14.1409
   1985.00   42252.35  0.0117043    16.7214   353.3843   236.6118    14.0521
   1995.00   42252.86  0.0116311    16.7243   352.3728   236.5187    13.9596
   2005.00   42252.14  0.0116206    16.7276   351.2211   236.4873    13.8881
   2015.00   42252.74  0.0116212    16.7336   349.0813   237.3641    13.8084
   2025.00   42255.49  0.0116252    16.7381   347.7463   237.3061    13.7098
   2035.00   42256.27  0.0116818    16.7392   346.3206   237.1518    13.6230
   2045.00   42255.73  0.0115654    16.7405   344.0827   237.6748    13.5390
   2055.00   42256.48  0.0115627    16.7467   342.1428   237.7872    13.4452
   2065.00   42258.12  0.0117191    16.7512   340.1709   237.8584    13.3432
   2075.00   42257.83  0.0116347    16.7518   338.2971   237.8408    13.2416
   2085.00   42255.90  0.0116264    16.7578   336.4360   237.8548    13.1539
   2095.00   42255.56  0.0117701    16.7673   334.0298   238.5430    13.0533
   2105.00   42256.10  0.0117936    16.7730   332.5623   238.4577    12.9409
   2115.00   42254.40  0.0118491    16.7787   331.2119   238.3803    12.8528
   2125.00   42252.13  0.0118514    16.7887   328.9555   239.3622    12.7679
   2135.00   42252.17  0.0118925    16.7993   327.5098   239.6578    12.6679
   2145.00   42252.99  0.0120258    16.8059   326.2789   239.7683    12.5779
   2155.00   42252.23  0.0119222    16.8112   324.4874   240.4312    12.5011
   2165.00   42251.66  0.0118891    16.8206   322.8479   240.8754    12.4245
   2175.00   42253.61  0.0120240    16.8279   320.9481   241.4695    12.3366
   2185.00   42255.81  0.0119281    16.8292   319.3031   241.6631    12.2494
   2195.00   42255.85  0.0118698    16.8328   317.5341   241.7943    12.1798
   2205.00   42255.91  0.0118861    16.8391   314.8022   242.7655    12.0969
   2215.00   42257.99  0.0118445    16.8414   312.8973   242.8268    11.9943
   2225.00   42258.68  0.0118611    16.8425   311.1492   242.6450    11.9100
   2235.00   42257.16  0.0117541    16.8459   308.5464   243.3485    11.8260
   2245.00   42255.87  0.0117181    16.8523   306.5457   243.5541    11.7217
   2255.00   42256.08  0.0118325    16.8566   304.9196   243.4905    11.6211
   2265.00   42255.69  0.0117276    16.8587   303.2875   243.5980    11.5247
   2275.00   42253.06  0.0116734    16.8670   301.7966   243.7178    11.4327
   2285.00   42251.99  0.0118014    16.8764   300.0648   244.2153    11.3321
   2295.00   42253.09  0.0117737    16.8809   299.0254   244.1333    11.2247
   2305.00   42252.91  0.0117661    16.8874   298.0887   243.9516    11.1416
   2315.00   42251.79  0.0117906    16.8981   296.0572   244.8442    11.0572
   2325.00   42252.50  0.0117925    16.9062   294.6705   245.0399    10.9547
   2335.00   42254.82  0.0118779    16.9110   293.5126   244.8463    10.8701
   2345.00   42255.69  0.0117939    16.9170   291.3846   245.4616    10.7970
   2355.00   42255.21  0.0117506    16.9254   289.3892   245.8035    10.7124
   2365.00   42256.50  0.0118816    16.9304   287.3665   246.0315    10.6236
   2375.00   42258.58  0.0117953    16.9310   285.3887   246.1259    10.5401
   2385.00   42258.08  0.0117353    16.9355   283.4895   246.0955    10.4654
   2395.00   42256.40  0.0118138    16.9416   280.9048   246.7983    10.3767
   2405.00   42256.42  0.0117873    16.9423   279.1476   246.7949    10.2726
   2415.00   42256.55  0.0118156    16.9436   277.8783   246.4065    10.1880
   2425.00   42254.71  0.0117939    16.9492   275.7120   247.0791    10.1015
   2435.00   42252.37  0.0117924    16.9546   274.1775   247.3097     9.9904
   2445.00   42252.35  0.0119317    16.9578   273.1084   247.1726     9.8908
   2455.00   42253.20  0.0118770    16.9614   271.7192   247.4348     9.7997
   2465.00   42251.85  0.0118575    16.9702   270.3661   247.6913     9.7012
   2475.00   42251.44  0.0120240    16.9783   268.7247   248.1837     9.6009
   2485.00   42253.56  0.0120128    16.9819   267.3473   248.3323     9.5001
   2495.00   42255.22  0.0120047    16.9894   265.9703   248.3180     9.4173
   2505.00   42255.23  0.0120904    17.0001   263.4722   249.2593     9.3319
   2515.00   42255.50  0.0120976    17.0063   261.3566   249.6975     9.2305
   2525.00   42257.66  0.0121585    17.0105   259.6060   249.6149     9.1503
   2535.00   42258.58  0.0121177    17.0180   256.8534   250.4449     9.0792
   2545.00   42256.89  0.0120697    17.0256   254.3873   251.0048     8.9891
   2555.00   42256.07  0.0121789    17.0289   252.2430   251.2852     8.9016
   2565.00   42256.78  0.0120814    17.0302   250.0779   251.6908     8.8237
   2575.00   42255.89  0.0119824    17.0355   248.3068   251.8502     8.7427
   2585.00   42253.43  0.0120597    17.0405   246.2074   252.5013     8.6492
   2595.00   42252.48  0.0119939    17.0401   244.6949   252.7370     8.5476
   2605.00   42253.30  0.0119511    17.0421   243.8194   252.4271     8.4614
   2615.00   42252.86  0.0119469    17.0490   242.0165   253.1048     8.3693
   2625.00   42251.27  0.0119081    17.0533   240.6044   253.4314     8.2547
   2635.00   42252.02  0.0119908    17.0559   239.6514   253.2164     8.1563
   2645.00   42254.31  0.0119279    17.0621   237.9539   253.6258     8.0687
   2655.00   42254.56  0.0118689    17.0713   236.2978   253.8698     7.9651
   2665.00   42254.34  0.0120062    17.0782   234.4099   254.1693     7.8658
   2675.00   42256.18  0.0119575    17.0822   232.4596   254.3878     7.7754
   2685.00   42258.15  0.0118956    17.0907   230.7172   254.2798     7.6914
   2695.00   42257.93  0.0119769    17.1004   228.1759   254.8990     7.6041
   2705.00   42256.40  0.0119588    17.1044   225.9415   255.2456     7.5070
   2715.00   42256.83  0.0119753    17.1081   224.3957   254.9561     7.4280
   2725.00   42256.98  0.0119679    17.1160   222.0687   255.5525     7.3525
   2735.00   42254.55  0.0119158    17.1218   220.1305   255.9441     7.2553
   2745.00   42252.42  0.0120262    17.1232   218.7370   255.9400     7.1656
   2755.00   42252.66  0.0119727    17.1257   217.0814   256.3268     7.0878
   2765.00   42252.93  0.0118822    17.1314   215.8718   256.3843     6.9967
   2775.00   42251.56  0.0119961    17.1350   214.3824   256.7631     6.8980
   2785.00   42251.20  0.0119690    17.1344   212.9898   257.0407     6.8014
   2795.00   42253.35  0.0119339    17.1376   212.1104   256.7264     6.7122
   2805.00   42254.84  0.0119926    17.1444   210.2662   257.2450     6.6154
   2815.00   42254.20  0.0119857    17.1472   208.4372   257.6236     6.5030
   2825.00   42254.89  0.0120825    17.1493   207.0550   257.3816     6.4071
   2835.00   42257.11  0.0120928    17.1570   204.7540   257.9009     6.3190
   2845.00   42257.72  0.0120469    17.1654   202.5711   258.2295     6.2116
   2855.00   42256.29  0.0122093    17.1706   200.3990   258.4911     6.1118
   2865.00   42256.22  0.0122040    17.1761   198.0127   258.9830     6.0279
   2875.00   42257.14  0.0121451    17.1854   196.1383   259.0619     5.9392
   2885.00   42256.42  0.0122428    17.1940   193.8354   259.6854     5.8475
   2895.00   42253.68  0.0122390    17.1974   191.7175   260.2906     5.7576
   2905.00   42253.05  0.0122431    17.2017   190.4225   260.2287     5.6789
   2915.00   42253.61  0.0122626    17.2095   188.4938   260.9143     5.5988
   2925.00   42252.32  0.0121923    17.2132   186.7139   261.5595     5.5012
   2935.00   42250.75  0.0122724    17.2131   185.5234   261.6407     5.4129
   2945.00   42251.68  0.0122425    17.2166   183.7501   262.2569     5.3342
   2955.00   42253.77  0.0121062    17.2216   182.2293   262.5556     5.2359
   2965.00   42253.92  0.0121830    17.2232   180.5224   262.9020     5.1332
   2975.00   42253.99  0.0121428    17.2235   178.5135   263.3893     5.0416
   2985.00   42256.21  0.0120499    17.2282   177.0127   263.2249     4.9473
   2995.00   42258.18  0.0120768    17.2348   174.7892   263.6427     4.8442
   3005.00   42257.27  0.0120275    17.2372   172.4311   264.1220     4.7371
   3015.00   42256.28  0.0120599    17.2406   170.8346   263.8167     4.6434
   3025.00   42256.83  0.0120743    17.2495   168.5369   264.2399     4.5524
   3035.00   42256.91  0.0119697    17.2570   166.4249   264.6015     4.4445
   3045.00   42254.41  0.0120799    17.2608   164.7959   264.6117     4.3465
   3055.00   42252.97  0.0120864    17.2675   162.8533   265.0761     4.2654
   3065.00   42253.47  0.0119874    17.2763   161.5477   265.0802     4.1717
   3075.00   42253.56  0.0120602    17.2824   159.9929   265.4417     4.0739
   3085.00   42251.62  0.0120577    17.2853   158.3343   265.9653     3.9894
   3095.00   42251.36  0.0120465    17.2897   157.4718   265.7208     3.9069
   3105.00   42253.31  0.0120792    17.2964   155.9087   266.1183     3.8171
   3115.00   42253.90  0.0120152    17.2984   154.0434   266.7174     3.7205
   3125.00   42253.30  0.0120919    17.2979   152.7950   266.5627     3.6320
   3135.00   42254.38  0.0121234    17.3022   150.8159   266.9667     3.5483
   3145.00   42257.04  0.0119941    17.3063   148.7960   267.2812     3.4452
   3155.00   42257.62  0.0120781    17.3064   146.7954   267.4547     3.3411
   3165.00   42256.64  0.0121002    17.3080   144.4207   267.9193     3.2521
   3175.00   42257.01  0.0120257    17.3136   142.7060   267.7448     3.1528
   3185.00   42258.03  0.0120762    17.3187   140.5593   268.0605     3.0435
   3195.00   42256.39  0.0120676    17.3210   138.2313   268.6610     2.9418
   3205.00   42253.84  0.0121176    17.3255   136.9700   268.3540     2.8473
   3215.00   42253.24  0.0121890    17.3342   135.2187   268.6876     2.7497
   3225.00   42253.72  0.0121105    17.3403   133.3468   269.2949     2.6424
   3235.00   42252.13  0.0122273    17.3435   132.1288   269.3493     2.5464
   3245.00   42251.02  0.0123044    17.3509   130.4516   269.8961     2.4638
   3255.00   42252.29  0.0122132    17.3590   129.0940   270.1441     2.3666
   3265.00   42254.17  0.0122902    17.3626   127.4287   270.6275     2.2675
   3275.00   42253.82  0.0123194    17.3658   125.3226   271.4064     2.1877
   3285.00   42253.87  0.0122932    17.3707   123.9321   271.3466     2.1034
   3295.00   42256.29  0.0123140    17.3754   121.8278   271.8440     2.0066
   3305.00   42257.55  0.0122465    17.3763   119.1252   272.7757     1.9155
   3315.00   42256.76  0.0122781    17.3762   117.2653   272.7735     1.8279
   3325.00   42256.30  0.0123009    17.3806   114.9784   273.1478     1.7367
   3335.00   42257.59  0.0121360    17.3834   112.4506   273.7881     1.6319
   3345.00   42257.64  0.0121634    17.3826   110.3836   274.0511     1.5276
   3355.00   42255.32  0.0121870    17.3857   108.2192   274.5200     1.4361
   3365.00   42253.99  0.0120494    17.3918   106.7758   274.4470     1.3309
   3375.00   42254.57  0.0120521    17.3954   105.1560   274.7139     1.2169
   3385.00   42253.60  0.0120397    17.3985   103.2373   275.3878     1.1188
   3395.00   42251.46  0.0120261    17.4044   102.5036   274.9836     1.0227
   3405.00   42251.24  0.0120625    17.4123   101.3315   275.0587     0.9187
   3415.00   42253.04  0.0119764    17.4169    99.4935   275.7669     0.8157
   3425.00   42253.43  0.0120461    17.4200    98.3777   275.6703     0.7228
   3435.00   42253.11  0.0121293    17.4271    96.7872   275.9065     0.6364
   3445.00   42254.72  0.0120046    17.4334    95.0404   276.1645     0.5370
   3455.00   42257.44  0.0120590    17.4348    93.0817   276.4777     0.4383
   3465.00   42257.63  0.0121164    17.4380    90.6172   277.1281     0.3575
   3475.00   42256.69  0.0120543    17.4429    88.9634   276.9038     0.2675
   3485.00   42257.58  0.0120671    17.4454    86.8058   277.1678     0.1637
   3495.00   42258.10  0.0120363    17.4461    84.0047   278.0771     0.0732
   3505.00   42256.56  0.0120636    17.4472    82.3914   277.9094   359.9833
   3515.00   42254.27  0.0121014    17.4512    80.7097   277.9587   359.8823
   3525.00   42254.18  0.0119770    17.4529    78.5706   278.6160   359.7775
   3535.00   42254.52  0.0120292    17.4520    77.0869   278.7812   359.6742
   3545.00   42252.59  0.0121147    17.4558    75.6247   279.0345   359.5776
   3555.00   42251.35  0.0119900    17.4608    74.5281   279.0143   359.4688
   3565.00   42252.70  0.0120218    17.4625    73.2303   279.2295   359.3537
   3575.00   42253.70  0.0120883    17.4656    71.3534   279.9486   359.2562
   3585.00   42253.11  0.0120777    17.4721    70.4515   279.6060   359.1571
   3595.00   42253.38  0.0121274    17.4781    69.0496   279.6412   359.0475
   3605.00   42255.81  0.0121049    17.4819    66.5747   280.5690   358.9480
   3615.00   42257.32  0.0121904    17.4858    64.8312   280.6113   358.8574
   3625.00   42256.60  0.0122995    17.4927    62.7949   280.8187   358.7659
   3635.00   42256.74  0.0121881    17.4973    60.2904   281.4264   358.6679
   3645.00   42258.34  0.0122490    17.4979    57.8886   281.9267   358.5732
