0,0.9954216715566085
10,0.9911942868217382
20,0.9900282866286685
30,0.9954306811041017
40,0.9906702631488932
50,0.9994092424706764
60,0.9921037650210965
170,0.9913915090945883
180,0.9827850790308348
190,0.9804633178103458
200,0.9868803839204224
210,0.9862561406630239
220,0.9766378168096795
230,0.9735499448264587
240,0.9808289522574992
250,0.9738013686982253
260,0.9780646018678238
270,0.9706659751914327
280,0.9717593219544135
290,0.9687535960668768
310,0.9695409357401251
320,0.9710645017218468
330,0.9641639164345049
340,0.9595858793494851
350,0.9483286829753815
360,0.9525589628448651
370,0.9508011133283284
380,0.9583772116195605
390,0.9530212860247992
400,0.9474162076266125
410,0.9528459598115672
420,0.9559970114046976
430,0.9514801539888749
440,0.9497338203936022
450,0.9614850015128029
460,0.9729427191070479
580,0.9869072945927100
590,0.9848392542568184
600,0.9893496223725472
610,0.9871926401177045
620,0.9907783324673298
630,0.9939862302399858
640,0.9922288299446690
650,0.9959816061540205
660,0.9960692186178264
670,0.9917789271146986
680,0.9915234925519264
690,0.9905133044914254
700,0.9905717163154814
710,0.9892393907578301
720,0.9996975698787626
730,0.9997369607564445
740,0.9937462627038284
750,0.9892887949834761
780,0.9897125239544780
790,0.9955831403229992
800,0.9990243310086294
810,0.9912827775147132
820,0.9937113618507203
830,0.9905205586215862
840,0.9903295958888295
850,0.9973209858789331
860,0.9968368799214624
870,0.9913095214130174
880,0.9932663719149608
890,0.9851776609444403
900,0.9851768285890565
910,0.9842084287910463
920,0.9868099250947237
930,0.9920002700098769
940,0.9920667744225328
950,0.9926042660158609
960,0.9848863947208297
970,0.9900682472386767
980,0.9843323965504071
990,0.9891736135472485
1000,0.9816349117890391
1010,0.9871678070704142
1020,0.9800495063694651
1030,0.9790066347494083
1040,0.9794670363283335
1050,0.9807399278233849
1060,0.9827263544962889
1070,0.9841285760487861
1080,0.9846753710507713
1090,0.9784898593895747
1100,0.9805439301726233
1110,0.9753878511944325
1120,0.9732952008052228
1130,0.9726200406825963
1140,0.9605256809846243
1150,0.9450582993229707
1160,0.9362629132871598
1170,0.9413431923105975
1180,0.9419980862308688
1190,0.9365562451628725
1200,0.9415906234055420
1210,0.9470256533766706
1220,0.9467361653448650
1230,0.9548867998729051
1240,0.9654256292774935
1250,0.9629882642328959
1260,0.9643615283694191
1270,0.9663329629730761
1280,0.9634327546286685
1290,0.9699408092743910
1300,0.9692899282323821
1310,0.9697347115918333
1320,0.9664143951292944
1330,0.9674944086352082
1340,0.9763841795222512
1350,0.9703593257776255
1360,0.9805105076850446
1370,0.9800155528015654
1380,0.9756183683417941
1390,0.9854778890525095
1400,0.9882746085407219
1410,0.9793966428814334
1420,0.9850256913141016
1430,0.9877883029276472
1440,0.9872285522446078
1450,0.9866317150955483
1460,0.9964092142736828
1470,0.9966365679504978
1480,0.9966240119350172
1490,0.9983849225238115
1500,0.9931838647609892
1510,0.9897758497379107
1520,0.9915082267434477
1530,0.9853911988466892
1540,0.9920128082054788
1550,0.9878352662932630
1560,0.9810538151147921
1570,0.9863149150505239
1580,0.9845652480263005
1590,0.9759939478862178
1600,0.9726112754772545
1610,0.9687328605501715
1620,0.9736551304613316
1630,0.9696496616926110
1640,0.9662216299293157
1650,0.9624272408964549
1660,0.9647713715360098
1670,0.9609075221346296
1680,0.9607537472790221
1690,0.9714483708134979
1700,0.9663734292572668
1710,0.9640701567040877
1720,0.9651505751737445
1750,0.9475192671062542
1760,0.9568127790343529
1770,0.9474665213916639
1780,0.9502788583366488
1790,0.9523069028794845
1800,0.9546413758350080
1810,0.9496002275519695
1820,0.9519263790852435
1830,0.9486483321025633
1840,0.9544347923641631
1850,0.9677919189851137
1860,0.9869509538287833
1870,0.9869021134994601
1880,0.9819398451913574
1890,0.9822902081957018
2120,0.9965142210238211
2140,0.9996644309533544
2150,0.9930531919535814
2160,0.9946055009965402
2170,0.9921134963832309
2180,0.9998211237061246
2190,1.0000000000000000
2200,0.9963930913356520
2210,0.9909890949523046
2220,0.9885520933802580
2230,0.9952928806948266
2240,0.9962638617242667
2250,0.9901858848488637
2260,0.9925156584000914
2270,0.9960000375332042
2280,0.9920222357649574
2290,0.9918908076939196
2300,0.9894528832905195
2340,0.9956167881314070
2350,0.9966485875164237
2360,0.9961144260003719
2370,0.9886684303479754
2380,0.9955205595937859
2390,0.9910849033797812
2400,0.9887610697685825
2410,0.9956968221068181
2420,0.9946884747264493
2430,0.9900186915251671
2440,0.9910740114684764
2450,0.9912543713382593
2460,0.9924798955257376
2470,0.9927566188937053
2480,0.9925075197431327
2490,0.9865714578872340
2500,0.9851691135940961
2510,0.9816261383105300
2520,0.9850733988547623
2530,0.9742683360168678
2540,0.9595785186662458
2550,0.9462513652976372
2560,0.9372607096802031
2570,0.9369712001058987
2600,0.9366413742068287
2610,0.9393464054215631
2620,0.9501988730209128
2630,0.9509305426963544
2640,0.9634944439733970
2650,0.9685827709702080
2660,0.9630581317413471
2670,0.9698711903581732
2680,0.9682346269263189
2690,0.9715072325055656
2700,0.9653683837958051
2710,0.9724532232324924
2720,0.9716833234811174
2730,0.9697078758607159
2740,0.9654828001394936
2750,0.9765863581191396
2760,0.9725131069146974
2770,0.9768285219331065
2780,0.9834677379725795
2790,0.9831703898355160
2800,0.9819239499568739
2810,0.9821056397152205
2820,0.9870582950344388
2850,0.9973630312271685
2860,0.9943562689241656
2870,0.9885925138477129
2880,0.9978620831438242
2890,0.9909188348597127
2900,0.9906393145219915
2910,0.9872286826168126
3040,0.9678257949929939
3050,0.9616373320244502
3060,0.9678502455188467
3070,0.9676061451247044
3080,0.9687293820781826
3090,0.9652614713735378
3100,0.9643481512741785
3110,0.9704648234704373
3120,0.9745334756605073
3130,0.9753400390201366
3140,0.9578687090032776
3150,0.9502153431996923
3160,0.9540940405900761
3170,0.9537420851067829
3180,0.9550128002778607
3190,0.9584284760606511
3200,0.9503538564627746
3210,0.9563079518742174
3220,0.9561533120861596
3230,0.9539396458153371
3240,0.9574404938975498
3250,0.9791516358117249
3260,0.9907150769059082
3270,0.9922336199050599
3280,0.9911682182522080
3290,0.9888875257408636
3300,0.9858856748343773
3310,0.9877032296755941
3320,0.9857781444968819
3330,0.9875459496368587
3340,0.9863071636117371
3350,0.9945698925691643
3400,0.9951148229364399
3410,0.9952195289412701
3420,0.9952695076992852
3430,0.9930147041245619
3440,0.9922113368984544
3450,0.9978592058705050
3460,0.9981397782373566
3470,0.9980538816164531
3480,0.9884812446302458
3490,0.9913281273022656
3500,0.9888916432011347
3510,0.9880462682976817
3520,0.9921144648671558
3530,0.9978779199689513
3540,0.9990611699223750
3550,0.9968507920031702
3560,0.9913054642701865
3570,0.9957014665883552
3580,0.9985582729422650
3590,0.9882822356325607
3600,0.9879774678794792
3610,0.9928149041951950
3620,0.9943415861525098
3630,0.9948644277647528
3640,0.9918961528538850
3650,0.9969016350298903
3660,0.9983608676106790
3670,0.9893872759154743
3680,0.9992571875343113
3690,0.9985971433312723
3700,0.9999252678885492
3710,0.9910649878221987
3720,0.9986325733547882
3730,0.9951814734072782
3740,0.9989379170354663
3750,0.9909361406724351
3760,0.9944022725066675
3800,0.9908023261703027
3810,0.9889312148037733
3820,0.9884466085659068
3830,0.9928707337962535
3840,0.9899790601116397
3850,0.9951516411398067
3860,0.9929426360154024
3870,0.9965206886303887
3880,0.9963948416263199
3890,0.9961649113079522
3900,0.9922061782752586
3910,0.9924578962573561
3920,0.9940876068312400
3930,0.9766741341522346
4000,0.9390491753673630
4050,0.9721423704735924
4060,0.9721827436310357
4070,0.9664115211000955
4080,0.9624951350435460
4090,0.9717789212880494
4100,0.9629055813241933
4110,0.9660326218622277
4120,0.9629225492222704
4130,0.9615876626771233
4140,0.9689332595141984
4150,0.9725807505068462
4160,0.9687124572336893
4170,0.9793116737608503
4210,0.9845036729134389
4220,0.9823788820858478
4230,0.9947197884540088
4240,0.9924539543311244
4250,0.9960019530839247
4260,0.9911915459388452
4270,0.9899285733600507
4280,0.9911739025660473
4290,0.9888332221630407
4300,0.9922688401426715
4310,0.9935002278760529
4320,0.9841408674124631
