0,0.9922197511228312
10,0.9937143619938448
20,0.9847821140080186
30,0.9928673624182834
40,0.9920196525591078
50,0.9847308983362174
60,0.9858765524084411
70,0.9846731431600927
80,0.9845634462337715
90,0.9833952157115619
100,0.9826517801957306
110,0.9780886561024732
120,0.9803254125073888
130,0.9726153867423311
140,0.9731397434141257
150,0.9737580074280281
160,0.9723766263273838
170,0.9739708239234659
180,0.9533221176113296
190,0.9577123196366325
200,0.9501470034732465
210,0.9570657549323004
220,0.9584608968710705
230,0.9511435708290017
240,0.9552176376208446
250,0.9484034936130100
260,0.9573350808100800
270,0.9525286362794422
280,0.9680673275619709
290,0.9727670607381063
300,0.9688392890558755
310,0.9763084526871900
320,0.9800750385511294
330,0.9799998513080989
340,0.9755397472587501
350,0.9749092529489251
360,0.9753562708080369
370,0.9818913635732783
380,0.9875793522170109
390,0.9851971634058007
400,0.9860958500886268
410,0.9892686463103277
420,0.9882073993581098
430,0.9920535968901546
440,0.9886207340715487
450,0.9963597613285566
460,0.9933837831570983
470,0.9926769963878770
480,0.9965268810188069
490,0.9989557108975423
500,0.9980758054531921
510,0.9900175432544555
520,0.9893394652301793
530,0.9926090377702081
540,0.9963736453645875
550,0.9930379479514700
560,0.9892137819539824
570,0.9935077333094744
610,0.9962201383003267
670,0.9894060164055285
680,0.9788636980557763
690,0.9803412284715146
700,0.9794008942259185
710,0.9793172806000258
720,0.9773774993834434
730,0.9769858306046290
740,0.9770503783470397
750,0.9737655306843236
760,0.9726583461778200
770,0.9809718269662893
780,0.9774541917927418
790,0.9773777459498663
800,0.9683045416531840
810,0.9721685995222916
820,0.9710415516399593
830,0.9723243221499143
840,0.9630444398138994
850,0.9546725219250733
860,0.9417587331307270
870,0.9379577796275753
880,0.9431512808025097
890,0.9388311952622521
900,0.9363364535315899
910,0.9376534313264857
920,0.9448396682637258
930,0.9430930018508326
940,0.9594803446412533
950,0.9713301100158627
960,0.9691709268512874
970,0.9741772630528777
980,0.9713815094986902
990,0.9733697991091986
1000,0.9693066888568109
1010,0.9771964684909019
1020,0.9773445977873976
1030,0.9789682605317154
1040,0.9716842481315877
1050,0.9751880750296937
1060,0.9761595002029815
1070,0.9759794145969410
1080,0.9863383606791395
1090,0.9849575906274615
1100,0.9803175685666421
1110,0.9808804484022713
1120,0.9828123127188961
1130,0.9854512446739592
1140,0.9829649118323148
1150,0.9952140288092581
1160,0.9909998641142114
1170,0.9880360030343670
1180,0.9875198659372555
1190,0.9884647824886577
1200,0.9888127512840679
1210,0.9924751757809118
1220,0.9947081823447629
1230,0.9937262667592146
1240,0.9983057713324736
1250,0.9939750762246183
1260,0.9961911278319016
1270,0.9936700560939214
1280,0.9940309657108104
1290,0.9865279012105882
1300,0.9882240531818910
1310,0.9862402092224870
1320,0.9887755059102910
1330,0.9833762250634607
1340,0.9787021667155607
1350,0.9771702546765350
1360,0.9786288583654654
1370,0.9839528751432068
1380,0.9713205256381994
1390,0.9707403345107166
1400,0.9777663135002245
1410,0.9756567367583900
1420,0.9766166371992169
1430,0.9647818694680098
1440,0.9626728412717862
1450,0.9533897664628110
1460,0.9535789747599540
1470,0.9553778050981238
1480,0.9595177674554141
1490,0.9594149506755282
1540,0.9593900720292016
1550,0.9778832645725881
1560,0.9783502224913907
1570,0.9778898864662732
1580,0.9766128910343885
1590,0.9820854163834077
1600,0.9791987759178614
1610,0.9836569728967032
1620,0.9818133434390806
1630,0.9860323244356647
1640,0.9862338727161152
1650,0.9911849352211682
1660,0.9867247417699038
1670,0.9898358602948979
1680,0.9926118279711339
1690,0.9893510840129632
1800,0.9953088584309103
1810,0.9987047103718804
1820,0.9914015363477660
1830,0.9913112295425724
1840,0.9907304108947894
1850,0.9908097433903830
1860,0.9867057987768296
1870,0.9955110691921473
1880,0.9957709013717213
1890,0.9919326674951938
1900,0.9931305451459725
1910,0.9878381216053261
1920,0.9860556724901380
1930,0.9860712134611983
1940,0.9810643298643370
1950,0.9873182690328796
2020,0.9793090673513783
2030,0.9846265998741751
2040,0.9831313968608519
2050,0.9813995720827628
2060,0.9724275153425154
2070,0.9771882269767989
2080,0.9758884777182879
2090,0.9736607959269789
2100,0.9666818127005433
2110,0.9611107539387757
2120,0.9499512741348013
2130,0.9455511372725779
2140,0.9375842939205646
2150,0.9371700490387569
2160,0.9364397671687631
2170,0.9381976240621942
2180,0.9385593004125556
2190,0.9470899252642008
2200,0.9513813465990677
2210,0.9604250303981300
2220,0.9637426957525933
2230,0.9712055334329407
2240,0.9633670756497712
2250,0.9691616351950454
2260,0.9715218581797215
2270,0.9735524135436530
2280,0.9668292413187916
2290,0.9741047007151155
2300,0.9733946753849112
2310,0.9704313320468200
2320,0.9763515275399256
2330,0.9737481244953273
2340,0.9782968961663596
2350,0.9792495668443257
2360,0.9868528508622493
2370,0.9825457298922750
2380,0.9824266340355988
2390,0.9824312809832800
2400,0.9900914154791117
2410,0.9846786480532953
2420,0.9867028077526212
2430,0.9920261313017154
2440,0.9889854229399663
2450,0.9983628084435424
2670,0.9723632634580661
2680,0.9705234702187746
2690,0.9745610558903445
2700,0.9698466868408944
2710,0.9585409052932958
2720,0.9534386817527641
2730,0.9550936379285667
2780,0.9540973683142453
2790,0.9487927253379435
2800,0.9504920172373245
2810,0.9728670290879666
2820,0.9728919002049005
2830,0.9801558939243484
3150,0.9873451819294746
3160,0.9948205624502338
3170,0.9869736109728369
3180,0.9935266058343465
3190,0.9871499034249794
3200,0.9957488837120383
3210,0.9849619633371739
3220,0.9911046056342656
3230,0.9848015404576778
3240,0.9894122789729473
3250,0.9807866879307978
3260,0.9821500838770251
3270,0.9823117508843361
3280,0.9826408372656968
3290,0.9813846217746524
3300,0.9862505129239191
3310,0.9754199072097217
3320,0.9821651698275390
3330,0.9745758004550075
3340,0.9792722398742990
3350,0.9737664512721239
3360,0.9788373972747039
3370,0.9637154473778757
3380,0.9522452958996315
3390,0.9425032468730690
3410,0.9399332470835343
3420,0.9337534312028768
3430,0.9351973469156341
3440,0.9385937429132881
3450,0.9440073288127232
3460,0.9476923664511877
3470,0.9646671718510201
3480,0.9695842668676750
3490,0.9675715090974386
3500,0.9647136703162656
3510,0.9710213461000461
3520,0.9668054878579095
3530,0.9772774564171528
3540,0.9691479874260643
3550,0.9739155808309471
3560,0.9741048841546965
3570,0.9799546778914933
3580,0.9781404550721109
3590,0.9760719658290454
3600,0.9813133603307235
3610,0.9793347651848163
3620,0.9885088744223113
3630,0.9905732300762229
3640,0.9849612345609334
3650,0.9908101907636998
3660,0.9937421732167020
3670,0.9941374736826556
3680,0.9981833083426577
3690,0.9897620521107954
3700,0.9931531900033791
3710,0.9977157207578139
3720,0.9930902867880669
3730,0.9982338607719848
3740,0.9923311750093409
3750,0.9902623942812478
3760,0.9901254204281749
3770,0.9966478596394276
3780,0.9877708300580786
3790,0.9932833077035322
3800,0.9938514069149444
3810,0.9835442000872644
3820,0.9893825822143141
3830,0.9864873047976732
3840,0.9828800836395893
3850,0.9762802973902767
3860,0.9746851168159847
3950,0.9693842112592140
3960,0.9751742898255323
3970,0.9557277060428098
3980,0.9549417431430197
3990,0.9510176595035073
4040,0.9577205669173781
4050,0.9535982088338325
4110,0.9803619260289230
4120,0.9708520676765746
4150,0.9823399074551475
4160,0.9829574107201945
4170,0.9834768353473138
4180,0.9808156581406765
4190,0.9815378717153611
4200,0.9875385456677082
4210,0.9818221637370855
4220,0.9899896768675940
4230,0.9828537437997302
4240,0.9947054258169565
4250,0.9901199180191549
4260,0.9890018516715963
4270,0.9924442736997920
4280,0.9879192116121143
4290,0.9873251623498966
4300,0.9962091256571850
4310,0.9967158904702124
4320,0.9975314287437373
