0,0.9432750170166467
10,0.9452191021747108
20,0.9585621766459906
30,0.9752472542755349
40,0.9739660933352934
50,0.9778284575954785
60,0.9748054478831049
70,0.9758939602673683
80,0.9764985488805988
90,0.9734085483674613
100,0.9807850597173531
110,0.9801218164715304
140,0.9867830906422133
150,0.9891041765533333
160,0.9846893904266454
170,0.9821378835000190
180,0.9923125774902541
190,0.9847868738117960
200,0.9917070270419812
210,0.9883090731796944
220,0.9967473196936429
230,0.9907194161134087
240,0.9921038884555148
250,0.9906917131212676
260,0.9925044446361007
270,0.9951540143696908
280,0.9887847567574525
290,0.9956671770329779
300,0.9890255516715123
310,0.9909690205963509
320,0.9963157883593052
330,0.9948724001746673
340,0.9932564329579227
350,0.9965940181403466
360,0.9930100883365933
370,0.9954459996713659
380,0.9942048975796778
390,0.9957933474023962
400,0.9855443566900519
410,0.9914034121497096
420,0.9925557447617677
430,0.9905343179629660
440,0.9861068364231041
450,0.9841508975224612
460,0.9893716284586294
470,0.9821701370256890
480,0.9768387034166154
490,0.9769480710696647
500,0.9808359173551985
510,0.9833107333933088
520,0.9729519932342725
530,0.9782456459642905
540,0.9771937919327542
590,0.9782125790315739
600,0.9777698968938306
610,0.9698886110572370
620,0.9711981184459151
630,0.9779612977351317
640,0.9684921474991720
660,0.9567801274482264
670,0.9531273342254180
680,0.9539990244291072
690,0.9524794732767726
700,0.9573362358066851
710,0.9596619842026104
750,0.9614892323722848
760,0.9640019733572208
770,0.9756580699751565
780,0.9767183522814645
790,0.9751490033370460
800,0.9818854564993015
810,0.9783355935102165
820,0.9784657609553855
830,0.9793825890770753
840,0.9862705454129901
850,0.9787679129209342
860,0.9773351703250895
870,0.9831332448912327
880,0.9807428621767239
900,0.9866121659067043
940,0.9833057416533303
950,0.9902908009978011
960,0.9934707629407140
970,0.9922651207293769
980,0.9861673849830566
1030,0.9933611151948722
1040,0.9872100212190968
1050,0.9986319305463099
1060,0.9925090106513735
1070,0.9902009195985751
1080,0.9895388287145276
1090,0.9974741923048278
1100,0.9931836801428949
1110,0.9976237709643045
1120,0.9998750676728613
1130,0.9896262587780077
1140,0.9984663823939959
1150,0.9939292468151123
1160,1.0000000000000000
1170,0.9937226176270708
1180,0.9970961173132684
1190,0.9977010958255914
1200,0.9891253410014088
1210,0.9960068825264601
1220,0.9938454427344946
1230,0.9988452881344407
1240,0.9903070786507868
1250,0.9899214773198488
1260,0.9947671418116434
1270,0.9898601605523091
1280,0.9876421171041576
1290,0.9876514841702592
1300,0.9868048052112366
1310,0.9842297621136881
1320,0.9826661756629869
1330,0.9865097743226563
1340,0.9902472440210166
1350,0.9831033562223372
1360,0.9793051256115154
1370,0.9814174652968647
1380,0.9763756376427466
1390,0.9800165873634157
1400,0.9553875659988988
1410,0.9447192540784322
1420,0.9438127393931839
1430,0.9396956863342724
1440,0.9385623245847344
1450,0.9403560062926650
1460,0.9484692443998884
1470,0.9435162224044132
1480,0.9573544556703064
1490,0.9708870144416738
1500,0.9676951757700438
1510,0.9761194585363229
1520,0.9737963691527595
1740,0.9940405473661876
1750,0.9899552027995675
1760,0.9945865953595444
1770,0.9959855416442144
1780,0.9953721177351961
1790,0.9921460001675393
1800,0.9863706594171573
1810,0.9906478401153798
1820,0.9936286748306390
1830,0.9857509719317342
1840,0.9906348079199339
1850,0.9897652184126368
1860,0.9805796260907655
1870,0.9783286727528802
1880,0.9855030396125370
1890,0.9771903140782163
1900,0.9840566795817834
1910,0.9734438529259686
1920,0.9709629248911559
1930,0.9810813926134827
1940,0.9748262798399656
1950,0.9718405058160523
1960,0.9791310711789425
1970,0.9745327598444210
1980,0.9676471635247796
1990,0.9688304517206833
2000,0.9714555872595912
2010,0.9769114661652719
2060,0.9711354529749445
2070,0.9700393720069592
2080,0.9717234691436577
2090,0.9718628832235056
2100,0.9764371587643303
2110,0.9625522276456370
2120,0.9554258660661408
2130,0.9622172842314541
2140,0.9628531531191414
2150,0.9604807001853450
2160,0.9551377242383429
2170,0.9627384102324938
2180,0.9573835659248855
2190,0.9573815939193528
2200,0.9559550092758204
2210,0.9561727043603042
2220,0.9675074456443737
2230,0.9801426467899472
2240,0.9765681300499763
2250,0.9834357546621655
2260,0.9800634936071455
2270,0.9873814591172305
2280,0.9878337749989149
2290,0.9824848154284295
2300,0.9904663245867216
2310,0.9872956320901302
2320,0.9863017072409036
2330,0.9814111826275268
2340,0.9804902072533754
2350,0.9893032317397386
2360,0.9837571957223454
2370,0.9836642929044105
2380,0.9818229310785304
2390,0.9815193858057625
2400,0.9930342865960538
2410,0.9850701482818263
2420,0.9890880556298897
2430,0.9883698947687709
2440,0.9896869436308298
2450,0.9932973975135011
2460,0.9842500146201787
2470,0.9850411505213172
2480,0.9905454211272388
2490,0.9875656647013991
2500,0.9940571197010283
2510,0.9882015325876204
2520,0.9936176744754067
2530,0.9962422662442080
2540,0.9953293984847327
2550,0.9929195235612682
2560,0.9878186589992455
2570,0.9955704337364198
2580,0.9958453126609310
2590,0.9967057782925368
2600,0.9975594656670729
2610,0.9938291094529460
2620,0.9961887163240662
2630,0.9976778501699078
2640,0.9991726032904001
2650,0.9916108112778746
2660,0.9899953573769669
2670,0.9924863067243040
2680,0.9925548087468973
2690,0.9936533545761874
2700,0.9892734572756997
2710,0.9909373951363371
2720,0.9976450468175442
2730,0.9896637697012844
2740,0.9906704278602848
2750,0.9984198053395377
2760,0.9995702173623475
2770,0.9890776448485672
2780,0.9909482093723472
2790,0.9888271428237571
2800,0.9953207752644337
2810,0.9885064959987918
2820,0.9900600097879229
2830,0.9871364032093346
2840,0.9924966094680993
2850,0.9876490765126940
2860,0.9735696581724325
2870,0.9554639553404047
2880,0.9525280404979903
2890,0.9421887616043514
2900,0.9423034250787748
2910,0.9370571790054528
2920,0.9440198514117289
2930,0.9508264664993453
2940,0.9501214320283368
2950,0.9629923921248275
2960,0.9747744638024517
2970,0.9770130776504747
2990,0.9673320573677054
3000,0.9762352026318868
3010,0.9756447830150509
3020,0.9795005392543484
3030,0.9788000937407986
3040,0.9819067397153084
3050,0.9765400193598304
3060,0.9789674111746581
3070,0.9810241193964320
3080,0.9785230427445075
3090,0.9875017570211183
3100,0.9897825576461805
3110,0.9832934184756553
3120,0.9869750700087510
3130,0.9903106087961453
3140,0.9894586444826470
3150,0.9878949670972953
3160,0.9972713262204377
3170,0.9948774962514915
3180,0.9981347688446790
3190,0.9903880184244817
3200,0.9883578696329436
3210,0.9959327793949379
3220,0.9925653920285173
3230,0.9868227265278652
3240,0.9868445305936576
3250,0.9828070049531870
3260,0.9873403272606244
3270,0.9831165261730408
3280,0.9808499123629274
3290,0.9836847658267688
3300,0.9755250958192389
3310,0.9828114442535703
3320,0.9734467046915672
3330,0.9813114087379734
3340,0.9733128808919491
3380,0.9680439783937775
3390,0.9756149465967282
3400,0.9683765678415798
3410,0.9785833807740447
3430,0.9743956694701499
3440,0.9692586021705550
3450,0.9716730788852357
3460,0.9782611536015500
3470,0.9750447190858026
3480,0.9806856604944287
3490,0.9739767942226282
3500,0.9747955904450271
3510,0.9743359250779347
3520,0.9809460265649648
3530,0.9817183492846706
3540,0.9772500723331643
3560,0.9785137207437181
3570,0.9650875122429415
3580,0.9600470910081648
3590,0.9567577546975666
3600,0.9573432953257482
3610,0.9526790309968085
3620,0.9594366055155399
3630,0.9600224803055196
3640,0.9562560099819709
3670,0.9537834096221884
3680,0.9669277569446132
3690,0.9922245509045606
3700,0.9954924979166558
3710,0.9970177864108188
3720,0.9941408499983051
3730,0.9969890125452556
3740,0.9948997819041288
3750,0.9975552271473381
3760,0.9888179306160702
3770,0.9917363956642848
3780,0.9949253722235282
3790,0.9955744305505621
3800,0.9967984481607656
3810,0.9970685681407641
3820,0.9983152833428967
3830,0.9904504505530149
3840,0.9909387033333362
3850,0.9960169470595204
3860,0.9902784307866395
3870,0.9936661770449751
3880,0.9981246866730126
3890,0.9943926898431575
3900,0.9970830639028108
3910,0.9914347146296958
3920,0.9940775993230656
3930,0.9952868722599766
3940,0.9885655498778535
3950,0.9937567299885064
3960,0.9995116073408237
3970,0.9981975021582763
3980,0.9936629527135300
3990,0.9963691973728096
4000,0.9989332427381734
4010,0.9948598192097082
4020,0.9993360541468623
4030,0.9894223967402633
4040,0.9908896560219258
4050,0.9983478683365452
4060,0.9895503196778243
4080,0.9884729068105148
4090,0.9908662256350221
4100,0.9997516136940027
4110,0.9943852916048367
4120,0.9907403662305857
4130,0.9967832196516335
4140,0.9910225552596592
4150,0.9911312276714949
4160,0.9969009370942410
4170,0.9895635988384204
4180,0.9905236200363341
4190,0.9974418932461588
4200,0.9974359241291140
4210,0.9914085874057689
4220,0.9967123438098803
4230,0.9890584192434525
4240,0.9983864636554195
4250,0.9964995156390837
4260,0.9971585784956777
4270,0.9993541484773814
4280,0.9952008778627029
4290,0.9976551151307084
4300,0.9952775572981760
4310,0.9869260817866019
4320,0.9879136273606907
