10,0.9728817280387184
40,0.9766698518540822
50,0.9700933521272991
60,0.9774371831250299
70,0.9721623522692920
80,0.9754350394545609
90,0.9811521623038265
100,0.9851281255346015
110,0.9770768696723876
120,0.9805131460708213
130,0.9888821624904451
200,0.9956888242315892
210,0.9927557690740302
380,0.9783032316332894
390,0.9871748903170967
400,0.9802031072143357
410,0.9745577261003431
420,0.9752758917391220
430,0.9756577957819550
480,0.9716777615860070
490,0.9643387440743239
500,0.9626976460719552
510,0.9667483990612656
590,0.9448447914398590
600,0.9455305126155922
610,0.9477091890787825
620,0.9505449761941465
630,0.9454653158063495
640,0.9517017995386142
650,0.9465340859188222
660,0.9473346945362651
670,0.9518896160840183
680,0.9437898136986614
690,0.9505444359777958
700,0.9572964387809932
710,0.9669921848136459
720,0.9684996167554065
730,0.9709308769699324
740,0.9753855003701863
750,0.9767917923620724
760,0.9774697088285218
770,0.9769660465161082
780,0.9741568671344282
790,0.9720182509309654
800,0.9725721445792692
810,0.9787070799972929
820,0.9816290858245600
830,0.9742786981468068
840,0.9857259701521807
850,0.9778865844240910
860,0.9777426585820613
870,0.9873538289957168
880,0.9805448601217328
890,0.9896670875744461
900,0.9887294191694889
910,0.9818000414594129
920,0.9831930813767216
930,0.9852375911589321
940,0.9926999158117380
950,0.9919439293045412
960,0.9930734340113005
970,0.9934217637152983
980,0.9851112330421115
990,0.9953344785688112
1000,0.9969275993675903
1010,0.9867217194627310
1020,0.9937740889900789
1030,0.9954039559013266
1040,0.9970657607654412
1050,0.9931491913274186
1060,0.9982442717424009
1070,0.9958797626522519
1080,0.9987648794375530
1090,0.9915749946275039
1100,0.9974888886316474
1110,0.9980613284445883
1120,0.9964333385960324
1130,0.9923903665813495
1140,1.0000000000000000
1150,0.9962158394620265
1160,0.9935518036678789
1170,0.9879112435085744
1180,0.9882033426563929
1190,0.9975242729564281
1210,0.9885385814515146
1220,0.9853194089836727
1230,0.9847421926113493
1240,0.9918284458798862
1250,0.9848413198388886
1260,0.9863607838584576
1270,0.9841353249201760
1280,0.9895578592904034
1290,0.9863996638424664
1300,0.9829137641715850
1310,0.9827367206071860
1320,0.9736328316813735
1330,0.9775704548965751
1340,0.9799907333096544
1350,0.9791175344024916
1360,0.9712792221062759
1370,0.9542137602857600
1380,0.9480819425346058
1390,0.9334854562284114
1400,0.9381775309563410
1410,0.9284120429685291
1420,0.9350426185304561
1430,0.9313262838259900
1440,0.9328968049281439
1450,0.9443394261131682
1460,0.9495936068505377
1470,0.9586059746185973
1480,0.9635832447823303
1570,0.9752372727281372
1580,0.9827192215033683
1590,0.9784537361020008
1600,0.9788666452460622
1610,0.9815951893266750
1620,0.9926252017467302
1630,0.9835963695355131
1640,0.9871520165963688
1660,0.9892573168389854
1670,0.9967390394798130
1680,0.9883906540851383
1820,0.9844429215721104
1830,0.9757765281446784
1840,0.9757137819177361
1850,0.9719652418246448
1860,0.9788714369323039
1870,0.9694216277824311
1880,0.9673786801029425
1890,0.9660450699637505
1900,0.9716432056244385
1910,0.9675134228842845
1920,0.9631197270454769
1930,0.9715762153108299
1940,0.9622191683201990
1950,0.9699173794614171
1960,0.9660567452800898
1970,0.9627729547385632
1980,0.9685491294661441
1990,0.9606267845238670
2000,0.9649337111722672
2010,0.9650672965267982
2020,0.9603055696775816
2030,0.9658712673654648
2040,0.9591089649836581
2050,0.9608373649837643
2060,0.9621566249508253
2070,0.9500530515486384
2080,0.9514714344382957
2090,0.9436842059660736
2100,0.9482919892764645
2110,0.9457635241948376
2120,0.9494950395093323
2130,0.9532904298596742
2140,0.9514810847310086
2150,0.9518907396764509
2160,0.9476532397667218
2170,0.9538383950688893
2180,0.9513858046693948
2190,0.9707932165497610
2200,0.9721066543915181
2210,0.9700907908256925
2220,0.9713475613360554
2230,0.9715036198600527
2240,0.9665499605949511
2250,0.9761154743435185
2260,0.9703004628736748
2270,0.9766837994679171
2280,0.9672838046780453
2290,0.9751285031484179
2300,0.9681064233330275
2310,0.9735492693877151
2320,0.9724725898107580
2330,0.9765742440134477
2340,0.9767005378317544
2350,0.9731566752978636
2360,0.9798179963942082
2370,0.9802824284090353
2380,0.9823050411396047
2390,0.9782300029676444
2400,0.9777962928588698
2410,0.9835680829098903
2420,0.9786942463387531
2430,0.9827718771448505
2440,0.9831904097025581
2450,0.9797598887328686
2460,0.9858436377098218
2470,0.9784220908592978
2480,0.9842634580730114
2490,0.9835607884002281
2500,0.9839696998191879
2510,0.9825391489161157
2520,0.9867682754985306
2530,0.9904352765988347
2540,0.9864109035898457
2550,0.9919272984042478
2560,0.9857847929534365
2580,0.9938034105395885
2590,0.9915094931942693
2600,0.9907249014714488
2610,0.9904637204696072
2620,0.9969629906680032
2630,0.9990546272038822
2640,0.9991230726518081
2650,0.9932546022589932
2660,0.9930723156918975
2670,0.9913126537651696
2680,0.9910872074178344
2690,0.9888508812159279
2700,0.9945080197590461
2710,0.9885278807958177
2720,0.9944512595655540
2730,0.9930477612919384
2740,0.9864813621768647
2750,0.9939179791160009
2760,0.9838040698007026
2770,0.9907169513559740
2780,0.9884626437732165
2790,0.9787359711619745
2800,0.9751145536272815
2810,0.9825345681557347
2820,0.9726102359648265
2840,0.9751821822565941
2850,0.9689919601491894
2860,0.9498384801037493
2880,0.9397383209070399
2890,0.9294839223034840
2900,0.9268289819632619
2910,0.9341325124204511
2920,0.9361180398457514
2930,0.9331356149237204
2940,0.9411944878970155
2950,0.9518318927003534
2960,0.9700556885586106
2970,0.9664773672881106
2980,0.9653869877416023
2990,0.9702447823758857
3000,0.9743985180150767
3010,0.9746963941669249
3020,0.9746427495429728
3030,0.9762418324072372
3040,0.9824661363472470
3050,0.9850002897982499
3060,0.9810353453261452
3070,0.9874154064919860
3080,0.9933875413739026
3090,0.9850658635889811
3100,0.9946487936898329
3110,0.9954132403902277
3140,0.9973855860880593
3150,0.9905413711328195
3160,0.9944402261074086
3170,0.9977078007579639
3180,0.9918278936596335
3190,0.9960862480496449
3200,0.9939139018363293
3210,0.9897001417522092
3220,0.9860934364605907
3230,0.9865514172712423
3240,0.9936162084271397
3250,0.9912300350748484
3260,0.9893856859870704
3270,0.9785861023188079
3280,0.9813478080652680
3290,0.9785267283294063
3300,0.9826867213702289
3310,0.9791998811826625
3320,0.9777737951411585
3330,0.9729000832564956
3340,0.9808040007910505
3350,0.9778279873241263
3360,0.9724301848311627
3370,0.9698358412936476
3380,0.9681541298177230
3390,0.9721541656427009
3400,0.9746182069417406
3410,0.9686751862841665
3440,0.9646452460315645
3450,0.9620694548190376
3490,0.9617551487180395
3500,0.9691103962714607
3510,0.9652869592183476
3520,0.9692094707598561
3530,0.9696544170862754
3540,0.9601983457979684
3550,0.9473506142287744
3560,0.9481894412652637
3570,0.9525427396150228
3580,0.9460207639508597
3590,0.9465238052185804
3600,0.9438176688195146
3610,0.9497765356727584
3620,0.9440724451623662
3630,0.9511553549534685
3640,0.9453137972120215
3650,0.9448744645663986
3660,0.9462447448082412
3670,0.9665089863563199
3680,0.9692783575728126
3690,0.9595516993067142
3710,0.9626070354163522
3720,0.9672966195082475
3730,0.9701536584984707
3740,0.9684497510250064
3750,0.9694661674164786
3810,0.9656272678757115
3820,0.9684473538092747
3830,0.9707386355513673
3840,0.9699930169071765
3850,0.9740068236410075
3970,0.9853357136964677
3980,0.9897933181555918
3990,0.9919661444415552
4000,0.9918552049356121
4010,0.9900863423881010
4020,0.9871430985288803
4030,0.9872068693979578
4040,0.9909726347430795
4050,0.9916161120025329
4060,0.9979366095393679
4070,0.9960268547864495
4080,0.9888675594235100
4090,0.9979686024647715
4100,0.9955375387481555
4110,0.9991479953165010
4120,0.9986113037607282
4130,0.9916020372870200
4140,0.9935568024314398
4150,0.9979274480133346
4160,0.9930723899582982
4170,0.9955570259956941
4180,0.9836427591465302
4190,0.9855698076560075
4200,0.9812368066462912
4210,0.9839875926986258
4220,0.9803883400962787
4230,0.9807075697803264
4240,0.9773764618997837
4250,0.9824498409858228
4260,0.9711174919573550
4270,0.9720343797310311
4280,0.9775506470810090
4290,0.9712724405914062
4300,0.9660302561513057
4310,0.9696558813940686
4320,0.9713257478915909
