0,0.9810971150975512
10,0.9893091753135805
20,0.9816958182455453
30,0.9840428303542736
40,0.9822157141880249
50,0.9873061916640665
60,0.9861333151945803
70,0.9908600427066775
80,0.9944754264174519
90,0.9874730872829143
100,0.9893330636046489
120,0.9871048754506425
130,0.9881161435323470
140,0.9930585461481348
150,0.9956460088501770
160,0.9973233511370867
170,0.9915318352662650
260,0.9957335656870198
270,0.9906205775482338
280,0.9914118080268758
290,0.9895707114787269
300,0.9908522350064406
310,0.9934132937343449
320,0.9910406202855462
610,0.9600456458709160
710,0.9864453224192257
720,0.9895052443833978
730,0.9896408133249703
740,0.9910854664066633
750,0.9973308615781656
760,0.9977080235416204
770,0.9986908234693201
780,0.9914782780254712
790,0.9926947185865573
800,0.9884858068554049
810,0.9968527215908045
820,0.9934841865057505
830,0.9960319845847386
840,0.9975870185839437
850,0.9952707616523552
860,0.9917188656193049
870,1.0000000000000000
880,0.9921575920842129
890,0.9912455730521411
900,0.9896841523808279
910,0.9922627258159760
920,0.9897130206444839
930,0.9911767536706345
940,0.9900687380826776
950,0.9904380107499363
960,0.9971678055716032
970,0.9988334185925342
1020,0.9919807606327588
1030,0.9973637579059954
1040,0.9965353553409515
1050,0.9892940607274759
1060,0.9980397844953017
1070,0.9890817919988842
1080,0.9867741710034830
1090,0.9938386092638810
1100,0.9943171521764190
1110,0.9890010576429342
1120,0.9945072928708617
1130,0.9905174181242290
1140,0.9925691964454093
1150,0.9846503690415080
1160,0.9925864859670408
1170,0.9870608843741452
1180,0.9900811656500111
1190,0.9935595286935200
1200,0.9946386176891248
1210,0.9873160910800756
1220,0.9923256224711627
1230,0.9893937009472814
1240,0.9835886350878080
1250,0.9870194717763896
1260,0.9864933169204432
1330,0.9521979357960336
1340,0.9515823914751103
1350,0.9464639046703350
1360,0.9509157086985893
1370,0.9486552861169054
1380,0.9658528363563392
1390,0.9660923709588791
1400,0.9854564844785350
1410,0.9865712447834466
1420,0.9828920999782426
1430,0.9802067271043948
1440,0.9856929052920440
1450,0.9815271653555642
1510,0.9882340274200533
1520,0.9809637468601553
1530,0.9863643000844646
1540,0.9874248759796338
1550,0.9840082211658464
1560,0.9796806926131242
1570,0.9819307524752924
1580,0.9812398232243855
1610,0.9841005729067518
1620,0.9840085028664726
1630,0.9859550598454482
1640,0.9835949894565916
1650,0.9899500373722536
1660,0.9935514290468150
1670,0.9860905493307965
1680,0.9897288912262651
1690,0.9882584449043740
1700,0.9885609342351649
1710,0.9924491765899869
1720,0.9963931002125801
1730,0.9904225366196082
1740,0.9988724113822466
1750,0.9938040426785875
1760,0.9928131923909826
1770,0.9930258718143801
1780,0.9883362818416264
1790,0.9983984796485272
1800,0.9896898294882749
1810,0.9876960973149924
1820,0.9955731785637300
1910,0.9798557771953532
1920,0.9795296893894446
1940,0.9844000845815469
1950,0.9694387871873427
1960,0.9639999192137129
1970,0.9591843418875385
1980,0.9695555561850373
1990,0.9625202715665311
2000,0.9600880756764814
2010,0.9664339475783249
2020,0.9694649357779641
2030,0.9637791734046958
2040,0.9691789480154491
2050,0.9652363339105593
2060,0.9628281821139590
2070,0.9888915475432086
2080,0.9907601568368849
2090,0.9951347675615447
2100,0.9926263173007387
2110,0.9966355534456955
2120,0.9996778304570368
2130,0.9931471761755187
2140,0.9954067815983276
2150,0.9960306748526812
2160,0.9984265340842885
2170,0.9907849513277857
2180,0.9974427371451189
2190,0.9981192773878388
2200,0.9915503736372625
2210,0.9884246837291379
2220,0.9959186939545903
2230,0.9916142490035731
2240,0.9872081929594718
2250,0.9892312941638760
2260,0.9933977508258200
2270,0.9947212172797910
2280,0.9847113527223600
2290,0.9906666645038008
2300,0.9885426464803146
2310,0.9918156665897608
2320,0.9880080559919796
2330,0.9905549263623746
2340,0.9799975835152813
2350,0.9799905722556299
2510,0.9860626579462890
2520,0.9865545778385004
2530,0.9862462794254838
2540,0.9925787468518622
2550,0.9901406435125758
2560,0.9935345500728799
2630,0.9974949523453950
2640,0.9895336380830192
2650,0.9930023722093200
2660,0.9913074814222173
2670,0.9994840026605131
2680,0.9924364764656559
2690,0.9869276685736270
2700,0.9876710040687412
2860,0.9846142084384036
2870,0.9896592535244534
2880,0.9915827286058306
2890,0.9867981421577291
2900,0.9859340564857192
2910,0.9944984767706110
2920,0.9908505085450416
2930,0.9905679456370666
2940,0.9877375263914682
2950,0.9901597170883137
2960,0.9946034868683928
2970,0.9921604676703201
2980,0.9910758616637704
2990,0.9997833872100413
3000,0.9997732683162454
3010,0.9938704681127698
3020,0.9881052459396735
3150,0.9873451797049313
3160,0.9851124139222741
3170,0.9820007236609104
3180,0.9852771813076885
3190,0.9843088473977253
3200,0.9785623302742311
3210,0.9787210523640754
3220,0.9836815345451447
3230,0.9862507748346948
3240,0.9807142275975088
3250,0.9866117366846635
3260,0.9852515411051235
3270,0.9874691997661387
3280,0.9829964145192704
3290,0.9896914712477820
3300,0.9821625850971006
3310,0.9840707857362812
3350,0.9905076896337861
3360,0.9862563001239527
3370,0.9951973456176042
3440,0.9602767714691146
3450,0.9597692380796287
3460,0.9693417669861774
3470,0.9604856493951138
3480,0.9692714328684749
3490,0.9635210281256237
3500,0.9748244738142394
3510,0.9917123900606435
3520,0.9961217516950326
3530,0.9955569762946311
3540,0.9912321745997131
3550,0.9905422851931958
3560,0.9917684434808008
3570,0.9868472394393125
3580,0.9883449094919945
3590,0.9827401794659213
3620,0.9825936641991523
3630,0.9848524845744309
3640,0.9818877048082106
3650,0.9811491526003002
3660,0.9859557948468346
3670,0.9833434168005615
3680,0.9776768295034279
3800,0.9882909018682006
3810,0.9877946713733199
3820,0.9857870791426789
3830,0.9855698411497884
3840,0.9849939106937418
3850,0.9853844189015538
3860,0.9872239830364318
3870,0.9959059827305788
3880,0.9976572225394867
3890,0.9979337401786723
3900,0.9942439191020732
3910,0.9927550323649595
3920,0.9994102695350017
3930,0.9989243464314703
3940,0.9991877179420224
3950,0.9901205259870508
3960,0.9987761992603729
3970,0.9914465997678675
3980,0.9955344134725082
3990,0.9919475318629530
4000,0.9929994680267398
4010,0.9908568988960468
4020,0.9952292301809064
4030,0.9853883951463230
4040,0.9929359808322782
4050,0.9919516085109933
4060,0.9872612664258777
4170,0.9876742648190145
4180,0.9739074205110013
4320,0.9971937635888022
