130,0.9952486207833275
140,0.9899278181287690
310,0.9730865368542807
320,0.9762789986497840
330,0.9701636913798474
340,0.9599447164770435
350,0.9557564730062962
360,0.9510596250117245
370,0.9440812835944837
380,0.9391851208076550
390,0.9442982476060808
400,0.9468341970677869
410,0.9499987238389953
420,0.9486079257123816
430,0.9514020938520638
520,0.9795675006418187
530,0.9901742422404530
540,0.9830253753125540
550,0.9856091054253237
560,0.9899123082265614
710,0.9954046565615453
720,0.9952366838870362
730,0.9899996551420879
740,0.9934058213034326
750,0.9899270888895905
760,0.9942045297632112
1010,0.9810766734525007
1020,0.9854849493016502
1030,0.9858978884802718
1040,0.9744024896868043
1050,0.9741641069327489
1060,0.9619044562819594
1110,0.9579993606183324
1120,0.9610977790656373
1130,0.9597057612123903
1140,0.9603037034056451
1150,0.9530472314694873
1160,0.9723926105303500
1170,0.9802100693408229
1260,0.9748296377939737
1270,0.9791733703105514
1280,0.9802233262189138
1290,0.9829752128449882
1300,0.9837544214295727
1310,0.9856817189132844
1320,0.9848963991763936
1330,0.9857914368850096
1340,0.9889732852495307
1350,0.9841804932416139
1360,0.9923456648904900
1410,0.9879476821222387
1420,0.9981224244195582
1430,1.0000000000000000
1440,0.9952960243931044
1450,0.9992606500671061
1460,0.9980750596837653
1470,0.9947277523509956
1480,0.9882216098991807
1490,0.9892536805128770
1500,0.9936710143398571
1510,0.9859307817384750
1520,0.9905533923982258
1530,0.9892154531537600
1540,0.9815137974399941
1550,0.9844549160465090
1560,0.9787549549862736
1570,0.9772476806658406
1580,0.9798913572705290
1590,0.9767122136177478
1600,0.9764220316539675
1610,0.9740562280383706
1620,0.9760891329483616
1630,0.9718596481897128
1790,0.9837467718105015
1800,0.9848920943556668
1810,0.9900851697189048
1820,0.9934183546778197
1830,0.9967635631762739
1840,0.9968654686753811
1850,0.9911452685626596
1860,0.9915122486732328
1870,0.9979533869432800
1880,0.9947464321701793
1890,0.9907054295789331
1900,0.9975256921538624
1910,0.9968224456979452
1920,0.9973415805994681
1930,0.9994153088088581
1940,0.9995432653005044
1950,0.9887684557490298
1960,0.9990939161292752
1970,0.9969978625769238
1980,0.9967745116128900
1990,0.9927478624232696
2000,0.9950828495387626
2010,0.9887889848311929
2020,0.9939028303454871
2030,0.9892377766725181
2040,0.9912444628796070
2050,0.9925763391569955
2060,0.9834182024283541
2070,0.9880940082423602
2530,0.9814485996402983
2540,0.9742951759294183
3220,0.9924282588703441
3350,0.9734369316915041
3360,0.9816104658139160
3680,0.9978685311260271
3690,0.9965087506142208
3700,0.9788244051309990
3710,0.9548754108685572
3720,0.9546934322937265
3730,0.9579306593539084
3740,0.9573937420517094
3750,0.9628811215155350
3760,0.9537831657627225
3770,0.9531190516729491
3780,0.9615928231008692
3790,0.9627931319351908
3800,0.9652879270050240
3810,0.9702576338190471
3820,0.9805908439823546
3830,0.9814942097486297
3840,0.9757796116084004
4020,0.9876645541074538
4030,0.9860912152033375
4040,0.9895372553699509
4050,0.9865020126753503
4060,0.9828555386302837
4070,0.9809982395020662
4080,0.9790935905705314
4090,0.9859166669326078
4100,0.9836306937845615
4110,0.9839018779359782
4120,0.9777731989728399
4130,0.9824808101867737
4140,0.9753897635978117
