0,0.9757408111773420
10,0.9722452362106296
20,0.9798539606780791
30,0.9682892613760777
40,0.9687850901643849
50,0.9647413569015780
60,0.9715734061306324
70,0.9655172010734500
80,0.9614933950476474
90,0.9618369171056481
100,0.9632548248543862
110,0.9536195328274106
120,0.9561474813458671
130,0.9483574866987324
140,0.9555184895332035
150,0.9463367884678252
160,0.9474415469729260
170,0.9504649377369911
180,0.9504333334442803
190,0.9496697548139738
200,0.9518870213657544
210,0.9581033896260600
220,0.9616464387263847
230,0.9618244388629278
240,0.9637577351540737
250,0.9655748882893194
260,0.9668792539237869
270,0.9656049429540124
280,0.9659708320506136
290,0.9708383900483392
300,0.9757069144791066
310,0.9795543971052455
320,0.9828641115521087
330,0.9744947682745521
340,0.9761990108456813
350,0.9775795570028115
360,0.9893894530468268
370,0.9889539479177585
380,0.9829677439735603
390,0.9936162906782954
400,0.9922060392333791
410,0.9879472552296642
420,0.9937380050479839
430,0.9926906105359024
440,0.9883445549897788
450,0.9968133851564542
460,0.9927687849381595
470,0.9921655562825404
480,0.9984116130165067
490,0.9936395677318467
500,0.9891860837661360
510,0.9907791318073915
520,0.9975679224152423
530,0.9891314577718008
540,0.9925886320685517
550,0.9918213994346747
560,0.9965469544116378
570,0.9857572376905828
580,0.9887495272696859
590,0.9874647923261460
600,0.9937375956733230
610,0.9848572080719074
620,0.9831426174471430
630,0.9842630978147261
640,0.9809644241576627
650,0.9770237194041237
660,0.9824709618763244
670,0.9854045286739641
680,0.9753046390593888
690,0.9751575064555055
700,0.9734294308010544
710,0.9772654839908471
720,0.9729167057109620
730,0.9775913133747857
740,0.9684743958261446
750,0.9707260420872973
760,0.9710526863021381
770,0.9721117650687801
780,0.9707012328051661
790,0.9621307466090080
800,0.9688112448414723
810,0.9679945712037971
820,0.9628821440465980
830,0.9662007348387824
840,0.9662300001336762
870,0.9530926333954438
880,0.9454890242594139
890,0.9398008287880822
900,0.9377187194914504
910,0.9340862236476402
920,0.9337026457998181
930,0.9424722565582251
940,0.9330499835740322
950,0.9394481774003086
960,0.9449450988030682
970,0.9409881730407011
980,0.9599650561888071
990,0.9568920566755553
1000,0.9590927972324763
1010,0.9610942508964280
1020,0.9602213717997823
1030,0.9697501082429675
1040,0.9647880791139173
1050,0.9670675437181482
1060,0.9709377615752465
1070,0.9652407311272899
1080,0.9713996166099167
1090,0.9663073248101591
1100,0.9743751333525815
1110,0.9670974593480625
1120,0.9707725171622188
1130,0.9790030593360685
1140,0.9742211976258670
1150,0.9814532339802723
1160,0.9735122488642516
1170,0.9844468497881019
1180,0.9777285664613574
1190,0.9808204953695829
1200,0.9814961639740555
1210,0.9887887974667673
1220,0.9839149339664414
1230,0.9858849738228879
1240,0.9845485081662718
1250,0.9900300261360439
1370,0.9944561904387305
1380,0.9965774512164578
1390,0.9962947368324865
1400,0.9875749265927981
1410,0.9897876902747886
1420,0.9871314058792713
1430,0.9843994224836341
1440,0.9758941966308147
1450,0.9835959685188858
1460,0.9750798324630912
1470,0.9716085656238768
1480,0.9775579087802443
1490,0.9690961781204201
1500,0.9657065866140896
1510,0.9709996083664426
1520,0.9625977075057374
1530,0.9637157982452932
1540,0.9689237796781154
1550,0.9640509547122004
1560,0.9485738559645478
1570,0.9539366551920683
1580,0.9518196011948926
1590,0.9537480972358837
1600,0.9539076553455571
1610,0.9462772483717825
1620,0.9527276835873550
1630,0.9538375183808506
1640,0.9496065972926550
1650,0.9495880544454240
1660,0.9562197609563529
1670,0.9658123388397828
1680,0.9694215580370993
1690,0.9730985447345122
1700,0.9769298132616827
1710,0.9701572966380867
1720,0.9776773689061136
1730,0.9761215317710600
1740,0.9813776349157876
1750,0.9791261359337308
1760,0.9815212907399814
1770,0.9889884486989750
1780,0.9874665819297409
1790,0.9881026287529300
1800,0.9948704183752627
1810,0.9843344880173188
1820,0.9966396764500824
1830,0.9948316900724810
1840,0.9891083054471000
1850,0.9981123924558687
1860,0.9910837777268797
1870,0.9995296509129852
1880,0.9978845466382098
1890,0.9946444191480871
1900,0.9918296079330515
1910,0.9979022213261384
1920,0.9937726392177990
1930,1.0000000000000000
1940,0.9947291515260499
1950,0.9973027811750392
1960,0.9988223318650334
1970,0.9963718973431197
1980,0.9990912012174351
1990,0.9930999499318677
2000,0.9938656097716771
2010,0.9968491681138842
2020,0.9898994572667151
2030,0.9966731869199019
2040,0.9914359787573441
2050,0.9939224280232462
2060,0.9878618235347029
2070,0.9851451702791271
2080,0.9862595064503027
2090,0.9920357355406239
2100,0.9812010946585672
2110,0.9823434475011423
2120,0.9854194321971751
2130,0.9828184055147056
2140,0.9866303710002713
2150,0.9816549658324056
2160,0.9771354337750894
2170,0.9798658641111174
2180,0.9770258567682985
2200,0.9745121002663264
2210,0.9795674137529247
2220,0.9736102279237783
2230,0.9711075181665508
2240,0.9754799669012268
2250,0.9769541267586375
2300,0.9689193871381768
2310,0.9598001801123042
2320,0.9564387097565105
2330,0.9398344250365512
2340,0.9402387339803073
2350,0.9400814571733859
2360,0.9322050546445129
2370,0.9378694080451981
2380,0.9381461947588950
2390,0.9344580867996798
2400,0.9440090636540274
2410,0.9395151636565569
2420,0.9459531511104220
2430,0.9584655413293072
2440,0.9632911021185758
2450,0.9605735612362177
2460,0.9677144105504043
2470,0.9603671946491962
2480,0.9687611149660040
2490,0.9641527914360947
2500,0.9592494245156888
2510,0.9608505328185382
2520,0.9716043403114201
2530,0.9679107615990269
2540,0.9686347857654667
2550,0.9659835124940811
2560,0.9691448550866111
2570,0.9727886416878638
2580,0.9808069832326678
2590,0.9752580661298804
2600,0.9745974281834278
2610,0.9834356259399226
2620,0.9798501665463303
2630,0.9789033707619901
2640,0.9820330843806147
2650,0.9878683506987757
2660,0.9935833024758115
2670,0.9903800405963490
2680,0.9913692453403273
2690,0.9877790896390093
2770,0.9893500238935732
2780,0.9924888424180669
2790,0.9868450342028816
2800,0.9900066899287346
2810,0.9928947166891655
2820,0.9890344743123970
2830,0.9896749602386913
2840,0.9831130305849964
2850,0.9782148739597366
2860,0.9795223405019894
2870,0.9825024490893738
2880,0.9742704428256571
2890,0.9768132229482391
2900,0.9736346552979021
2910,0.9697941587014235
2920,0.9733071933249455
2930,0.9687526093978948
2940,0.9684471498195735
2950,0.9617294839102802
2960,0.9617563592763541
2970,0.9682750559492895
2980,0.9650417171274375
2990,0.9678692268510070
3000,0.9610536873054318
3010,0.9524277651061194
3020,0.9463163212330019
3030,0.9547955001685674
3040,0.9459922564602179
3050,0.9553088047323771
3060,0.9515227765603481
3070,0.9464278879139214
3080,0.9538512190011844
3090,0.9548992742267360
3100,0.9482249678314317
3110,0.9606494429194876
3120,0.9670361705499952
3130,0.9648769540148551
3140,0.9721113132228107
3150,0.9656523548642305
3160,0.9757039458136868
3170,0.9768958292454183
3180,0.9717523050224870
3190,0.9707925347181651
3200,0.9798956984457621
3210,0.9733386313083630
3220,0.9822955449043994
3230,0.9776558424900634
3240,0.9797866282432961
3250,0.9831138049786197
3260,0.9865666942611864
3270,0.9846824750054815
3280,0.9838339654444651
3290,0.9892980677940142
3300,0.9846316847269138
3310,0.9878551231772926
3320,0.9908306164633816
3330,0.9947194214705920
3340,0.9963898335040632
3350,0.9975043473124183
3360,0.9981168758560478
3370,0.9928626905658167
3380,0.9997857907300490
3390,0.9964992805277054
3400,0.9991683289937454
3410,0.9936406267542927
3420,0.9948993320231718
3430,0.9935154287681308
3440,0.9998762067449075
3450,0.9903056199294458
3460,0.9953636130297361
3470,0.9875853779222981
3480,0.9928145694513809
3490,0.9928062607181687
3500,0.9953013717661706
3510,0.9905832883363689
3520,0.9857267488502687
3530,0.9811926003515951
3540,0.9892070872725736
3550,0.9823071800263736
3560,0.9869228571776316
3570,0.9792428182216004
3580,0.9859158810729323
3590,0.9786128987191799
3600,0.9832579882712804
3610,0.9810551351399897
3620,0.9696117726703041
3630,0.9775065272520933
3640,0.9681415948581004
3650,0.9713064929066355
3660,0.9703759251506470
3670,0.9677789494033028
3680,0.9637564666122362
3690,0.9645747910849395
3700,0.9699819325365057
3710,0.9627102095275776
3720,0.9647722858604261
3730,0.9650012214073257
3740,0.9673989528530971
3750,0.9638025280080068
3760,0.9552583192654757
3770,0.9486137658014162
3780,0.9375483657616852
3800,0.9357157835609951
3810,0.9337185594145644
3820,0.9308283645839260
3830,0.9395643940413891
3840,0.9367557811391388
3850,0.9379624072385240
3860,0.9500167588487826
3870,0.9568926493870170
3880,0.9590205322062034
3890,0.9678219932744035
3900,0.9642013616785752
3910,0.9658872338350686
3920,0.9611649660992779
3930,0.9677283130648174
3940,0.9694204396665766
3950,0.9663853054667678
3960,0.9705733437247726
3970,0.9762863766308386
3980,0.9751996925309250
3990,0.9753378622765099
4000,0.9729512749193988
4010,0.9745122075526408
4020,0.9797124283610884
4030,0.9773241446069867
4040,0.9740473236883631
4050,0.9764939998386836
4060,0.9843715894619860
4070,0.9849620824010361
4080,0.9867384881132475
4090,0.9892882651970120
4100,0.9892814125604064
4110,0.9903134901799473
4120,0.9888870954763925
4130,0.9956670227173724
4140,0.9879462661122657
4150,0.9875189358256047
4160,0.9913541334853204
4170,0.9921566452890653
4180,0.9951196231297863
4190,0.9985940924046331
4200,0.9987699192205113
4210,0.9941676505530517
4220,0.9988523958684064
4230,0.9907829135428806
4240,0.9940796825460972
4250,0.9885584827438006
4320,0.9887889649948821
