0,0.9709797097392213
10,0.9689688859985730
20,0.9750632515347967
30,0.9726348696298095
40,0.9815777082265552
50,0.9836756617961492
60,0.9814249225567646
70,0.9825693885548330
80,0.9832007243291910
90,0.9922365762885699
100,0.9847778377412576
110,0.9946843365388223
120,0.9880091380662686
130,0.9961728028979848
140,0.9969954177201262
150,0.9955001273168004
160,0.9916016474795498
170,0.9950102971390620
180,0.9977288936816919
190,0.9980384457653818
200,0.9936781573950690
210,0.9916322163967608
220,0.9980110600848721
290,0.9812974444640660
300,0.9860211963514853
330,0.9745258189835035
450,0.9617720353635186
460,0.9560360744313640
470,0.9639544315048031
480,0.9517432069345145
490,0.9472120022609476
500,0.9509710471877412
510,0.9510481090941671
520,0.9502981102284003
530,0.9440156165381007
540,0.9529235502849344
550,0.9427647145921731
560,0.9528482974562392
570,0.9519118824810124
580,0.9458505694379726
590,0.9543473394416651
600,0.9665622768300370
610,0.9677818206213988
620,0.9704650886257584
630,0.9664684002386107
640,0.9684523353734162
650,0.9737352852321630
660,0.9751198431582903
670,0.9789718621189418
680,0.9758891581326774
690,0.9835284648553703
700,0.9787003774080351
710,0.9841510409039804
720,0.9822227592813952
730,0.9828519704377915
740,0.9855393267325622
750,0.9791612175139702
760,0.9897412188040861
770,0.9848836523533248
780,0.9901731918787755
790,0.9820951046434387
800,0.9822309011895746
810,0.9899359086144461
820,0.9894558618145208
830,0.9939598926929540
840,0.9917566972162569
850,0.9876178462722783
860,0.9969932429510296
870,0.9946749745995672
880,0.9916990733973864
890,0.9947771421864561
900,0.9920808947026180
910,0.9986270403798777
920,0.9995529415779991
930,0.9958841522765322
940,0.9990516233890304
950,0.9891575369616987
960,0.9928092649772522
970,0.9894133688484236
1070,0.9854892596920317
1080,0.9941402125221445
1090,0.9933208545979147
1100,0.9931947614561266
1110,0.9853160223738332
1120,0.9852140124120262
1130,0.9813339688186276
1140,0.9835731620264490
1150,0.9808530472155002
1160,0.9799418943037654
1170,0.9794968832166108
1180,0.9784434246382848
1190,0.9737353523338285
1200,0.9689187435008481
1210,0.9718583984349795
1220,0.9607845921202784
1230,0.9436286581739850
1240,0.9383365189555082
1250,0.9362716146955010
1260,0.9259666130201633
1270,0.9319299320988088
1280,0.9302605749570207
1290,0.9392772485225359
1300,0.9363772313340907
1310,0.9456587547464609
1320,0.9577113463936994
1330,0.9551756505657677
1340,0.9602058570788998
1350,0.9592077980974666
1360,0.9698814261262130
1370,0.9698820072699013
1380,0.9725247935372091
1390,0.9738450556802768
1400,0.9734412451778484
1410,0.9728109638130054
1440,0.9829271554421123
1520,0.9959835367700892
1530,0.9895784003127576
1540,0.9940299484567807
1550,0.9873091983618142
1560,0.9887982444509799
1570,0.9855482506773070
1580,0.9846343583576329
1590,0.9910895257558158
1670,0.9728195599335032
1680,0.9668212758845685
1690,0.9650695427575406
1700,0.9629775069713312
1710,0.9663880450975518
1720,0.9635246669120172
1730,0.9612643340008414
1740,0.9617084533598285
1750,0.9567048382560179
1760,0.9649750437427899
1770,0.9576086966657184
1780,0.9651857923995044
1790,0.9663106264500994
1800,0.9611945437515602
1810,0.9558762275866153
1820,0.9630904429792059
1830,0.9563448741844079
1840,0.9556938818083394
1850,0.9518817857470901
1860,0.9473871431726824
1870,0.9432315053286119
1880,0.9492945724791567
1890,0.9517524965006787
1900,0.9471976755638299
1910,0.9475500685173728
1920,0.9465180882681088
1930,0.9491834733331826
1940,0.9452361617932278
1950,0.9526067622912480
1960,0.9650003309212216
1970,0.9636296265342729
1980,0.9702015146679243
1990,0.9708708569818836
2000,0.9632925375252017
2010,0.9632788614597169
2020,0.9737655518940269
2030,0.9730737516699961
2140,0.9742873483277941
2150,0.9730205798619547
2160,0.9749510660438064
2170,0.9809828006257704
2180,0.9744470152681955
2190,0.9774188105436840
2200,0.9789081735119646
2210,0.9807704969393121
2220,0.9797444588896620
2230,0.9826560187457591
2240,0.9806034293144604
2250,0.9831921783445504
2260,0.9839628260482937
2270,0.9881215639805387
2280,0.9893089747386593
2290,0.9868804230693505
2300,0.9849090163210458
2310,0.9950188837886028
2320,0.9897355443723537
2330,0.9881383224269398
2350,0.9900142669585068
2360,0.9962190289558809
2370,0.9984576100243149
2380,0.9998141375985211
2390,0.9889848616990655
2400,0.9934109067829345
2410,0.9898799586275291
2420,0.9979001547038474
2430,0.9964222420389879
2440,0.9873402172845419
2450,0.9938429047362450
2460,0.9914680730957639
2470,0.9870366745459890
2480,0.9923135514113377
2490,0.9844638299183276
2500,0.9810833581086191
2510,0.9848655678048106
2520,0.9772186246767646
2530,0.9840146853195993
2540,0.9715963371870774
2550,0.9774316364474143
2560,0.9758830261870867
2570,0.9728585829751905
2580,0.9710028615680545
2590,0.9633214030287238
2600,0.9425164114817456
2610,0.9425100402692067
2620,0.9393597773142995
2630,0.9333622234492189
2640,0.9351360761686411
2650,0.9364610997894371
2660,0.9289239919946130
2670,0.9402066118871076
2680,0.9449638031469222
2690,0.9520499516376626
2700,0.9645377284993030
2710,0.9665382149613047
2720,0.9726087988015536
2730,0.9738388750475222
2740,0.9702537464425128
2750,0.9790104644609625
2770,0.9833468518313477
2780,0.9781780167976820
2790,0.9786039831643701
2800,0.9895337546304714
2810,0.9822384497937487
2820,0.9879818964530483
2830,0.9906113340587198
2840,0.9939273582059269
2850,0.9884448993754260
2860,0.9939834999898592
2870,0.9994161192830302
2880,0.9990132465577647
2890,0.9923128794279309
2900,0.9941922217693628
2910,0.9898799280046060
2920,0.9900327902418590
2930,0.9896125970071491
2940,0.9864261052610547
2950,0.9931532748262512
2960,0.9883696159014486
2970,0.9882632652144601
2980,0.9908756569942686
2990,0.9907121907792269
3000,0.9880322590669156
3010,0.9860129254875990
3020,0.9839145827384673
3030,0.9854037589761520
3040,0.9739003844766351
3050,0.9805607039381768
3060,0.9743282959370654
3070,0.9747612621227080
3130,0.9659190830336620
3140,0.9649454703450190
3150,0.9644492937536924
3160,0.9632114331513455
3170,0.9594555595725196
3180,0.9611292316711250
3190,0.9651781114778437
3200,0.9673436539097586
3210,0.9559229306706664
3220,0.9477314181915195
3230,0.9512341070641621
3240,0.9438860234474485
3250,0.9522024674214564
3260,0.9517686490073614
3270,0.9525590612176927
3280,0.9436768553552352
3290,0.9441866688705817
3300,0.9484102544436246
3310,0.9475470412318387
3320,0.9508066969974391
3330,0.9613656012119142
3340,0.9648795390632134
3350,0.9677810908055684
3360,0.9598611014220342
3370,0.9614061182896142
3380,0.9642917240021837
3390,0.9669938414107065
3400,0.9713474448555336
3410,0.9643992934704957
3420,0.9653774934160327
3430,0.9750414238632388
3470,0.9709260133153071
3480,0.9805037328221918
3490,0.9808960920249467
3500,0.9835828262198170
3510,0.9774690455830508
3520,0.9844256441157135
3530,0.9843777608194313
3540,0.9826989272026582
3550,0.9891338479186772
3560,0.9810990606514118
3570,0.9825915081590011
3580,0.9902829248990469
3590,0.9942656627233607
3600,0.9948699814287403
3610,0.9954175425954197
3620,0.9883154327949630
3630,0.9901721806598621
3640,0.9986463378731127
3650,0.9950894321239049
3660,1.0000000000000000
3670,0.9924662749600591
3680,0.9996515237711472
3690,0.9997132718554351
3700,0.9914883559214693
3710,0.9900113209679716
3720,0.9884960978678807
3730,0.9891628781580388
3740,0.9908034337434174
3750,0.9964126758498578
3760,0.9888190770008324
3770,0.9902066720698259
3780,0.9944586644371530
3790,0.9827067001121887
3800,0.9838098232793985
3810,0.9843992000708325
3820,0.9816813641445655
3830,0.9787565684250858
3840,0.9800260744526640
3850,0.9809858475964297
3860,0.9736524349164979
3870,0.9811958453466422
3880,0.9748122057523104
3890,0.9795309491572874
3900,0.9677755968679608
3910,0.9713973486099916
3920,0.9697476495512429
3930,0.9628589912076589
3940,0.9711362184712613
3950,0.9641990198807872
3960,0.9633554834048946
3970,0.9546548395203418
3980,0.9406593840331994
3990,0.9354347043132977
4000,0.9292757604609280
4100,0.9602506985083763
4110,0.9641302555801552
4120,0.9610711420961451
4130,0.9667066542249904
4140,0.9647661716489286
4150,0.9757511802130645
4160,0.9735809724062386
4170,0.9735140355750920
4180,0.9741441611782513
4190,0.9793288655994764
4200,0.9762914401543427
4210,0.9827876697036625
4220,0.9876332310721359
4230,0.9929024713795035
4250,0.9849216586391688
4260,0.9867907599043166
4270,0.9930203729214454
4280,0.9995638603687566
4290,0.9890457152835891
4300,0.9981438292911952
4310,0.9912074943240403
4320,0.9941962480853856
