0,0.9863968715877912
10,0.9921487524238142
20,0.9896772083241835
60,0.9853485969916370
210,0.9528583659089415
220,0.9634249684898171
230,0.9753902617265752
240,0.9807280327536528
250,0.9773505439611344
260,0.9808903649684962
270,0.9841451036985064
280,0.9831610830263423
290,0.9772743500234102
300,0.9872847972872825
310,0.9801785096011691
320,0.9839318055913302
330,0.9806118880489026
340,0.9896522183743057
350,0.9887179295241315
360,0.9891698632818736
370,0.9914703174622705
380,0.9889161269858208
390,0.9932250322661889
400,0.9883609200318563
410,0.9896244259858690
420,0.9990775763889772
430,0.9929873087017471
440,0.9892213878146568
450,0.9993777101467138
460,0.9951909560118147
470,0.9890765706040112
480,0.9924394384147688
490,0.9944333306532640
500,0.9991410590149625
510,0.9901537832182341
520,0.9952979906520678
530,0.9919172730076553
540,0.9869882532653543
550,0.9980189862996378
560,0.9882554839858081
570,0.9888829376162197
580,0.9879298295636333
590,0.9887460169686715
600,0.9909260221807651
610,0.9902242074942934
620,0.9926127163847921
630,0.9898206413984184
640,0.9856850571569115
650,0.9841623528185871
660,0.9894878775795041
700,0.9802335978645581
710,0.9781619665825695
720,0.9753275103301013
730,0.9739298791892423
740,0.9789897589374188
750,0.9738499096482834
760,0.9776667797780061
770,0.9792848799582995
780,0.9768489139164629
790,0.9723343803672319
800,0.9736989986098944
810,0.9742752143397093
820,0.9723057070218335
830,0.9781240315337303
840,0.9659744495273228
850,0.9613136457363151
860,0.9566292445809997
870,0.9644180637437049
940,0.9639494326938636
950,0.9657888744444828
960,0.9774665100906298
970,0.9786114251002226
990,0.9739109577750222
1000,0.9732255878572363
1010,0.9841122986204119
1020,0.9834522299480446
1030,0.9741624792233674
1040,0.9837474655172176
1050,0.9821867135022397
1060,0.9833463550614752
1070,0.9799972086157303
1080,0.9792907084015080
1090,0.9886852320005280
1100,0.9829756653052054
1110,0.9835983482062570
1120,0.9808150089614013
1130,0.9890773686782881
1140,0.9825306126836870
1180,0.9869307799721997
1300,0.9927984901583559
1310,1.0000000000000000
1320,0.9973039456450667
1330,0.9980017086232985
1340,0.9975857213095578
1350,0.9925270355871042
1360,0.9924852992346334
1370,0.9851710293619225
1380,0.9917046221002169
1390,0.9899584926922458
1400,0.9819085432898578
1410,0.9902655577735091
1420,0.9828793416583272
1430,0.9779922030714165
1440,0.9772367608679037
1450,0.9772901015618846
1460,0.9636198707699541
1470,0.9569134683321108
1480,0.9474343147309973
1540,0.9507025078509836
1550,0.9654019222591328
1560,0.9781717190188937
1570,0.9760324797086469
1580,0.9772114062442480
1590,0.9871062866192478
1600,0.9883030077943581
1610,0.9804456464828918
1620,0.9859537806471235
1630,0.9844271450324967
1640,0.9924298307193312
1650,0.9863155423709552
1660,0.9858837418326746
1670,0.9875054454402548
1680,0.9940559529993362
1690,0.9961706647872289
1700,0.9945709041856663
1710,0.9925243550038251
1720,0.9916698491632472
1730,0.9974149850037657
1780,0.9974427923672147
1790,0.9907000006188342
1800,0.9892991873191174
1810,0.9887288716638497
1820,0.9914879585389020
1830,0.9875903552008848
1860,0.9819149217749855
1870,0.9807599932198177
1880,0.9850706493289395
2020,0.9776719173767819
2030,0.9752777535278689
2050,0.9768379906890928
2060,0.9809248962776573
2070,0.9697293588417601
2080,0.9704201430243562
2090,0.9740316199853450
2100,0.9786464500732015
2110,0.9792066039310130
2120,0.9750174806165427
2290,0.9802624579952186
2300,0.9815097167489478
2310,0.9796339333451713
2320,0.9743713227474007
2330,0.9762347418834764
2340,0.9728482824129359
2350,0.9821370465836190
2360,0.9811431699437455
2370,0.9727757785145750
2380,0.9775348360049152
2390,0.9738802488310537
2400,0.9765216983518685
2410,0.9735230242043469
2420,0.9778933345010595
2430,0.9743315833645904
2440,0.9811550531024187
2450,0.9816928481098834
2460,0.9850874441539520
2470,0.9852244321937789
2480,0.9845520003172787
2490,0.9785444257524880
2500,0.9769045770983250
2510,0.9783665156573748
2520,0.9825760204645211
2530,0.9832600681680740
2540,0.9805941741357873
2550,0.9842161617602990
2560,0.9821514121076383
2570,0.9811830124367913
2580,0.9821369623027694
2590,0.9883832117302725
2600,0.9874887910846329
2610,0.9952827848509874
2620,0.9915365776418382
2630,0.9898778111392341
2750,0.9868310752948332
2760,0.9842859609034856
2770,0.9876158563544271
2780,0.9887438320266226
2790,0.9704482453439158
2800,0.9602876567850580
2810,0.9485655036467823
2820,0.9507397541324182
2830,0.9420380736436441
2840,0.9461760681958307
2850,0.9473122164265925
2860,0.9484303211739570
2870,0.9596314572094402
2880,0.9651533092214043
2890,0.9776670858903113
2900,0.9740271731157810
2910,0.9799616905341406
2920,0.9761383029231727
2930,0.9809798654619352
2940,0.9780537417942056
2950,0.9830219606228175
2960,0.9895564765102494
2970,0.9898482587523828
2980,0.9846009665933734
2990,0.9886779558095803
3000,0.9957599292906154
3010,0.9906579067696047
3020,0.9906370295328693
3030,0.9956907972105579
3040,0.9999228202089606
3050,0.9992317031982675
3060,0.9919086891421796
3070,0.9915092060208567
3080,0.9914614424559460
3090,0.9898611443388179
3100,0.9950544107822756
3110,0.9875788031723908
3120,0.9911885898261492
3160,0.9818518535096116
3170,0.9756500288626117
3180,0.9784393066512246
3190,0.9749538645204840
3200,0.9798234648609760
3210,0.9754968075080224
3220,0.9741483053276810
3230,0.9807573822092402
3240,0.9805135848708486
3250,0.9711650134815617
3260,0.9715703479685899
3270,0.9743626071937890
3280,0.9823903108374522
3290,0.9741511077137288
3300,0.9820427727530447
3310,0.9731310028509632
3320,0.9808099676594897
3330,0.9851053407550906
3340,0.9867501750295601
3350,0.9842496895341940
3360,0.9872040898962122
3370,0.9816219720391306
3380,0.9841568765170824
3390,0.9926890850636467
3400,0.9852574828153985
3410,0.9845218915563301
3420,0.9947038067157146
3430,0.9935266831911883
3440,0.9918315198328624
3450,0.9942869282902728
3460,0.9932868266770937
3470,0.9965354418031355
3480,0.9943818019666245
3490,0.9876052886659844
3500,0.9665696533987108
3510,0.9575213023373497
3520,0.9595021003570322
3530,0.9563480376324432
3540,0.9589930281724947
3550,0.9574852745579426
3560,0.9644210614215966
3570,0.9581424103775048
3580,0.9601767211131477
3620,0.9790885349807968
3630,0.9845039702914039
3670,0.9730415083345547
3680,0.9768980159616627
3690,0.9770417407899290
3700,0.9704139449674959
3710,0.9768560352125035
3720,0.9723616416663495
3730,0.9741446901408289
3740,0.9824622632459862
3750,0.9778374393608198
3760,0.9840691182858446
3770,0.9900598972978768
3780,0.9843187101349387
3790,0.9933980332396155
3800,0.9926123598252965
3810,0.9927489689167726
3820,0.9962853900505568
3830,0.9902410956504821
3840,0.9947515512391760
3850,0.9930998475185498
3860,0.9944721651152133
3970,0.9768956184662240
3980,0.9737789981422733
3990,0.9742741125710989
4000,0.9718351160452390
4010,0.9739116184437889
4060,0.9710969315538966
4070,0.9728874553620465
4080,0.9824992461711218
4090,0.9774219535939622
4100,0.9803350070829603
4110,0.9834573520525668
4120,0.9670062760209625
4130,0.9528939481617845
4140,0.9506372703432181
4150,0.9489454002154640
4160,0.9454163616083522
4170,0.9482657155421838
4180,0.9484420646489592
4190,0.9474961181262774
4200,0.9609182592126945
4210,0.9707858521812093
4220,0.9867664798336021
4230,0.9960449496999898
4240,0.9931985593980638
4250,0.9870898470792770
4260,0.9944082943727077
4270,0.9939111884787749
4280,0.9899635527617616
4290,0.9912759855424668
4300,0.9950059723553697
4310,0.9932638763129680
4320,0.9921093192606550
