0,0.9740815721218987
10,0.9746411490076373
20,0.9819928651562483
30,0.9739270739494319
40,0.9822080866930892
50,0.9806359252139792
60,0.9822955373851314
70,0.9849813204262003
80,0.9783918889462646
90,0.9908171513418607
100,0.9852648095298712
110,0.9920000580070832
120,0.9902779433700311
130,0.9940947094078276
140,0.9873888711135840
150,0.9923187221577879
160,0.9903966392191974
170,0.9903896111261054
180,0.9931162481738693
190,0.9975890666145560
200,0.9928391550707947
210,0.9912835223216053
220,0.9943106507019499
230,0.9995118633329916
240,0.9896879181738522
250,1.0000000000000000
260,0.9962124800544694
270,0.9979732114077675
280,0.9924144150593259
290,0.9929479080788374
300,0.9876160157705441
310,0.9880571386241218
320,0.9893586833728166
330,0.9907525640618051
340,0.9915906913835165
350,0.9858233966028032
360,0.9900865422520295
370,0.9875501337806217
380,0.9844949104220531
390,0.9858641461862356
400,0.9808854700887339
410,0.9798555785460702
420,0.9865312597992530
430,0.9836816565602596
440,0.9835568207876265
450,0.9729949315616028
460,0.9768206819065278
470,0.9807690433354220
480,0.9791521824204559
490,0.9701764186482092
500,0.9778716877604680
510,0.9684276564035600
520,0.9720687941599500
530,0.9738920188096543
540,0.9747639787093516
550,0.9592776031075531
560,0.9537733673989353
570,0.9428886676977565
580,0.9534414285744095
590,0.9485703003116566
600,0.9454765060664840
610,0.9470061056826278
620,0.9481088276920454
630,0.9524008100616977
640,0.9532451493036296
670,0.9708716920264917
690,0.9839337542222013
700,0.9735035169037153
710,0.9757119823349915
730,0.9858237183118902
740,0.9793346322259734
750,0.9785101031557009
760,0.9878413677913882
770,0.9823354438479602
780,0.9866220881266700
790,0.9838433066356788
840,0.9908390898983189
850,0.9949221344075332
860,0.9865715272921761
870,0.9963528942710554
880,0.9942850333599798
890,0.9964590492319302
900,0.9942891112849408
910,0.9973701467883027
920,0.9951867687409668
930,0.9978685621527692
940,0.9948580133357027
950,0.9966448499970479
1040,0.9962909743823866
1050,0.9916456458556848
1190,0.9817991399195043
1200,0.9849766919253671
1210,0.9889848058956480
1220,0.9839930872993694
1230,0.9839123359236327
1240,0.9871307818548247
1250,0.9789946367927511
1260,0.9842826040615891
1270,0.9775837870001965
1280,0.9757899749887972
1290,0.9835671750526669
1300,0.9746524484703690
1310,0.9537405227266197
1320,0.9364198044487039
1330,0.9328648532109574
1340,0.9325348279950856
1350,0.9252663842128805
1360,0.9314483415616577
1370,0.9366231416819956
1380,0.9352382588227354
1390,0.9410820312960527
1400,0.9628159475223755
1410,0.9677135224177201
1420,0.9726430581785415
1430,0.9689776034354017
1440,0.9717022153868816
1450,0.9698676831945801
1460,0.9678581889099122
1470,0.9757067353370552
1480,0.9752369761417327
1490,0.9694069603146427
1500,0.9735865386381988
1510,0.9761926543089864
1520,0.9770562918002934
1530,0.9745770364534805
1540,0.9822066258497217
1550,0.9843285884254044
1580,0.9799098068404289
1590,0.9891106507221150
1600,0.9912992980569646
1610,0.9931880733121039
1620,0.9933332442102758
1630,0.9901389824820023
1640,0.9975321270057245
1650,0.9963154577482249
1660,0.9905457991430225
1670,0.9909371941605537
1680,0.9951753476845550
1690,0.9948757106919426
1700,0.9907123720257940
1710,0.9946664871316231
1720,0.9993132506083965
1730,0.9929988051764153
1740,0.9968156391739179
1750,0.9858683906007571
1760,0.9899663378330540
1770,0.9869230731802509
1780,0.9835631131088497
1790,0.9838500273421594
1850,0.9804778172402430
1860,0.9741761053325815
1870,0.9712072907736030
1880,0.9722276025176463
1890,0.9789741180847538
1900,0.9678711457608360
1930,0.9712413033189776
2000,0.9453804561043715
2140,0.9881257766127577
2150,0.9888069682373447
2160,0.9946190579573537
2170,0.9965586769343638
2180,0.9927088112561143
2190,0.9877914423826855
2200,0.9884986210094846
2210,0.9876542238571748
2220,0.9949979031934371
2300,0.9888204612867608
2310,0.9933965274399366
2320,0.9984182995523925
2410,0.9964837076685416
2420,0.9924012531283574
2430,0.9925530791575047
2440,0.9884745460117498
2450,0.9952097416010335
2460,0.9955624613596320
2470,0.9934316531880036
2480,0.9887255826549538
2490,0.9893219310944436
2500,0.9848026246636360
2510,0.9937106623992076
2520,0.9906835329046739
2530,0.9945787029006701
2540,0.9837136503093280
2550,0.9881742606011003
2610,0.9936087120311400
2620,0.9860709222312841
2630,0.9893494520884759
2750,0.9542625517101746
2760,0.9361344776390811
2770,0.9287615552221481
2780,0.9375334119423274
2790,0.9266242272182209
2800,0.9280463401524405
2810,0.9316011265470968
2820,0.9373670251738038
2830,0.9519900493780997
2840,0.9682729451639459
2850,0.9735452094455678
2860,0.9707803489476037
2870,0.9718912195231885
2880,0.9766354590422039
2890,0.9694020920180857
2900,0.9697054956557380
2910,0.9678221685571508
2920,0.9752184305550561
2930,0.9756305993220700
2940,0.9676207973570122
2950,0.9727961182916197
2960,0.9669590867134361
2970,0.9756018667485651
2980,0.9678148434980780
2990,0.9774332846443249
3000,0.9787087440915631
3010,0.9767139911465386
3020,0.9705252474248713
3030,0.9772488565888616
3040,0.9779783698608329
3050,0.9777250058744593
3060,0.9811170939075519
3070,0.9829414124412975
3080,0.9850242207268397
3090,0.9799713650605434
3100,0.9859490801240705
3110,0.9863621752356659
3120,0.9826077634973773
3130,0.9842107143960732
3150,0.9911902701408791
3160,0.9908514654814926
3170,0.9915669734364958
3240,0.9907529426154292
3250,0.9954039592829989
3260,0.9852680056301131
3310,0.9837731338341476
3320,0.9742660852976973
3330,0.9744420324854680
3340,0.9812050257491927
3460,0.9532293020830850
3470,0.9533104360806490
3480,0.9535243296650997
3490,0.9470614220259637
3500,0.9514860678906000
3510,0.9482392441021457
3520,0.9442437776542498
3530,0.9660453702322319
3540,0.9857777418527855
3550,0.9939857234208436
3560,0.9865933729199486
3570,0.9956070728794058
3580,0.9913425482135853
3590,0.9931282270429588
3600,0.9886941122919819
3610,0.9952768230713246
3620,0.9977896702328031
3630,0.9947467080370284
3640,0.9920925472105036
3650,0.9963834726985450
3660,0.9937415729220106
3670,0.9926720716484017
3680,0.9972710015410748
3690,0.9901960251974476
3700,0.9909745306657786
3710,0.9895140974689428
3720,0.9815175552697819
3730,0.9813774504926726
3740,0.9889774321115764
3750,0.9790670219369739
3760,0.9872128284925500
3790,0.9777891233229687
3800,0.9820881067422862
3810,0.9760514149218420
3820,0.9740134019939402
3830,0.9810593587534630
3840,0.9785046372536217
3850,0.9778560342179041
3970,0.9737045140981363
3980,0.9732956659780302
3990,0.9710763713632017
4020,0.9809776001022107
4030,0.9812725565406641
4040,0.9816744299506164
4050,0.9857515308715754
4060,0.9810960897644834
4070,0.9853742698654616
4080,0.9875802058859804
4090,0.9798371187798151
4100,0.9786527709871083
4110,0.9837682974826116
4120,0.9860503399845999
4130,0.9825216151163456
4140,0.9831300199882759
4150,0.9888820468062042
4230,0.9264112257668092
