0,0.9810649343804045
10,0.9736933307132410
20,0.9773954391195172
30,0.9801242950759738
40,0.9710141786753954
50,0.9741124624344096
60,0.9701044603120128
70,0.9708920812588320
80,0.9759916093023554
90,0.9656801384631701
100,0.9634253402534951
110,0.9564365559421067
120,0.9444514431457597
130,0.9455350629882889
140,0.9404216872716101
150,0.9390843783275075
160,0.9363475482556003
170,0.9371811502215480
180,0.9427524656352126
190,0.9499984990858715
520,0.9964648951894763
530,0.9910948838622009
540,0.9904546043947628
550,0.9863104963732000
560,0.9904060109976098
570,0.9893333259909953
580,0.9903302102331593
590,0.9942789229837002
600,0.9887897594161575
610,0.9852516119514279
860,0.9674460979841126
870,0.9724681182884232
900,0.9696811546450755
910,0.9642969562326184
920,0.9655595457415606
930,0.9620393015845010
940,0.9698897108766376
950,0.9620111621955710
960,0.9720951628969573
970,0.9494975838401153
980,0.9494414424487113
990,0.9578094310320615
1000,0.9505180845909795
1010,0.9507122727873227
1020,0.9583601353043379
1030,0.9564010382011876
1040,0.9476337642127518
1050,0.9469894775395987
1060,0.9502536336854254
1070,0.9540716853617048
1080,0.9508119680349273
1090,0.9667514788604212
1100,0.9725692631095497
1110,0.9712360357768000
1140,0.9656556003707365
1150,0.9697708124243831
1160,0.9658019564557122
1170,0.9685230485840156
1340,0.9752975481290430
1350,0.9787620697921113
1360,0.9878213846865125
1370,0.9843727167011824
1380,0.9881034332180364
1490,0.9967431124776338
1500,0.9968776916211189
1510,0.9998968070472540
1520,0.9967045994842035
1530,0.9962492882209102
1540,0.9959185061779555
1550,0.9971164167100948
1560,0.9877165837341293
1570,0.9919472453180136
1580,0.9908145031968972
1590,0.9884048897075585
1600,0.9821917671229479
1610,0.9784009951044540
1620,0.9856664812390182
1660,0.9740198752762735
1670,0.9734908039489850
1830,0.9804806743049564
1850,0.9896622009977779
1880,0.9932348138846686
1890,0.9862160663688884
1900,0.9869049800094556
1910,0.9876385525652713
1920,0.9987530793940378
1930,0.9892380436332887
1940,0.9957584156912722
1950,0.9902877251486588
1960,0.9959792773446547
1970,0.9977832290852600
1980,0.9981685224109856
1990,0.9896525386821672
2000,0.9868821478830845
2010,0.9882553845612072
2020,0.9949015713504491
2030,0.9853347037348239
2040,0.9898622535330254
2050,0.9844310549421387
2060,0.9860386001791320
2070,0.9867930307380550
2080,0.9824191965355081
2090,0.9802507286466132
2100,0.9864786952897888
2110,0.9860072979523209
2120,0.9798759738221889
2130,0.9743187715369361
2140,0.9810412469277020
2150,0.9810481426096385
2160,0.9765631090897194
2170,0.9811625015989768
2180,0.9701814743002998
2190,0.9757878500874676
2200,0.9776392365479988
2210,0.9685780442692741
2220,0.9689522724378382
2230,0.9708705116505906
2240,0.9749126694452371
2250,0.9757990699677729
2260,0.9688334644802632
2270,0.9676347803258734
2280,0.9662171733646089
2290,0.9716851849949839
2300,0.9737902193839260
2310,0.9711187504361830
2320,0.9729519627067492
2330,0.9680002434015923
2380,0.9654572879690990
2390,0.9728033821943626
2400,0.9719891834768786
2410,0.9661294351007905
2420,0.9637286333030083
2430,0.9647901297415952
2440,0.9615831746534452
2450,0.9639869030659232
2460,0.9723227403082362
2470,0.9710109390166549
2480,0.9633728003998450
2490,0.9643514943605147
2500,0.9676456340284740
2510,0.9670810638008724
2520,0.9720090747394072
2530,0.9673361704161446
2540,0.9668127254409099
2550,0.9564204847203562
2560,0.9473652526287630
2570,0.9474979859915887
2580,0.9529527634696088
2590,0.9581233295206029
2600,0.9537640248317881
2610,0.9542685993918816
2620,0.9490314800338268
2630,0.9583081411045536
2640,0.9546970157415663
2650,0.9494386115087228
2660,0.9579795425183096
2670,0.9660272531821219
2680,0.9682854529560389
2690,0.9721200213668533
2700,0.9724444404715833
2710,0.9704010892403608
2720,0.9659252643787628
2730,0.9686303135379066
2740,0.9657356738885245
2750,0.9643048038297155
2760,0.9664357173991522
2770,0.9622768087193236
2780,0.9701774007114665
2790,0.9667340884775220
2800,0.9660812657751479
2810,0.9618380025759667
2820,0.9642313671212135
2830,0.9672850438788525
2840,0.9711674220793354
2850,0.9665164803129641
2860,0.9627456267372381
2870,0.9680483308760932
2880,0.9641096456790735
2890,0.9649953563380186
2900,0.9643960168198354
2910,0.9732908805776177
2920,0.9701232235031932
2930,0.9673829319819047
2940,0.9666924306389405
2950,0.9662973961865547
2960,0.9677837278664827
2970,0.9743619634546481
2980,0.9768952705069628
2990,0.9783755748919464
3040,0.9783057434696961
3050,0.9821573680631064
3060,0.9866228455249330
3070,0.9889704379790718
3080,0.9858286100655806
3090,0.9946038647610200
3100,0.9911900405713503
3110,0.9879205189196651
3120,0.9885934745861931
3130,0.9963152229409651
3140,0.9930132561453308
3150,0.9922541205375600
3160,0.9957999876985020
3170,0.9938011251263623
3180,0.9906841108875206
3230,0.9857861807738922
3240,0.9874038748561090
3250,0.9795131059909938
3260,0.9792451614810397
3270,0.9628831204335734
3280,0.9522386088658880
3290,0.9377271840006371
3300,0.9339641703196342
3310,0.9393442979131621
3320,0.9367955410415379
3330,0.9342227708609775
3340,0.9397636589977303
3350,0.9432227920084747
3360,0.9478720170451695
3370,0.9644446629073581
3380,0.9674983356283057
3390,0.9703195185310516
3470,0.9897642073348835
3480,0.9898921418722310
3490,0.9946687926510647
3500,0.9946260067885221
3510,0.9991626450407172
3520,0.9929061794820431
3530,0.9923092412434191
3540,0.9914545486557930
3550,0.9877547972780866
3560,0.9829400791376733
3710,0.9699933685590321
3720,0.9722209570717425
3730,0.9681676966826963
3740,0.9677594521093379
3750,0.9717239189687583
3760,0.9687679066164527
3770,0.9651185581493117
3780,0.9650905821658742
3790,0.9720589072646825
3800,0.9728703682582226
3810,0.9776727432659249
3820,0.9822180717421184
3830,0.9793824720893186
3840,0.9817274803142022
3850,0.9845559737773498
3860,0.9892342123973394
3870,0.9888482975722211
3880,0.9860447568794003
3890,0.9899365997857664
3940,0.9955270824220059
3950,1.0000000000000000
3960,0.9914839510475618
3970,0.9977111774228392
3980,0.9881153036086043
3990,0.9878302555462891
4000,0.9938838222406681
4010,0.9916160166708551
4020,0.9820068424618467
4030,0.9868949408481400
4040,0.9807391902188062
4050,0.9861979615633150
4060,0.9733652478389094
4070,0.9707698631709417
4080,0.9761418909792687
4090,0.9690090118436075
4100,0.9655399617827959
4110,0.9658440805391705
4120,0.9618120023449004
4130,0.9542153489855443
4140,0.9513111199952340
4150,0.9523050132968068
4160,0.9470560012533397
4170,0.9490998469639829
4180,0.9556386983768999
4190,0.9525359050074655
4200,0.9554263412681318
4210,0.9511565297530582
4220,0.9548608029619398
4240,0.9612511421249375
4250,0.9740877201558908
4260,0.9868832308625923
4270,0.9897414535180894
4280,0.9911723792689060
4290,0.9929426728181684
4300,0.9928690465610908
4310,0.9953483412250638
4320,0.9881426584676472
