0,0.9555217817739540
10,0.9536967653902441
20,0.9527663979848273
30,0.9562420297251626
40,0.9575488636824551
50,0.9633986454905668
60,0.9682513622278570
70,0.9718030650656092
80,0.9738216503491065
110,0.9701152554558996
120,0.9764445185028942
130,0.9802487377978730
160,0.9798560325209170
170,0.9786462229876439
230,0.9866015157330328
240,0.9916095819534726
250,0.9970741765487668
260,0.9873744214819726
270,0.9957240276471416
280,0.9989418247650723
290,0.9933391673127577
300,0.9976206737122705
310,0.9907234398918453
320,0.9923275787139542
330,0.9946397525096217
340,0.9885380914797208
350,0.9892696933753502
360,0.9972222451035749
370,0.9963628184170880
380,0.9969494136909681
390,0.9853793779147190
400,0.9899055967548487
410,0.9910976895145303
420,0.9918080957398985
430,0.9931942969533422
440,0.9856991190046615
450,0.9841038961788315
460,0.9840679238854415
470,0.9859346238260662
480,0.9858869731829869
490,0.9797013251359606
500,0.9783812439216556
510,0.9842623630566102
520,0.9817331806101829
530,0.9815733764098044
540,0.9765498975369277
550,0.9777750877653594
560,0.9738866559332139
570,0.9715325855475012
580,0.9725482054549554
590,0.9729646716996017
600,0.9730479311236526
610,0.9711371047819629
620,0.9710781331767527
630,0.9707510229722058
640,0.9659608918071967
650,0.9737492216497270
660,0.9724136330258718
670,0.9700176722759000
680,0.9718276951765636
690,0.9688233896930644
700,0.9665534502747738
710,0.9731209306940193
720,0.9709773521066937
730,0.9520692155912858
740,0.9557709376378447
750,0.9510691355985306
760,0.9394594193489008
770,0.9393588592411011
780,0.9405110194051072
790,0.9383280570340063
800,0.9438771501019488
810,0.9479513862128817
820,0.9513189059017151
830,0.9516898693345405
840,0.9637705171115413
850,0.9675061069999188
860,0.9711734038666481
940,0.9734193330822883
950,0.9775669584688870
960,0.9840894518116552
970,0.9817348277408560
980,0.9758084682905283
990,0.9804616684481964
1000,0.9849401188665321
1010,0.9810157703290715
1020,0.9847106814169195
1030,0.9803215792838584
1060,0.9879696985994357
1070,0.9872714631382584
1080,0.9824406815676132
1090,0.9826536830460399
1100,0.9863853539206364
1120,0.9877035094500092
1130,0.9917016740126187
1140,0.9826394700065549
1150,0.9873415576116573
1160,0.9905019113477845
1170,0.9833002283223596
1180,0.9947625134980539
1190,0.9839237829799693
1200,0.9928036559483882
1210,0.9882740461375533
1220,0.9944946290782105
1230,0.9912905256309988
1240,0.9961995514352252
1250,0.9960500804129349
1260,0.9869503628647854
1270,0.9886480689072320
1280,0.9945414649206955
1290,0.9899386839525048
1300,0.9896936863817113
1310,0.9923344380787223
1320,0.9913147617551564
1330,0.9987577536207434
1340,0.9949212150259765
1350,0.9947575145185666
1360,0.9958945490094310
1370,0.9993835548163599
1380,0.9928794755326070
1390,0.9882393306480852
1400,0.9980070537282343
1410,0.9970339223939061
1420,0.9909747980437612
1430,0.9851224646859037
1440,0.9859561851636903
1450,0.9894863363236190
1460,0.9891628170389312
1470,0.9864956287381977
1480,0.9825738632344566
1490,0.9861933975963301
1500,0.9830019149208422
1510,0.9787836104192771
1520,0.9755458001106746
1530,0.9588199168649315
1540,0.9564693167865961
1550,0.9514577698597492
1560,0.9562236452604927
1570,0.9588993836487799
1650,0.9738536445056244
1660,0.9770428204321410
1670,0.9708146382481699
1680,0.9758554331253064
1690,0.9723423835361032
1700,0.9755623193226906
1710,0.9828906862025640
1720,0.9789492336489617
1730,0.9824238843725215
1740,0.9873024744483824
1750,0.9850669399293855
1760,0.9889993460165587
1770,0.9936840676631314
1780,0.9871496878018136
1790,0.9892390471139564
1800,0.9992010424934217
1810,0.9882414082616999
1820,0.9900459515709190
1830,0.9963424498670584
1870,0.9888712250054355
1880,0.9879304188548788
1890,0.9891133057695203
1930,0.9816374413840372
1940,0.9815791152402890
1950,0.9779392002873373
1960,0.9790458878223862
1970,0.9837169595784565
1980,0.9808862646588855
1990,0.9814454266593373
2000,0.9804130223879289
2010,0.9705303199818670
2020,0.9755368380368808
2030,0.9751725742570491
2040,0.9771026056754252
2050,0.9670741519226691
2060,0.9709783428170192
2070,0.9646943153149202
2080,0.9732970642936402
2090,0.9736973896336176
2100,0.9732629970687650
2110,0.9719585377168674
2120,0.9690516853160737
2130,0.9675100597246153
2140,0.9647297157384550
2150,0.9723049574797301
2160,0.9728885162072656
2170,0.9641226042401677
2180,0.9718035204648585
2190,0.9701614575961758
2200,0.9684903711623201
2210,0.9654105628079881
2220,0.9748384442151836
2230,0.9716392287184834
2240,0.9698383764284455
2250,0.9756574150740182
2260,0.9675341532944726
2270,0.9754696409215406
2280,0.9710131312426549
2290,0.9718653614397995
2300,0.9600329274289777
2310,0.9550391120769596
2320,0.9487142930349670
2330,0.9483336520783399
2340,0.9457155513470534
2350,0.9362654484812595
2360,0.9366604305755041
2370,0.9413907509782237
2380,0.9448637601249416
2390,0.9430785418680327
2400,0.9479328465022814
2410,0.9567670568136130
2420,0.9733145888613658
2430,0.9750027174464952
2440,0.9770188637178083
2450,0.9702586955281850
2460,0.9783432379412184
2470,0.9792735967046661
2480,0.9716418109195669
2490,0.9706779305171922
2500,0.9756504879890218
2510,0.9686650409012352
2520,0.9775993529312140
2530,0.9734243117772106
2540,0.9795205348715311
2550,0.9706561090749870
2560,0.9699799571456734
2570,0.9748010437390355
2580,0.9703473029006234
2590,0.9701940594750640
2600,0.9804841760801248
2610,0.9694886233056741
2620,0.9752111214162470
2630,0.9796843288030052
2640,0.9780989222727138
2650,0.9773947379207786
2660,0.9774530702020856
2670,0.9731742126093141
2680,0.9812696977093650
2690,0.9760552635346678
2700,0.9798939920708668
2710,0.9747407607575254
2720,0.9790575212230618
2730,0.9748675739279311
2740,0.9737784147582882
2750,0.9759963230533170
2760,0.9833127435228824
2770,0.9834227135219702
2830,0.9892507243558752
2860,0.9863677971292013
2930,0.9874738193282964
2940,0.9877576639055503
2950,0.9933629836303749
2960,0.9929076392729023
2970,0.9985390965830093
2980,1.0000000000000000
2990,0.9914168119559342
3000,0.9954853157048295
3010,0.9886483004758739
3020,0.9972367981582880
3030,0.9890385393646016
3040,0.9963390471993581
3050,0.9938711152850684
3060,0.9927474738748739
3070,0.9847703886932719
3080,0.9819198408892790
3090,0.9840417671843731
3100,0.9649486477119761
3110,0.9538017968962135
3120,0.9536256601779468
3130,0.9512504731247340
3140,0.9570927937840564
3150,0.9562008209131622
3160,0.9530984728092436
3170,0.9615594338082318
3180,0.9561774954845503
3190,0.9618280981508298
3200,0.9675912644798856
3210,0.9642938105701181
3220,0.9702729684628019
3230,0.9740327921306784
3240,0.9693979051411665
3250,0.9811528778778753
3260,0.9794678103785750
3270,0.9795752260223350
3280,0.9792517564058956
3290,0.9805809438826613
3300,0.9902702836846313
3310,0.9846402364471838
3320,0.9964142951919306
3330,0.9924621790393457
3340,0.9916860866870335
3350,0.9980403801352952
3360,0.9967569867241021
3370,0.9936714446073082
3380,0.9974048854684783
3390,0.9913528709330558
3400,0.9919423309929619
3410,0.9910365200922387
3420,0.9872766186257803
3430,0.9864997345738825
3440,0.9888249514498144
3450,0.9838028017081293
3460,0.9867054793290974
3470,0.9833428300280684
3480,0.9801946402490409
3490,0.9772388810834753
3500,0.9725966250878054
3510,0.9717286616730816
3520,0.9718036693234517
3530,0.9703009896310092
3540,0.9704384449636810
3550,0.9658399670047674
3560,0.9681538117012621
3570,0.9725984333970662
3580,0.9633796355037161
3590,0.9654137260252332
3600,0.9699950441620698
3610,0.9661753871825646
3620,0.9650741139469602
3630,0.9727988591393368
3640,0.9646564079003710
3650,0.9727652612003690
3660,0.9741559490962547
3720,0.9779131106042728
3730,0.9791390284250348
3740,0.9796626812934681
3750,0.9766680241348837
3760,0.9772906199578646
3770,0.9788097316060883
3780,0.9781346555471877
3790,0.9790323808704882
3800,0.9764639212177929
3810,0.9846716716186462
3820,0.9810368210570455
3830,0.9794246843446646
3840,0.9838238693736970
3850,0.9838683361553615
3860,0.9774506067914102
3870,0.9685819390506889
3880,0.9565249620214319
3890,0.9531201669271417
3900,0.9450290212703621
3930,0.9402134444555009
3940,0.9398432487225742
3950,0.9405969268745958
3960,0.9445920269040983
3970,0.9541339068129717
3980,0.9646485883460996
3990,0.9797339866870528
4000,0.9899411741790175
4010,0.9950584435203524
4020,0.9965935590730451
4030,0.9865443636808954
4040,0.9904465598190116
4050,0.9860741851765683
4060,0.9919764278407778
4070,0.9959299338065990
4080,0.9962514247553805
4090,0.9923676724145791
4100,0.9894334108602422
4110,0.9914295716623608
4120,0.9914588044159168
4130,0.9959537643041031
4140,0.9971734660358069
4150,0.9923755513719732
4160,0.9913644441213102
4170,0.9916182674411681
4180,0.9933502099999227
4190,0.9904552840506576
4200,0.9895254245154086
4210,0.9858736568019053
4220,0.9877983968631638
4230,0.9949735889479121
4240,0.9937530635904015
4250,0.9870827983958859
4260,0.9876130588934401
4270,0.9931217994375383
4280,0.9880389450264050
4290,0.9859260768320657
4300,0.9925687651987817
4310,0.9941803148536286
4320,0.9889449022823572
