70,0.9634368410618808
80,0.9539951571536092
90,0.9480772236630015
100,0.9290123094488324
110,0.9240243702276617
120,0.9239070399453627
130,0.9223368871277834
140,0.9274277459911139
150,0.9233005580045668
160,0.9189226657699492
170,0.9278575165434293
180,0.9362689757840589
190,0.9488098504315734
200,0.9613901801856313
210,0.9612962030610114
220,0.9604833342397935
230,0.9637896432481542
240,0.9662033171455029
250,0.9643066999766761
260,0.9700388098858314
270,0.9633977353462059
280,0.9769558522812255
290,0.9701171361241858
300,0.9757472400241926
310,0.9726629255904692
320,0.9828971589523022
330,0.9885031537590245
370,0.9904437012488490
380,0.9902679676775398
390,0.9886417594590046
400,0.9887505132988580
410,0.9992258059452941
420,0.9955582980189902
430,0.9961027611551666
440,0.9900684765454641
450,0.9900180576832965
460,0.9999895244731803
470,0.9978538544124393
480,0.9912868518126789
490,0.9938603343356850
500,0.9874663985832445
510,0.9940832305550383
520,0.9872226634362262
530,0.9871037968072114
540,0.9883434701192444
550,0.9886595194029986
560,0.9845988415011876
570,0.9809441980912138
580,0.9771909507322259
590,0.9728363945494087
600,0.9748709542672108
610,0.9791908177548670
620,0.9763499110109590
630,0.9749591329443543
640,0.9664070422526446
650,0.9729333027122218
660,0.9629703513182016
670,0.9609808364296870
680,0.9583294292147650
690,0.9657165957130408
700,0.9575654038099339
710,0.9572523383700486
720,0.9607738978676817
730,0.9535489246173990
740,0.9623169093498838
750,0.9544908448885566
760,0.9528472486634193
770,0.9559204196204846
780,0.9510070551900843
790,0.9417849909817217
800,0.9393914377759284
810,0.9341168684877663
820,0.9431427464993711
830,0.9377080173962773
840,0.9350840968547406
860,0.9339237030912710
870,0.9398507170855730
880,0.9327474411155744
890,0.9362838416578931
900,0.9499311550846243
910,0.9535366236664438
920,0.9596407550350267
930,0.9551679247801474
940,0.9584251631438050
950,0.9534667677718212
960,0.9553334696341886
970,0.9576921050721456
980,0.9628969210216256
990,0.9652517604339187
1000,0.9568500668780043
1010,0.9671232328964334
1020,0.9655562528647132
1030,0.9653976471387254
1040,0.9678052403968711
1050,0.9722800344681480
1060,0.9730520151843512
1070,0.9790178957886605
1080,0.9724805440218759
1090,0.9766673324091292
1100,0.9794919299262020
1110,0.9791486693808965
1120,0.9799001440865580
1130,0.9807780084888605
1140,0.9873906408139841
1180,0.9956663234265960
1190,0.9931105844937839
1200,0.9985559816250178
1210,0.9895329247038744
1220,0.9996280591786169
1230,0.9949616518966691
1240,0.9969090110726521
1250,0.9893779876871877
1260,0.9898577892775412
1270,0.9857036432911617
1280,0.9854951684717086
1290,0.9860009519913990
1300,0.9857835839069583
1310,0.9771580699595486
1320,0.9725668805773664
1330,0.9700032681935917
1340,0.9686403980614831
1350,0.9623424992958713
1360,0.9701684831564465
1400,0.9587269314038250
1410,0.9538335530645009
1450,0.9238113986383855
1460,0.9159751544652649
1470,0.9176349591121309
1480,0.9182042274985075
1490,0.9221758588880363
1500,0.9339412567104212
1510,0.9542783545166119
1520,0.9648198691491690
1530,0.9657500204037932
1540,0.9708550053805239
1550,0.9710747017944896
1560,0.9726482817573761
1570,0.9730371278398527
1580,0.9761624354811205
1590,0.9799664731648713
1600,0.9818314734459510
1610,0.9807586510149974
1620,0.9865791466943094
1630,0.9838841124564492
1640,0.9914395667653118
1650,0.9918296597050058
1660,0.9917265602451368
1670,0.9908782833296710
1680,0.9966800610745170
1690,0.9895300902222264
1700,0.9933926780414956
1710,0.9908209417472710
1720,0.9968711524968709
1730,0.9997379710583344
1740,0.9975303743871049
1750,0.9910437855386003
1760,0.9991706407331498
1770,0.9917467933304076
1780,0.9985168354796596
1790,0.9933990768170571
1800,0.9907112611098235
1810,0.9961983422017644
1820,0.9901101626575668
1830,0.9957340126388853
1840,0.9924829056985928
1850,0.9893452903538482
1860,0.9907655380773677
1870,0.9884133328639914
1880,0.9911425012948506
1890,0.9889725339457972
1900,0.9797221321159117
1910,0.9788878656032484
1920,0.9771039629842604
1930,0.9820578798157807
1940,0.9814553761216733
1950,0.9834743680120004
1960,0.9753996009101087
1970,0.9779885997820904
1980,0.9792106303745187
1990,0.9758615009111968
2000,0.9708654663058809
2010,0.9693426322428985
2020,0.9748266877532050
2030,0.9644122705818758
2040,0.9615920520340953
2050,0.9655265936638587
2060,0.9646942418688965
2070,0.9599065330955672
2080,0.9591006455715343
2090,0.9654246614454846
2100,0.9601050782678466
2110,0.9397506519399667
2120,0.9356887881959813
2130,0.9331294713137173
2140,0.9390903628296496
2150,0.9361600690357060
2160,0.9343178601379810
2170,0.9369342025983483
2180,0.9424819131987793
2220,0.9556295772895124
2230,0.9530251239366210
2240,0.9506526465278080
2250,0.9507627267285430
2260,0.9481972471805483
2270,0.9537631326748437
2280,0.9533563026106723
2290,0.9607256183974878
2300,0.9584103377229002
2310,0.9568065584778513
2320,0.9567741382727007
2340,0.9688416604120030
2350,0.9701879156312526
2370,0.9772585546946310
2380,0.9712482202372148
2390,0.9760953823574667
2400,0.9812628236539964
2410,0.9821810468232217
2420,0.9819782091966985
2430,0.9926640285313665
2440,0.9923824146777971
2450,0.9931922150650430
2460,0.9889157213096726
2470,0.9914210429900024
2480,0.9935343114586124
2490,0.9937565306937908
2500,0.9911927565631447
2510,0.9998325472178424
2520,0.9899993737255058
2530,0.9947437285415098
2540,0.9949210533590344
2550,0.9936770176929710
2560,0.9847744228367546
2570,0.9898850937394201
2580,0.9798226953163717
2590,0.9781442997909838
2600,0.9793854061679220
2610,0.9830224637302851
2620,0.9802205869233318
2630,0.9760997125750821
2640,0.9742350564598691
2650,0.9676277227515616
2660,0.9676437882887470
2670,0.9670362863431778
2680,0.9554891088193205
2690,0.9618980017313646
2700,0.9566095919949285
2710,0.9551498756584490
2720,0.9549819204550096
2730,0.9510357960393229
2740,0.9367136595814031
2750,0.9291053148326636
2760,0.9238779933265112
2770,0.9252536562747673
2780,0.9217025438802188
2790,0.9221188000688637
2800,0.9181809312265704
2810,0.9294754819996989
2820,0.9292223536232392
2830,0.9424752577213119
2840,0.9603502101996372
2850,0.9637343580437807
2860,0.9593778429383879
2870,0.9646045723704665
2880,0.9688746155118685
2890,0.9652968081399014
2910,0.9743148149259092
2920,0.9768497866733076
2930,0.9765965979692117
2940,0.9737355323313525
2950,0.9774540110675708
2960,0.9786320653633854
2970,0.9815459249305787
2980,0.9795974396338145
2990,0.9799258869684150
3000,0.9816777555264877
3010,0.9924678464985452
3020,0.9926349664807662
3030,0.9892913901808085
3040,0.9963213890755415
3050,0.9864932856896934
3060,0.9921304054778185
3070,0.9979300841450580
3080,0.9892647377202761
3090,0.9888401007276453
3100,1.0000000000000000
3110,0.9899000861641508
3120,0.9895176400411987
3130,0.9940950890022388
3140,0.9892647892300402
3150,0.9881983357610590
3160,0.9870922349665002
3170,0.9932916762296750
3180,0.9925475831317113
3200,0.9881072935131667
3210,0.9812997575435602
3220,0.9839093151112428
3230,0.9816200679190672
3240,0.9803721180108285
3250,0.9754498427946906
3260,0.9793560140782639
3270,0.9695421943645975
3280,0.9740561855839386
3290,0.9684456210065853
3300,0.9671681664463720
3310,0.9640296673661963
3320,0.9659985446319074
3330,0.9609620601090457
3340,0.9608685098229290
3350,0.9561607468461489
3360,0.9584287810221896
3370,0.9606545852554272
3380,0.9533436788442413
3390,0.9606593640033074
3400,0.9524106254992216
3410,0.9594312053928659
3420,0.9460394877207863
3430,0.9357977284085915
3440,0.9391514697091107
3450,0.9408303780709909
3460,0.9410899230863439
3470,0.9405214067089850
3480,0.9435680555019341
3490,0.9367329784447870
3500,0.9429288668777486
3510,0.9387240495591020
3520,0.9356546716364168
3530,0.9339062312003412
3540,0.9552652591839221
3550,0.9533730003078742
3560,0.9590837255536485
3570,0.9604759499572496
3580,0.9545773286165058
3590,0.9561191528933534
3600,0.9586021481933248
3610,0.9685339001966625
3620,0.9689993040310937
3630,0.9622483220994605
3640,0.9726298832562416
3650,0.9747403144430118
3660,0.9706234661454252
3670,0.9768654331660649
3680,0.9723649505741854
3690,0.9728028850208943
3700,0.9800574662326891
3760,0.9817094605188000
3770,0.9921955118763607
3780,0.9867010334935847
3790,0.9885859841791117
3800,0.9903537022204528
3810,0.9877956069432617
3820,0.9894939440774747
3830,0.9905339326237130
3840,0.9896306119241804
3850,0.9899363714585049
3860,0.9920291887549090
3870,0.9885336911919526
3880,0.9902520386265244
3890,0.9889582764542614
3900,0.9955601503174337
3910,0.9864823068447141
3920,0.9935074092140205
3930,0.9925765839355645
3940,0.9803748433894803
3950,0.9771777261090225
3960,0.9810840518158880
3970,0.9735682680666926
3980,0.9734920299229664
3990,0.9720357200994768
4000,0.9699196779470687
4010,0.9653014730370879
4020,0.9598249698872544
4030,0.9575706224300854
4040,0.9553407242227544
4050,0.9545382680698651
4060,0.9505430058866966
4070,0.9360245553460657
4080,0.9307321077757716
4090,0.9174309479573571
4100,0.9240176237638310
4110,0.9258154586024629
4120,0.9235835226895407
4130,0.9279589090899594
4140,0.9326239147051366
4150,0.9400972328708811
4160,0.9595564100876873
4170,0.9636243393992014
4180,0.9631934562173331
4190,0.9654832779885595
4200,0.9636553422270734
4210,0.9721827846701133
4220,0.9698213506416026
4230,0.9711612169907725
4240,0.9806823475221349
4250,0.9790690106574363
4260,0.9794634808659417
4270,0.9800982924625224
4280,0.9889485884200780
4290,0.9850686724956682
4300,0.9884104242852939
4310,0.9884542404152165
4320,0.9954900168326395
