0,0.9850856504307375
10,0.9830897013900889
20,0.9852059325957518
30,0.9817215761204073
40,0.9876625528186140
50,0.9930194319826446
60,0.9875412888709488
70,0.9881665403345540
80,0.9870938120130219
90,0.9964088644242988
100,0.9902873597600242
110,0.9971168577587735
120,0.9976707841829284
130,0.9912348218025893
140,0.9979322610653563
150,0.9957569303748293
160,0.9905960646226787
170,0.9886829231843990
180,0.9959630711565128
190,0.9900999599602011
200,0.9880797485455340
210,0.9887114911978828
220,0.9940578239444963
230,0.9865646465439257
240,0.9889378827193476
250,0.9925400251968231
260,0.9846505864042397
270,0.9815717227289581
280,0.9906094813419163
290,0.9896916909118352
300,0.9881510745189962
310,0.9853837312095198
320,0.9847008825509432
330,0.9751574256785422
340,0.9808674955842522
350,0.9719672775314976
360,0.9712591946436132
370,0.9802949393520940
380,0.9800660947414198
390,0.9736558580725027
400,0.9781809275297587
410,0.9776548651062422
420,0.9703687213040537
430,0.9697814992993077
440,0.9678276324968017
450,0.9582430319049184
460,0.9568353542701706
470,0.9514444555824503
480,0.9546638846871934
490,0.9605192492688355
500,0.9541888436247650
510,0.9506760070554445
520,0.9553593084114096
530,0.9611069189052801
540,0.9549520427138258
550,0.9533986677801419
560,0.9717968099357739
570,0.9831193177876227
580,0.9824995202254982
590,0.9777714424039331
600,0.9829831492823987
610,0.9883204454775707
620,0.9870970018068198
630,0.9882034923066599
640,0.9881533679431223
650,0.9816198413972602
660,0.9874732506404181
670,0.9887907912485184
680,0.9938255364457116
690,0.9886330376844041
700,0.9839448858196251
710,0.9907344094963675
720,0.9922461517214712
730,0.9923906112014159
740,0.9945054265186712
750,0.9928309510835498
760,0.9893986244883186
770,0.9951894610997698
780,0.9915343504356589
790,0.9915362359425196
800,0.9953557233839518
810,0.9985723561719988
820,0.9959665331211895
830,0.9896211902419301
840,0.9890976189951310
850,0.9996648050952153
860,0.9988361558192613
870,0.9922534570094913
880,0.9924942143162629
890,0.9984121825917865
900,0.9922312805574753
910,0.9968761878812726
920,0.9926971385435315
930,0.9926174458863054
940,0.9917153766984883
950,0.9901575601914212
960,0.9967679867493453
970,0.9968251997277354
980,0.9944759127065692
990,0.9952036172270847
1000,0.9935237436536273
1010,0.9880045378696800
1020,0.9896072887511672
1030,0.9904512205203104
1040,0.9969860156972123
1050,0.9884563221437670
1060,0.9930794828777326
1070,0.9880652162369640
1080,0.9954624875289968
1090,0.9879449204521297
1100,0.9933506763453973
1110,0.9950102187980662
1120,0.9902231478680575
1130,0.9884385015272867
1140,0.9881140276101743
1240,0.9809117228644273
1260,0.9465141062471298
1270,0.9387436672922641
1280,0.9455664550724679
1290,0.9348810610168995
1300,0.9427977105007465
1310,0.9468112386276338
1320,0.9422106959095408
1330,0.9570200064853330
1340,0.9737643758553047
1350,0.9782020633780376
1360,0.9733682454043759
1570,0.9962448098166727
1580,0.9969432951686645
1590,0.9931962620923970
1600,0.9929229534490333
1610,0.9953103024498122
1620,0.9926783452212029
1630,0.9974935955466996
1640,0.9880525670011373
1650,0.9907755406039941
1660,0.9858301355496096
1670,0.9858328197161509
1680,0.9844422489413923
1690,0.9868777342030431
1700,0.9832074330927431
1710,0.9776724245132605
1720,0.9790057136515588
1730,0.9742008017008776
1740,0.9735735727981456
1750,0.9718284764484753
1760,0.9757600911377267
1770,0.9766245188368586
1780,0.9754089212643278
1790,0.9675690495028347
1800,0.9774628779440722
1810,0.9681710188708331
1820,0.9799109979480909
1830,0.9771830084525038
1840,0.9765937102420225
1850,0.9771710366209049
1860,0.9749485739851502
1870,0.9613622183853927
1880,0.9548159022090310
1890,0.9616589873948468
1900,0.9549428172951210
1910,0.9558490181328447
1920,0.9619803466205193
1930,0.9530798136291563
1940,0.9595475019071464
1950,0.9527269052101854
1960,0.9558107765347577
1970,0.9624834984395314
1980,0.9738274648543436
1990,0.9974789359993105
2000,0.9976825646526752
2010,0.9906930345261032
2020,0.9978639624709672
2030,0.9994052892726512
2040,0.9996933340655583
2050,0.9902815065311900
2060,0.9976365107590537
2070,0.9906211224018773
2080,0.9923144093530898
2090,0.9949522697791484
2100,0.9884843528079704
2110,0.9901766134806751
2120,0.9847611099462215
2130,0.9918722210445012
2140,0.9923438349958092
2150,0.9810397665752009
2160,0.9811110366360265
2170,0.9854924422973521
2180,0.9791991760315092
2190,0.9865631497562017
2200,0.9835508946734508
2210,0.9820333772796660
2220,0.9815472795671711
2230,0.9837353340941268
2240,0.9823961065569651
2250,0.9764639190098680
2260,0.9809908229753910
2270,0.9701162079463712
2280,0.9802466298146451
2300,0.9690319122446264
2310,0.9766330688322402
2320,0.9732805811782169
2330,0.9737276308228182
2340,0.9767390406978075
2350,0.9705989971180831
2360,0.9719744924129643
2370,0.9763792418699314
2380,0.9784997395427723
2390,0.9711535802983535
2400,0.9720312197682076
2410,0.9713732524309768
2420,0.9790776825066516
2430,0.9752646060190472
2440,0.9786374701208990
2450,0.9787500640769996
2460,0.9744702374928531
2470,0.9796209293102801
2480,0.9838717189548325
2490,0.9775237772161980
2500,0.9799421016384781
2510,0.9836750883087608
2520,0.9889183102144911
2530,0.9906660244292117
2540,0.9833832477157290
2550,0.9910221981555182
2560,0.9873965829812811
2570,0.9883774264362195
2580,0.9897220541174881
2590,0.9913033930824460
2600,0.9979669686631569
2610,0.9942575305618442
2620,0.9935307580894673
2630,0.9905860777756444
2640,0.9963333772034927
2650,0.9932203470295059
2660,0.9960650832904200
2670,0.9852543954036119
2680,0.9679962115392600
2690,0.9545514644549634
2700,0.9449295586778433
2710,0.9387324570052996
2720,0.9370046686402361
2730,0.9434227333724376
2740,0.9427779030356486
2750,0.9536190249315560
2760,0.9597806369379581
2770,0.9806798141419776
2780,0.9768218529451674
2790,0.9866044808891217
2800,0.9850345519368198
2810,0.9756550169121163
2820,0.9777102290139948
2830,0.9754107811269879
2840,0.9686420295163430
2850,0.9762564886760161
2860,0.9689863589642776
2870,0.9711220569948298
2880,0.9721060558012551
2890,0.9725854945898749
2900,0.9751354629471912
2910,0.9776333275661575
2920,0.9773491502705115
2930,0.9816928091304887
2940,0.9887757710908718
2950,0.9832679894002161
2960,0.9837799741767558
2970,0.9953048042153283
2980,0.9946853752321527
2990,0.9938952147459333
3000,0.9978823382900848
3010,0.9919392825167745
3020,0.9972113527586633
3030,0.9949312236834043
3040,0.9967290892793486
3050,0.9964573401922663
3060,0.9843904780532642
3070,0.9816587696355616
3080,0.9881805207008211
3090,0.9786376172499858
3100,0.9854359079119103
3110,0.9805736711700779
3120,0.9751928095655807
3130,0.9786670110488495
3140,0.9735790698465633
3150,0.9691686026102573
3160,0.9676825775988881
3170,0.9704957130444258
3180,0.9741213121428078
3190,0.9791783553421258
3220,0.9828928129756280
3230,0.9790544477480867
3240,0.9785081971089450
3250,0.9796258782255161
3260,0.9821112840905520
3270,0.9916184793646693
3280,0.9856324621371051
3290,0.9669876083204892
3300,0.9614869788422479
3310,0.9580843882765712
3320,0.9556690080040912
3330,0.9606999724166309
3340,0.9619150438620889
3350,0.9612937729925691
3360,0.9509174706805863
3370,0.9511347315459667
3380,0.9563814834975223
3390,0.9594830097087532
3400,0.9695757278178014
3410,0.9846639901145542
3420,0.9893279040585051
3430,0.9866807646653174
3440,0.9753227309348659
3450,0.9780873678993897
3460,0.9731293368746012
3470,0.9767951581442327
3480,0.9689574449629268
3490,0.9734495697453668
3500,0.9694048273236486
3510,0.9786019127276745
3520,0.9779320828268242
3530,0.9741961360936746
3540,0.9732793057977328
3550,0.9758324979724914
3560,0.9789336293246478
3570,0.9830108501939816
3580,0.9814585575686887
3590,0.9851805373771177
3600,0.9874452684879336
3610,0.9909051591067256
3620,0.9954412778410108
3630,0.9947064449133440
3640,0.9930791473105137
3650,0.9975321784865798
3660,0.9978632831130237
3670,0.9964681999260609
3680,0.9907456014359921
3690,0.9885647140682762
3700,0.9910609602486934
3710,0.9833102718670134
3720,0.9832602425053697
3730,0.9873311422152299
3740,0.9813622448057292
3750,0.9758888035373701
3760,0.9773347866409917
3770,0.9747660332005310
3780,0.9715342298905975
3790,0.9778812760694232
3800,0.9790436044008251
3810,0.9757484709496296
3820,0.9772738227745645
3830,0.9718030815665873
3840,0.9742879823611217
3850,0.9706268217098736
3860,0.9706793907698370
3870,0.9798254072791013
3880,0.9741204262747589
3890,0.9790734533254462
3900,0.9796089565832526
3910,0.9784976318900168
3920,0.9899524008161730
3930,0.9840625147383788
3940,0.9924639932956195
3950,0.9852100145408363
3960,0.9943963644761001
3970,0.9933991726764373
3980,0.9930068188542741
3990,1.0000000000000000
4000,0.9923331690150458
4010,0.9908973798691029
4020,0.9908312345097952
4030,0.9881672943991628
4040,0.9889343173001558
4050,0.9887227149428252
4060,0.9854833780315663
4070,0.9877495239697179
4080,0.9854999983769939
4090,0.9768936040431542
4100,0.9622100909927005
4110,0.9462070174200020
4120,0.9474688770604912
4130,0.9466240962875591
4140,0.9472821467896627
4150,0.9459550143510220
4160,0.9455125697380848
4170,0.9470040591921163
4180,0.9466715143388795
4190,0.9669719030016235
4200,0.9741470382467005
4210,0.9795202027193279
4220,0.9892529118883864
4230,0.9932113164647844
4240,0.9931577123726258
4250,0.9969173283581239
4260,0.9933860132941051
4270,0.9972039668123723
4280,0.9936295778571385
4290,0.9940779532214938
4300,0.9901892854325975
4310,0.9999214799419109
4320,0.9945810861084808
