10,0.9659715054223863
20,0.9750862166708856
30,0.9772196645150227
40,0.9739243967319610
50,0.9837615694291845
60,0.9788874121014552
70,0.9786783502250302
80,0.9870990997438046
90,0.9873805593154219
100,0.9907191760345547
110,0.9900034919332379
290,0.9766526979451504
300,0.9788261127636668
310,0.9728328567020047
320,0.9709943022828429
330,0.9741658016540479
340,0.9746638242567541
350,0.9709162965782214
360,0.9706715912342531
370,0.9675046262259104
380,0.9630579565361933
390,0.9640231429402680
400,0.9654252338968604
410,0.9625026099600946
420,0.9568670514268502
430,0.9614625299998966
440,0.9539003907102233
450,0.9400816712854603
460,0.9253707881803995
470,0.9205597475433003
480,0.9283467653563561
490,0.9279514839330885
500,0.9217109450489328
510,0.9290857590215980
520,0.9218049129531918
530,0.9348317258577207
540,0.9457318660257077
550,0.9607402579373023
560,0.9668899428973258
570,0.9594370229055985
580,0.9595847529600120
590,0.9609668898767555
600,0.9634321856095565
610,0.9690855409887876
620,0.9722151137457082
630,0.9711486407194942
640,0.9708929947992688
650,0.9780420999493056
660,0.9739595266404782
670,0.9792176581790245
680,0.9793198892579182
690,0.9866079851902584
700,0.9795919972133973
710,0.9849514210078765
720,0.9866482935612647
730,0.9821164127753494
740,0.9924995961246372
750,0.9914601632476497
760,0.9902267442850953
770,0.9885262471858105
780,0.9978637732027977
980,0.9797177143558385
990,0.9872377888318005
1000,0.9846656669061669
1010,0.9821268928070501
1020,0.9734867180381575
1030,0.9806606656781407
1040,0.9710321797114168
1050,0.9737784841981399
1060,0.9673903013940619
1070,0.9742506812728067
1080,0.9705244949360644
1090,0.9592327299947779
1130,0.9359769753636987
1140,0.9451284335088451
1150,0.9400945142062286
1190,0.9455743613444774
1200,0.9424622124167767
1210,0.9523116187207510
1220,0.9630708624208991
1230,0.9544107082649009
1250,0.9612663543381431
1500,0.9924031555605551
1510,0.9798702649956021
1520,0.9788229753827147
1530,0.9788035410142267
1540,0.9770311563478543
1550,0.9804891507388658
1560,0.9726643943258252
1570,0.9731188120100955
1580,0.9730051780483607
1590,0.9640258305901314
1600,0.9628132397944189
1610,0.9693143864939062
1620,0.9691243905806852
1630,0.9657159895942856
1640,0.9649651710155921
1790,0.9284256219952326
1800,0.9398260477930444
1810,0.9514703994937156
1820,0.9600743803514739
1830,0.9580816863953101
1840,0.9646989382422941
1850,0.9679645166697974
2310,0.9699277965640863
2320,0.9642842906357129
2330,0.9665102106653511
2810,0.9776845844666534
2820,0.9829071316211861
2830,0.9752805836488083
2840,0.9728758686076819
2850,0.9747083436073537
2860,0.9724393262686831
2870,0.9757360484413723
2880,0.9661207387661926
2890,0.9650389735937759
2900,0.9717447075025941
2910,0.9694071584974199
2920,0.9619542624524441
2940,0.9602150248488226
2950,0.9644577185083041
3060,0.9327241675419045
3070,0.9410905302390753
3080,0.9518981747342373
3090,0.9567270833637511
3100,0.9572629789510545
3110,0.9556783537970954
3120,0.9594148345681601
3130,0.9595186884807130
3200,0.9789153062754752
3210,0.9804435339417504
3220,0.9845220399335037
3380,0.9931115339792428
3390,0.9963106785776562
3400,0.9951319036814493
3410,0.9966750783222786
3420,0.9917451498108586
3430,0.9895928209383077
3440,0.9944176802517827
3450,0.9956466002230837
3460,0.9879562102331727
3470,0.9891020413764455
3480,0.9822053611045247
3490,0.9893531923982103
3510,0.9859380598147646
3520,0.9739901237288086
3530,0.9781153429572610
3540,0.9777760720886522
3550,0.9798760859882543
3560,0.9695396138412922
3610,0.9649205166900774
3620,0.9623402847483864
3630,0.9608484271747598
3640,0.9496538672987479
3650,0.9443394677786259
3660,0.9361235472687773
3670,0.9371339345984527
3680,0.9391948753732124
3690,0.9447661780650439
3700,0.9427364023938292
3710,0.9414581833051099
3720,0.9371824492085192
3730,0.9459429478804153
3740,0.9474079381101055
3750,0.9594132318672127
3760,0.9545958786689591
3770,0.9588624082752288
3780,0.9587092669454906
3790,0.9645980198398935
3800,0.9688050238906989
3810,0.9712236780248081
3820,0.9673467588461124
3830,0.9708415682009511
3840,0.9684432737639244
3850,0.9728336776942074
3860,0.9821773509762063
3870,0.9741980256982535
3880,0.9755508043435136
3890,0.9838067987843921
3900,0.9894418606588539
3910,0.9921894083262826
3920,0.9911566138760184
3930,0.9928737246427044
3940,0.9883400793099177
3950,0.9911270522890196
3960,0.9934990501619156
3970,0.9968501997518482
3980,0.9915196007987106
3990,0.9967783233555340
4000,0.9917975375361290
4010,0.9909262908845645
4020,0.9975174691586830
4030,0.9971434605965754
4040,0.9887157540257790
4050,0.9862711579207406
4060,0.9857310414239476
4070,0.9830198470833407
4080,0.9790072598694037
4140,0.9703029051964015
4150,0.9654893545782629
4160,0.9652180892765165
4170,0.9657983500446515
4180,0.9607963382843445
4190,0.9548831982038378
4210,0.9523521962926843
4220,0.9539143885210969
4230,0.9553752033789068
4320,0.9249848718394479
