0,0.9920282799482029
10,0.9947550254245876
20,0.9996459691823210
30,0.9874439943083416
40,0.9862951805119776
50,0.9944371823473603
60,0.9941726094793983
70,0.9845174474201867
80,0.9909670752002576
90,0.9869587252656972
100,0.9789909728145900
110,0.9864073274134518
120,0.9798344191169491
130,0.9835434007761699
140,0.9767982402408406
150,0.9799837638226131
160,0.9688712810930962
170,0.9670634877404310
180,0.9645135222768796
190,0.9691471145179030
200,0.9668426292416210
210,0.9590085279347219
220,0.9597305725104602
230,0.9626086468308043
240,0.9485592950173307
250,0.9423832842117402
260,0.9394844135547642
270,0.9429772149574264
340,0.9410220050918450
350,0.9626183301755250
360,0.9583335518989380
370,0.9621181693982790
380,0.9705253336260252
390,0.9697090939993787
400,0.9740602919037726
410,0.9666613785423604
420,0.9760529095668299
430,0.9805835911289015
440,0.9740342215019250
450,0.9730277249679645
470,0.9804250418093072
480,0.9890885196889270
490,0.9851429930850554
500,0.9832736650204933
510,0.9916066755698096
520,0.9911486165703131
530,0.9926575317313736
540,0.9948400179982295
550,0.9905924526482396
560,0.9887082830804135
570,0.9938568449971014
580,0.9930326779520791
590,0.9970119965124438
600,0.9898047516811941
610,0.9913029985160623
620,0.9952003523433700
630,0.9896840202730812
640,0.9910328471552956
650,0.9894630864901174
660,0.9967104624375627
670,0.9884643782846586
680,0.9863377503842792
690,0.9868258731626181
700,0.9884849912186495
710,0.9929972861076322
720,0.9835229966501287
730,0.9895517870444537
740,0.9821701365820439
750,0.9796994370155525
760,0.9835895658960313
770,0.9887980065208822
780,0.9803510046960130
790,0.9829861504307776
800,0.9770168808352019
810,0.9782081482224767
820,0.9825139655624223
830,0.9811140771738548
850,0.9705457675985733
860,0.9713034876810247
870,0.9751176081420586
880,0.9745628876215998
890,0.9638644058838898
900,0.9685977562988752
990,0.9293526546249047
1000,0.9235608859514431
1010,0.9192642169727926
1020,0.9283688259897939
1030,0.9216034243350749
1040,0.9262002732375907
1050,0.9393549689121612
1060,0.9512848548146857
1070,0.9556620066213446
1080,0.9639509070567296
1090,0.9600072658114542
1100,0.9587972802680961
1110,0.9600895009113880
1150,0.9686502955702599
1160,0.9641134000060373
1170,0.9704778794404232
1180,0.9723924775014147
1190,0.9775522230902243
1380,0.9946413666868553
1390,0.9873831846515569
1930,0.9917437713625558
1940,0.9936739263070375
1950,0.9960071976897683
1960,0.9921867297539898
2100,0.9889259970766455
2110,0.9911250627093239
2120,0.9865460765996140
2130,0.9890628782643068
2140,0.9906482077717718
2370,0.9458994822471112
2380,0.9530479402263988
2390,0.9583897387724506
2400,0.9582065085127353
2410,0.9554861931142183
2510,0.9733758062433514
2520,0.9754896408067170
2610,0.9889345988273003
2620,0.9997760567855205
2630,0.9993656066319696
2640,0.9983208266317863
2650,0.9968411208780863
2660,0.9893701921037663
2670,0.9921702710480437
2680,0.9911405547881852
2690,0.9803995103555091
2700,0.9836804424120537
2710,0.9771551748141697
2720,0.9771865645463473
2730,0.9754842084544858
2740,0.9786809726921836
2750,0.9771993229565971
2760,0.9661412194237333
2770,0.9652470950832963
2780,0.9696769476708772
2790,0.9588290370807159
2800,0.9644551184954533
2810,0.9623141438551124
2820,0.9640714603485486
2830,0.9605510700563569
2840,0.9557041756020495
2850,0.9583975139323553
2860,0.9622930194487592
2870,0.9454777355655656
2880,0.9398350850461660
2890,0.9435458460903678
2900,0.9418736786683028
2910,0.9470275355410253
2920,0.9422600322401476
2930,0.9429914746943231
2940,0.9474119535384807
2950,0.9453826216341733
2960,0.9383080232209077
2970,0.9472691519598723
3250,0.9947995570746314
3330,0.9927636769110195
3340,0.9962872935532968
3350,0.9917051102913428
3360,0.9969938790072871
3370,0.9877541526839877
3380,0.9912842121350942
3410,0.9885125327089118
3420,0.9849836023911555
3430,0.9894998518091848
3440,0.9819432603538266
3450,0.9770188615093585
3460,0.9780141435675054
3470,0.9830306839867217
3480,0.9734553143932688
3490,0.9754234556806394
3500,0.9733765414125128
3510,0.9737833626278971
3520,0.9687332728980783
4010,0.9861119434276705
4020,0.9870091522867221
4030,0.9873200728572377
4040,0.9901783965567253
4050,0.9846397590861816
4060,0.9761954492691833
4070,0.9759575367586718
4080,0.9817365388040044
4090,0.9765717201676163
4100,0.9740674625953042
4110,0.9696224859663619
4120,0.9756691366268915
4130,0.9688400287889187
4140,0.9658468795527630
4150,0.9600544243085740
4160,0.9578257892940601
4170,0.9621252472940353
4180,0.9525633413448460
4190,0.9442986866364974
4200,0.9457695966869802
4210,0.9474434420354392
4220,0.9424967337632376
4230,0.9424210324936533
4240,0.9371333464166509
4250,0.9452046160985405
4290,0.9581001975547838
4300,0.9589349009227810
4310,0.9680497664794894
4320,0.9638345198584833
