80,0.9431711439255656
90,0.9444624761268463
100,0.9443350553678679
110,0.9497940223751448
120,0.9554126957168052
130,0.9604211751127071
250,0.9907431175984507
260,0.9911711593796301
270,0.9851406438920229
280,0.9943399149033222
290,0.9967961698402521
300,0.9864315232967613
310,0.9940055238101640
320,0.9893233799474958
330,0.9907255856323565
340,0.9934204905592142
400,0.9906835453000010
410,0.9989497130452478
420,0.9908093313865634
430,0.9990574577094349
690,0.9548737528262063
700,0.9564886112662957
710,0.9587371564188776
730,0.9566163087603730
740,0.9565879106854633
750,0.9550372911060142
760,0.9550960210626614
770,0.9579689041445411
780,0.9580445328617579
790,0.9771133332058048
800,0.9808785390131221
810,0.9841434918303399
820,0.9853283748510261
1010,0.9970625668243978
1020,0.9876533042195720
1030,0.9995566626846030
1040,0.9903972034651392
1050,0.9996904981940886
1060,0.9893700634008530
1070,0.9921464312062734
1080,0.9991802577171911
1090,0.9987222833157505
1100,0.9947255011693301
1110,0.9962630779901928
1120,0.9973012526318211
1130,0.9957606870997824
1140,0.9887067335459854
1150,0.9884307558801623
1160,0.9916647063157852
1170,0.9951940620276015
1180,0.9866135557538481
1190,0.9867623247722973
1200,0.9862769206796015
1210,0.9866810526829749
1220,0.9889823196633034
1230,0.9880613690129625
1240,0.9837533857523517
1250,0.9844412553925485
1260,0.9845832638135235
1270,0.9839094650403841
1280,0.9772110822800233
1290,0.9804374113922723
1300,0.9657865507061218
1310,0.9508947029762531
1320,0.9439530985840823
1330,0.9453156692202042
1340,0.9369751523157368
1350,0.9440666712889826
1360,0.9439096614508248
1370,0.9415850438802197
1380,0.9459703889411768
1390,0.9637096248477564
1400,0.9723811684832949
1410,0.9756814484069773
1420,0.9829072728708013
1430,0.9788613735949377
1440,0.9739896596276894
1450,0.9758998949005196
1460,0.9803619554313184
1470,0.9885552551645346
1480,0.9872233852603448
1490,0.9874669957200364
1500,0.9909350288085919
1510,0.9869010123648648
1520,0.9910930521425533
1530,0.9865320720465592
1540,0.9895477814268829
1550,0.9873043843864142
1560,0.9918468941422233
1570,0.9931596823031923
1580,0.9918788596710598
1590,0.9928683068357841
1600,0.9984716920169450
1610,0.9929025408792851
1630,0.9963925320647066
1640,0.9951991447368549
1650,0.9983355839174457
1660,0.9903530260346934
1670,0.9873212602495940
1680,0.9916625238526050
1690,0.9939293394436088
1700,0.9939568341793090
1710,0.9836966900782654
1720,0.9904873643521932
1730,0.9817723013303282
1740,0.9794586501308126
1750,0.9865075542146650
1760,0.9785658042720244
1800,0.9825398307419166
1810,0.9792625116768264
1820,0.9771217156404504
1830,0.9754484296907030
1840,0.9825756027712975
1850,0.9735056214686292
1860,0.9724740264859930
1870,0.9782306793897798
1880,0.9747722039032598
1890,0.9737123335650064
2010,0.9567758099415780
2250,0.9950786315229392
2260,0.9897301246898570
2270,0.9857169746417647
2280,0.9920735108376069
2290,0.9858318587226953
2300,0.9927231482755199
2310,0.9895580287279064
2320,0.9900196858810743
2330,0.9909648535721548
2340,0.9971533666036418
2350,0.9888907381245632
2360,0.9922483824117724
2370,0.9993031668972530
2380,0.9997671109959371
2390,0.9947137327214192
2400,0.9923342427146477
2410,0.9894284105556526
2420,0.9896105749800684
2430,0.9933932525427588
2440,0.9929063544814452
2450,0.9950350681998946
2460,0.9899752125877632
2470,0.9883244358201415
2480,0.9920892926458602
2490,0.9929241041037596
2500,0.9928170010458042
2510,0.9953477641018272
2520,0.9932076026417996
2530,0.9882361294282288
2540,0.9817837912271679
2550,0.9867214417748007
2560,0.9701318856434289
2570,0.9514274075130605
2580,0.9449360194691667
2590,0.9446817187373666
2600,0.9396803133397443
2610,0.9406206592015622
2620,0.9425480405576806
2630,0.9428885210232814
2640,0.9467054125382482
2650,0.9602401490986526
2660,0.9744123036472481
2670,0.9802108958347793
2680,0.9796281286424954
2690,0.9816731304501706
2920,0.9896834895147388
2930,0.9898898523609296
2940,0.9917036322820967
2950,0.9862415627336344
2960,0.9816889170804738
2970,0.9821721776103632
2980,0.9803117001288428
2990,0.9844044537785150
3140,0.9740180680338897
3150,0.9711775383523674
3160,0.9723374317601304
3170,0.9769961808924097
3180,0.9772227168515464
3190,0.9741076943031184
3200,0.9613958994670826
3210,0.9525103831888022
3220,0.9529205473008842
3390,0.9838979994382652
3400,0.9840644902766288
3410,0.9911851884584477
3420,0.9824999355424509
3460,0.9937753830718246
3470,0.9824401077881952
3600,0.9884363945806658
3610,0.9947528198126580
3620,0.9871584655161991
3630,0.9955656274583434
3640,0.9982382258107729
3650,0.9976816073201542
3660,0.9990100133197056
3670,0.9995735235857388
3680,0.9942817511307310
3690,0.9894325384744548
3700,0.9998470903544830
3710,0.9999999999999999
3720,0.9897798435155940
3770,0.9901048906429359
3780,0.9944796202326155
3800,0.9962008217638383
3810,0.9858704915381726
3820,0.9798923569483032
3830,0.9570138534855049
3840,0.9506668156762089
3850,0.9438373816269228
3860,0.9463550283831599
3870,0.9446688885210912
3880,0.9462696997636463
3890,0.9481367180571679
3900,0.9462263640962442
3910,0.9666365192330911
3920,0.9745471258544163
3930,0.9782422199846620
3940,0.9722796006705111
3950,0.9704743612346143
4010,0.9838966529019841
4020,0.9813133109632017
4030,0.9840084747912168
4040,0.9907966297213326
4050,0.9890772630070374
4060,0.9887447921355629
4070,0.9962907273474076
4080,0.9891801415478813
4090,0.9894771920716090
4100,0.9944966757000484
4110,0.9903328864543768
4120,0.9943380916409558
4130,0.9951799653955912
4140,0.9942914086614630
4150,0.9903805239858667
4160,0.9880198857320376
4170,0.9962204631834457
4180,0.9881450001833718
4190,0.9847732657246824
4220,0.9807401647967700
4230,0.9885807064378273
4240,0.9853673283877736
4250,0.9855905073948195
4260,0.9812588320763818
4270,0.9770429558720040
4280,0.9813281787388286
4290,0.9741071497822753
4300,0.9726016387631153
4310,0.9752125372868949
4320,0.9770113558666149
