0,0.9818607281946925
10,0.9792225609581521
20,0.9748622792675895
30,0.9745151146715527
40,0.9740085647624553
50,0.9731060359933995
60,0.9700000231937408
70,0.9632266727123214
80,0.9699522234315306
90,0.9597040867253169
100,0.9603064479863443
110,0.9482309112811989
120,0.9473699242497520
130,0.9453773221497358
140,0.9468908429630650
150,0.9529670108449821
200,0.9494960313300971
210,0.9640679162796076
220,0.9624021552789088
230,0.9707036578966522
240,0.9647818700668315
250,0.9727037126641207
260,0.9741452189699559
270,0.9697808906825696
280,0.9744952791376971
290,0.9702462730730925
300,0.9732485936892334
310,0.9744147216598187
320,0.9825828124101883
330,0.9874461826479128
340,0.9808665748096950
350,0.9883352090810718
380,0.9950815283480547
390,0.9959362752876321
400,0.9876585215705576
410,0.9884218398286513
420,0.9993121104266154
430,0.9983977400001797
440,0.9886869324544908
450,0.9948595343974466
460,0.9959187787734475
470,0.9992018551566183
480,0.9962384008861457
490,0.9953742820209247
500,0.9963787209438590
510,0.9932864969991001
520,0.9867962240728990
530,0.9918828140575382
540,0.9913575166653412
550,0.9884836132493953
560,0.9873391704865828
570,0.9887317921884726
580,0.9846872425175330
590,0.9876462494446853
600,0.9788863079659366
610,0.9751829296464783
620,0.9806659453628387
630,0.9722301337095574
640,0.9724383953920650
650,0.9804478329666840
660,0.9760055688918760
670,0.9687914557474862
680,0.9674976412677658
690,0.9695020846257866
700,0.9639599425767715
710,0.9652101066304861
720,0.9666647287574461
730,0.9692325828983968
740,0.9621698084403357
750,0.9656151065215579
760,0.9613341467939378
770,0.9583795368508577
780,0.9627527498370305
790,0.9559411785262328
800,0.9539083362843666
810,0.9405574216871381
820,0.9446645342755190
830,0.9322325670228442
840,0.9350843153499493
850,0.9318995091903187
860,0.9338111015881047
870,0.9318133123974823
880,0.9363729489030483
890,0.9396078387152546
900,0.9507523776822205
910,0.9643735062829952
920,0.9562350558546497
930,0.9650036545862724
940,0.9627749802448672
950,0.9642199900158593
960,0.9648405028160636
970,0.9587880438028118
980,0.9631026520503230
1030,0.9767010444853038
1040,0.9736717563509667
1050,0.9756553097062092
1060,0.9791629519117426
1070,0.9812954895259057
1080,0.9745775985466139
1090,0.9795324932096768
1100,0.9819736190802804
1110,0.9872307138865141
1120,0.9897072797918232
1130,0.9831263436950671
1140,0.9927912692806102
1150,0.9944635201455349
1160,0.9945341726776522
1170,0.9905362017905742
1180,0.9906967464828068
1190,0.9907545719988249
1200,0.9902241749478117
1210,0.9923791255924240
1220,1.0000000000000000
1230,0.9910136361479361
1240,0.9971900033523254
1250,0.9911525866584402
1260,0.9875401209178321
1270,0.9872420536477461
1280,0.9851812103619003
1290,0.9891485668067108
1300,0.9830411661914349
1310,0.9812535878043521
1320,0.9752411269094347
1330,0.9756888376574381
1340,0.9684015470239715
1350,0.9747858560110508
1360,0.9678539085044108
1370,0.9651828896919612
1380,0.9619989993114523
1390,0.9685168952241818
1400,0.9637471031356127
1470,0.9484987382812483
1480,0.9512105655527622
1490,0.9468825558476286
1500,0.9518941447863550
1510,0.9465884195564799
1550,0.9741738591473706
1560,0.9713464593415716
1590,0.9841756322939526
1600,0.9858717908792647
1610,0.9862923485911209
1620,0.9793717313994539
1660,0.9851989941477974
1670,0.9878409027542698
1680,0.9939810762005030
1690,0.9870824901151038
1700,0.9888506535186484
1710,0.9973167633896693
1720,0.9881032467641274
1730,0.9972382983150208
1740,0.9932462133410261
1790,0.9895360908683638
1800,0.9933765733034692
1810,0.9904976399116699
1820,0.9983454170403347
1830,0.9901691721394130
1840,0.9939023823157987
1850,0.9921189152611172
1860,0.9958512060397835
1870,0.9889178665481898
1880,0.9893005125202999
1890,0.9923402963600073
1900,0.9919391807150145
1910,0.9832844928509388
1920,0.9899552034148007
1930,0.9888386150027502
1940,0.9866954532136084
1950,0.9819890838768862
1990,0.9812952061095829
2000,0.9737153149816521
2010,0.9796312660057069
2070,0.9669997034497544
2080,0.9740379290160768
2090,0.9722730066167561
2100,0.9621563080062870
2110,0.9587094996613449
2120,0.9431551223753846
2130,0.9329501869065561
2140,0.9342871312157919
2150,0.9361973892631045
2160,0.9353140271585095
2170,0.9312950092004121
2180,0.9374294477165457
2190,0.9351929271215512
2200,0.9452117258974523
2210,0.9439009106955693
2220,0.9557975045400747
2230,0.9597876399843965
2240,0.9618904147099795
2250,0.9596588893415614
2260,0.9577621863401067
2270,0.9671699193623806
2280,0.9689717609796312
2290,0.9694275009284645
2300,0.9721284848944617
2310,0.9691163948413098
2320,0.9749770354149251
2330,0.9766276718507781
2340,0.9765016209273634
2350,0.9780590421819141
2360,0.9771079492538660
2370,0.9835514449223053
2380,0.9805543180158643
2390,0.9784463615782381
2400,0.9893636500502604
2410,0.9883349743036571
2420,0.9924832199273209
2430,0.9944709155195700
2440,0.9859149434837327
2450,0.9917404386258694
2460,0.9940796023746319
2470,0.9930334714567951
2480,0.9935622185399235
2490,0.9897862764925046
2500,0.9935595886809334
2510,0.9946916590399577
2520,0.9938213024991249
2540,0.9918297684529310
2550,0.9845138835195014
2560,0.9903492091184753
2570,0.9855957729422785
2580,0.9889927792461105
2590,0.9817791558349510
2600,0.9784736549522504
2610,0.9804744388313773
2620,0.9767053264478036
2630,0.9733281447453900
2640,0.9728454527227604
2650,0.9775815826791578
2660,0.9712574206105268
2670,0.9676589493610754
2680,0.9653559185706874
2690,0.9658089347564303
2700,0.9586522345961016
2710,0.9689560266574904
2720,0.9668147576975142
2730,0.9515337418684333
2740,0.9501659879058831
2750,0.9487506613132061
2760,0.9478737383095478
2770,0.9454678469207105
2780,0.9443065754558031
2790,0.9485742955614318
2800,0.9519895342098583
2810,0.9526355123890332
2820,0.9467074415111798
2830,0.9529625344579776
2840,0.9640252465009851
2850,0.9620024318263208
2860,0.9707677112631972
2870,0.9715598806176715
2880,0.9649775905882468
2890,0.9682347925063346
2900,0.9701186897616697
2910,0.9731948559228851
2920,0.9791693141098962
2930,0.9805957111499554
2940,0.9766945454086688
2950,0.9800331853431671
2960,0.9870684977536240
2970,0.9823969509434908
2980,0.9884376533445179
2990,0.9928624357887208
3000,0.9886258953664112
3010,0.9861000936639744
3020,0.9929002830657708
3030,0.9922368355227738
3040,0.9961429932121731
3050,0.9923491931787100
3060,0.9926554665263737
3070,0.9936536717474531
3080,0.9917351867136587
3090,0.9906536757121230
3100,0.9950823906125119
3110,0.9956581433471778
3120,0.9895165520501015
3130,0.9982957396003911
3140,0.9895322404036352
3150,0.9886563516435053
3160,0.9892332532875509
3170,0.9858810591244626
3180,0.9943455777975680
3190,0.9910237345910921
3200,0.9862723968198753
3210,0.9888333818724672
3220,0.9807896249477412
3230,0.9859609012571906
3240,0.9863810713551340
3250,0.9805905974981178
3260,0.9787369499572496
3270,0.9735508154267941
3280,0.9711252132553748
3290,0.9697911597852623
3300,0.9682393978487355
3310,0.9740941693648937
3320,0.9741287082550093
3330,0.9739304356842039
3340,0.9684408334476357
3350,0.9619746031505204
3360,0.9677348856804876
3370,0.9589361949663224
3380,0.9616346360448177
3390,0.9671977555401605
3400,0.9602901353619889
3410,0.9659107281136883
3420,0.9512696374386452
3430,0.9396307921293989
3440,0.9440463489344207
3450,0.9325272468769581
3460,0.9318155025195293
3470,0.9331159814003652
3480,0.9400806389710045
3490,0.9357650865005056
3500,0.9383097638537855
3510,0.9358485959764532
3520,0.9493850713790906
3530,0.9567716083965866
3540,0.9607451717621265
3550,0.9599062982678777
3560,0.9672362430866935
3570,0.9620937149365346
3580,0.9683405979581937
3590,0.9618476067636674
3600,0.9624017889173959
3610,0.9654940205057556
3620,0.9684387118918121
3630,0.9672595361440746
3640,0.9746796718294960
3650,0.9716640198801982
3660,0.9808123348836013
3670,0.9712474875035970
3680,0.9817041316655801
3690,0.9761861954173715
3700,0.9851899340631221
3710,0.9853642461183756
3720,0.9888498265783405
3730,0.9879925362730609
3740,0.9845343379322070
3750,0.9904615035792614
3760,0.9859482368376731
3770,0.9898705157252613
3780,0.9970737852965370
3790,0.9919319120174586
3800,0.9921799607228076
3810,0.9896884324227090
3820,0.9908534412002044
3830,0.9934523872049372
3840,0.9931037961021735
3850,0.9997757517026722
3860,0.9983915496121146
3870,0.9903694694611562
3880,0.9950790788700049
3890,0.9931145378743380
3900,0.9948048631503740
3910,0.9851718783897462
3920,0.9916851127584786
3930,0.9845393854556233
3940,0.9775217103217754
3950,0.9804374227784736
3960,0.9841078469282011
3970,0.9786370010797181
3980,0.9764208314657727
3990,0.9745615464638592
4000,0.9723266155334617
4010,0.9643647161846929
4020,0.9682324841098902
4030,0.9607918644533978
4040,0.9565113528136404
4050,0.9440922266226757
4060,0.9491327010811003
4070,0.9529783377022305
4080,0.9538930805165493
4090,0.9445146225468056
4100,0.9505860849714607
4110,0.9501078456646537
4120,0.9458838130150364
4130,0.9485024151236542
4140,0.9553057410678857
4150,0.9643644285916579
4160,0.9656752319443345
4170,0.9756339842383658
4180,0.9741964243675860
4190,0.9787321260818425
4200,0.9744064287840900
4210,0.9759470151209132
4220,0.9743665044952229
4230,0.9784471783052051
4240,0.9856148650346712
4250,0.9809508707402499
4260,0.9847571450835633
4270,0.9941249217579214
4280,0.9883079974941380
4290,0.9861119306653409
4300,0.9959169700311412
4310,0.9887205269331657
4320,0.9930260373038108
