0,0.9983959887879816
10,0.9997341817047939
20,0.9936626789147111
30,0.9974090500811555
40,0.9974813949038082
50,0.9909212042500267
60,0.9927683846943768
70,0.9974737630784956
80,0.9946777637073591
320,0.9442035080558170
330,0.9441554667807752
340,0.9549510350964383
350,0.9648313936021042
360,0.9824028754878260
370,0.9842436568979440
380,0.9772006905997412
390,0.9802772443645713
400,0.9812287355653564
410,0.9830400966360318
420,0.9819206922748219
430,0.9841543681504235
440,0.9858847530762191
450,0.9817686131267747
460,0.9849858936846231
470,0.9941475463407582
640,0.9886541436933132
650,0.9941811934783970
660,0.9878789786637026
670,0.9978509647344554
680,0.9942129126521407
690,0.9924828087151416
700,0.9955348236127097
710,0.9851190086876394
720,0.9871533762111030
730,0.9947750114437844
740,0.9847840906515510
750,0.9905607374052715
760,0.9929987459712660
770,0.9852916873330694
780,0.9856064541173620
790,0.9918580301695332
800,0.9914355051337064
810,0.9879503375899430
820,0.9797633821376269
830,0.9836878909556723
840,0.9852009015278143
850,0.9869337816335015
860,0.9862306738516124
870,0.9786039973575399
880,0.9823940485220052
890,0.9786656459022715
900,0.9838394954945660
910,0.9779681830308515
920,0.9852226435469649
930,0.9828545147953999
940,0.9711560442328963
950,0.9548540053459521
960,0.9597067896025593
970,0.9611856851970915
980,0.9606147553635578
990,0.9587609496331324
1000,0.9607814012513144
1010,0.9576426428991440
1020,0.9561968572544433
1030,0.9592736893660295
1040,0.9640887951333370
1050,0.9833429473265397
1060,0.9782593718462806
1070,0.9774222841423085
1080,0.9775947948516279
1090,0.9872852356662425
1100,0.9821778177755995
1110,0.9886292668732664
1120,0.9846251549349200
1130,0.9862792584931555
1140,0.9875833542346109
1150,0.9879558898269519
1160,0.9883694408339088
1170,0.9802882904200848
1180,0.9916001607774428
1190,0.9876441057535083
1200,0.9830942093477743
1210,0.9853438955236158
1220,0.9855331678015263
1230,0.9833065120853218
1240,0.9886812189654265
1250,0.9939999028965036
1260,0.9957409781967127
1270,0.9903934849969348
1280,0.9936506894397555
1290,0.9875901460288093
1300,0.9945394968794381
1370,0.9932997632339117
1380,0.9929006469449752
1390,0.9937446301023914
1400,0.9892934343073174
1410,0.9920157551215025
1420,0.9921553575294385
1430,0.9974191750453819
1440,0.9856016920763105
1450,0.9865550206431435
1460,0.9866525196287824
1470,0.9942495006123284
1480,0.9895481473362610
1490,0.9852659561594732
1500,0.9843676809556169
1510,0.9858989558077940
1520,0.9901737531091717
1530,0.9773760794922161
1540,0.9652943430834262
1550,0.9507135010086368
1560,0.9468976566918992
1570,0.9396599557686858
1580,0.9432580785482263
1590,0.9483902827510470
1600,0.9442612557630286
1610,0.9484840567153775
1620,0.9479902082439086
1630,0.9616393672190737
1640,0.9773407763879496
1650,0.9773996171728446
1690,0.9902291981007511
1700,0.9833076132468282
1710,0.9863876028894643
1720,0.9897826227136286
1730,0.9900933388375410
1740,0.9831480243635896
1750,0.9956425968744772
1760,0.9938592153397158
1770,0.9907020564211921
1780,0.9901802371900216
1790,0.9953006046358995
1800,0.9911329786066018
1810,0.9922503315256547
1820,0.9979164133403364
1830,0.9969511463342861
1840,0.9971733312682791
1850,0.9974219456001545
1860,0.9974457997724363
1870,0.9911551633962588
1880,0.9920994262482909
2040,0.9798358647743406
2050,0.9778694147078051
2060,0.9837618159518005
2070,0.9856160069398137
2080,0.9807935436070117
2090,0.9790542342163695
2100,0.9848628428687667
2110,0.9809234587916146
2120,0.9752391098074858
2130,0.9828444735221760
2140,0.9819989971688649
2150,0.9825199874750796
2160,0.9861826362809857
2170,0.9757753140442355
2180,0.9836573295233284
2200,0.9827352055162591
2210,0.9769814535225285
2220,0.9793506054978870
2230,0.9637263868123803
2240,0.9529502202894041
2250,0.9593916312602564
2260,0.9561141989414363
2270,0.9565026814226552
2280,0.9613266701293731
2290,0.9577610663506887
2300,0.9598140561702295
2310,0.9580773525249527
2320,0.9561119540154671
2330,0.9735541314650643
2340,0.9884624536045039
2350,0.9909091836165544
2360,0.9826390606784535
2370,0.9848199882576539
2380,0.9820489314587112
2390,0.9840269902097731
2400,0.9839685098493500
2410,0.9848715349146844
2420,0.9862050774796011
2430,0.9930041363221266
2440,0.9893668960170529
2450,0.9844073781972271
2460,0.9888583497389881
2470,0.9942605479600921
2480,0.9898254930952357
2490,0.9903331677244213
2500,0.9862582784037377
2510,0.9911508028604645
2520,0.9937212684456482
2530,0.9859087266589179
2540,0.9915653910690972
2550,0.9865261706940167
2620,0.9949785494443517
2630,0.9976764110040712
2640,0.9878489536628092
2650,0.9912397316043302
2860,0.9434470201497208
2870,0.9389399991935278
2880,0.9408287653070284
2890,0.9470391090696527
2900,0.9480210122267457
2910,0.9567888097112280
3030,0.9827041164248937
3090,0.9818955512106606
3100,0.9853673629043959
3110,0.9869071252976157
3120,0.9950288607874699
3130,0.9916749705070315
3140,0.9865635622714368
3150,0.9877329905684590
3160,0.9885631738178746
3170,0.9900888130351782
3180,0.9952110489433363
3190,0.9982771136309569
3200,0.9899630250249269
3210,0.9928938004811079
3220,0.9955239092677083
3230,0.9869272370841941
3240,0.9897236803359338
3250,0.9864319127364344
3260,0.9934517518572471
3270,0.9885407404898748
3280,0.9936486714614343
3290,0.9839550476700184
3300,0.9805272767216219
3310,0.9904720015135010
3320,0.9883727432966367
3330,0.9794917393286509
3340,0.9857100518023308
3350,0.9836063647878330
3360,0.9866130258631539
3370,0.9820893318035069
3380,0.9827831191874188
3390,0.9810661961626679
3400,0.9840190804573928
3410,0.9788515425998617
3420,0.9755633617129885
3430,0.9829874823835861
3440,0.9823663987093665
3450,0.9867896958171490
3460,0.9805025138624929
3470,0.9847779650267888
3480,0.9809764472945115
3490,0.9880454811592959
3500,0.9836728833400764
3510,0.9586124523866415
3520,0.9565742158023101
3530,0.9597748256042046
3540,0.9592813080918264
3550,0.9561860456853516
3560,0.9584122556910661
3600,0.9591708935722606
3610,0.9778220968887625
3650,0.9931584134961723
3660,0.9885880742697321
3670,0.9930119515449597
3720,0.9978525193249616
3730,0.9964422506121539
3740,0.9890045236815679
3750,0.9937671034588075
3760,0.9936530176238655
3770,0.9884076709687990
3780,0.9936608947838370
3790,0.9890722344241208
3800,0.9986238082334520
3810,0.9938372480086497
3820,0.9945962417615390
3830,0.9921160654900638
3840,0.9909839547289173
3850,0.9946068328634206
3860,0.9920032868147775
3870,0.9897594078948322
3880,0.9929499403699186
3890,0.9876887263917968
3900,0.9902038567739286
3910,0.9957804213618259
3920,0.9904948897140435
3940,0.9927571298000888
4000,0.9849518581145513
4010,0.9934230514052526
4020,0.9838921213593975
4030,0.9886202322425630
4040,0.9843493967738768
4050,0.9854083824126134
4060,0.9870264879179218
4070,0.9819852305753897
4080,0.9905235111867841
4090,0.9879151978383178
4100,0.9843441625540785
4110,0.9636849635051326
4180,0.9523187177542314
4190,0.9578607954505932
4200,0.9653041072406839
4210,0.9863822861197259
4220,0.9788175915963032
4230,0.9877616713503019
4240,0.9869176395991656
4250,0.9869673701412063
4260,0.9765785844933556
4270,0.9808740601787895
4280,0.9840288862157566
4290,0.9829047137678377
4300,0.9826979651543355
4310,0.9801358863056976
4320,0.9747682952893764
