0,0.9883682412564425
10,0.9873858577054718
20,0.9804402430019042
30,0.9887071322011669
40,0.9874328977064439
50,0.9829186747618064
60,0.9803639721346560
70,0.9821729762787993
80,0.9795032857529220
90,0.9767187098376043
100,0.9820684872412458
110,0.9709301961091826
120,0.9718393451228454
130,0.9797955405024017
140,0.9684467359148962
150,0.9619911362295021
190,0.9425591228596836
200,0.9401620169977473
290,0.9724142699031549
300,0.9739076323478050
310,0.9812183002910636
320,0.9787805329747019
330,0.9829397468394364
340,0.9783543646225126
350,0.9843451204174747
360,0.9801010136611750
370,0.9875461477275254
380,0.9817206513275345
390,0.9884862050331472
400,0.9806110903982314
410,0.9828351029481343
420,0.9931403114600182
580,0.9927783295639534
590,0.9900679731529076
600,0.9890706346076851
610,0.9945058806386965
620,0.9874607994343505
630,0.9905713601027861
640,0.9867056379847298
650,0.9905147088232874
660,0.9862213077910211
670,0.9874638298915539
680,0.9910820790794853
690,0.9921638388580418
700,0.9831183637325250
710,0.9897814131087292
720,0.9839838987879984
730,0.9801854141541941
740,0.9778792657191266
750,0.9873286784555905
760,0.9790743640801789
1020,0.9566236559192836
1030,0.9589305238337102
1040,0.9588794632090260
1050,0.9561332719981376
1060,0.9586978672458436
1070,0.9510446461624968
1080,0.9521350815886417
1090,0.9512062001521777
1100,0.9675069805266917
1110,0.9662794988206127
1120,0.9771706043858286
1130,0.9693331268731089
1140,0.9769712397675517
1150,0.9701008949899561
1160,0.9717951900486709
1170,0.9713016873369652
1180,0.9773764113653429
1190,0.9734926240917612
1200,0.9727554425076383
1210,0.9764841271542749
1220,0.9793328560085542
1230,0.9771251424980325
1240,0.9781674045292075
1250,0.9799643397181875
1260,0.9733266974055240
1270,0.9807131410332233
1280,0.9818581256979058
1290,0.9747548914689455
1300,0.9775733777953071
1310,0.9808737554736136
1320,0.9812928143419425
1330,0.9879862493379816
1340,0.9897308465590563
1350,0.9843267158478194
1360,0.9854857646562688
1370,0.9887486664062682
1380,0.9830397414701546
1390,0.9848786317204384
1400,0.9845637738172898
1410,0.9887157178350796
1430,0.9947031484759559
1440,0.9955183707902892
1450,0.9960301675725556
1460,0.9935132191925242
1470,0.9900007182842241
1520,0.9925691052801022
1530,0.9869453673865717
1540,0.9887129055428631
1550,0.9863416281904629
1560,0.9846995759186705
1570,0.9844952129442357
1600,0.9861140629940484
1610,0.9828530211031360
1620,0.9780545595656958
1630,0.9805256207183457
1640,0.9789923740150958
1650,0.9729971191518795
1660,0.9792616261459230
1670,0.9634248196327205
1680,0.9532326062946246
1690,0.9432766534609113
1700,0.9404709346238848
1710,0.9417182403111570
1720,0.9415212220763139
1730,0.9398355744577447
1740,0.9376710667953629
1750,0.9434852891678729
1760,0.9518711960824848
1770,0.9698169884763599
1890,0.9913790600490191
1900,0.9895231730046196
1910,0.9970312923783559
1920,0.9876107214699703
1930,0.9994546914521709
1940,0.9970242785965879
1950,0.9890519883076350
1960,0.9910686904018100
1970,0.9938306588200733
1980,0.9951242876471424
1990,0.9969620397067754
2000,0.9975112004234935
2010,0.9861295137501924
2020,0.9941884570495995
2030,0.9925265368241117
2040,0.9916852131683371
2050,0.9911286584970259
2060,0.9843621814011552
2070,0.9847802559916615
2080,0.9815268208858622
2090,0.9787504710838976
2100,0.9772718924290201
2110,0.9840758062074869
2120,0.9789560204749669
2130,0.9810642737446760
2140,0.9825613792190436
2150,0.9825595723749546
2160,0.9756159171809433
2170,0.9780885613453684
2180,0.9707776947837031
2190,0.9790402528262401
2200,0.9699892488081020
2210,0.9699208996375853
2220,0.9725843379770959
2230,0.9787165341797534
2240,0.9686349405422348
2250,0.9674619385671706
2260,0.9730995114010840
2270,0.9685610629523986
2280,0.9702513326160080
2290,0.9688546077235234
2300,0.9686541574977908
2310,0.9746021550987389
2320,0.9668789322868686
2330,0.9674376559094311
2340,0.9675678072259160
2350,0.9661788524702768
2360,0.9742424008845442
2370,0.9719143559545119
2380,0.9696923912958998
2390,0.9675148680137134
2400,0.9702390390777172
2410,0.9762269690278530
2420,0.9691293325882177
2430,0.9697730471019329
2440,0.9692832152189641
2450,0.9748721401566716
2460,0.9763162240765929
2470,0.9703107945983466
2480,0.9678114832950963
2490,0.9659027977518222
2500,0.9525475411515907
2510,0.9508437227089327
2520,0.9578648881397136
2530,0.9538602430379289
2590,0.9521902671303907
2600,0.9588431938763397
2610,0.9705813709492187
2620,0.9715447129155782
2630,0.9673453927505162
2640,0.9713417790103968
2650,0.9747201139253027
2660,0.9677576272927995
2670,0.9745780316664655
2680,0.9675556675219946
2690,0.9770421797729454
2700,0.9687059015550601
2710,0.9699411028076970
2720,0.9771275415825640
2730,0.9686391544432349
2740,0.9765569674464755
2750,0.9678991275462999
2760,0.9679949753615499
2770,0.9753236754401297
2780,0.9761744332027041
2950,0.9791636543186560
3120,0.9989719876752317
3130,0.9874841967528297
3140,0.9970110572760481
3150,0.9892668446958702
3160,0.9846106608256376
3170,0.9824665752678512
3180,0.9822177117567708
3190,0.9542898520542392
3200,0.9432205477188661
3210,0.9366539532931292
3220,0.9407196411355427
3230,0.9329029974612169
3240,0.9336469710760754
3250,0.9458944012518473
3260,0.9413506939802603
3270,0.9514737048427245
3280,0.9626922135024654
3290,0.9681536791842981
3300,0.9743216628742082
3310,0.9729555610867744
3320,0.9743942037955814
3330,0.9707551426044823
3340,0.9768190714689615
3350,0.9804507259895858
3360,0.9816430146830676
3370,0.9779321259975016
3380,0.9860025921693005
3570,0.9808203984570086
3580,0.9765023599779831
3590,0.9719769296696125
3600,0.9742587866537806
3610,0.9723707649768976
3620,0.9746289455232289
3630,0.9740035598395391
3640,0.9745718263663963
3650,0.9669461673630109
3660,0.9747660561628785
3670,0.9698414507609928
3680,0.9673967830409307
3690,0.9667992330050543
3700,0.9753768018898512
3710,0.9701844433037948
3720,0.9772578590731813
3730,0.9698393799642416
3740,0.9710010510771598
3750,0.9813542029322629
3870,0.9898822538011350
3880,0.9966351141629644
3890,0.9900529153422725
3900,0.9904511568078663
3910,0.9961302753300733
3920,0.9928179080460993
3930,0.9862589642620643
3990,0.9834021558441550
4000,0.9724503116249076
4010,0.9584210834711924
4020,0.9532807226026478
4170,0.9871442015892290
4180,0.9929224343703407
4190,0.9902249289534732
4200,0.9894261834121841
4280,0.9950112653766742
4290,0.9921746630263051
4300,0.9896400898236040
4310,0.9959079906181753
4320,0.9855430462656433
