0,0.9857077436869769
10,0.9832332869897260
20,0.9764220971689337
30,0.9768244264536945
40,0.9793622946780597
50,0.9705486168506388
60,0.9797101512410984
70,0.9701223578076257
80,0.9738188586819748
90,0.9721117534540376
100,0.9737184738831729
110,0.9625828507291786
120,0.9489814753888594
130,0.9488958683921044
140,0.9429558356135835
150,0.9497101523147827
160,0.9470774948254296
180,0.9477289580059006
250,0.9689624291236212
280,0.9772120617325529
370,0.9944922709817008
380,0.9848269658595220
390,0.9917415239221289
540,0.9867245925293882
550,0.9891777206481186
560,0.9889759160697990
570,0.9896543168447526
580,0.9917314011439938
590,0.9800415076044724
600,0.9887125134472158
610,0.9862573384252868
620,0.9870603769745242
640,0.9847344992192525
650,0.9805722184153448
660,0.9778387930695221
670,0.9749706058074135
680,0.9798941012201269
690,0.9727919230515311
730,0.9671357960746876
740,0.9654828549912849
760,0.9705759385421613
770,0.9746236907753418
780,0.9648063239386689
790,0.9606233411524964
800,0.9518365080689536
810,0.9547295174120189
820,0.9616666026991546
830,0.9600734113505007
840,0.9532653856850564
850,0.9575760321961801
860,0.9625804465899641
870,0.9541778350956410
880,0.9543251565165061
890,0.9694191071789394
900,0.9683945073559920
910,0.9738676066093865
920,0.9686287638253424
930,0.9710247350942927
940,0.9675786023511196
950,0.9681918352325368
960,0.9719133876177100
970,0.9727533417198515
980,0.9706475747197730
990,0.9803513807561760
1000,0.9808749747847442
1010,0.9774770434711064
1040,0.9852262605455694
1050,0.9790377379551173
1060,0.9832397487008554
1070,0.9835526094711559
1080,0.9884404352931028
1090,0.9894894312662259
1110,0.9853584507735015
1120,0.9899761232719264
1130,0.9950746245583234
1140,0.9985558334792299
1150,0.9898642236725798
1160,0.9879414140393281
1170,0.9907005446778004
1180,0.9977011674140841
1190,0.9885183936174943
1200,0.9948367727833917
1210,0.9966926892247469
1220,0.9942887803497978
1230,0.9874152933773559
1240,0.9934655335610660
1290,0.9786970691633685
1300,0.9857714078247326
1310,0.9815092915776221
1460,0.9403161858722107
1470,0.9457776901790873
1480,0.9563615495896971
1490,0.9676431343188574
1500,0.9760385634279843
1510,0.9712018418987065
1520,0.9780425537356281
1530,0.9755150793545300
1540,0.9830109188079819
1550,0.9806575895781474
1560,0.9807472785721348
1570,0.9872713272330061
1580,0.9834085130561216
1590,0.9911310313137019
1600,0.9875550486664076
1610,0.9834273651477118
1620,0.9943294269968290
1630,0.9908069647534594
1640,0.9931226251816091
1650,0.9925183321233720
1660,0.9895270896666516
1670,0.9893807861510799
1680,0.9921465981587673
1690,0.9975207016876990
1700,0.9907337178405680
1710,1.0000000000000000
1720,0.9983884287176863
1730,0.9929314824551363
1740,0.9945409811904934
1750,0.9978366798038552
1760,0.9905596242518437
1770,0.9888733513717120
1780,0.9960700727701771
1790,0.9910209554774289
1800,0.9968820091051235
1810,0.9899194026562002
1820,0.9901697544780018
1830,0.9903834144550597
1840,0.9889093913782570
1850,0.9870056014313627
1860,0.9890312519794020
1870,0.9935750416031283
1880,0.9905061385591685
1890,0.9897404677328424
2070,0.9525690859030045
2080,0.9625797483047833
2090,0.9602297253296321
2100,0.9606043904617223
2120,0.9534636412275418
2130,0.9626172886605563
2140,0.9569457584065935
2150,0.9547399945602467
2160,0.9601635064928716
2170,0.9711554903427928
2180,0.9663268477758863
2190,0.9675651880820623
2200,0.9649243728429562
2210,0.9678508012517554
2220,0.9736778003033120
2320,0.9829682664636158
2330,0.9795854415148646
2340,0.9907952431780298
2350,0.9894390934034411
2370,0.9855751800126185
2380,0.9903396384619738
2390,0.9908900284547443
2400,0.9939591492485197
2410,0.9893118667070250
2420,0.9886436239552320
2430,0.9992725408470422
2440,0.9926780078602412
2450,0.9967480615823561
2460,0.9899468636842008
2470,0.9921706982507745
2480,0.9918709942610716
2490,0.9942169537774066
2500,0.9854981804259992
2510,0.9891135723838256
2520,0.9810031495229373
2540,0.9829150869337093
2550,0.9855317742846343
2560,0.9802850788149486
2570,0.9826930118123325
2580,0.9774633590796411
2590,0.9712413415308045
2600,0.9702833165287957
2610,0.9754917373215193
2620,0.9671074486514342
2630,0.9734461995051780
2640,0.9706778908961600
2650,0.9699725546691620
2660,0.9631701953305670
2670,0.9652713722307701
2680,0.9489441323299591
2690,0.9526401588079125
2700,0.9505410835817856
2710,0.9436887982649768
2830,0.9813486526708884
2840,0.9842964200537259
2850,0.9801442440038857
2860,0.9817899746629110
2870,0.9773232124358583
2880,0.9820704298882015
2890,0.9896741297911265
2900,0.9858006909917927
2910,0.9839124776408771
2920,0.9840337529165017
2930,0.9837733009582437
2940,0.9916459243439421
2950,0.9951109809878218
2960,0.9912533945062196
2970,0.9864444060377868
2980,0.9863992914001678
3230,0.9844713062098034
3240,0.9810780745174347
3250,0.9726488082037757
3260,0.9763841624994818
3270,0.9779877064429561
3280,0.9685305971314832
3350,0.9537132900719728
3360,0.9519205978738426
3370,0.9521502836147580
3380,0.9623345193060978
3390,0.9543636805908239
3400,0.9625156171540651
3410,0.9625982951976413
3420,0.9590340903627611
3430,0.9540373937847293
3440,0.9562099398401329
3450,0.9715615826970779
3460,0.9684046884714175
3470,0.9686488328300011
3480,0.9737064787035850
3490,0.9764699175909639
3500,0.9777425949399071
3510,0.9755492667652753
3520,0.9775630519316928
3530,0.9761423049143395
3540,0.9773840928712159
3550,0.9753550129954790
3560,0.9786081763964485
3570,0.9780852733237967
3580,0.9832992908398765
3590,0.9897980214671971
3600,0.9830846601671519
3610,0.9822262489045345
3620,0.9887353984294244
3630,0.9914862048788403
3640,0.9878759275416186
3650,0.9866328235322080
3800,0.9868770984850589
3810,0.9917855937515648
3890,0.9768443655443741
3900,0.9724040657797661
3910,0.9710040367188248
3920,0.9748503054500534
3930,0.9686986000177710
3940,0.9725854537511222
3970,0.9522115888030288
3980,0.9510997771611550
3990,0.9441821636403769
4000,0.9486138786074365
4010,0.9503171201566925
4020,0.9501229031144440
4030,0.9444453561944521
4040,0.9567239547452916
4050,0.9633915044601843
4060,0.9658350062815030
4070,0.9735611991521264
4150,0.9865380028081042
4160,0.9845967759684018
4170,0.9914983734822873
4180,0.9831399289686170
4190,0.9915286457569837
4200,0.9846649325908772
4210,0.9859304406025200
4220,0.9873324077948400
4230,0.9897759539738954
4240,0.9894980251581026
4250,0.9893297772833978
4260,0.9921116593004745
