60,0.9806757249843916
70,0.9879447993309535
80,0.9803804936516788
90,0.9816461853770529
100,0.9842759396245738
110,0.9858947858668530
120,0.9886562675913133
130,0.9936492959485052
140,0.9915246123648119
150,0.9870880254576099
160,0.9980354215803293
170,0.9991615866885751
180,0.9909983260137483
190,0.9971347655644951
200,0.9952674588913595
210,0.9953943004368762
220,0.9923171068537187
230,0.9971391676264553
240,0.9935882126672567
250,0.9964586746921819
260,0.9937180208844989
270,0.9890258584645923
280,0.9870781964038188
290,0.9903860562013923
300,0.9881840405083756
310,0.9884332921086124
320,0.9831799193377567
620,0.9729929512994308
630,0.9799103698809534
640,0.9859587360385826
650,0.9755422089257874
660,0.9863420232844887
670,0.9775389434344022
690,0.9883102482045376
700,0.9882212411109413
710,0.9842326145751181
720,0.9921784785660827
730,0.9864888100890409
740,0.9849031932430312
750,0.9932365177764174
760,0.9875999386326905
770,0.9895917951855456
1180,0.9893276987043773
1190,0.9880490002856923
1210,0.9792038758381477
1220,0.9571458398728665
1330,0.9764897911777285
1340,0.9779411790777440
1350,0.9744161238488516
1360,0.9711666373812431
1370,0.9793385476450156
1380,0.9794735742634371
1390,0.9763793826578988
1400,0.9788200537766067
1410,0.9775086933762902
1420,0.9848022441674510
1430,0.9826597319598239
1900,0.9611183232220655
1910,0.9591132411557706
2000,0.9910985908308270
2010,0.9930753615845038
2020,0.9877739228678871
2030,0.9923233403449100
2040,0.9936497318657006
2050,0.9916058241447606
2060,0.9978801047097485
2070,0.9996055409283202
2080,0.9905794130128094
2090,0.9947381268466031
2100,0.9975130089693049
2110,0.9909543486040494
2120,0.9986912155737439
2160,0.9900808632791714
2170,0.9911798637479696
2180,0.9958855952464940
2190,0.9893133821031355
2200,0.9882851777282489
2210,0.9898590642075532
2220,0.9915358813918379
2230,0.9993181828328542
2240,0.9944102021776077
2250,0.9945149948564598
2260,0.9899257575387805
2270,0.9934095591088165
2280,0.9995149025544693
2290,0.9900214417868816
2300,0.9913688300269756
2310,0.9934879424899270
2320,0.9966751850090988
2330,0.9951045850815541
2340,0.9938557811325619
2350,0.9905823085206548
2360,0.9981490511720204
2370,0.9972842486123518
2380,0.9938672942341197
2440,0.9955034097261154
2450,0.9918978937358394
2460,0.9941260449410833
2470,0.9941786629564882
2480,0.9886308928336590
2490,0.9966143289565205
2500,0.9910253652538000
2510,0.9874378717625444
2520,0.9875524964906928
2530,0.9929139412597522
2540,0.9860154182359602
2550,0.9900423979142992
2560,0.9724501236043855
2570,0.9524122925526062
2580,0.9509730255051243
2590,0.9442514777821984
2600,0.9429801359369567
2610,0.9401101098341896
2620,0.9393833731793899
2630,0.9509482006918871
2640,0.9581560240697147
2650,0.9693486190640385
2660,0.9762000044352660
2670,0.9761649203356862
2680,0.9739138726545225
2690,0.9746005579793547
2700,0.9775998134440792
2710,0.9766770671377837
2720,0.9798902750510405
2780,0.9789880906915980
2790,0.9761923342748035
2800,0.9711732071761231
2810,0.9762020531975596
2820,0.9744128111581553
2830,0.9746748124017182
2840,0.9809119619198283
2950,0.9968529964504014
2960,0.9983482842274261
2970,0.9890934148203760
2980,0.9919162751357240
2990,0.9901663437458912
3000,0.9869619555137139
3010,0.9887231099513646
3490,0.9719182629197344
3500,0.9731829945670754
3510,0.9769487231652230
3520,0.9699653157207354
3530,0.9706330491536291
3540,0.9809428601178963
3550,0.9730389776823357
3560,0.9804660051367569
3570,0.9831407967561818
3580,0.9826801379165635
3590,0.9758928989137381
3600,0.9804933143590747
3610,0.9898558625161061
3620,0.9889680248035331
3630,0.9929544484100082
3640,0.9950659283095432
3650,0.9946808890491620
3660,0.9906338067998327
3670,0.9886246361587229
3680,0.9984520654507468
3690,0.9926814907578706
3700,0.9908642313005013
3720,0.9967387219860246
3730,0.9868308254685225
3740,0.9938448328898720
3750,0.9880348536413629
3760,0.9886436676967919
3770,0.9896783348039422
4050,0.9989339739152278
4060,0.9891718598815534
4080,0.9972297211206023
4090,0.9968917154690243
4100,0.9955475603119324
4110,0.9962656050006806
4120,0.9874676285769891
4130,0.9909392683208569
4140,0.9925599197061370
4150,0.9912452302950928
4160,0.9870641657202087
4170,0.9886797373643641
4180,0.9918757431147806
4190,0.9885673837287715
4220,0.9894379040231115
4230,0.9917970088123387
4240,0.9907471639918057
4250,0.9865862168092944
4260,0.9856264604759825
4270,0.9865624939063253
4280,0.9845916810202990
4290,0.9864767986744150
4300,0.9834935642143511
4310,0.9842277767863409
4320,0.9864440552231164
