0,0.9893761542908660
10,0.9926853838132027
20,0.9856621232778212
30,0.9853209774732978
40,0.9904159415822673
50,0.9902405830778940
60,0.9814908993448461
70,0.9840881015431121
80,0.9791806040600521
90,0.9806827618388940
100,0.9849966344378913
110,0.9820306562882212
120,0.9776752701628550
130,0.9704151087011846
140,0.9753394924109280
150,0.9719065122711132
160,0.9749023932661398
170,0.9708952433513194
180,0.9620465488391485
190,0.9608114622995265
200,0.9616614437595666
210,0.9447889047404947
220,0.9381766351576005
230,0.9244621502328939
240,0.9216160354252706
250,0.9251097793794139
260,0.9262864090126719
270,0.9303669684119564
280,0.9282384628736646
290,0.9381995410404916
300,0.9437574436633135
310,0.9611042481520897
320,0.9636400027500184
330,0.9663517170892515
340,0.9697795523439355
350,0.9714948871564458
360,0.9733653276302258
370,0.9706439928779765
380,0.9792928059545618
390,0.9715227964091485
450,0.9852434183418213
460,0.9834793235336350
470,0.9828195490916738
480,0.9889943978034063
490,0.9948592827616768
500,0.9919370724172804
510,0.9876797598781003
520,0.9988150962907254
530,0.9993555431520738
540,0.9995518535707302
550,0.9953937546651848
560,0.9963592041726202
570,0.9944218637611530
580,0.9921183202517673
590,0.9989525523352678
600,0.9991720280118577
610,0.9891675044069690
640,0.9871275224929560
880,0.9420719098972941
890,0.9488687989581499
900,0.9443773693055655
910,0.9435060042353883
920,0.9454714802455497
930,0.9470651487860154
940,0.9401413249282006
950,0.9462587053260241
960,0.9426245673839119
970,0.9436330728813792
980,0.9602490464195765
1060,0.9747360119200825
1140,0.9785216939788006
1150,0.9789458625060898
1160,0.9901579394216015
1170,0.9923850020482511
1180,0.9938197139355041
1190,0.9875955829391801
1200,0.9903272084520802
1240,0.9911656832662133
1250,0.9907009676928389
1260,0.9891984677227471
1270,0.9897625157400660
1280,0.9953360343634491
1290,0.9961239582090137
1300,0.9872800647893789
1310,0.9871228954546010
1320,0.9908962418658610
1330,0.9810915827446791
1340,0.9836731328351429
1350,0.9848779287437979
1360,0.9764350778430096
1370,0.9755025303893002
1380,0.9732935263726943
1390,0.9757754947825306
1400,0.9694434823964847
1410,0.9677970296156873
1420,0.9661786170528492
1430,0.9647844390467077
1440,0.9691732779495895
1450,0.9686817702829242
1460,0.9660393690219968
1470,0.9437082730465458
1480,0.9373864281259323
1490,0.9322149379405225
1500,0.9278715074473729
1510,0.9189775772829643
1520,0.9279099075821962
1530,0.9296286138137554
1540,0.9303943343348048
1550,0.9367081143634441
1560,0.9425288630120090
1570,0.9700261919765570
1580,0.9663794686913855
1590,0.9674294325201764
1600,0.9694372797792637
1610,0.9771264704217449
1620,0.9822880168735985
1630,0.9786771047085149
1640,0.9849082385425677
1650,0.9805344074230731
1660,0.9853861507876672
1670,0.9811162044045695
1680,0.9928530476218659
1690,0.9874534690509988
1700,0.9935157903816333
1710,0.9956348564011261
1720,0.9899898151912053
1730,0.9947913114195066
1740,0.9888151864317093
1900,0.9960863470631609
1910,0.9901905625038701
2090,0.9749177870712168
2100,0.9685713595863487
2110,0.9732372439463179
2120,0.9736314061918555
2150,0.9397583554297199
2160,0.9441567743628574
2170,0.9385361789754871
2180,0.9390357440430055
2190,0.9440879067811784
2200,0.9452500088444364
2210,0.9399687885161775
2220,0.9392163117142029
2230,0.9481155543346746
2240,0.9586301545822112
2250,0.9583092310805960
2260,0.9656829083856067
2270,0.9610289151710514
2280,0.9687806694812464
2290,0.9593962761739052
2300,0.9700830800974464
2310,0.9711584168164206
2320,0.9712241994603413
2330,0.9675025959887977
2340,0.9722126452958020
2350,0.9686296656030948
2360,0.9792794133991409
2370,0.9782963003038767
2380,0.9766147229109963
2390,0.9742200842852223
2410,0.9853289129753721
2420,0.9832083415791226
2430,0.9871161260151972
2440,0.9917899834018701
2450,0.9896237501876352
2460,0.9874806141177698
2470,0.9936248579149854
2480,0.9936021158126289
2490,0.9911207266390335
2500,0.9922209459310465
2510,0.9903801746872253
2520,0.9936953596922965
2530,0.9881757918536478
2540,0.9901836940791980
2550,0.9868567764548375
2560,0.9906562221807149
2570,0.9893517206173335
2580,0.9871329385762539
2590,0.9765202465622953
2600,0.9827353357914038
2610,0.9722023328170399
2650,0.9680847670523217
2720,0.9580304867559444
2730,0.9498474695504052
2740,0.9376175664522061
2750,0.9330689922102687
2760,0.9283661866141707
2770,0.9262350753722738
2780,0.9217988172766965
2790,0.9253966456385897
2800,0.9336442000658529
2810,0.9398706082585769
2820,0.9464881760164126
2830,0.9686244505770822
2840,0.9691956070366664
2850,0.9779644895745906
2860,0.9714752994978155
2870,0.9776495159058610
2880,0.9828458728328583
2890,0.9791974362164438
2900,0.9763197442081574
2910,0.9767042423670043
2920,0.9806304315967728
2930,0.9844873524656587
2940,0.9815920601568258
2950,0.9814599972887040
2960,0.9830395137400100
2970,0.9916482568979907
2980,0.9898936067694464
2990,0.9874994878662994
3000,0.9905093362183216
3010,0.9872078218644156
3020,0.9896692166966948
3030,0.9946674816342491
3040,0.9929730747917497
3050,0.9902049678438395
3060,0.9969616500977762
3070,0.9890604361721803
3080,0.9910222134937803
3100,0.9949107529000496
3110,0.9939998723815258
3120,0.9918273828811688
3130,0.9980504580987187
3140,0.9927331074063946
3150,0.9926240083415028
3160,0.9871444667441980
3170,0.9906270989066338
3180,0.9891324965434428
3190,0.9897294544297155
3200,0.9954993372669760
3210,0.9909996648171310
3220,0.9917454004235540
3230,0.9837226107199289
3240,0.9865924057791434
3250,0.9858473538149041
3260,0.9846433235910429
3270,0.9835361435722825
3280,0.9882536396287985
3300,0.9826269609882192
3310,0.9776235605416959
3320,0.9803443910621414
3330,0.9811583058663187
3340,0.9706691944339791
3350,0.9783892309204562
3360,0.9713552282376842
3370,0.9659948267764322
3380,0.9719764021760035
3390,0.9466096446786635
3400,0.9420333869739744
3410,0.9458081622977392
3420,0.9426039069407173
3430,0.9386472088619934
3440,0.9432307409925725
3450,0.9393118756745499
3460,0.9458820631097307
3470,0.9487777110880848
3480,0.9383968399490424
3490,0.9482591029731414
3500,0.9600588225578217
3510,0.9633202421254543
3520,0.9592399653840632
3530,0.9639227218292691
3540,0.9669531781340739
3550,0.9631644043144298
3560,0.9670966146064629
3570,0.9708234021072381
3580,0.9717348467433138
3590,0.9711997027219251
3600,0.9695626929462846
3610,0.9774727849726145
3620,0.9832209300438294
3630,0.9853812496254851
3640,0.9846306408881370
3650,0.9886170578059883
3660,0.9857219684348967
3670,0.9915809518434120
3680,0.9856010346531835
3690,0.9930070186720047
3980,0.9679279930097726
3990,0.9432155483526852
4030,0.9198005235098232
4040,0.9222827439960819
4050,0.9271523012769164
4060,0.9245968653085102
4070,0.9328260535630672
4080,0.9488924491211633
4090,0.9618607471672943
4100,0.9699886046484880
4110,0.9683726731957228
4120,0.9750234354674628
4130,0.9733658481373381
4140,0.9753800362019461
4150,0.9722177369929731
4160,0.9715819950219865
4170,0.9799356677551218
4180,0.9773176565404154
4190,0.9738089808325856
4200,0.9805888714178580
4210,0.9856096713265223
4220,0.9833761610685046
4230,0.9894033374867547
4240,0.9881811125519905
4250,0.9844745113810934
4260,0.9852478033703320
4270,0.9928674226861520
4280,0.9890311317020751
4290,0.9928690015181022
4300,0.9881631254882081
4310,0.9916178730104831
4320,0.9939998946192942
