0,0.9814499885825981
220,0.9924509341069228
230,0.9996095905672308
240,0.9918167001741797
250,0.9990451072983193
260,0.9933238473112329
270,0.9923525522715124
280,0.9870210780071050
290,0.9891966152045935
300,0.9937482060115667
310,0.9853350082262863
320,0.9877280152755277
330,0.9834253441198235
340,0.9856192167126724
350,0.9858101727863671
360,0.9871096560416549
370,0.9917083419489096
380,0.9795364745937273
390,0.9894497731152697
400,0.9804815504530203
410,0.9784605172531355
420,0.9815508427766229
430,0.9845964191807987
440,0.9832839082438912
450,0.9755182669636996
460,0.9758296387372337
470,0.9835320471474778
480,0.9780342403383270
490,0.9748154688548289
500,0.9737379979334885
510,0.9603865490939091
520,0.9599191266303395
530,0.9659292905276419
540,0.9667306760217896
550,0.9595669541927266
560,0.9676487115515293
570,0.9655418580238623
580,0.9635188696629819
590,0.9670182438364605
600,0.9615730660401511
610,0.9671338731484552
620,0.9792224294086462
630,0.9882244284520135
640,0.9795775195549570
650,0.9858466931495892
660,0.9802772276175848
670,0.9820758287410837
680,0.9860517486050240
690,0.9878873217479262
700,0.9815599717377150
710,0.9871419189302877
720,0.9844781572499902
730,0.9892073380963947
740,0.9887987301645793
750,0.9856263999303135
760,0.9952961155345688
770,0.9937792049225030
780,0.9925764092401104
790,0.9964815514089371
800,0.9976825826686897
810,0.9863588683865584
820,0.9871987978224711
830,0.9874709917125036
840,0.9942308807772587
850,0.9902662621497158
860,0.9932202288603563
870,0.9886132262669367
880,0.9927579533984753
890,0.9946024351898476
900,0.9918135597813882
910,0.9980104162511519
920,0.9984303819838010
930,0.9991271356147354
940,0.9909125248847318
950,0.9917484759099676
960,0.9955210561334168
970,0.9917770132913515
980,0.9966826612382240
990,0.9893997857197049
1000,0.9955115355050779
1010,0.9938727598698001
1020,0.9885966604564239
1030,0.9892719763703133
1040,0.9947099512937826
1050,0.9927562200139466
1060,0.9871632497263075
1070,0.9877867120984231
1080,0.9865999775499964
1090,0.9888952381421731
1270,0.9666018079572406
1280,0.9512465827847052
1290,0.9535935740364913
1300,0.9481024774494933
1310,0.9510281680441584
1320,0.9556685717686335
1330,0.9494459732703655
1340,0.9560649072774580
1350,0.9605039044447086
1360,0.9674996100155816
1370,0.9795740012568789
1380,0.9771414952031268
1390,0.9760690975586410
1400,0.9777270163757875
1410,0.9807575429576314
1420,0.9757861196909008
1430,0.9759772511568900
1440,0.9746732963347726
1450,0.9864393077962981
1460,0.9838315138144617
1470,0.9783144112856593
1480,0.9803620562638986
1500,0.9823843528966238
1510,0.9837582030924451
1520,0.9827790023048966
1530,0.9837208457531679
1540,0.9824500639197078
1550,0.9915000360847590
1560,0.9864510568545215
1570,0.9955261859343384
1580,0.9899026409667920
1590,0.9884257105668585
1600,0.9983882107734189
1610,0.9921882802015144
1620,0.9888549302252539
1630,0.9999903279468881
1640,0.9960828765302703
1650,0.9983551365850406
1660,0.9997083006325327
1670,0.9983155647847785
1680,0.9958051376591369
1690,0.9980566396571207
1700,0.9901774580281334
1710,0.9944152049926109
1720,0.9897420569613169
1730,0.9971623724280383
1740,0.9949308091882664
1750,0.9863246852972287
1760,0.9834795304577508
1770,0.9903263932219655
1780,0.9902236122729434
1790,0.9852772600659384
1800,0.9882707563351278
1810,0.9871319258973718
1820,0.9816664816812481
1830,0.9793780269883638
1840,0.9852052048972527
1850,0.9793042146917430
1860,0.9780380431008654
1870,0.9774922500684040
1880,0.9760119948169680
1890,0.9802966416506543
1900,0.9779349189380437
1910,0.9791022724633384
1920,0.9807896917439328
1930,0.9824067349774545
1940,0.9626252264022082
1950,0.9665523596155150
1960,0.9601250193660887
1970,0.9657032878090676
1980,0.9600751176191407
1990,0.9639611266506306
2000,0.9594466578739954
2010,0.9573339579057034
2020,0.9623511319135151
2030,0.9584737035637115
2040,0.9616707431894664
2050,0.9696157869885599
2060,0.9827815000746730
2070,0.9934895478646184
2080,0.9909793121969367
2090,0.9950299525806081
2100,0.9942158074836032
2110,0.9923421063974731
2120,0.9908193557143713
2130,0.9903697188251862
2140,0.9916218962090698
2150,0.9885667465064731
2160,0.9972891985265711
2200,0.9944600396661413
2210,0.9977930259791897
2220,1.0000000000000000
2230,0.9958923434809397
2240,0.9916525337280878
2250,0.9974558420960785
2260,0.9937954419452161
2270,0.9939768452305268
2280,0.9981562393317148
2290,0.9938498931568729
2300,0.9924943581023365
2310,0.9950535040500581
2320,0.9904639878441918
2330,0.9943303401695205
2340,0.9943700601895613
2350,0.9991462546965120
2360,0.9968986391274375
2370,0.9898633981331487
2380,0.9888933284052480
2390,0.9972155447158558
2400,0.9866360413584689
2410,0.9942146393632501
2420,0.9972796465515118
2430,0.9934315686350148
2440,0.9916450794377235
2480,0.9878071246713391
2490,0.9865665531482821
2500,0.9910962322677471
2510,0.9909721913678159
2520,0.9891627287211815
2530,0.9923273665648761
2590,0.9825718532156593
2600,0.9870639242009365
2610,0.9930791227382828
2620,0.9873333654374101
2630,0.9828853862824295
2640,0.9857821757873536
2650,0.9840638713646274
2660,0.9868005477149698
2670,0.9859615155032506
2680,0.9902615953430346
2690,0.9835333245959025
2700,0.9743662663024767
2770,0.9517152516764296
2790,0.9668291432115974
2920,0.9766986549618463
2930,0.9821971365932474
2940,0.9805058068176159
2950,0.9838454055731473
2960,0.9827064530168270
2970,0.9816120189819645
2980,0.9833713046903823
2990,0.9760689344426544
3000,0.9836336551973912
3010,0.9791682994988236
3020,0.9783925061430347
3030,0.9814808307907101
3040,0.9883882958942266
3050,0.9917265096862734
3060,0.9938273104168005
3070,0.9878233850275078
3080,0.9866396742162215
3090,0.9918654353707858
3100,0.9909596752840838
3110,0.9950623931950521
3120,0.9885233415976770
3130,0.9939423717561439
3140,0.9929996393830069
3150,0.9943110538226244
3160,0.9986638307578635
3170,0.9979704719063736
3180,0.9981558145990457
3190,0.9956406671054266
3200,0.9887567204101313
3210,0.9889150946871306
3220,0.9871707409023981
3230,0.9920346076399532
3240,0.9897301426723745
3250,0.9827714531659245
3260,0.9825227718491440
3270,0.9848360850914306
3280,0.9884123833673594
3290,0.9792023111156518
3300,0.9780346869620977
3310,0.9759824609043866
3320,0.9820979059646067
3330,0.9809483744140624
3390,0.9669608969549144
3400,0.9649354174706276
3410,0.9604140527156632
3420,0.9626902448591913
3430,0.9595856196539121
3440,0.9634875852604182
3450,0.9581071920140042
3460,0.9610137191778737
3470,0.9637972850785923
3480,0.9592158590175560
3530,0.9983028659107578
3540,0.9889734422631694
3620,0.9877788973536098
3630,0.9975097219615043
3640,0.9900354274262178
3650,0.9965517226879885
3660,0.9911310430032696
3670,0.9918884970369271
3680,0.9921855650334227
3690,0.9921069826284318
3700,0.9835493459126036
3710,0.9813573041810946
3720,0.9884197775378447
3730,0.9880255842864238
3740,0.9894495204154482
3750,0.9880457819410712
3760,0.9830127418859785
3770,0.9862771731944154
3780,0.9857971879693793
3790,0.9840743716524879
3800,0.9858088370700642
3810,0.9804849211580332
3820,0.9796524620698671
3830,0.9851645084960907
3840,0.9842341440127635
3850,0.9768453800558319
3860,0.9785522051300466
3870,0.9744245449253167
3880,0.9803052949655447
3890,0.9779340563284595
3900,0.9846653711128661
3910,0.9792021213681629
3920,0.9843747581267747
3930,0.9816775901378111
3940,0.9843988466747698
3950,0.9805744027922297
3960,0.9779962915369663
3970,0.9868405503525595
3980,0.9876398528144483
3990,0.9845992832832194
4000,0.9864900248745493
4010,0.9796537725737137
4020,0.9803694866404464
4030,0.9904015588783283
4040,0.9900756736782254
4050,0.9882235830950773
4060,0.9893430482573298
4070,0.9934808354324116
4080,0.9939360217837749
4090,0.9875105526969953
4100,0.9865611159547463
4110,0.9948797672443291
4120,0.9892214248549531
4130,0.9938246633749055
4140,0.9727263159969315
4150,0.9615476888291857
4160,0.9563594130571493
4170,0.9508878004536209
4180,0.9495892844257734
4190,0.9562090295149249
4200,0.9504386923658031
4210,0.9542468708664988
4220,0.9621793193481373
4230,0.9716087083834736
4240,0.9894181234895877
4250,0.9929103151279568
4260,0.9939855923173178
