0,0.9841325747686630
10,0.9896366562693408
20,0.9822856933010620
30,0.9899430243102457
40,0.9821465731106561
50,0.9868008348793964
110,0.9658869185189277
120,0.9561301864604272
130,0.9511863044892590
140,0.9552597870515607
150,0.9455959073902301
160,0.9505397684427046
170,0.9487635242029436
180,0.9566357524478023
190,0.9525477976820941
200,0.9622003343077421
210,0.9729123519844789
220,0.9755727460126692
230,0.9840877498726708
240,0.9783847248681159
250,0.9813643455628953
260,0.9879724816205804
270,0.9882934371206320
280,0.9898150479194531
290,0.9875185980624163
300,0.9839467486729861
310,0.9870015159558653
320,0.9904842080405618
330,0.9908639469438608
340,0.9946224045686592
350,0.9895509767146144
360,0.9901373855016120
370,0.9895802021971744
380,0.9975498113980933
390,0.9885048528068712
400,0.9954083474395172
410,0.9974906434723381
420,0.9996533241849274
430,0.9990309632800001
440,0.9920465744047723
450,0.9967141653711759
460,0.9993292144414209
470,0.9904177894810476
480,0.9892770655570917
490,0.9915334627381754
530,0.9942535311393178
540,0.9948177725095788
550,0.9953010083588740
560,0.9904582280795605
570,0.9958810775035641
580,0.9933200623198386
590,0.9876533335214178
600,0.9827466451983783
610,0.9894871842962800
620,0.9912347587784123
640,0.9839815570125561
650,0.9890301156494157
660,0.9889677325726118
670,0.9819440009130026
680,0.9780347702222670
690,0.9783642522546232
700,0.9876531042531784
710,0.9777932147224097
720,0.9867052033421034
830,0.9720765711712587
840,0.9585441732767526
850,0.9612399243522064
860,0.9611548494067551
870,0.9596262901238147
880,0.9658798738880994
890,0.9630159736280753
900,0.9624181243342155
910,0.9556778139006755
920,0.9651953756796563
930,0.9615309157575342
940,0.9676609356497036
950,0.9851311012064974
960,0.9862230639528781
970,0.9845331281472404
980,0.9849923376914931
990,0.9770074608956638
1000,0.9785180337901912
1010,0.9843031899146426
1020,0.9844228290526346
1030,0.9785282287723801
1040,0.9883872316660910
1050,0.9840669523932588
1060,0.9819387584697754
1070,0.9849378953382950
1080,0.9870815796708603
1090,0.9918768951728026
1100,0.9898619443014701
1110,0.9825931912040307
1120,0.9901910502521822
1130,0.9860540445069478
1140,0.9846121657525183
1150,0.9842629075281498
1160,0.9941048085388305
1170,0.9937179233273774
1180,0.9907289078929278
1190,0.9879366927335110
1200,0.9971808630372709
1210,0.9869117355230839
1220,0.9958319577578955
1230,0.9893708835247306
1240,0.9975760438209065
1300,0.9888396799743097
1310,0.9977959733366188
1320,0.9941951048776424
1330,0.9900455952105690
1380,0.9886789214790954
1390,0.9933929447069564
1440,0.9815231775273991
1450,0.9772964726352318
1460,0.9718881191710455
1470,0.9537102858546563
1480,0.9474301568411331
1490,0.9491354539222305
1500,0.9503631601911587
1510,0.9423994043436575
1520,0.9451873771843653
1530,0.9524899800047811
1540,0.9603454788996043
1550,0.9670537660280422
1560,0.9805832873571055
1570,0.9766329740758020
1580,0.9773625839892772
1590,0.9802430204692172
1600,0.9843098832331695
1610,0.9803459103560572
1620,0.9778622838402271
1630,0.9877407759146196
1640,0.9885028038404446
1650,0.9832959373754142
1660,0.9858473100024691
1670,0.9872688830816357
1680,0.9931318988485751
1690,0.9872518395306775
1700,0.9911341842062973
1710,0.9887261518157570
1720,0.9949775060025845
1730,0.9961034862367064
1740,0.9975913187286414
1750,0.9905977272833493
1760,0.9949332011402238
1770,0.9912579767201439
1780,0.9897623243217082
1790,0.9991614507314218
1930,0.9774301728069019
1940,0.9866005472342391
1950,0.9755394871629447
1960,0.9851583147402662
1970,0.9792719232130249
1980,0.9759352237341584
1990,0.9841826817621301
2000,0.9781434486905217
2010,0.9759961003879044
2020,0.9740058436454544
2030,0.9849733411731040
2040,0.9794854985436375
2050,0.9769793620054643
2060,0.9766405482655488
2070,0.9807107220893997
2100,0.9809008926536845
2110,0.9869710520061502
2120,0.9890238851987964
2130,0.9811236255610565
2170,0.9770574543652158
2180,0.9700387039227950
2190,0.9605151687672415
2200,0.9600086411220907
2210,0.9621119216868541
2220,0.9637008695796796
2230,0.9615477953663717
2240,0.9669544141397670
2250,0.9597036283891758
2260,0.9633811351784738
2270,0.9622630281291202
2280,0.9647942734583298
2290,0.9780493343917388
2300,0.9934220113874953
2310,0.9886698787278125
2320,0.9905805933156635
2330,0.9946994802300370
2340,0.9904053194053690
2350,0.9920792169595424
2360,0.9921017311551353
2370,0.9927034662472126
2380,0.9920467949878131
2390,0.9979576323282529
2400,0.9886458068051660
2410,0.9926682279171436
2420,0.9935329838289398
2430,0.9931750995896232
2440,0.9960419347883727
2450,0.9978679613397982
2460,0.9971238753056469
2470,0.9990855099758152
2480,0.9962080724117751
2490,0.9937784884678166
2500,0.9889594412318289
2510,0.9922573149577164
2520,0.9898538082919226
2530,0.9919197323600161
2540,0.9946563813991181
2550,0.9905657184401743
2560,0.9988105717539455
2570,0.9966157467286453
2580,0.9919681289198006
2590,0.9983887877363022
2600,0.9944151852583579
2610,0.9921998217552894
2620,1.0000000000000000
2630,0.9886083412012100
2640,0.9944600222613018
2650,0.9997632785620022
2660,0.9949712224821784
2670,0.9952243853108033
2680,0.9983443449260823
2690,0.9901254833764093
2700,0.9979957683507721
2710,0.9966057466942685
2720,0.9902695623418060
2730,0.9961061601430656
2740,0.9969581909558837
2750,0.9922601942328981
2760,0.9886015075142096
2770,0.9923097353519296
2780,0.9898925532653490
2790,0.9891840559671945
2800,0.9798225141591713
2810,0.9684282377707195
2820,0.9619472552038902
2830,0.9498707800922730
2840,0.9509301812874857
2850,0.9467784010708745
2860,0.9542829621415239
2870,0.9498408391470734
2880,0.9532246668659946
2890,0.9649350809943676
2900,0.9803195951125913
2910,0.9901046466760400
2920,0.9843590496738224
2930,0.9832794308773364
2940,0.9862210692267375
2950,0.9908877583159710
2960,0.9792069574814769
2970,0.9839915999969384
2980,0.9863203763216327
2990,0.9837128638740505
3000,0.9874228591134353
3010,0.9768317532328077
3020,0.9810943776058907
3030,0.9792733528139487
3040,0.9829929074838341
3050,0.9786306233910713
3060,0.9804909630883468
3070,0.9740319013174337
3080,0.9742961284024657
3090,0.9737122855160267
3100,0.9808940727043231
3110,0.9821082247281935
3120,0.9846806076810298
3130,0.9815768208682515
3140,0.9778017519025003
3150,0.9871960949280795
3160,0.9835780555106947
3170,0.9812431684470748
3180,0.9859400028532208
3190,0.9785513229567848
3200,0.9863564909946516
3210,0.9905240080392149
3220,0.9925603392292559
3230,0.9872985494081663
3240,0.9908074447333767
3250,0.9934000594348846
3260,0.9904227552314090
3270,0.9864060066946159
3280,0.9974141880119488
3290,0.9918335428261047
3300,0.9980582725650988
3310,0.9998223691616555
3320,0.9981553778762102
3330,0.9925310002677736
3340,0.9912496327892482
3350,0.9914382747132294
3360,0.9980618718048108
3370,0.9953678681729585
3380,0.9977115273035156
3390,0.9884583004663788
3400,0.9870517733889969
3410,0.9869464470470718
3420,0.9849371254058539
3430,0.9836721657366357
3440,0.9871910701054477
3450,0.9837968773075936
3460,0.9809007094448478
3470,0.9861407241977184
3480,0.9756236972604218
3490,0.9830277590678547
3500,0.9845539158900477
3510,0.9833228666010295
3520,0.9658598454311519
3530,0.9598324680128493
3540,0.9560199916849076
3550,0.9652396014473363
3560,0.9595420006325913
3570,0.9558158179830701
3580,0.9647242387065811
3590,0.9618781944362428
3600,0.9605376609114435
3610,0.9588952128150591
3620,0.9647489005536914
3630,0.9661045297813688
3640,0.9826427715499240
3650,0.9949541816241534
3660,0.9908741031084981
3670,0.9972650723936914
3680,0.9919499155466686
3690,0.9922135704438522
3700,0.9895827698055178
3710,0.9889878129783837
3720,0.9929187447680546
3730,0.9964797053276357
3740,0.9913812849400166
3750,0.9912252695629817
3760,0.9908749933297071
3830,0.9949797698360557
3840,0.9894510201936162
3850,0.9835402716548696
3860,0.9900208781302192
3870,0.9893682030571734
3880,0.9849999546360173
3890,0.9817091529043721
3900,0.9814452952240074
3910,0.9872332951224646
3920,0.9888535194151135
3930,0.9861057454936164
3940,0.9892557845191053
3950,0.9839920736818590
3960,0.9821146298662147
3970,0.9878635489886689
3980,0.9846067204926742
3990,0.9794449525494479
4000,0.9778912586508725
4010,0.9826333581807957
4020,0.9809520445541505
4030,0.9850259211322654
4040,0.9781393250949654
4050,0.9782129582651357
4060,0.9752213532133349
4070,0.9858192831652681
4080,0.9837682561606268
4090,0.9772854808488568
4100,0.9791244389847475
4110,0.9779229019611920
4120,0.9795915857332710
4130,0.9757410093170914
4140,0.9770558513164338
4150,0.9706654422822368
4160,0.9597577701228638
4170,0.9532116253688373
4180,0.9481904110956144
4190,0.9440579004122406
4200,0.9448530933934947
4210,0.9498345512802092
4220,0.9531700126960233
4230,0.9599308579061907
4240,0.9710067245004217
4250,0.9825966243524730
4260,0.9741863511482802
4270,0.9836822506511843
4280,0.9809138468671683
4290,0.9798336072884032
4300,0.9849562589634933
4310,0.9839165172915452
4320,0.9830686084491977
