320,0.9789704245764561
330,0.9795946039053726
340,0.9771957840871952
690,0.9911982361910520
700,0.9841748812321124
710,0.9855905261455991
720,0.9882714545460725
730,0.9947597850209960
740,0.9959674809370826
750,0.9895074850786226
760,0.9879265199921559
770,0.9972063143101626
1160,0.9777139307893543
1280,0.9431222795097535
1290,0.9507459214503110
1330,0.9713885695917944
1340,0.9697621577302418
1350,0.9736907737458099
1440,0.9700205647963696
1450,0.9747516807633042
1460,0.9767284757813695
1470,0.9839911254984833
1480,0.9796336205081576
1490,0.9822706868925908
1500,0.9823985225531698
1510,0.9910726665480908
1880,0.9262175496158089
1890,0.9246293323275299
1900,0.9291539660539201
2060,0.9957572375922379
2070,0.9875094495088431
2080,0.9919267510793010
2090,0.9974361590699793
2100,0.9873886650427953
2110,0.9917341274380281
2120,0.9866096103714976
2130,0.9912878101878233
2250,0.9788883975942818
2260,0.9800049319780411
2270,0.9746332413687695
2490,0.9732183391147331
2500,0.9641051226988498
2630,0.9494927979540245
2640,0.9516650767223592
2680,0.9499643093268767
2690,0.9475897062937412
2700,0.9462147754570004
2710,0.9477213575993984
2720,0.9521857511733509
2730,0.9696498773845399
2740,0.9657753906744508
2780,0.9663058072011047
3090,0.9874726534323446
3100,0.9799251710049263
3110,0.9869637426991458
3260,0.9442221671345581
3270,0.9353437656903857
3280,0.9266952003081861
3290,0.9272057207506248
3300,0.9356892433164108
3310,0.9329308951923585
3320,0.9371473762176447
3330,0.9441790240712701
3340,0.9621485573693029
3350,0.9842364238905883
3360,0.9855953285059168
3370,0.9901649506362056
3380,0.9887754326170247
3390,0.9782874022787854
3400,0.9869762045854716
3410,0.9754624741983751
3420,0.9795013308311212
3430,0.9770901278233795
3440,0.9766317466117764
3450,0.9743149247030318
3630,0.9727149891216387
3640,0.9822258676343036
3660,0.9882338492034812
4000,0.9736850424460683
4010,0.9709053473327766
4020,0.9786152406907116
4030,0.9546430926150350
4040,0.9423105846346939
4190,0.9939036508442582
4200,0.9915863622667415
4210,0.9984774511764360
4220,0.9947669255507086
4230,0.9896475655793378
4240,0.9963744760491001
4250,0.9951370083484344
4290,0.9988570515595416
4300,0.9896502720585985
4310,0.9886730292920256
4320,0.9959370693826121
