0,0.9570793160824691
10,0.9599226956967043
20,0.9503556682774660
30,0.9547554646527903
40,0.9585486139817677
50,0.9699282888791247
60,0.9726902390498159
70,0.9654331801362109
80,0.9766209880632872
90,0.9714754537099923
100,0.9696735530085256
110,0.9744608434026935
120,0.9704566540268607
130,0.9774542640377440
140,0.9828288055417037
150,0.9793311918439898
160,0.9782821293900944
170,0.9861300140006568
180,0.9800644239202820
190,0.9827364177333030
200,0.9861126888709241
210,0.9870422735872164
220,0.9896631012285023
230,0.9876738901080662
240,0.9942762903487513
250,0.9919691691173712
260,0.9922438161354629
270,0.9971318831772371
280,0.9875825178440466
290,0.9958932424717797
300,0.9973841742557396
310,0.9979442084155654
360,0.9879323248859624
370,0.9957242680452359
380,0.9948790146210460
400,0.9939662344616859
410,0.9945470639656170
470,0.9797551640202872
480,0.9815116503115511
490,0.9850276159435241
500,0.9785601012695290
510,0.9765841402856195
520,0.9765974755989806
530,0.9726452863110904
540,0.9766467198506428
550,0.9742891455921627
560,0.9714846429663490
570,0.9772531920367769
580,0.9658957456693127
590,0.9669108690971665
610,0.9657596602760898
620,0.9665010440852732
630,0.9659717586686196
640,0.9593753465793887
650,0.9478567283737127
660,0.9489137877117789
670,0.9460247449031466
680,0.9392216042645598
690,0.9446281014044933
700,0.9448327375415542
710,0.9423700722729424
720,0.9471533870186634
730,0.9518535926998610
740,0.9524319828833193
750,0.9615691401221325
760,0.9673234846527784
770,0.9727194165949274
780,0.9733641797192389
820,0.9756355443524448
830,0.9732168534017622
840,0.9761000330740176
850,0.9766228558343800
860,0.9751952023790884
870,0.9844769737364543
880,0.9851672053635476
890,0.9770465653462627
900,0.9816211389850890
910,0.9794931963177411
920,0.9859545342549029
930,0.9828432763657874
940,0.9877420057162771
950,0.9891087989613707
960,0.9927841189083872
1020,0.9942293040221294
1030,0.9877038272774672
1040,0.9977733992535095
1050,0.9892336370332577
1060,0.9896533715768917
1070,0.9979265255802097
1080,0.9937970697319426
1090,0.9972345806526546
1100,0.9998495664852852
1110,0.9993475056866400
1120,0.9953393245813608
1130,0.9955006405930886
1140,0.9940534081645676
1150,0.9961671859700690
1160,0.9981922928079965
1170,0.9901262866875409
1180,0.9961195656085385
1190,0.9855992457296420
1200,0.9842052471660370
1210,0.9936196867863628
1220,0.9886353724502762
1230,0.9863846733485152
1240,0.9834336417137086
1250,0.9797744130264576
1260,0.9873887074752820
1270,0.9801292216468646
1280,0.9794306559649633
1290,0.9724976073399100
1300,0.9801425007546154
1310,0.9766452345560116
1320,0.9686001937823245
1330,0.9704846610394100
1340,0.9676467519003039
1350,0.9577681645961592
1360,0.9546986357144182
1370,0.9572597143114968
1380,0.9530143589734208
1390,0.9602554573322376
1400,0.9547814233675065
1410,0.9530023798163133
1420,0.9536594159048549
1430,0.9587882586478828
1440,0.9550188636482781
1450,0.9669588605561891
1460,0.9722858171222346
1470,0.9680377307658815
1480,0.9772325737733238
1490,0.9687889807144964
1500,0.9774928176626705
1540,0.9855209063586097
1550,0.9780231603092842
1560,0.9821942628240051
1570,0.9880779689144915
1580,0.9813961659636273
1590,0.9870006248392161
1600,0.9940371989218432
1610,0.9850500955828405
1620,0.9941803447321595
1630,0.9918315517533899
1640,0.9920376249254409
1650,0.9961698404893345
1660,0.9921683338088766
1670,0.9956684155071420
1680,0.9887986694243881
1690,0.9926821490796250
1700,0.9953918144078588
1710,0.9919208392588185
1720,0.9881795975533912
1730,0.9894787837171014
1790,0.9867627744535785
1800,0.9842636191993074
1810,0.9850219426889888
1820,0.9893073319723317
1830,0.9778808601792961
1840,0.9814455365584914
1850,0.9803338842164973
1860,0.9766518303955508
1870,0.9803048503023019
1880,0.9724534739029762
1890,0.9797401286689925
1900,0.9805414133062250
1910,0.9692402658457137
1920,0.9686245857836572
1930,0.9720074823788960
1940,0.9699481071024529
1950,0.9737152417778479
1960,0.9763965664739110
1970,0.9663919529757854
1980,0.9689135231750745
1990,0.9646885812355983
2000,0.9664986058919677
2010,0.9737824390108011
2020,0.9674401219828694
2030,0.9656922268711245
2040,0.9578968147094036
2050,0.9471609976307713
2060,0.9444579885094361
2070,0.9430375316627155
2080,0.9413238379332897
2090,0.9468590701525180
2100,0.9387316239049991
2110,0.9481798259140813
2120,0.9452830886979297
2130,0.9472355681937761
2140,0.9581438322550317
2150,0.9729152681154325
2160,0.9671059431694312
2170,0.9727084093154005
2180,0.9641056641739306
2190,0.9668100720552352
2200,0.9694234331431776
2210,0.9729603236296684
2220,0.9731729904950368
2230,0.9681524613130668
2240,0.9687194845279664
2250,0.9764114071391589
2260,0.9711182121695470
2270,0.9757622891602198
2280,0.9727312078306760
2290,0.9746298334266639
2300,0.9808269867933171
2310,0.9847710673081992
2320,0.9828713811175080
2330,0.9790353311280466
2340,0.9823108530566433
2350,0.9781894338115239
2360,0.9822731925113601
2370,0.9807271023120727
2380,0.9826982106869093
2390,0.9836463345279653
2400,0.9940847401163209
2410,0.9870310156780360
2420,0.9862343557889041
2430,0.9965272143352486
2440,0.9926920833838155
2450,0.9943136330637192
2460,0.9935637275546919
2470,0.9973657965205460
2480,0.9932340821448551
2490,0.9993605062593062
2500,0.9925198266548777
2510,0.9919453934509420
2520,0.9912963454940549
2530,0.9956875054740402
2540,0.9949313719581102
2550,0.9908852809659224
2560,0.9924396547891048
2570,0.9894431744656500
2580,0.9857936971101320
2590,0.9863602885760474
2600,0.9842876740337178
2610,0.9834943305587218
2620,0.9902753410831638
2630,0.9789656602859138
2640,0.9789634991135289
2650,0.9740858146879184
2660,0.9822335667849961
2670,0.9733816528783006
2680,0.9780220874913491
2690,0.9722474053621654
2700,0.9703735138690663
2710,0.9702268129169942
2720,0.9678828300041867
2730,0.9687562434681534
2740,0.9629783644805211
2750,0.9505167987044039
2760,0.9499078857144038
2770,0.9584217934455621
2780,0.9531452289531877
2790,0.9579569852269721
2800,0.9550486957626295
2810,0.9541388385350478
2820,0.9513739883850476
2830,0.9544373443307207
2840,0.9586674015224276
2850,0.9675564378248245
2860,0.9693559679494655
2870,0.9718498308687089
2880,0.9810309494619704
2890,0.9725468768227751
2900,0.9766400056564769
2910,0.9748786315952309
2920,0.9779221189433749
2930,0.9856088982512509
2940,0.9783318812146624
2950,0.9873504226711460
2960,0.9914707972422737
2970,0.9852615180533336
2980,0.9835069846324169
2990,0.9907401298058008
3000,0.9951061807128160
3010,0.9915865647767877
3050,0.9889111687165348
3060,0.9947071253951041
3070,0.9928852203231624
3080,0.9897866949688834
3090,1.0000000000000000
3100,0.9926741465694163
3110,0.9892697180818532
3120,0.9898137502067711
3130,0.9975349362967048
3140,0.9874232913697945
3170,0.9865053745933405
3180,0.9847707705538642
3190,0.9881293044771841
3200,0.9836423280125316
3210,0.9918140384759058
3220,0.9927899931869397
3230,0.9898301119865585
3240,0.9816516400636561
3280,0.9852341104003463
3290,0.9773543333788856
3300,0.9817423162459558
3310,0.9795584993563883
3320,0.9799443849432058
3330,0.9737787924235131
3340,0.9734319783137096
3350,0.9746766110817012
3360,0.9742407721153095
3370,0.9720055425327095
3380,0.9696945284611046
3390,0.9711153631804360
3400,0.9717807694329940
3410,0.9679735834957426
3420,0.9660399512297682
3430,0.9539560561282169
3440,0.9496840058491565
3450,0.9458837921424864
3460,0.9411793269394230
3470,0.9400116920600268
3480,0.9391825837937503
3490,0.9384207401717507
3500,0.9382261669926383
3520,0.9495898386348410
3570,0.9726872895467121
3580,0.9659451400408032
3600,0.9705764825710264
3610,0.9713144377660933
3660,0.9794580530847699
3670,0.9829320945354660
3680,0.9779505213959190
3690,0.9826486528912642
3700,0.9807774959677129
3710,0.9837221531870308
3720,0.9902802382876231
3730,0.9851339301881832
3740,0.9843816058041561
3750,0.9836288906908681
3760,0.9879807474508893
3770,0.9891675491250602
3780,0.9950420873387028
3790,0.9891997545442843
3800,0.9922768602592851
3810,0.9946883131713128
3820,0.9957861723452616
3830,0.9987430691138912
3840,0.9890679048125468
3850,0.9911426725302673
3860,0.9977134690505215
3870,0.9997259721954981
3880,0.9906006901465659
3890,0.9889559194512200
3900,0.9886590463963585
3910,0.9880214781269970
3920,0.9963938881238354
3930,0.9907455395101782
3940,0.9932544362895134
3950,0.9905294501905819
3960,0.9929618914184538
3970,0.9934415926033968
3980,0.9856134237489785
3990,0.9843086645586602
4000,0.9833420357751520
4010,0.9833314931240429
4080,0.9784201959850419
4090,0.9749303313112595
4100,0.9670833012021424
4110,0.9679592428784293
4120,0.9721128864482005
4130,0.9680525766250383
4140,0.9606142672215093
4160,0.9586963075438698
4170,0.9509091714592562
4180,0.9522989219833550
4190,0.9559662575767431
4200,0.9603142879231100
4210,0.9510151610995328
4220,0.9589290683953765
4230,0.9511777889543348
4240,0.9665329816058542
4250,0.9707425869961983
4260,0.9678637640665750
4270,0.9659691764858924
4280,0.9730811362176680
4290,0.9755241211059652
4300,0.9736041735635044
4310,0.9798143051865736
4320,0.9794461197156414
