0,0.9735694128873796
10,0.9802820076845180
20,0.9782999371329060
30,0.9792529183709983
40,0.9873769866599635
50,0.9826561147414316
60,0.9788786637967842
80,0.9930372929710809
90,0.9859918363003809
100,0.9931613242056414
110,0.9937484328924547
120,0.9899957767242503
130,0.9969818205279057
140,0.9922296530043317
150,0.9961654378848523
160,0.9920392450827007
170,0.9960698065689120
180,0.9949652154179562
190,0.9962010523000768
200,1.0000000000000000
210,0.9882790917336521
220,0.9903825721772584
230,0.9935795147219654
240,0.9946703795181481
250,0.9888583358665415
260,0.9937334845612052
270,0.9850071942835777
280,0.9908079630543459
290,0.9907268818974924
300,0.9886577917179948
310,0.9803087698110113
320,0.9855868100468662
330,0.9817752126229189
340,0.9737122589037747
350,0.9776133051103524
360,0.9758302745464467
370,0.9777907295852589
380,0.9754500658611571
450,0.9632630807088545
460,0.9715353634691605
470,0.9576322765106442
480,0.9467320524439593
490,0.9459654767679991
500,0.9462594932819105
510,0.9375825777188285
520,0.9395199935269331
530,0.9421955029643855
540,0.9355542593436943
550,0.9370912612690231
560,0.9498499366481145
590,0.9754344206641765
600,0.9729533217023317
610,0.9756947624895429
620,0.9768975201975757
630,0.9820324736693833
640,0.9755170977749931
650,0.9786271320857327
660,0.9802146702431503
670,0.9848440763414517
680,0.9781929104534853
690,0.9822373253423036
700,0.9863178544064166
710,0.9824929068728401
720,0.9890511871525400
730,0.9892621205930308
740,0.9900758213795208
750,0.9937571547700328
760,0.9851428290562431
770,0.9945389265276141
780,0.9911431358086060
790,0.9951339808768270
800,0.9901205566027181
860,0.9989589435130495
870,0.9922872949292458
880,0.9978994058714031
890,0.9977408484047283
900,0.9942335463936187
910,0.9954910016449462
920,0.9967768513494006
930,0.9931648309292413
940,0.9982197557784525
950,0.9921396446980042
960,0.9993825541181575
970,0.9962673935873934
980,0.9892825712381694
990,0.9919869783137288
1000,0.9963152468240076
1010,0.9961689995096962
1020,0.9930852189969691
1030,0.9921377384548543
1040,0.9898682838609973
1050,0.9857490753190223
1060,0.9853964665913938
1070,0.9868831020356784
1080,0.9867508548556176
1090,0.9922541908513967
1100,0.9829443887056351
1110,0.9910187160203457
1120,0.9853647982205759
1130,0.9790884375272226
1140,0.9849301461317055
1150,0.9798386189356949
1160,0.9844743597837488
1170,0.9815060813804382
1180,0.9824126940301166
1190,0.9587124307462142
1200,0.9580082079926141
1210,0.9590226030556748
1220,0.9560842332011257
1230,0.9549791721171965
1240,0.9490094046124772
1250,0.9498001875524008
1260,0.9494426034306035
1270,0.9487678075184650
1280,0.9557986670751595
1290,0.9576493883776306
1300,0.9626888337314644
1310,0.9716299133592442
1320,0.9669876185710932
1330,0.9656918414839147
1340,0.9740124296339473
1350,0.9750940205472964
1360,0.9759755215830317
1370,0.9691053058180465
1380,0.9711617809380926
1390,0.9770938989084985
1400,0.9844315414968337
1410,0.9799191869026311
1420,0.9803188040475406
1430,0.9844434081050668
1440,0.9816968033445332
1450,0.9876078635323301
1460,0.9906532440585117
1470,0.9953035681456398
1480,0.9979220187534785
1490,0.9901539793738496
1500,0.9924179825589150
1510,0.9967684309274932
1520,0.9907435075547227
1530,0.9892988362662268
1540,0.9910144488614885
1550,0.9969811287301656
1560,0.9950708635031968
1570,0.9945577899122700
1580,0.9877632492567787
1590,0.9810482092530362
1600,0.9790719689790081
1610,0.9866833735393652
1620,0.9791989063208048
1630,0.9802508573963691
1640,0.9724749424002093
1650,0.9751879347969724
1660,0.9699134358327478
1670,0.9691893759756616
1680,0.9666844137793504
1690,0.9659124503686025
1700,0.9712472884623249
1710,0.9681256739986888
1720,0.9648093579394552
1730,0.9729961779014124
1740,0.9656650572011758
1750,0.9707996498853539
1760,0.9737270222597203
1770,0.9718788183689344
1780,0.9742467776994869
1790,0.9730047778881865
1800,0.9653929633955474
1810,0.9675535362834424
1820,0.9513534814441803
1830,0.9481149741516571
1840,0.9362418550088770
1850,0.9445706298488497
1860,0.9325891860681071
1870,0.9326373258855639
1880,0.9437451004638970
1890,0.9412587096728495
1900,0.9508816014045492
1910,0.9573629186178317
1920,0.9723232303359144
1930,0.9779883731269426
1940,0.9780237150011670
1950,0.9809169153607916
1960,0.9838166784393408
1970,0.9826805615883600
1980,0.9891914098470185
1990,0.9866848582800178
2000,0.9865534644002061
2010,0.9874367451514749
2020,0.9799427600243490
2030,0.9909561678998215
2040,0.9874389777256597
2050,0.9911012095617696
2060,0.9883730251636772
2070,0.9842356648069387
2080,0.9883833103310283
2090,0.9929442345360460
2100,0.9890874279730913
2110,0.9845098043464034
2120,0.9909159395349015
2130,0.9883569539011808
2270,0.9881207054445235
2280,0.9980868819796577
2290,0.9986466967437110
2300,0.9960904584175936
2310,0.9981067116049962
2320,0.9921351080168066
2330,0.9884768345913616
2340,0.9900524937574781
2380,0.9944304246879145
2390,0.9938299198269964
2430,0.9951503590746048
2440,0.9944043355263482
2450,0.9983658718416090
2460,0.9945709513244112
2470,0.9920387891499902
2480,0.9852945502942696
2490,0.9850688810436004
2500,0.9868370810334354
2510,0.9864429833259227
2520,0.9813221894899767
2530,0.9789718966302028
2540,0.9636614474177041
2550,0.9541413879915482
2560,0.9564827150400859
2570,0.9492673300918615
2580,0.9532696929599306
2590,0.9572141408680405
2600,0.9484977293253144
2610,0.9537794363237941
2620,0.9588950383899548
2630,0.9520324426356902
2640,0.9635667066347878
2650,0.9739119915075393
2660,0.9724338663398907
2670,0.9713989548372352
2680,0.9706897894812540
2690,0.9759643574567360
2700,0.9672853085181149
2710,0.9694397670974647
2720,0.9757272892554611
2730,0.9815521931919039
2740,0.9827250035081850
2750,0.9848480821356317
2760,0.9833920858561017
2770,0.9887565366811137
2780,0.9839249092804604
2790,0.9865654968145550
2800,0.9937693349605348
2810,0.9936421274686288
2820,0.9952821269782270
2830,0.9922388347632948
2840,0.9949827787859216
2850,0.9995744749355869
2860,0.9942725362428988
2870,0.9969031910728455
2880,0.9880546121532999
2890,0.9826824326009886
2900,0.9895991780796453
2910,0.9809835458646565
2920,0.9848452431709231
2930,0.9750832031749136
2940,0.9802163126166049
2950,0.9711990185267634
2960,0.9711633102351821
2970,0.9699207359542712
2980,0.9767919230944304
2990,0.9689624915397886
3000,0.9731230299030208
3010,0.9695720459647921
3020,0.9723367713243054
3030,0.9645090860538880
3040,0.9639542631615626
3050,0.9739057388298438
3060,0.9649046655895779
3070,0.9725918403211026
3080,0.9697481870496867
3090,0.9752042016325321
3100,0.9709128281492175
3110,0.9753030207442361
3120,0.9683990654595203
3130,0.9776420036714398
3140,0.9766111077035253
3150,0.9731553354364250
3160,0.9586772109369351
3170,0.9536106050319536
3180,0.9400823008444346
3190,0.9419196157565123
3300,0.9811940008861272
3310,0.9824631932440862
3320,0.9893939407194821
3330,0.9821194852794345
3340,0.9874861609570826
3350,0.9847020223100552
3360,0.9876483281547733
3370,0.9834236337628462
3380,0.9904676564973481
3390,0.9889590980064082
3400,0.9819067789035785
3410,0.9846139775865443
3420,0.9887042620509818
3460,0.9853833065524726
3470,0.9893613804477498
3480,0.9826799097490110
3490,0.9845001474088475
3500,0.9916562345242187
3510,0.9871724391602467
3520,0.9889492932882797
3530,0.9934319335001166
3540,0.9883995816345251
3550,0.9831859220628741
3560,0.9903247007843525
3570,0.9906221024665769
3580,0.9924104082165623
3590,0.9902870372015722
3600,0.9948610291352367
3610,0.9879325261329971
3620,0.9946815869080970
3630,0.9943833737054908
3640,0.9944454704913556
3650,0.9970399990629913
3660,0.9878996207079520
3670,0.9949393579359727
3680,0.9868980072947613
3690,0.9918843193892753
3700,0.9967234117796656
3710,0.9881429632739400
3720,0.9988324496415882
3730,0.9901053715583091
3740,0.9996961350080197
3750,0.9956061522403981
3760,0.9925807768995798
3770,0.9910374765514767
3780,0.9938490352793530
3790,0.9947295174472264
3800,0.9963369958099171
3810,0.9944133441369505
3820,0.9951691516572950
3830,0.9979127097374324
3840,0.9948036519333526
3850,0.9877199927114105
3860,0.9931700417448333
3870,0.9842225482641556
3880,0.9866124377732817
3890,0.9560721260893684
3900,0.9543656871035063
3910,0.9518767917432431
3920,0.9577909805297193
3940,0.9563685767931145
3950,0.9510418715050318
3960,0.9584162793352722
3970,0.9545838274113123
3980,0.9571872211712762
3990,0.9710441489872147
4000,0.9698263109527163
4010,0.9669322838994640
4020,0.9662184788108279
4030,0.9643946902608823
4040,0.9740476357518524
4050,0.9743218189212356
4060,0.9741805797802841
4070,0.9704877205175794
4080,0.9724188571637007
4090,0.9800864714987014
4100,0.9860560633440216
4110,0.9789181610242610
4120,0.9830644916108291
4130,0.9871261307739359
4140,0.9883575795227539
4150,0.9946027201113851
4160,0.9913159475468196
4170,0.9950197768402375
4180,0.9947788539799094
4190,0.9927992497392351
4200,0.9918633536991902
4210,0.9975233893107397
4220,0.9934515281482397
4230,0.9912252313091459
4240,0.9902006002582971
4250,0.9854228191488603
4260,0.9815718513662575
4270,0.9811028468924856
4280,0.9826952828091456
4290,0.9791015871207862
4300,0.9775188076436729
4310,0.9714913974574608
4320,0.9742614486141655
