0,0.9694929971011935
10,0.9639432096331190
20,0.9718012988788770
30,0.9642219603827774
40,0.9747644582674602
50,0.9756454152915977
60,0.9676010507769808
70,0.9708963449712208
80,0.9797069176519074
90,0.9773110011145897
100,0.9744446150957971
140,0.9918358983017542
150,0.9828315117381478
160,0.9922448496118536
170,0.9853149427556041
190,0.9898440500486682
200,0.9895269560944231
210,0.9905122736509115
220,0.9898202648440905
230,0.9969107155494553
240,0.9914709905047652
250,0.9985492616421494
260,0.9904532506399036
420,0.9724570453244674
430,0.9736776331738741
440,0.9728378814607820
450,0.9701974907675739
460,0.9650423286687246
470,0.9714109593567071
480,0.9649521657152528
490,0.9671355534353424
500,0.9583868743806517
510,0.9609369883655916
520,0.9576295196106539
530,0.9641660582642717
540,0.9652467791248676
550,0.9542850520412708
560,0.9611889392837606
570,0.9562197667528062
620,0.9530693243795223
630,0.9426487130423314
640,0.9424975549102993
650,0.9480745900001731
660,0.9447928233518536
670,0.9466125752424657
680,0.9457371023182299
690,0.9525114513558151
700,0.9529370502518538
710,0.9471967396272618
720,0.9516060960067730
730,0.9437151286429462
830,0.9676833153529383
840,0.9685249959139240
850,0.9776106127754597
860,0.9749006290796556
870,0.9815210056256040
880,0.9825912550469367
890,0.9741290849676637
900,0.9746457775689513
910,0.9793645079887570
920,0.9812411490297354
930,0.9774795114501035
940,0.9773662587006815
950,0.9763905513624040
960,0.9853927432211195
970,0.9778816150455736
980,0.9811927691746796
990,0.9895663544559568
1000,0.9795383285440028
1010,0.9875114763207198
1020,0.9839613012542159
1030,0.9915346884888213
1040,0.9814599817101806
1050,0.9882449951058534
1060,0.9849380561191809
1070,0.9930702219016611
1080,0.9831644421804769
1090,0.9933348373747388
1100,0.9932176454166789
1110,0.9839428956571620
1120,0.9852766450354368
1130,0.9927186934528980
1140,0.9930791916219543
1150,0.9911358707905867
1160,0.9915233570338778
1170,0.9911633271828880
1180,0.9923644572377750
1190,0.9917966295645176
1200,0.9957178321713963
1210,0.9915300088567555
1220,0.9898216285390270
1230,0.9934185481977754
1240,0.9953756058917929
1250,0.9957687341246761
1260,0.9977472908207767
1270,0.9945336160392592
1280,0.9949306728324839
1290,0.9888083582882312
1300,0.9942969339164867
1310,0.9950869188268356
1320,0.9937447545488289
1330,0.9895311886150255
1340,0.9949453991988544
1350,0.9935051377238470
1360,0.9909782442979378
1370,0.9910003209954665
1380,0.9964673345517872
1390,0.9968403084953806
1400,0.9937690776185705
1410,0.9942703061321774
1420,0.9864005255292193
1430,0.9868140832634064
1440,0.9801085147417630
1450,0.9840566576142000
1460,0.9780753706088755
1470,0.9748133059566132
1480,0.9773095088213894
1490,0.9808621831491372
1500,0.9729006601828522
1510,0.9682181514519721
1520,0.9542981914690464
1530,0.9425818880949389
1540,0.9381529209544285
1550,0.9248940634743822
1650,0.9619444746915233
1660,0.9586999386504105
1670,0.9712432288013652
1680,0.9653719858948010
1690,0.9757672048588429
1700,0.9779172635527088
1710,0.9810067311856735
1720,0.9828214137859168
1730,0.9761461787153878
1740,0.9843014814997558
1750,0.9850283415175629
1760,0.9940712314609466
1770,0.9862503150709523
1780,0.9928671752656796
1790,0.9913748170613589
1800,0.9937554112514294
1810,0.9924134612939711
1820,0.9916926734790803
1830,0.9984763609824496
1840,0.9915893310243041
1850,0.9973262133874811
1860,0.9951702756144596
1870,0.9881611403231075
1880,0.9942828085481337
1890,0.9858382996037629
1900,0.9879052514980150
1910,0.9815172720484814
1920,0.9836293118447687
1930,0.9789951224694942
1940,0.9815019048722738
1950,0.9749833381121740
1960,0.9779931777956327
1970,0.9713448670202215
1980,0.9688232569678734
1990,0.9641584804363594
2000,0.9612114329876879
2010,0.9641857049066421
2020,0.9683244752811535
2030,0.9669531210947389
2040,0.9630205384900001
2050,0.9565473106754164
2060,0.9620392443786159
2110,0.9601161668623786
2120,0.9558040013436453
2130,0.9610631154495876
2140,0.9642147146740085
2150,0.9552885711229411
2160,0.9587721966179540
2170,0.9552931002533547
2180,0.9542127573457816
2190,0.9614930876049933
2300,0.9445627034031044
2310,0.9509531419859429
2320,0.9509892495840732
2330,0.9434261071753612
2340,0.9474469322278117
2350,0.9442961542070323
2360,0.9484501198239662
2370,0.9473946552594364
2380,0.9585252064007039
2390,0.9581948516761609
2400,0.9591488259225819
2410,0.9614315975275933
2420,0.9635358077801469
2430,0.9625492178376370
2440,0.9649410615190142
2450,0.9657103421742470
2460,0.9681891010440288
2470,0.9684344402997468
2480,0.9707648480393520
2490,0.9627516892088912
2500,0.9710682016922837
2510,0.9605504416122629
2530,0.9605251632714557
2540,0.9691277238330225
2700,0.9728176996641332
2710,0.9780498284869740
2720,0.9798425182464376
2790,0.9811815840825363
2800,0.9857236521684002
2810,0.9810797440687670
2820,0.9836743123995830
2830,0.9846907364625149
2840,0.9830144667423132
2850,0.9918717054890790
2860,0.9909801300878236
2870,0.9889665003521695
2880,0.9931898719887609
2890,0.9941165404450186
2900,0.9915520895252234
2910,0.9960849469962841
2920,0.9970853972172404
3110,0.9741522487929090
3120,0.9761794544545620
3150,0.9626383825342052
3160,0.9393837283083528
3170,0.9356487370586246
3180,0.9386990990617377
3190,0.9357296955181377
3200,0.9281109463862962
3210,0.9307465362550996
3220,0.9327083010707208
3230,0.9382052307696980
3240,0.9395896698517392
3250,0.9579876655513656
3260,0.9661491656271756
3270,0.9608409004695586
3280,0.9656797118709920
3290,0.9693369464402448
3300,0.9727037143445690
3400,0.9938073412239722
3410,0.9901225748529217
3420,0.9905466538125256
3430,0.9895041455595535
3450,0.9987288312231866
3460,0.9977222573458375
3790,0.9663909307762782
3800,0.9600100676772650
3810,0.9624649344508195
3820,0.9580156710307749
3830,0.9648939899167833
3840,0.9608555692597769
3850,0.9573522561215368
3860,0.9612794827716604
3870,0.9614098709682264
3880,0.9499084904369887
3890,0.9423734854809688
3900,0.9433697328898032
3910,0.9471794490928288
3920,0.9479713968430004
3930,0.9509489017424648
3940,0.9480933717363059
3950,0.9517701041129210
3960,0.9420998760698206
3970,0.9503213694800364
3980,0.9429844377942084
3990,0.9501735881834155
4000,0.9468943342514700
4010,0.9565799483657814
4020,0.9571799167108819
4030,0.9539745025237059
4040,0.9566532877323507
4050,0.9546831636875095
4060,0.9569848731659202
4070,0.9582409174005445
4080,0.9646365497423803
4090,0.9659030081809068
4100,0.9641277512038594
4110,0.9650139347326930
4120,0.9636802499952358
4130,0.9675322165535361
4140,0.9648866980634232
4150,0.9621864969369834
4160,0.9600508832462642
4170,0.9611057868102182
4180,0.9615576333547823
4190,0.9667956502600893
4200,0.9632705458240730
4220,0.9758555511165979
