0,0.9553377587591478
10,0.9614673378016853
20,0.9631483481728138
30,0.9602865975487331
40,0.9597504059903995
50,0.9531328772612019
60,0.9630519565081026
70,0.9753128378959255
80,0.9775216087708675
90,0.9815742171001687
100,0.9836547830588663
110,0.9790268693989860
120,0.9843932076375642
130,0.9778941263160925
140,0.9875579360970185
150,0.9783581582292515
160,0.9880271733999018
170,0.9851636987873069
180,0.9829508054155818
190,0.9826077581230750
200,0.9918121174125569
210,0.9864563191358000
220,0.9937143868478965
230,0.9874694163422995
260,0.9973679923062057
270,0.9936867429327129
280,0.9989227479151180
290,0.9933441581953791
300,0.9891322822471034
310,0.9902147414746054
320,0.9936064275550524
330,0.9962829682129138
340,0.9902240933629354
350,0.9966342869666973
360,0.9952885698697993
370,0.9927468561389001
380,0.9897961709666062
390,0.9937603225836559
400,0.9955315084307131
410,0.9847418703084031
420,0.9846478630931965
430,0.9899877988706607
500,0.9818605548584246
510,0.9750117303384634
520,0.9832597387420934
530,0.9736668760491068
540,0.9783655552194113
550,0.9823476234105915
560,0.9755603806679242
570,0.9753424424637500
580,0.9739081270397724
590,0.9718378931351755
600,0.9780573901115992
610,0.9798192441188079
620,0.9749274798227475
630,0.9562641088068525
640,0.9538445226195517
650,0.9498420317833541
660,0.9477093236535555
670,0.9458948863443586
680,0.9443029705836953
690,0.9477428558446455
700,0.9451407296417590
710,0.9466785581930330
720,0.9601942059747475
730,0.9679066804906070
740,0.9831621124067277
750,0.9757852787976494
760,0.9753939792316220
770,0.9794680451876120
780,0.9801020799835605
790,0.9796451644311110
800,0.9856098229019715
810,0.9897022073666661
820,0.9796206017740742
830,0.9808814551839639
840,0.9805061671699813
850,0.9824762191384038
860,0.9828190217741917
870,0.9907318793595705
880,0.9863948555958258
890,0.9880749692376736
930,0.9923930582010202
940,0.9856908112131475
950,0.9970830618543087
990,0.9973540600527787
1000,0.9991985094161462
1010,0.9990735085876031
1020,0.9986552682056586
1030,0.9953708119576471
1080,0.9914864182297429
1090,0.9982470644107383
1100,0.9963864763736050
1110,0.9967974471233446
1120,0.9988612828014123
1130,0.9922093242132456
1210,0.9889803791627259
1220,0.9831893215680720
1230,0.9914825995057049
1240,0.9819411124098818
1260,0.9808165306771489
1270,0.9806322322711207
1280,0.9737728579008024
1290,0.9592064516150085
1300,0.9566431767770008
1310,0.9613444925933853
1320,0.9592912864349307
1330,0.9612502212490636
1340,0.9602485390575519
1350,0.9529374477600616
1360,0.9602225844832375
1370,0.9568620103379593
1380,0.9690626245149594
1390,0.9746543145931535
1400,0.9767822634969718
1410,0.9778072153983347
1420,0.9719577096623842
1430,0.9797605646074583
1440,0.9780084439474575
1450,0.9750082359072124
1460,0.9747618949271710
1470,0.9856750587175268
1480,0.9812770178781617
1490,0.9853856335168599
1500,0.9898993995579410
1510,0.9883052114807563
1520,0.9888389871224424
1530,0.9840828926466525
1540,0.9909946835966975
1550,0.9960767861011555
1740,0.9823808313611574
1750,0.9784567674428217
1760,0.9783358758208760
1770,0.9795240627371745
1800,0.9760616207601194
1810,0.9738583284369265
1820,0.9727083643566404
1830,0.9775014760447159
1920,0.9738197121292658
1930,0.9781545275703560
1940,0.9642724092674866
1950,0.9517730323164993
2020,0.9481774469381957
2030,0.9601311781145222
2040,0.9703599730296534
2050,0.9841373699353166
2060,0.9819235624230220
2070,0.9823709593613544
2080,0.9848853267326082
2130,0.9845916519052137
2140,0.9854132501935453
2150,0.9908165627788095
2160,0.9946252487259405
2170,0.9876089282664459
2180,0.9884098089009409
2190,0.9865385460260516
2200,0.9938382114411392
2210,0.9974002645373735
2220,0.9976581987589042
2230,0.9978811291735115
2240,0.9976988053611230
2250,0.9897049367616491
2260,0.9958230652037335
2270,0.9906224614466562
2280,0.9945660736072809
2290,0.9975999610839771
2300,0.9959608083996732
2310,0.9909800088225174
2350,0.9930425545011830
2360,0.9949157468618692
2370,0.9976308722673012
2380,0.9921600873148396
2390,0.9994635487586224
2400,0.9978916482710739
2410,0.9959040384263496
2420,0.9897141258409995
2430,0.9992964838674240
2440,0.9903956483911417
2450,0.9971722109794554
2460,0.9905394719307530
2470,1.0000000000000000
2480,0.9916100633451622
2490,0.9941709330650605
2500,0.9937847290394078
2510,0.9962838368722010
2520,0.9958205615067797
2530,0.9952633336952381
2540,0.9961645031035443
2550,0.9917072886914834
2560,0.9895127008449781
2570,0.9959216294753492
2580,0.9899597298116132
2590,0.9786728453475055
2600,0.9647252256940662
2610,0.9533078082132660
2620,0.9533227855900436
2630,0.9534645006842628
2640,0.9629871653476106
2650,0.9574796056311961
2660,0.9634230052472892
2670,0.9545595170835571
2680,0.9610534179495335
2690,0.9669114189438422
2700,0.9830272732021232
2710,0.9755273182612944
2720,0.9778817751995730
2730,0.9740865980820376
2740,0.9743100081529041
2750,0.9763865664163497
2760,0.9794332749163142
2770,0.9765993808380170
2780,0.9760934900189965
2790,0.9713920267857146
2800,0.9772005882707948
2810,0.9801391212811683
2820,0.9742524818218025
2830,0.9747763737579787
2840,0.9850711613213254
2850,0.9846674053081648
2860,0.9791310073746540
2870,0.9919027099684585
2880,0.9929241132876117
2890,0.9862536188679598
2900,0.9864113103934035
2910,0.9960189876468081
2920,0.9893282530408972
2930,0.9945168782019237
2940,0.9930968893417855
2950,0.9961362502155572
2960,0.9969178495090031
2970,0.9919935432070248
2980,0.9883867510506362
2990,0.9878505822111093
3000,0.9959339488299427
3010,0.9924513144008865
3020,0.9885678514753147
3130,0.9725983362556790
3140,0.9741765355808834
3150,0.9735997193387631
3320,0.9506025167858552
3330,0.9571915361905703
3340,0.9572880680565239
3350,0.9713060988370930
3360,0.9836361231838208
3390,0.9986179505168425
3400,0.9924478611726523
3410,0.9868812662025768
3420,0.9849342973471957
3430,0.9887911476476597
3440,0.9919197351006392
3450,0.9912091118648468
3460,0.9832655855763479
3470,0.9800087796704057
3480,0.9902127759095651
3490,0.9811703088093215
3500,0.9770170369210660
3510,0.9841402805421832
3520,0.9818996759457822
3530,0.9840632476488728
3540,0.9772655362814827
3550,0.9777842167617088
3560,0.9821648897904123
3570,0.9819106905327060
3580,0.9725560719260141
3590,0.9737771956994494
3600,0.9809065037862499
3610,0.9724782821637465
3620,0.9735721093919718
3630,0.9747347914572742
3640,0.9763261207817677
3650,0.9733220368436313
3780,0.9948003901018631
3790,0.9956147314451983
3800,0.9896640406905820
3810,0.9900032815434043
3820,0.9929431846680138
3830,0.9910780820133867
3840,0.9884637781617363
3850,0.9963077506100908
3860,0.9852840335632466
3870,0.9935811275130677
3880,0.9891319716647841
3890,0.9881436171225814
3900,0.9868142122087148
3910,0.9650885709901498
3920,0.9542627680731985
3930,0.9592609323056382
3940,0.9626735836075506
3950,0.9553046511910093
3960,0.9581202262100345
3970,0.9595006158660558
3980,0.9628646980636196
3990,0.9539202868446495
4000,0.9578197589025012
4010,0.9710813121139210
4020,0.9804943576492628
4030,0.9847745800567780
4040,0.9849333923380560
4050,0.9871578705614344
4060,0.9944436792234562
4070,0.9876131450458812
4080,0.9887534120908138
4090,0.9929820208836537
4100,0.9968179004266480
4110,0.9906071868869666
4120,0.9930716617553131
4130,0.9951252167380757
4140,0.9973184051195767
4150,0.9876693637796862
4160,0.9887577638246664
4170,0.9846234514216803
4180,0.9945885116823681
4190,0.9920997667584447
4290,0.9772949222038991
4300,0.9812235748364959
4310,0.9715170446832253
4320,0.9799317831110941
