0,0.9971177288997103
10,0.9963794875809979
20,0.9946529740966060
30,0.9959792906594013
40,0.9956204517230079
50,0.9898985270050109
60,0.9934225243485280
70,0.9857621623868265
80,0.9861910797619328
90,0.9834965010146273
100,0.9888344829399770
110,0.9892574759179480
120,0.9812358878779350
130,0.9836323069601580
140,0.9831500923027452
150,0.9822945625902332
160,0.9823949441108525
170,0.9730274653433073
180,0.9752125327987005
190,0.9757591363739395
200,0.9778918106004461
210,0.9727614498520971
220,0.9771271380039648
230,0.9678442508435804
240,0.9513275526719694
300,0.9459957161623671
310,0.9486697470473022
320,0.9464305614012377
330,0.9570777278039529
340,0.9770372631899991
350,0.9780911658960210
390,0.9745223909888160
400,0.9749061119276272
410,0.9832047792246519
420,0.9877458878325758
430,0.9849278942325366
440,0.9821903289226137
450,0.9828461387086278
460,0.9820895118656571
470,0.9839225894032947
480,0.9852026536601821
490,0.9895949038298112
500,0.9939178541756156
510,0.9903715076982942
520,0.9959769510550450
530,0.9870117303296551
540,0.9888204602674084
550,0.9969896054572530
560,0.9964349348852383
570,0.9963166151358603
580,0.9902936558868451
590,0.9999234399636709
600,0.9983185387997114
610,0.9989517298014665
620,0.9978173953748799
630,0.9977023584502424
640,0.9966115553897539
650,0.9898067115482181
660,0.9968756425608731
670,0.9887975761862863
680,0.9912824387370717
690,0.9969160028328278
700,0.9937257330493610
710,0.9965431545791492
720,0.9868692763732905
730,0.9888850578988121
740,0.9940081571966437
750,0.9893073028218926
760,0.9867087851267698
770,0.9860933091313548
780,0.9900462710112798
790,0.9893583897023275
800,0.9877771096971087
810,0.9877841296975527
820,0.9859041219067715
830,0.9875654964203336
840,0.9875330158684763
850,0.9867840738351108
860,0.9861885008363348
870,0.9759840139280894
880,0.9770938101364418
890,0.9826502207563461
900,0.9747549813952077
910,0.9839507329200929
920,0.9820453926463288
930,0.9817334156082277
940,0.9764793065079553
950,0.9707468805646122
960,0.9777346511428060
970,0.9749372870714321
980,0.9758330917795643
990,0.9742716916349606
1000,0.9627888800496537
1010,0.9526789289756216
1020,0.9612092046007013
1030,0.9600645256087653
1040,0.9588784233545703
1050,0.9557238113901706
1060,0.9538703574601787
1070,0.9619011520518840
1080,0.9600785364443448
1090,0.9569967756152642
1100,0.9551824540579905
1110,0.9709353435897102
1120,0.9707217388414056
1130,0.9731288563019107
1140,0.9669090799473357
1150,0.9748727091824868
1160,0.9731056226891696
1170,0.9755702517612103
1180,0.9744140076210479
1190,0.9761664001371475
1200,0.9789793419395491
1230,0.9736250878604228
1240,0.9790939576700870
1250,0.9755886857779611
1260,0.9767746578843928
1270,0.9817528573506985
1280,0.9768439065336291
1290,0.9886352094545072
1300,0.9801850504461376
1310,0.9888039060640735
1320,0.9860301275555434
1330,0.9888657963287026
1340,0.9940071637316480
1350,0.9964135532181334
1360,0.9965548051105839
1370,0.9965614159184669
1380,0.9953481711922798
1390,0.9890608213550511
1400,0.9903497396090145
1500,0.9816158623976992
1510,0.9776433428144271
1520,0.9767522878446195
1530,0.9739458616617077
1540,0.9734869686621418
1550,0.9747911404986256
1570,0.9754031504044205
1580,0.9723608063344620
1590,0.9734929076380141
1600,0.9642505785777046
1610,0.9508098709222672
1620,0.9445309434405723
1630,0.9487629557672269
1670,0.9435874638308249
1680,0.9427081251958992
1690,0.9560862586433657
1700,0.9645822027792664
1710,0.9814498248234714
1720,0.9853244253394534
1750,0.9861237632781038
1760,0.9859600694569713
1770,0.9870827391090129
1780,0.9919133077105259
1790,0.9945632276271067
1800,0.9885282403347326
1840,0.9989850234052197
1850,0.9920037053256395
1860,0.9994381741063756
1870,0.9917123874911355
1880,0.9975960603084658
1890,0.9892285731626235
1900,0.9971744268859243
1910,0.9969636281661887
1920,0.9963910380803466
1930,0.9913914863958744
1940,0.9909577775856480
1950,0.9882152660251592
1960,0.9880373751253801
1970,0.9957777123598714
1980,0.9901558958144746
2000,0.9957494288662092
2010,0.9914854059809609
2020,0.9938796565338354
2030,0.9965585789053933
2040,0.9925310485603772
2050,0.9854954668981963
2060,0.9933344430011822
2070,0.9957106166645272
2080,0.9928484250008252
2090,0.9930136738537378
2110,0.9918094147292958
2120,0.9833103515989060
2130,0.9916975295300011
2140,0.9846864018482403
2150,0.9827145883622338
2160,0.9865721899229778
2170,0.9878708820628999
2180,0.9927958017435857
2190,0.9934314383069617
2200,0.9851582933749309
2210,0.9905228771939465
2220,0.9887232055554158
2230,0.9844993029426246
2240,0.9867283486035591
2250,0.9841730671459968
2260,0.9915571613253324
2270,0.9842210260411814
2280,0.9900524385261160
2290,0.9821404914683136
2300,0.9814461890902278
2310,0.9833056043107725
2320,0.9799101468439255
2330,0.9833117411816130
2340,0.9815850548416517
2350,0.9849537141918634
2360,0.9775167163195907
2370,0.9700329466621147
2380,0.9540522455033380
2390,0.9593195494973233
2400,0.9605437865744730
2410,0.9543510939092700
2420,0.9550077698524627
2430,0.9594398777979557
2440,0.9568540349361805
2450,0.9568737955262351
2460,0.9590222377998847
2470,0.9559747703200636
2480,0.9753701723808181
2490,0.9690949990895141
2500,0.9748070660784318
2510,0.9778020050689725
2520,0.9661034862769193
2530,0.9754640446281096
2540,0.9702565407536597
2550,0.9714419461713041
2560,0.9747346511058345
2570,0.9691922046467986
2580,0.9658621049588271
2590,0.9756184689432987
2600,0.9745270378782082
2610,0.9744732712870884
2620,0.9780188679602456
2630,0.9714846588879217
2640,0.9817148040818859
2650,0.9768045867209099
2660,0.9805465866234976
2670,0.9818356331968149
2680,0.9835386031756409
2690,0.9907935091235298
2700,0.9925211004371770
2710,0.9852381305502929
2720,0.9918328581723018
2730,0.9962244180089740
2740,0.9905489875982628
2750,0.9904838503657523
2760,0.9951207199711593
2770,1.0000000000000000
2780,0.9978469861011572
2790,0.9945710499435287
2800,0.9941618895299515
2810,0.9912107435672967
2820,0.9910616656789843
2830,0.9889584347231231
2840,0.9893057298874515
2850,0.9865916196114189
2860,0.9835566913083122
2870,0.9774486597365701
2880,0.9810449127565364
2890,0.9735627685470540
2900,0.9696633904748161
2910,0.9769959074968360
2920,0.9705080893154666
2930,0.9707579646518514
2940,0.9686633111244568
2950,0.9747594724048350
2960,0.9765048963946055
2970,0.9712467054653687
2980,0.9516629299771321
3010,0.9460645582124918
3020,0.9393049083620451
3030,0.9373070862156420
3040,0.9467115176968173
3050,0.9442898954985778
3060,0.9559502917987629
3070,0.9679012228025639
3080,0.9885048150433761
3090,0.9881615915442475
3100,0.9944722437332624
3110,0.9966122899900943
3120,0.9968538436332691
3130,0.9976592461055760
3140,0.9942648171936306
3150,0.9991844431444596
3160,0.9929954242185508
3170,0.9928477829515561
3180,0.9912374038795282
3260,0.9966376011812413
3270,0.9908794753086586
3330,0.9878636360005147
3340,0.9887100766632752
3350,0.9846254365521077
3360,0.9915535147573753
3370,0.9881991812578543
3420,0.9898693352689854
3430,0.9828926540367231
3440,0.9919685801306788
3450,0.9870485751969881
3460,0.9881922171809573
3470,0.9893468935574105
3480,0.9908168477958401
3490,0.9886797040051383
3500,0.9905086196936148
3510,0.9853657792295138
3520,0.9868966980357367
3530,0.9815853376702970
3540,0.9885149063649230
3550,0.9860024961874563
3560,0.9926866680493298
3570,0.9902823777292564
3580,0.9841799640916459
3590,0.9853557704724301
3600,0.9848233507177454
3610,0.9854683287112362
3620,0.9860912906584953
3630,0.9835373468367027
3640,0.9812201030307229
3650,0.9843406786144350
3660,0.9899748237234137
3670,0.9823016650209936
3680,0.9825032831871932
3690,0.9901449235587435
3700,0.9827982132240116
3710,0.9854839404061776
3720,0.9839447122485993
3730,0.9810343777388545
3740,0.9685050389391644
3750,0.9531781873787722
3760,0.9620125074661696
3770,0.9537522703050920
3780,0.9611497674129060
3790,0.9600321101945016
3800,0.9624105137139781
3810,0.9565428601679190
3820,0.9583070890237601
3830,0.9560399933705030
3840,0.9594422360766147
3850,0.9671885120373473
3860,0.9735249488571638
3870,0.9728074411903570
3880,0.9772506321971705
3890,0.9783645507662440
3900,0.9730312517962799
3910,0.9681667023269243
3920,0.9721456246775938
3930,0.9774502969129787
3940,0.9678259865769908
3950,0.9719531160523496
3960,0.9657498223212436
3970,0.9734534847727084
3980,0.9732135395710881
3990,0.9699973798220959
4000,0.9671888364794953
4010,0.9723191258844954
4020,0.9770884986644199
4030,0.9758305825177842
4040,0.9715539956342273
4050,0.9718825652871942
4060,0.9757503756063849
4070,0.9775747068581360
4080,0.9826976527247442
4090,0.9785273369495436
4100,0.9817100370829693
4110,0.9835523482574904
4120,0.9953808068729824
4130,0.9887283526589161
4140,0.9957768165074722
4150,0.9890940489462625
4160,0.9947981600380952
4170,0.9926183837514122
4180,0.9952952893218250
4190,0.9936810650117500
4200,0.9915331092658743
4210,0.9910964244956529
4220,0.9919420488009426
4230,0.9806906395159667
4240,0.9803204528924662
4250,0.9860894690213869
4260,0.9827170217139113
4270,0.9738109339924738
4280,0.9681749744260308
4290,0.9760975588293709
4300,0.9720613319028114
4310,0.9649509601571840
4320,0.9696296272374131
