0,0.9858360338524831
10,0.9856736556366821
20,0.9828041473358137
30,0.9835357911185643
40,0.9820747946066408
50,0.9867669932766986
60,0.9798643309427536
70,0.9770066204130297
80,0.9708335742425729
90,0.9748169343777813
100,0.9748464600540071
110,0.9753526451352046
120,0.9682905047965853
130,0.9647382868634697
140,0.9679394443087942
150,0.9700371970956361
160,0.9469048686494197
170,0.9474047469955776
180,0.9461202259757742
190,0.9464427063562277
200,0.9459184536206401
210,0.9447115587232893
220,0.9489173987864198
250,0.9524660789427388
260,0.9564636320524477
270,0.9634666839824025
280,0.9703471878806865
290,0.9746511843441501
300,0.9753115601273591
310,0.9755433638983636
320,0.9758109255222472
330,0.9747462225757139
340,0.9739912240171572
350,0.9843059277910153
360,0.9785775216592096
370,0.9798176850887255
380,0.9865015376650068
390,0.9816163126726030
400,0.9833164200399950
410,0.9926966128354539
420,0.9886008771312630
500,0.9952313876990380
510,0.9906107039047204
520,0.9912477166437698
530,0.9997974603683610
540,0.9962157702200025
550,0.9922448360098517
560,0.9936497067835932
570,0.9924981631763337
580,0.9911847081284636
590,0.9897689571365920
600,0.9863138284165596
610,0.9852581800044223
620,0.9900269713871008
630,0.9832084285785818
640,0.9910195478336680
650,0.9818806274834883
660,0.9802701753194089
670,0.9801437820186037
680,0.9753454020246946
690,0.9804202069800385
700,0.9767226838794520
710,0.9715957437184757
720,0.9719697385554584
730,0.9773644022995898
740,0.9774129829997334
750,0.9773197126970491
760,0.9772168313564542
770,0.9742973902051688
780,0.9657747975540218
790,0.9693188511829998
800,0.9673204721647979
810,0.9651207183585655
820,0.9694417318156335
830,0.9603291950977055
840,0.9471796615721408
850,0.9365707790860197
860,0.9309797073111464
870,0.9387150311638952
880,0.9297784668283611
890,0.9356555906025497
900,0.9360807873268925
910,0.9365707812775471
920,0.9361763576210195
930,0.9428747899084323
940,0.9584302522185180
950,0.9659770364519981
960,0.9608922653860323
970,0.9668498376862799
980,0.9682145880675699
990,0.9696235672491155
1000,0.9641504899745499
1010,0.9724580002017923
1020,0.9697339274644569
1030,0.9675949254587777
1040,0.9747932100644453
1050,0.9734388557469735
1060,0.9777612402316394
1080,0.9771363780146680
1090,0.9772476129705798
1100,0.9828710107144063
1110,0.9773895585579411
1120,0.9795451589763553
1130,0.9849606793848631
1140,0.9909348729528421
1150,0.9877938658139674
1160,0.9936374830228040
1170,0.9867087281278771
1180,0.9903843054756754
1190,0.9971330389072932
1200,0.9962958488708772
1210,0.9951790967715818
1220,0.9973787239623406
1230,0.9906743325466231
1240,0.9955150113514364
1250,0.9980343822349653
1260,0.9908454908990603
1310,0.9931534913318855
1380,0.9685748730204522
1390,0.9716590705158117
1400,0.9705761977111337
1410,0.9684235047580849
1420,0.9697877655972654
1430,0.9678589209084134
1440,0.9533608737668839
1450,0.9428585869108024
1460,0.9435667380835372
1470,0.9494101830814379
1500,0.9520451924794691
1510,0.9495483874206886
1520,0.9480232207360704
1530,0.9524539878853547
1540,0.9627749539804985
1550,0.9737379958576272
1560,0.9797621061056009
1670,0.9894818985558400
1680,0.9868469115819484
1690,0.9926932566889399
1700,0.9915463080489952
1710,0.9971403567067045
1720,0.9969274095867667
1730,0.9920902699604784
1740,0.9951178093481700
1750,0.9910645369192715
1760,0.9919008431238293
1770,0.9939642005962243
1780,0.9916788904402273
1790,0.9951744543403204
1800,0.9912436140054884
1810,0.9954574625689783
1820,0.9980383348762585
1830,0.9976740852878830
1890,0.9831856855243134
1900,0.9853448884885233
1910,0.9864930124456213
1920,0.9879501768220588
1930,0.9858563026693502
1940,0.9897813238990790
1950,0.9860025908407176
1960,0.9880067902866371
1970,0.9791491322072490
1980,0.9801986396891166
1990,0.9805496027630061
2000,0.9816381659056946
2010,0.9824854861904833
2020,0.9736028427744915
2030,0.9821623263967855
2040,0.9751056269761590
2050,0.9711738270998367
2060,0.9710091897027591
2070,0.9679714293323087
2080,0.9753358378996450
2090,0.9728486172027971
2100,0.9710645153756737
2110,0.9594194861146151
2120,0.9415615437119974
2130,0.9392464228170185
2140,0.9325944200118015
2150,0.9347568468769035
2160,0.9308808200317708
2170,0.9265868487637837
2180,0.9324610724484730
2190,0.9320415428710002
2200,0.9412991317210667
2210,0.9531900571664684
2220,0.9571030078497728
2230,0.9657141501629095
2240,0.9686822874778556
2260,0.9692158006399662
2270,0.9680796778486034
2280,0.9660738191133125
2290,0.9717486343724555
2300,0.9698646223358419
2310,0.9716179800442903
2320,0.9734409113716535
2330,0.9698171539776757
2340,0.9689298162109244
2350,0.9751235812684975
2360,0.9793917064044804
2370,0.9814959805501908
2380,0.9846323965594326
2390,0.9850563612675867
2400,0.9816537976113077
2410,0.9879256903031352
2420,0.9871914169103367
2430,0.9901146984216844
2440,0.9932041500318856
2450,0.9951233739629617
2460,0.9921430847572894
2470,0.9985588029817584
2480,0.9977834605919326
2490,0.9965873164570426
2500,0.9945890182773668
2510,0.9898272679165486
2520,0.9904982785417091
2530,0.9951473746235281
2540,0.9950573552357432
2550,0.9887262950827924
2560,0.9880284056478311
2570,0.9850538748110812
2580,0.9867060845253800
2590,0.9871772349511047
2600,0.9835055330731406
2610,0.9802510563182519
2620,0.9807600629196260
2630,0.9709145419152837
2640,0.9729631126191982
2650,0.9657905865738189
2660,0.9690251063271765
2670,0.9703805174122873
2680,0.9714453217137164
2690,0.9645420603761428
2800,0.9482684306249494
2810,0.9522728948821719
2820,0.9660772245719580
2830,0.9724865719749387
2940,0.9861144566095099
2950,0.9872686901832971
2960,0.9928157999968504
2970,0.9901396310524968
2980,0.9930246282921990
2990,0.9925153002126859
3000,0.9956856142118006
3010,0.9913820222308058
3020,0.9966328317206735
3030,0.9897218901890150
3040,0.9918082582086879
3050,0.9967530442114081
3060,0.9961178504885075
3070,0.9974667240482314
3080,0.9966642403430651
3090,0.9977375317815315
3160,0.9939356068733155
3170,0.9938208564994087
3180,0.9904663590556919
3190,0.9946774446569443
3200,0.9935410924175010
3210,0.9850000518717625
3220,0.9911999950107103
3230,0.9844863398563041
3240,0.9923649306716109
3250,0.9884749047849882
3260,0.9897304147555372
3270,0.9782876728125715
3280,0.9842658342199005
3290,0.9756315278014436
3300,0.9775568959688591
3310,0.9766525311695211
3320,0.9715926841980572
3330,0.9736785453453309
3340,0.9791223444914388
3350,0.9766585479171827
3360,0.9712239790550817
3370,0.9693710374050863
3380,0.9642047191254417
3390,0.9546470929013449
3460,0.9295565421566970
3500,0.9599326199008562
3510,0.9650650587940927
3520,0.9653906401438020
3530,0.9710928557467949
3540,0.9711255224348259
3550,0.9649841902268392
3560,0.9697079487960486
3570,0.9726082578884273
3580,0.9777791201147147
3590,0.9734782165515848
3600,0.9827734975252674
3610,0.9749651686984043
3620,0.9834621054617263
3630,0.9854478208477946
3640,0.9795578464319805
3650,0.9846450417571294
3660,0.9934016694230828
3670,0.9944642695576165
3680,0.9844810827833268
3690,0.9943265006635048
3700,0.9981565832253972
3710,0.9922850331744676
3720,0.9987751484758202
3730,0.9985156688800430
3740,0.9993180475773710
3750,0.9998850453585947
3760,0.9940715351783985
3770,1.0000000000000000
3780,0.9892793527391243
3790,0.9965825462111422
3800,0.9867441330843773
3810,0.9903632315330715
3820,0.9869479778013884
3830,0.9880748039363981
3840,0.9819628692090628
3850,0.9827791201040308
3860,0.9841823678060133
3870,0.9847262484674888
3880,0.9859885332177651
3890,0.9833740513059425
3900,0.9775007973890941
3910,0.9784150075010212
3920,0.9791299973844680
3930,0.9683263134743253
3940,0.9715123829826608
3950,0.9678496184359766
3960,0.9633768834697624
3970,0.9653253764549191
3980,0.9685258642675026
3990,0.9589022023098474
4000,0.9498452538261314
4010,0.9467765518825276
4020,0.9491612640802046
4030,0.9498337254390146
4040,0.9495859845203602
4050,0.9534088677630923
4060,0.9463538464139183
4070,0.9447751685889756
4080,0.9490281669621780
4090,0.9538076633973697
4100,0.9707665589888403
4110,0.9677430933701786
4120,0.9705070405065245
4130,0.9738971280961073
4140,0.9693252074015137
4150,0.9760140414569357
4160,0.9766689283096827
4170,0.9780969607193523
4180,0.9804817543603370
4190,0.9783489639413936
4200,0.9820436134586383
4210,0.9805984653907187
4220,0.9786456295763732
4230,0.9794517886311120
4240,0.9922769183245072
4250,0.9938234837387123
4260,0.9891044006250949
4270,0.9887608481911762
4280,0.9897033728526999
4290,0.9868142011334694
4300,0.9890883911004579
4310,0.9900298466263866
4320,0.9979445238344359
