0,0.9834844777301254
10,0.9891840691672356
20,0.9869713564097414
30,0.9870324303967104
40,0.9894994230428259
50,0.9936971927572037
60,0.9940913578800048
70,0.9949880180751538
80,0.9888806447287771
90,0.9929197277868127
100,0.9911004545677675
110,0.9939271081540733
120,0.9904724632190633
130,0.9873653214162819
140,0.9923494875713252
150,0.9932742299653358
160,0.9870976681250893
170,0.9855397339028272
180,0.9886774285993589
190,0.9806386313178784
200,0.9775069008881686
210,0.9789001157154317
220,0.9761829644466238
230,0.9783102153317189
240,0.9696108459122755
250,0.9783354256862093
260,0.9671860376185731
270,0.9699049452490822
280,0.9712912465431559
290,0.9650086356099973
300,0.9656413734270242
310,0.9566408114397693
320,0.9644580397438400
330,0.9546838926529376
340,0.9574523106152195
350,0.9573535803041180
360,0.9567768942180035
370,0.9598186303717507
380,0.9454657295386651
390,0.9373066956879017
400,0.9270339011296842
410,0.9278399972786201
420,0.9333793719848935
430,0.9240189721612211
440,0.9310572356393650
450,0.9221324038011633
460,0.9323488362059983
470,0.9369762062504063
480,0.9459541956185773
490,0.9531169792592113
520,0.9604907271317819
530,0.9693361274640487
540,0.9721472829942137
550,0.9662662783023243
560,0.9685607247467939
570,0.9743879563489503
580,0.9732687858148241
590,0.9782007608892688
600,0.9801047172501305
610,0.9807604782289039
620,0.9815055775450426
630,0.9758028675306715
640,0.9845315758829792
650,0.9796609705552448
660,0.9866222844321889
670,0.9874267299287908
680,0.9886610396279718
690,0.9823539465032222
700,0.9943877338517466
730,0.9956450028651920
740,0.9915171264887850
750,0.9938678077802362
760,0.9952572219923430
770,0.9893008400283816
780,0.9959358436559187
790,0.9936561212046461
900,0.9882591998551372
910,0.9890987268575385
920,0.9926261741274516
930,0.9954873161566219
940,0.9876717985235987
950,0.9898012138408313
960,0.9939358302340157
970,0.9953521410213321
980,0.9919135529959485
990,0.9920547727314439
1000,0.9956700155526579
1010,0.9912107727040375
1020,0.9932234194645979
1030,0.9842013811111815
1040,0.9876869064132813
1060,0.9873343227686622
1070,0.9843234072017091
1080,0.9882417045727995
1090,0.9810318756524126
1110,0.9847428995968330
1120,0.9845167636469921
1130,0.9819399941168575
1170,0.9822868027079902
1220,0.9712619312113580
1230,0.9741827651440159
1240,0.9739836665536339
1250,0.9697149594614550
1310,0.9400208245671596
1320,0.9440112526015597
1330,0.9405302741176710
1340,0.9394075782571193
1350,0.9458844000750782
1360,0.9380039901008993
1420,0.9586659170981540
1430,0.9534721049321764
1440,0.9556490314195235
1450,0.9547862892367432
1460,0.9586187261776904
1470,0.9619478286290888
1480,0.9642696628043400
1490,0.9558741079796922
1500,0.9600845549386500
1510,0.9634557852087036
1520,0.9697317390268934
1530,0.9721647839943547
1540,0.9702198042682398
1550,0.9708666039600298
1560,0.9732709967151434
1570,0.9795120852668106
1580,0.9785686756487695
1590,0.9842175158629677
1600,0.9827610598401757
1610,0.9897687148287240
1620,0.9935581342987928
1630,0.9986124060628276
1640,0.9892157422753569
1650,0.9914450513738472
1660,0.9995383668503448
1670,0.9962355646937187
1690,0.9972535163347088
1700,0.9885301570250477
1710,0.9935865175542955
1720,0.9905173783584768
1730,0.9895842213251398
1740,0.9776582415894772
1750,0.9805951443386995
1760,0.9724576567288882
1770,0.9715361747317185
1780,0.9756025604257567
1790,0.9690450413713929
1800,0.9614989045706110
1810,0.9690565657124154
1820,0.9655984884690419
1900,0.9517967326083252
1910,0.9553549929742328
1920,0.9524889947867725
1930,0.9526959298039052
1940,0.9608502667948571
1950,0.9566850393027982
1960,0.9424312414295690
1970,0.9319316592852426
1980,0.9310508123761190
1990,0.9301961673222150
2000,0.9210082913100467
2010,0.9277737605551371
2020,0.9271183520116526
2030,0.9239654516084337
2040,0.9243400668114561
2050,0.9296075038262508
2060,0.9410646363410805
2070,0.9617382995446304
2080,0.9674303525492118
2090,0.9740169301198319
2100,0.9788787767169198
2110,0.9701084246384685
2180,0.9743333999143459
2190,0.9768247196695293
2200,0.9846397555203461
2210,0.9781783430214160
2220,0.9808126848877143
2230,0.9798098290310099
2240,0.9841346392838084
2250,0.9815328699411952
2260,0.9852012402298674
2420,0.9929135267302911
2430,0.9922362299222738
2440,0.9862051879764087
2450,0.9922208875282915
2460,0.9900436616229987
2470,0.9903006502914901
2480,0.9924073257629292
2510,0.9931314950413150
2540,0.9910694733750685
2550,0.9988590581074567
2560,0.9979625347692341
2570,0.9921192921799568
2580,0.9972020721846209
2590,0.9941637609342666
2600,0.9985680922286813
2610,0.9906944975476806
2620,1.0000000000000000
2630,0.9965635522675370
2640,0.9884397456893730
2650,0.9930794624739384
2660,0.9902066149840342
2670,0.9884620200934487
2680,0.9976483462632363
2690,0.9966937361798021
2700,0.9954490217606222
2710,0.9936878554713163
2720,0.9885488558343455
2730,0.9901567962316129
2740,0.9939290578982530
2750,0.9834131487561758
2760,0.9831969103233679
2770,0.9854821337683836
2780,0.9851447737192663
2790,0.9786090916920268
2800,0.9791490869649847
2810,0.9751982897182624
2820,0.9813557836577663
2830,0.9772060217367091
2840,0.9733465043417211
2850,0.9767818548959736
2860,0.9735854294751454
2870,0.9554378839835841
2880,0.9430800917710783
2890,0.9435133673783553
2900,0.9451560003311024
2910,0.9475130919356752
2920,0.9441930083389580
2930,0.9452333362652506
2940,0.9474665640455036
2950,0.9397436611660702
2960,0.9401678689199761
2970,0.9390422777180296
2980,0.9603386299556944
2990,0.9511763191904512
3000,0.9514795360535770
3010,0.9593514722012835
3020,0.9575842759291756
3030,0.9655820383880620
3040,0.9647237869885780
3050,0.9644963589645685
3060,0.9672603525155596
3070,0.9667255783508092
3110,0.9775734949767039
3120,0.9849294294477607
3130,0.9906370393963256
3140,0.9923373711328914
3150,0.9876749232925083
3160,0.9854063928176600
3170,0.9892494521374101
3180,0.9875012556878635
3190,0.9900072895086801
3230,0.9891895665274170
3240,0.9967558181002474
3250,0.9922061745332685
3260,0.9941806206319720
3270,0.9862392611098771
3280,0.9842267564228722
3290,0.9815061462459924
3300,0.9821003625474524
3310,0.9772111790007161
3320,0.9755230264867912
3330,0.9803056503504191
3340,0.9797404120388981
3350,0.9785377598431388
3360,0.9723780417792279
3370,0.9737139476266357
3380,0.9736978607200549
3390,0.9673605171429459
3400,0.9651780541441075
3410,0.9645663484930868
3420,0.9674551194251924
3430,0.9596931676708961
3440,0.9618639287086652
3450,0.9583235153246213
3460,0.9619936429465077
3470,0.9542280934433552
3480,0.9603023582566667
3490,0.9604090627346867
3500,0.9618731563752246
3510,0.9605703049219347
3520,0.9559128292694591
3530,0.9571493147931452
3540,0.9445451315617809
3550,0.9375816785614874
3560,0.9307016792884892
3570,0.9347053301205537
3600,0.9315420143520169
3610,0.9272158948654852
3620,0.9248921642721856
3630,0.9347501412919137
3640,0.9426287802392216
3650,0.9597833238835665
3660,0.9560152693992265
3670,0.9579621777377847
3680,0.9558400085106268
3690,0.9621498827458229
3700,0.9624426100420505
3720,0.9627584829890506
3730,0.9684047652510499
3740,0.9667995602983058
3750,0.9655530318517296
3760,0.9726480678274659
3770,0.9647665226572006
3780,0.9638193304446054
3800,0.9722341792326978
3810,0.9692214991506000
3820,0.9699451103327096
3830,0.9765709621584779
3840,0.9770204695481197
3850,0.9818705090066222
3860,0.9740143265192420
3870,0.9743257480847923
3880,0.9859308835522607
3890,0.9762371746367009
3900,0.9872996504593453
3910,0.9863333901275916
3920,0.9890155867663344
3930,0.9851088367337921
3940,0.9851558489777622
3950,0.9872901142739883
3960,0.9878250977609029
3970,0.9907341659230349
3980,0.9930441706611701
3990,0.9853363806658868
4000,0.9914474730532792
4010,0.9911131529330084
4020,0.9955695551508273
4030,0.9921278947454897
4040,0.9982997319288667
4050,0.9904247090508183
4060,0.9947741776716843
4070,0.9968407823143530
4080,0.9923961730323665
4090,0.9921421976966982
4100,0.9932637701280472
4110,0.9955822733600095
4210,0.9832971391603810
4220,0.9840024205144168
4230,0.9832284738089574
4240,0.9843356158241623
4250,0.9853238045282163
4260,0.9821137545032669
4270,0.9853833175726173
4280,0.9801762454778843
4290,0.9775254917017240
4320,0.9706771393882632
