20,0.9753028926186301
30,0.9783946355279870
40,0.9700570976657710
50,0.9786878304353678
60,0.9687271088716377
70,0.9679062408076216
80,0.9727742807893600
90,0.9627774591539373
100,0.9656210766565368
110,0.9703632706933324
120,0.9683904753978948
130,0.9514409533266655
140,0.9456463276103009
150,0.9419579108323226
160,0.9429473919552145
170,0.9423973541954818
180,0.9333977330787889
190,0.9420517672400770
200,0.9395360452726005
210,0.9502645213110746
220,0.9556126973745045
230,0.9602298829930751
320,0.9726356277235818
330,0.9748303948057120
380,0.9840185199434974
390,0.9904452196992997
540,0.9949467419268716
620,0.9847578727750247
720,0.9841364127735910
730,0.9828438329899133
740,0.9748392054989471
750,0.9772731479931270
760,0.9796113116153453
770,0.9746254924928256
780,0.9763808680801646
790,0.9747173358756779
800,0.9779544868391720
810,0.9698335720426166
820,0.9668751927110432
830,0.9663482270703364
840,0.9688019123437313
850,0.9746812731951726
860,0.9744058429127243
890,0.9670311625762895
900,0.9634328307880600
910,0.9708633066959740
920,0.9646565416069554
930,0.9704470548884956
940,0.9592953486151697
950,0.9601996086905267
960,0.9645840526468145
970,0.9591776145075278
980,0.9610222721718735
990,0.9528812382473011
1000,0.9543126219497122
1010,0.9532728737573553
1020,0.9470441840969337
1030,0.9574449025279588
1240,0.9670571372456052
1250,0.9661735254254157
1260,0.9752525411553002
1270,0.9745359915496262
1280,0.9736404612137768
1290,0.9783854060656222
1300,0.9801118100380236
1310,0.9808537098583460
1320,0.9742597939744713
1330,0.9796137773104718
1340,0.9740604186761063
1560,0.9829468830427333
1570,0.9798320060761063
1580,0.9823054201871657
1610,0.9737930440085099
1620,0.9703618742801207
1630,0.9711113991079916
1640,0.9670196346440837
1650,0.9681171162599396
1660,0.9691016479496696
1670,0.9679399384255915
1680,0.9666674636373879
1690,0.9534831931560561
1700,0.9427351098099146
1830,0.9831338049770904
1840,0.9858749035275117
1850,0.9834722918634784
1910,0.9895099336327234
1920,0.9934087438429492
1930,0.9890961827647637
1940,0.9884578059836421
1950,0.9937734087342149
1960,0.9992166986139189
1970,0.9914992447415745
1980,0.9925367136919236
1990,0.9984924042818435
2000,0.9978567405660391
2010,0.9900384504726446
2020,0.9904554376915446
2030,0.9928235897573803
2420,0.9810955150950099
2430,0.9812120623183038
2440,0.9803097597036121
2450,0.9810170741007043
2460,0.9739908057723049
2470,0.9713740525448777
2480,0.9756943066696864
2490,0.9774271662814292
2500,0.9687646193273183
2520,0.9698831431358721
2530,0.9737818888221100
2540,0.9559660388947325
2650,0.9552117731603162
2670,0.9685932852430426
2680,0.9677627951739053
2690,0.9683820254591726
2700,0.9633193509707123
2710,0.9664640460085584
2720,0.9611541023946391
2730,0.9599416367594877
2740,0.9632127556540410
2750,0.9690064050633302
2760,0.9597198021034387
2770,0.9644018593198150
2780,0.9612376744422114
2790,0.9697355977988718
2800,0.9632479566346799
2810,0.9632330647027203
2820,0.9657113222944695
2830,0.9756999388047203
2840,0.9768111700531835
2900,0.9875436307239528
2910,0.9831719069073772
2920,0.9856651154212935
2930,0.9884030472588599
3240,0.9606792066798637
3250,0.9537582196559462
3260,0.9430177671189958
3270,0.9422219601951982
3280,0.9404789388538729
3290,0.9419449694711381
3300,0.9416045417220280
3310,0.9409421424922630
3320,0.9437891751997499
3330,0.9442567072445529
3340,0.9475771168896432
3350,0.9637152733834323
3360,0.9680378831224398
3370,0.9725428917668288
3380,0.9689535396249068
3390,0.9801429969682013
3400,0.9701936334710078
3410,0.9827015013045270
3420,0.9774033363732176
3520,0.9917313487578636
3530,0.9846689524582577
3590,0.9912266049585553
3750,0.9972320137971569
3760,0.9943722190490216
3770,0.9887214788094697
3780,0.9927063723926802
3790,0.9880250507585849
3800,0.9924768766048091
3810,0.9907155867073997
3820,0.9864309415165606
3830,0.9924077774724488
3840,0.9924903388856142
3850,0.9862034560089604
3860,0.9926516183201386
3870,0.9840835800937606
3880,0.9802581144638165
3890,0.9810383151217956
3900,0.9799161854793378
3910,0.9778646416267779
3920,0.9774325432081480
3930,0.9836085708639082
3940,0.9734775560483936
3950,0.9827801157097094
3960,0.9798123220815557
3970,0.9753271694219227
3980,0.9698864600594914
3990,0.9690008730067075
4000,0.9685191636795583
4010,0.9691520453800758
4020,0.9712444739353687
4030,0.9744716952854431
4040,0.9692119823114533
4050,0.9710661271110761
4060,0.9652652936554577
4070,0.9622239951675849
4080,0.9679107683887546
4090,0.9611736098532457
4100,0.9502984953348462
4110,0.9552894470203949
4120,0.9529152637382416
