440,0.9849099877235827
550,0.9711932946661095
560,0.9700937817379531
570,0.9711467220560027
690,0.9446616819061139
700,0.9498051995733714
710,0.9459581167705152
720,0.9416035014261160
730,0.9446173269076006
780,0.9742952043972232
790,0.9797194630642755
800,0.9729034150347727
810,0.9715580832608732
960,0.9834134557937754
970,0.9876817181344181
980,0.9804376529781029
990,0.9860164616888484
1000,0.9891669623947108
1010,0.9821922432898128
1020,0.9884634818338878
1030,0.9895942539664088
1180,0.9924844472540311
1700,0.9882603179150913
1710,0.9876518026705311
1720,0.9895546670374478
1730,0.9941079217479317
1740,0.9887154411903626
1750,0.9899780839187374
1760,0.9883767377023356
1770,0.9808002831854469
1780,0.9777287574623635
1860,0.9686552219284992
1870,0.9768873532376249
1880,0.9739100473007561
1890,0.9698965897362305
1900,0.9752857535936873
1910,0.9715463997163729
1920,0.9683342467656456
1930,0.9658334580526331
1940,0.9731815746538535
1950,0.9691728027077112
1960,0.9747645957580919
1970,0.9665780682677368
1980,0.9664452608603745
1990,0.9715315947364375
2000,0.9656046932261583
2010,0.9751466241771284
2020,0.9765630107284377
2030,0.9658680956196531
2040,0.9713203844505175
2050,0.9736014791725799
2060,0.9679769702124702
2070,0.9678983521312658
2080,0.9732609196290218
2210,0.9554625859755659
2220,0.9659573566470183
2230,0.9744752163795567
2240,0.9740925009564551
2250,0.9706330087034917
2260,0.9698260290928902
2270,0.9740478162652322
2280,0.9801174458975397
2290,0.9747225220796215
2300,0.9796993628769054
2310,0.9726832358390769
2320,0.9735285457728540
2330,0.9765703936310509
2340,0.9799795469775207
2350,0.9707120311667083
2360,0.9757681017114374
2370,0.9719149360038248
2380,0.9797897372936859
2390,0.9762145919379367
2400,0.9707085588689152
2410,0.9812678993536176
2420,0.9774683715327810
2430,0.9758498349738074
2440,0.9770875803545991
2450,0.9818059179417623
2460,0.9777924068167371
2470,0.9713962665545111
2480,0.9731075911366885
2490,0.9815769758589674
2500,0.9785317882941030
2510,0.9796675096450634
2520,0.9756604298914427
2530,0.9778994293564232
2540,0.9818632402901188
2550,0.9784857808112486
2560,0.9855095794967705
2570,0.9849328593817193
2580,0.9856689134493022
2590,0.9801311200511159
2600,0.9822218374380032
2610,0.9856006408552113
2620,0.9907119223920342
2630,0.9887538172432963
2640,0.9848610858021551
2650,0.9897356893229388
2660,0.9868747997924603
2670,0.9868142484382968
2680,0.9936495671640849
2690,0.9938304126550801
2700,0.9951294754354534
2710,0.9897301300608692
2720,0.9946700455861061
2730,0.9982881212935079
3160,0.9856563528318325
3170,0.9801169083722892
3180,0.9761930543193975
3190,0.9783805561385004
3200,0.9811576733722023
3210,0.9707329243709102
3220,0.9713574120475242
3230,0.9777138574909587
3430,0.9796285805315058
3540,0.9864574677830928
3840,0.9865679126872198
3850,0.9870902992041938
4020,0.9909593449638006
4030,0.9866237798884753
4040,0.9815800541253193
4050,0.9923188523698848
4060,0.9901607492148885
4070,0.9822158889955148
4080,0.9919049215856399
4090,0.9900817161675823
4100,0.9895928699385942
4110,0.9924856296135480
4120,0.9908631658122046
4260,0.9968729484429651
4270,0.9902348978125549
4280,0.9960273199376480
4290,0.9772456146540381
