0,0.9508924229588041
10,0.9545187955875125
20,0.9525860770681901
30,0.9676384092660427
40,0.9754834156220651
50,0.9788048181130948
60,0.9755498274842486
70,0.9767132997653386
180,0.9901834341768631
190,0.9890122999777337
200,0.9962859809643236
210,0.9941657565082730
220,0.9891237970398729
230,0.9880021818158439
240,0.9881534853574792
250,0.9964382608933523
260,0.9984645044341626
270,0.9928921642781601
280,0.9938042787132919
290,0.9990367387713115
300,0.9926657264193064
310,0.9984706001202655
320,0.9967719479463567
330,0.9980694541760172
340,0.9946885369221790
350,0.9900559519544533
360,0.9862451965485414
370,0.9877788476263069
380,0.9857817194082484
390,0.9926060338608762
400,0.9871381934065133
410,0.9899296046187158
420,0.9864841880695564
430,0.9837346267518543
440,0.9834428710240400
450,0.9774604290697646
460,0.9797465514890216
470,0.9787535344979144
480,0.9791764527472824
490,0.9773169133853526
500,0.9780599754379733
510,0.9710444195287573
520,0.9707761348057655
530,0.9757430167017276
540,0.9711177060490562
550,0.9701341803140056
560,0.9712981448295062
570,0.9747958660069195
580,0.9715419731682164
590,0.9623734581126937
600,0.9546427625061763
610,0.9559524459133137
620,0.9551504539340718
630,0.9619676885263323
640,0.9592000923377051
650,0.9566192674317525
660,0.9581453554409404
670,0.9551938708445386
680,0.9630319511151260
690,0.9538004083045145
700,0.9726421247499221
710,0.9793967791695199
720,0.9748708711623449
730,0.9789609106766292
740,0.9763183981606298
750,0.9804284648791888
760,0.9757630396945900
770,0.9860184694062551
780,0.9874742567170586
790,0.9804350266455832
800,0.9861493591133138
810,0.9808894988384756
820,0.9841308874119468
830,0.9856249999575085
840,0.9868382565397016
850,0.9918097651003386
860,0.9841699370193625
890,0.9901770046892689
900,0.9925414774861905
910,0.9900442982314619
920,0.9857600338986359
930,0.9911235386560876
940,0.9951152419502580
950,0.9954158226935756
960,0.9961398439820540
970,0.9979975164880746
980,0.9933674731200223
990,0.9903011144244701
1000,0.9963749491551376
1010,0.9882665141323834
1020,0.9945310660656979
1030,0.9990553224444817
1040,1.0000000000000000
1050,0.9978842708892807
1060,0.9893143524806511
1070,0.9927590236641346
1080,0.9930994642780189
1090,0.9981137043974361
1100,0.9978342850186716
1110,0.9953891785817559
1120,0.9918927048570366
1130,0.9896230277683057
1140,0.9871766714833816
1150,0.9873603098937609
1160,0.9884717826617627
1170,0.9927821979422470
1180,0.9865232930320699
1190,0.9866034286690174
1230,0.9795100566310420
1240,0.9857133561369856
1250,0.9845126387127374
1260,0.9759681957406275
1270,0.9635208204340828
1280,0.9571292847657581
1290,0.9528214395874541
1300,0.9403100402336121
1310,0.9478710411345923
1320,0.9427069576814174
1330,0.9412579005646273
1340,0.9459571568965500
1350,0.9495523268148146
1360,0.9678598497893517
1370,0.9770427343490834
1380,0.9694132445086427
1420,0.9817221699524505
1430,0.9802433319433975
1440,0.9761637905348763
1450,0.9799158201925336
1460,0.9795781807773982
1500,0.9840054620285664
1510,0.9893792675089845
1520,0.9947257827335871
1530,0.9955814179041617
1540,0.9992293944728449
1550,0.9950077770434392
1560,0.9930460987549552
1570,0.9961257831250981
1580,0.9968079826847316
1590,0.9926492139653353
1600,0.9924036987922996
1610,0.9954401296356398
1620,0.9917942571522846
1630,0.9886133723740885
1690,0.9788776575409799
1700,0.9793329256991740
1710,0.9748014236425220
1720,0.9736087697216447
1730,0.9779118719183912
1740,0.9741564417328207
1750,0.9778795552729969
1760,0.9729492616308099
1770,0.9775879335703742
1780,0.9716763597603917
1790,0.9687530533276770
1800,0.9780079484170572
1810,0.9685428714411741
1820,0.9738073365040480
1830,0.9749573150132950
1840,0.9724563252477300
1850,0.9710243677542606
1860,0.9676960085332768
1870,0.9709975035187086
1880,0.9757571338012229
1890,0.9764892690212332
1900,0.9736601196313115
1910,0.9737997441220494
1920,0.9551704735498335
1930,0.9589184336174665
1940,0.9539679877394087
1950,0.9591801927584598
1960,0.9535856871992696
1970,0.9528947729804619
1980,0.9620968697364755
1990,0.9628616042258437
2000,0.9613381890676304
2010,0.9554589815719642
2020,0.9586279633534714
2030,0.9730813469337843
2040,0.9835860983502993
2050,0.9754390566781540
2060,0.9852563461485889
2070,0.9759770174283530
2080,0.9792296197344610
2090,0.9845180090135478
2100,0.9857643318828099
2110,0.9852575864130282
2120,0.9839538255869319
2130,0.9769114926616429
2140,0.9814267576872238
2150,0.9786713710619076
2160,0.9832746399298955
2170,0.9834064020257700
2180,0.9811141873648045
2190,0.9849774572592653
2200,0.9834426475224998
2210,0.9841233051151229
2220,0.9845793945075519
2230,0.9874549682799131
2240,0.9873742641363344
2250,0.9825156255349283
2260,0.9915149288970924
2270,0.9912798792146881
2280,0.9909677537398580
2290,0.9826830810437762
2300,0.9822598617856124
2310,0.9916827430026868
2320,0.9884955167247494
2330,0.9871751325085845
2340,0.9858343315882164
2350,0.9843987396759172
2360,0.9946049436392416
2370,0.9888330458802922
2380,0.9949407867860536
2390,0.9967095868775681
2400,0.9907559799160195
2410,0.9969729925069163
2560,0.9844965274392765
2570,0.9924738303033870
2580,0.9930296669386312
2590,0.9798847728574995
2600,0.9704890236623176
2610,0.9575341081636106
2620,0.9458866332898387
2630,0.9417335252024103
2640,0.9477968028219511
2650,0.9460634521314242
2660,0.9466570154504407
2670,0.9510064570863839
2680,0.9561613500463375
2690,0.9568544724034187
2700,0.9721955142550360
2710,0.9678828771057094
2720,0.9736006334636720
2730,0.9682316510858341
2740,0.9736568541562286
2750,0.9738078213425957
2760,0.9726350417564930
2770,0.9845787494054764
2780,0.9789310507430609
2790,0.9809758807531327
2800,0.9919472235478975
2810,0.9829578609445955
2820,0.9873293364273185
2830,0.9880563128421592
2840,0.9960751230281862
2850,0.9944935404738893
2860,0.9896837974124248
2870,0.9896184424979916
2880,0.9999209667427696
2890,0.9991978530252760
2900,0.9931316462685075
2910,0.9899617544039707
2920,0.9862351013716901
2930,0.9920625298312318
2940,0.9934406833083175
2950,0.9832154897900116
2960,0.9856283486222920
2970,0.9855809171778638
2980,0.9823185905496205
2990,0.9855193498473183
3000,0.9791293014704215
3010,0.9810948609584046
3020,0.9741940562224500
3030,0.9778677350101325
3040,0.9749072588598189
3050,0.9766554231856243
3060,0.9677510414701115
3070,0.9728920331174483
3080,0.9754454872267416
3090,0.9686609316487863
3100,0.9773704429924115
3110,0.9716293722230412
3120,0.9762168985941180
3130,0.9700945423857550
3140,0.9728728633400440
3150,0.9693338905472495
3160,0.9767702742509825
3170,0.9755467345153650
3180,0.9757903193649288
3190,0.9808318371955471
3200,0.9727744472999682
3210,0.9817122237327026
3220,0.9835782425041046
3230,0.9840256843654434
3240,0.9770457734581077
3250,0.9672899895175086
3260,0.9592411662747303
3270,0.9544710416726120
3280,0.9528709330386932
3290,0.9552096754820302
3300,0.9589059760256374
3310,0.9602997698233632
3320,0.9559052321849569
3330,0.9533346518727479
3340,0.9600012089696728
3350,0.9568329262463819
3360,0.9736649500401914
3370,0.9908609677670495
3380,0.9842685417468646
3390,0.9842898024600023
3400,0.9923118213500202
3410,0.9863832727715037
3420,0.9915300414485134
3430,0.9870069543026180
3440,0.9918361422108778
3450,0.9893928000487343
3460,0.9933055923684946
3470,0.9889939427558920
3480,0.9855715553501252
3490,0.9901465677543737
3500,0.9868417962097027
3510,0.9871195859635455
3520,0.9855837828359518
3530,0.9875153809807576
3540,0.9921476002451500
3550,0.9912257842411556
3560,0.9940348321177449
3570,0.9867890145058419
3580,0.9845397648708661
3590,0.9878782466694681
3600,0.9878493036148521
3610,0.9885868811237727
3620,0.9938256923444846
3630,0.9855310099433314
3640,0.9895898555268700
3650,0.9847027072739215
3660,0.9849786172315322
3670,0.9932567337381540
3680,0.9927691173172869
3690,0.9904810181222197
3700,0.9870592752127066
3710,0.9882332479493687
3720,0.9908865048128701
3730,0.9963115478291561
3740,0.9962672436263752
3750,0.9971282355382088
3760,0.9897346697636618
3770,0.9933504944990299
3780,0.9885212396038120
3790,0.9904789934923257
3800,0.9922033688854893
3810,0.9911185703635654
3820,0.9883970048914079
3830,0.9988522833311415
3840,0.9886931857190668
3850,0.9984850891005548
3860,0.9905724295033984
3870,0.9971770150629979
3880,0.9947383571915485
3890,0.9973413476026076
3900,0.9888320170818273
3910,0.9986524183535030
3920,0.9965239275623728
3930,0.9812383650702856
3940,0.9709096623097478
3950,0.9561938630272334
3960,0.9455508831673166
3970,0.9423480046990649
4030,0.9719404310603906
4040,0.9785277643971420
4050,0.9753023943748548
4060,0.9776311347873544
4070,0.9732849380522314
4080,0.9725742309171680
4090,0.9723647783422878
4100,0.9717738251465278
4110,0.9737042320544513
4120,0.9766146031459030
4130,0.9750489778058593
4140,0.9724087909667931
4150,0.9776584225603125
4160,0.9719480482967894
4200,0.9896462866136133
4210,0.9847581983600109
4220,0.9919902243172111
4230,0.9920966031149566
