0,0.9922913372304903
10,0.9991221070457214
20,0.9993983495250139
30,0.9906187766426844
40,0.9974303013168663
50,0.9970721299307914
60,0.9954388144166659
70,0.9885494785218804
80,0.9907779914573545
90,0.9803191017870303
100,0.9866746583107191
110,0.9785457715999520
120,0.9834528676314469
130,0.9748205683292158
140,0.9764668360655483
150,0.9730834262443590
160,0.9790981376774229
170,0.9734216491652167
180,0.9771585927502836
190,0.9752089875092689
200,0.9674821090061565
210,0.9645638659138261
220,0.9691461559518377
230,0.9653799770072247
240,0.9593126016248266
250,0.9608483934317842
260,0.9530641240183512
270,0.9383968607232325
280,0.9332394118088955
290,0.9333484147895444
300,0.9365238694966159
310,0.9350939190610907
320,0.9318100226474567
330,0.9331635151915798
340,0.9335615713766671
350,0.9433368858494684
360,0.9550192495941757
370,0.9622420788742383
380,0.9691341958357050
390,0.9662291065268805
400,0.9723610664238184
410,0.9727533083363552
420,0.9744939915065582
430,0.9720692964161818
440,0.9733276442411871
450,0.9752598653887415
460,0.9713334866824198
470,0.9834096023517862
480,0.9778981179659977
490,0.9766893204234551
500,0.9793304422693860
510,0.9861871321668473
520,0.9813738240180621
530,0.9893437191837171
540,0.9864149413195833
550,0.9938897028000654
560,0.9932322843423120
570,0.9889218340737244
580,0.9883355700355306
590,0.9898108415285288
600,0.9876965502337655
610,0.9879607270441216
620,0.9931511775861617
630,0.9985925647540136
640,0.9914088916619218
650,0.9924022423179938
700,0.9965672302600808
710,0.9943317240235930
720,0.9938811519098564
730,0.9965231795548292
740,0.9926141375155094
750,0.9969530510847429
760,0.9901439165104572
770,0.9859536958422803
780,0.9863294431696273
790,0.9954865508384476
800,0.9904879185028121
810,0.9915497822414056
820,0.9928977614268613
870,0.9884309406098123
880,0.9820936125478810
890,0.9821567491976911
900,0.9862207175057004
1050,0.9692981372874111
1060,0.9755610080370798
1070,0.9718570246654837
1080,0.9739911547630846
1090,0.9714291695231533
1100,0.9685942214529442
1110,0.9726748832016006
1120,0.9685406622476984
1130,0.9653626327851415
1140,0.9692829778375763
1150,0.9667298977949345
1160,0.9656228182619008
1170,0.9506835393887476
1180,0.9485568625588654
1190,0.9495079885940968
1200,0.9533469322820107
1210,0.9532592935816994
1220,0.9529691962955051
1230,0.9499270905540330
1240,0.9455188210765323
1250,0.9445250183656781
1260,0.9468246181946877
1270,0.9494798539059198
1280,0.9562894599379749
1290,0.9561973982980422
1300,0.9630440281627596
1310,0.9569476765587366
1320,0.9603871186282504
1330,0.9618223090154319
1340,0.9598046241834750
1350,0.9610254566152757
1360,0.9566541852892466
1370,0.9610265073198484
1380,0.9667733761936274
1390,0.9590374066023213
1400,0.9605891072056937
1410,0.9683616568382265
1420,0.9649846515190886
1430,0.9684170799207966
1440,0.9667351703440387
1450,0.9751708133269701
1460,0.9726674789016750
1470,0.9797473225200067
1480,0.9828035159136645
1490,0.9808593047105892
1500,0.9879096305130644
1510,0.9807340074004505
1520,0.9895300849932472
1530,0.9879837497426458
1540,0.9874170455563590
1550,0.9858195227653360
1560,0.9904366288111631
1570,0.9987659290818188
1580,0.9994223067434516
1590,0.9957195704195155
1600,0.9922622890657724
1610,0.9949022391555774
1620,0.9891955223884460
1630,0.9930569786235809
1640,0.9875844502554458
1650,0.9941231307945051
1680,0.9777132695160877
1690,0.9767345905248603
1700,0.9782872834957875
1710,0.9736377593022191
1720,0.9694905700822792
1730,0.9726339825339064
1740,0.9697313705388153
1750,0.9630285637407635
1760,0.9644923394680086
1770,0.9606122378226088
1780,0.9608783886656564
1790,0.9582913528792981
1800,0.9577605469452578
1810,0.9596157910327706
1820,0.9610306626818447
1830,0.9610629367831436
1840,0.9519094511482957
1850,0.9433934364190406
1860,0.9329820326917118
1870,0.9280527375509906
1880,0.9334842774016343
1890,0.9349939899225045
1900,0.9306193059248106
1910,0.9388488569618770
1920,0.9408504128327643
1930,0.9510382810274530
1940,0.9714738841048354
1950,0.9789466092510305
1960,0.9787098616730763
1970,0.9872011242697333
1980,0.9800230098805610
1990,0.9820831080629656
2000,0.9900575969780299
2010,0.9890975147005631
2020,0.9921318610814678
2030,0.9839768896584880
2040,0.9917868329900709
2050,0.9882672037622710
2060,0.9896920865545856
2070,0.9912079844068065
2080,0.9951809517972298
2090,0.9929479297514123
2100,0.9874545100691474
2110,0.9916455898120252
2120,0.9877530017331936
2130,0.9949837974202345
2140,0.9949436233377392
2150,0.9934721541040215
2160,0.9931653042057220
2170,0.9990913052263110
2180,0.9965096539763552
2190,0.9985152774912307
2200,1.0000000000000000
2210,0.9994606031815039
2220,0.9930349068829186
2230,0.9942686077938818
2240,0.9891181873719660
2250,0.9904883466990233
2260,0.9945102389055551
2270,0.9930119677634397
2330,0.9915359019721512
2340,0.9886364936435542
2350,0.9939613751781707
2360,0.9948523528585521
2370,0.9959350952743625
2380,0.9934503737254790
2390,0.9888449344836086
2400,0.9900651559411039
2410,0.9970839468642143
2420,0.9970723529284852
2430,0.9906307484433344
2440,0.9899232390797117
2450,0.9978682487045542
2460,0.9921689605285922
2470,0.9961793654280495
2480,0.9888821504334842
2490,0.9956083609796582
2500,0.9855756478157985
2510,0.9912297572143717
2580,0.9934336035749231
2590,0.9833810245416525
2600,0.9905092031163757
2610,0.9822727589782492
2670,0.9847291013727703
2680,0.9791602930913939
2690,0.9790990581412224
2700,0.9756035839129650
2710,0.9829723619707245
2720,0.9842032216836011
2730,0.9754853536088005
2740,0.9525916414455364
2750,0.9452866506153005
2760,0.9428258865280015
2770,0.9468070402132979
2780,0.9434113627885313
2790,0.9498541479775708
2800,0.9507955718035465
2810,0.9495866338612008
2820,0.9446947887805779
2830,0.9491640686808572
2840,0.9427569608192380
2850,0.9545858025777226
2860,0.9669374780964863
2870,0.9646536943015503
2880,0.9625537816607170
2890,0.9597765366138831
2900,0.9585757368503995
2910,0.9561316747743993
2920,0.9596108025605292
2930,0.9568173100459940
2940,0.9589330561293608
2950,0.9607484820704811
2960,0.9629659471755165
2970,0.9671898880562303
2980,0.9634522396395645
2990,0.9635878932902868
3000,0.9691813377928766
3010,0.9702089290864393
3020,0.9706006414235940
3030,0.9764472404285118
3080,0.9906179789878452
3090,0.9859436283601009
3100,0.9879502356855128
3110,0.9898593868391729
3120,0.9898351016497614
3130,0.9977092525586272
3140,0.9991354196242468
3150,0.9900972982268992
3160,0.9966900534705122
3170,0.9947005508814476
3180,0.9927324325276784
3190,0.9928595952080261
3200,0.9852732684796942
3210,0.9909123423628377
3220,0.9819764830953825
3230,0.9828620619065395
3240,0.9829227429257827
3250,0.9777025540797215
3260,0.9707483180700248
3270,0.9684153779422876
3280,0.9660703135105327
3290,0.9730234513922834
3300,0.9635593561275827
3310,0.9631941360223008
3320,0.9638316187794520
3330,0.9663166997702943
3340,0.9576001908473415
3350,0.9574808548381966
3360,0.9601526752056948
3370,0.9559193479892621
3380,0.9582380435106603
3390,0.9561714939448752
3400,0.9639241664772329
3410,0.9568579885788749
3420,0.9466294895515446
3450,0.9314045660326457
3460,0.9285648168945544
3470,0.9309180668548098
3480,0.9319582559149986
3490,0.9374100752840075
3500,0.9342611897313198
3510,0.9491875854008898
3520,0.9656398065757867
3530,0.9780394168905653
3540,0.9773533175001622
3550,0.9700756596518599
3560,0.9799827738245960
3570,0.9722166072548473
3580,0.9795368938183402
3590,0.9834974974468079
3600,0.9784786180583603
3610,0.9866043247758479
3620,0.9797578357791710
3630,0.9858841636574145
3640,0.9851640936415682
3650,0.9847294703764534
3660,0.9868159272968516
3670,0.9851582176024339
3680,0.9829552167392234
3690,0.9818070165336249
3700,0.9861157107158327
3710,0.9920296408151649
3720,0.9907803597307703
3730,0.9860412287204395
3740,0.9879861101144777
3750,0.9894829756780993
3760,0.9889092245071092
3770,0.9892951779730271
3780,0.9929975194591304
3790,0.9907193504405544
3800,0.9931083265273850
3810,0.9904215268885395
3820,0.9872170458268474
3830,0.9939377522936456
3840,0.9899506745586835
3850,0.9916445179690030
3860,0.9965621427029323
3870,0.9974718326245117
3880,0.9949957748249919
3890,0.9980528275758815
3900,0.9889133021939356
3910,0.9920897934248150
3920,0.9924391815446127
3930,0.9972021596360133
3940,0.9964925391563648
3950,0.9941722304499678
3960,0.9959819745077383
3970,0.9934507647221151
3980,0.9911684307288995
3990,0.9996656667520918
4000,0.9907109995350735
4010,0.9999056023146272
4020,0.9942309735550706
4030,0.9934784810299193
4040,0.9938233372207639
4060,0.9920603344649708
4070,0.9961798335680414
4080,0.9888635041324459
4090,0.9874617982928017
4100,0.9923855363304674
4110,0.9957863574384195
4120,0.9907764864510961
4130,0.9868637480765753
4140,0.9883950816730993
4150,0.9883977519200299
4160,0.9833359369284672
4230,0.9750803756817058
4240,0.9770349645464319
4250,0.9727851222949104
4260,0.9704072402003682
4270,0.9765707606131788
4280,0.9776137570382855
4290,0.9728136321248347
4320,0.9523244466162457
