0,0.9754191307059692
10,0.9678827242616904
20,0.9569387971789020
30,0.9525407674225309
40,0.9486346271064668
50,0.9448108180125918
60,0.9437988832355203
70,0.9495052494746471
80,0.9530736429864908
90,0.9514380123716412
100,0.9523012995302681
110,0.9482473825408440
120,0.9567805609260763
130,0.9648213394457635
140,0.9706636764423084
150,0.9732427604954710
160,0.9753424348970738
170,0.9743449596209028
180,0.9788628705548966
190,0.9793101407005238
200,0.9746252892640733
210,0.9772268634385060
220,0.9753521760253174
230,0.9836245351252075
240,0.9818712509484779
250,0.9912038046357596
280,0.9933883785912543
290,0.9945049588472998
300,0.9925973842149655
310,0.9890540226975971
320,0.9987854180796274
330,0.9892253744862728
340,0.9976944014957992
350,0.9978043355894931
360,0.9975623771078953
370,0.9892840208216810
380,0.9921155011363769
390,0.9903604345277268
400,0.9882904257730211
410,0.9935356500115199
420,0.9926870146798862
430,0.9915242652384388
440,0.9952051805113903
450,0.9868526179858914
460,0.9887078918031058
470,0.9923284744579710
480,0.9872928017204254
490,0.9825233923028038
500,0.9880419986564057
510,0.9779568167694701
520,0.9839149407629381
530,0.9793329977626504
540,0.9761253402663302
550,0.9820867600530538
560,0.9789850220037544
570,0.9730356087050386
580,0.9735048542043310
590,0.9683090587794174
600,0.9661104815874146
610,0.9683529196587091
620,0.9663502946829132
630,0.9744283847069405
740,0.9296951046169163
750,0.9345632555182790
760,0.9436562772242796
770,0.9530406353018465
780,0.9723681466099806
790,0.9689858144719483
800,0.9756054771378555
810,0.9690454116039209
820,0.9713541178745843
830,0.9704272772623463
840,0.9786653105501976
850,0.9808501400465031
860,0.9728477289264189
870,0.9749855869957166
880,0.9832514054537979
890,0.9763898917066000
900,0.9808856775365695
910,0.9856408820932437
920,0.9869821299869745
930,0.9871799311317117
940,0.9839812271145592
950,0.9845260548783781
960,0.9860728793063118
970,0.9901529093285272
980,0.9858378914271607
990,0.9847107078925638
1000,0.9939941459894146
1010,0.9865338257791786
1020,0.9909877791610845
1030,0.9957640320981801
1040,0.9986288280533646
1050,0.9983503208030723
1060,0.9891702989879034
1070,0.9953878567172213
1080,0.9905219782080150
1090,0.9885315082148991
1100,1.0000000000000000
1110,0.9927447444850669
1180,0.9840761638987803
1190,0.9846366524008926
1200,0.9818128766433774
1210,0.9837195833204549
1220,0.9873737947176728
1230,0.9777983048461750
1240,0.9778777456881809
1250,0.9761697582871572
1260,0.9756084997049226
1270,0.9737070294437807
1280,0.9717391604029216
1290,0.9698076414870760
1300,0.9470322804149838
1310,0.9507508151341001
1320,0.9438455996397720
1330,0.9462423627185667
1340,0.9457488505997748
1350,0.9464421462936782
1360,0.9516111914613274
1370,0.9484006141560716
1380,0.9518711350761730
1390,0.9519709976824309
1400,0.9657299728703945
1410,0.9689884254973559
1420,0.9738805058616045
1540,0.9908761077956899
1650,0.9920588262383709
1660,0.9943601910088995
1670,0.9841785031225704
1680,0.9890196873949350
1690,0.9865040857620471
1700,0.9900543839523751
1710,0.9851583504519210
1720,0.9839507315845656
1730,0.9826438476444688
1740,0.9765948110696723
1750,0.9771440477618980
1760,0.9815410492274874
1790,0.9776049288987521
1800,0.9684221463181526
1810,0.9730192510820135
1820,0.9710072713376002
1830,0.9703364354550207
1840,0.9651786525602830
1850,0.9706170137551061
1860,0.9738262145116662
1870,0.9726289610703176
1880,0.9660417002636625
1890,0.9742173748924565
1900,0.9628308007489000
1910,0.9708072291621778
1920,0.9700908962140209
1930,0.9681551930547487
1940,0.9575594058311494
1950,0.9438041587645053
1960,0.9366038135966498
1970,0.9303624089703501
1980,0.9284738917274692
1990,0.9361863037819032
2000,0.9306332433328627
2010,0.9285744463245057
2020,0.9342961018133374
2030,0.9372789415734403
2040,0.9469429937849286
2050,0.9664985660676714
2060,0.9749876038755402
2100,0.9666127112097712
2110,0.9774865703073007
2120,0.9670216489306429
2130,0.9678765078067405
2140,0.9681825157847260
2150,0.9709594637922316
2160,0.9729027253076986
2170,0.9758084697639766
2180,0.9800120107315724
2190,0.9711141897385428
2200,0.9740657143974389
2210,0.9787845584713645
2220,0.9828408615747639
2230,0.9758739317796593
2260,0.9824533886447345
2270,0.9893330124623319
2280,0.9848760709589125
2290,0.9896148131169827
2300,0.9869885431426619
2310,0.9839253726778704
2320,0.9851454603819422
2330,0.9927121184483385
2340,0.9895181239217637
2350,0.9877172465512593
2360,0.9878082962458654
2370,0.9947964573472539
2380,0.9915113965609504
2390,0.9990531681660039
2400,0.9973026225663867
2410,0.9894594936088595
2420,0.9939023857993274
2430,0.9985928988528917
2440,0.9941446206044576
2450,0.9932900374406661
2460,0.9937959807524088
2470,0.9937751455910820
2480,0.9921187817622537
2490,0.9833548463326059
2500,0.9829196112643169
2510,0.9883372760596378
2520,0.9798376026413138
2530,0.9785520445761379
2540,0.9816826491965152
2550,0.9789661417500690
2600,0.9443087257412712
2610,0.9441391416248733
2620,0.9449895930215946
2630,0.9513675991251733
2640,0.9471547198592052
2650,0.9544635661182376
2660,0.9508636652219840
2670,0.9607859292538776
2680,0.9750395508980519
2690,0.9724854411118378
2700,0.9807869366172547
2730,0.9784760396054921
2740,0.9856363650452411
2750,0.9811591517957706
2760,0.9893654115734752
2770,0.9928379218229102
2780,0.9947097622454106
2790,0.9900626632281941
2800,0.9926806933746475
2810,0.9891132947463123
2820,0.9927893976875279
2830,0.9972660338659586
2840,0.9933599266627912
2850,0.9891981611005033
2860,0.9912321656104677
2870,0.9880491516042739
2880,0.9879354319450110
2890,0.9872357449044087
2900,0.9924097369091022
2910,0.9871278838278178
2920,0.9870265342909481
2930,0.9904154781303354
2940,0.9885136923656193
2950,0.9826031288817916
2960,0.9825189901155460
2970,0.9829936574261121
2980,0.9875246751817779
3010,0.9803545122063709
3020,0.9730908969854628
3030,0.9797242698318356
3040,0.9717935895984715
3050,0.9751172543237543
3060,0.9765362467089459
3070,0.9675868509571718
3100,0.9705785969716844
3110,0.9762492017856825
3120,0.9720763304584650
3130,0.9680080417533119
3140,0.9733558217282945
3150,0.9716036081684246
3160,0.9666589344924762
3170,0.9699715262992226
3180,0.9646669095887577
3190,0.9675797084668644
3200,0.9735641350630183
3210,0.9596357710100447
3220,0.9453451959568419
3230,0.9392549376380361
3240,0.9344791319207365
3250,0.9333470027046811
3370,0.9654966101258984
3380,0.9648774427726557
3390,0.9738146074797229
3400,0.9692998611507379
3410,0.9713699714843032
3420,0.9761795659663211
3430,0.9705408134135372
3440,0.9717316723888150
3450,0.9720263135509990
3460,0.9762338055260317
3470,0.9695193826671938
3480,0.9711516916530597
3490,0.9696694960842783
3500,0.9787868014199343
3510,0.9783793181983224
3520,0.9732314460914583
3530,0.9740786606428025
3540,0.9782363790937613
3550,0.9763709542970893
3560,0.9848264145815810
3570,0.9842197558495773
3580,0.9838337527645472
3590,0.9860489430495262
3600,0.9925737067734323
3670,0.9888441108259470
3680,0.9987149651723964
3690,0.9899851352065409
3700,0.9927328087976732
3710,0.9983327911038899
3720,0.9944623656726983
3730,0.9871123625958714
3740,0.9924328198524112
3750,0.9866953895940330
3760,0.9881283673856035
3770,0.9801988686266476
3780,0.9816134598209512
3830,0.9774486293023766
3840,0.9664728718153150
3850,0.9516096318861188
3860,0.9533576891012940
3870,0.9477763901030047
3880,0.9514699835266877
4050,0.9944173877686256
4060,0.9886178859594332
4070,0.9974597267196676
4080,0.9942154712632998
4090,0.9927358869717964
4100,0.9920094571332246
4110,0.9940252422852741
4120,0.9980847964593187
4130,0.9953248377001812
4140,0.9946816670492660
4150,0.9884773614013423
4160,0.9979033283384761
4170,0.9854997204466758
4180,0.9881498974548354
4190,0.9921915463540776
4200,0.9922015167264823
4210,0.9879013546137819
4220,0.9888598970269121
4230,0.9873665396686799
4240,0.9812665547621613
4250,0.9793760334357186
4260,0.9823300513345230
4270,0.9864080726893717
4280,0.9819959414695988
4290,0.9784460748794773
4300,0.9763965849040829
4310,0.9730176289885800
4320,0.9721382778305672
