0,0.9803590955443168
10,0.9706503022940247
20,0.9687281032069880
30,0.9613256897062095
40,0.9602400130418952
50,0.9590945555388234
60,0.9610923083235102
70,0.9501568940844591
80,0.9585717922880814
90,0.9606703940019965
100,0.9510736551060706
110,0.9598146838200817
120,0.9594099235016859
130,0.9695739598120768
140,0.9756156400281339
150,0.9704015735488979
160,0.9788640875503175
170,0.9786843580707273
180,0.9814893100698604
190,0.9727526841365209
200,0.9760387364779186
210,0.9837748212520645
220,0.9837326464996714
230,0.9831774211714855
240,0.9807350079927226
250,0.9860385362810434
260,0.9867257671681402
270,0.9888089994869106
280,0.9863589620218135
290,0.9926645552741745
300,0.9912671554911137
310,0.9925254671567278
320,0.9929092874281780
330,0.9969765423942955
340,0.9931187050578903
350,0.9971646640731521
360,0.9981075123862518
370,0.9956101765704380
540,0.9805046348678240
550,0.9867702550358121
560,0.9833237910832097
570,0.9851552302889782
580,0.9819433371980500
590,0.9847599665143908
600,0.9811776730014575
610,0.9855073486340441
620,0.9793988442737640
630,0.9730270891451386
640,0.9768371212708449
650,0.9713321048814576
660,0.9761851734200405
670,0.9745210070505466
680,0.9763018325671136
690,0.9794925302719956
700,0.9707571193826067
710,0.9720458872908873
720,0.9684360656604264
730,0.9725651132520354
740,0.9731168332969502
840,0.9667278365368824
850,0.9695450042394642
860,0.9697999883375804
870,0.9587684697783093
880,0.9514847953857164
890,0.9428630895788164
900,0.9378963676708595
910,0.9379136664288449
920,0.9346804895763879
930,0.9380422412531756
940,0.9454853001418431
950,0.9468040334697243
960,0.9509088134802313
970,0.9551433643243845
1000,0.9816634648368120
1010,0.9825371729005981
1020,0.9807215975437819
1030,0.9765077154319622
1040,0.9766346974097307
1050,0.9812147270252237
1060,0.9809039415190582
1070,0.9818013689740988
1080,0.9775032231973635
1090,0.9796196462138119
1100,0.9755838172180172
1110,0.9759696200811178
1120,0.9834031683169808
1130,0.9780771591837428
1140,0.9757519076398888
1150,0.9866824039700138
1160,0.9847413869072686
1170,0.9875297287013880
1180,0.9788072200169267
1190,0.9779713520570215
1210,0.9788155181453468
1220,0.9880934362270344
1230,0.9815781066410721
1240,0.9894123684003423
1250,0.9806978691770604
1260,0.9803935395151238
1270,0.9902067872025700
1280,0.9866454008102250
1290,0.9853423365355045
1300,0.9857564458685599
1310,0.9830827478901691
1320,0.9842652920183812
1330,0.9931701294224193
1340,0.9860428713809964
1350,0.9952772024085215
1360,0.9894150235932507
1430,0.9872316587965139
1440,0.9980709914782019
1480,0.9883380830307099
1490,0.9943976552228009
1500,0.9902745412332772
1540,0.9968561277032153
1550,0.9968037068510791
1650,0.9506349530489416
1660,0.9548177965742620
1670,0.9604728638609703
1680,0.9549037933499321
1690,0.9549636931001229
1700,0.9523804849202910
1710,0.9514570764184432
1720,0.9545304898288307
1730,0.9713245855806394
1740,0.9662631801343631
1750,0.9678013653688100
1760,0.9762685177024765
1770,0.9751652183854818
1780,0.9699091827693881
1790,0.9720701708434915
1800,0.9754677272303429
1810,0.9761410417752048
1820,0.9799853951645108
1830,0.9790520358335728
1840,0.9823466473205991
1850,0.9863683532183812
1870,0.9870910472868099
1880,0.9855288594688991
1890,0.9921757749612569
1900,0.9943314618270411
1910,0.9928937892347882
1920,0.9960764393535314
1930,0.9896765382821633
1940,0.9935151711763556
1950,0.9917735553455437
1960,0.9908523815535267
1970,0.9894125413813503
1980,0.9908335527709005
1990,0.9870293235193914
2000,0.9887032777404675
2010,0.9885346993658798
2020,0.9839215592397242
2030,0.9904055785205447
2040,0.9780580573794764
2050,0.9786444490645194
2060,0.9835784550596318
2070,0.9812687340447988
2080,0.9793679216634267
2090,0.9779745824827785
2100,0.9777886196688378
2110,0.9723202885615647
2120,0.9740701637242029
2130,0.9679113905671785
2140,0.9670962831420284
2150,0.9762528846946285
2160,0.9758666474530721
2170,0.9768320254915774
2180,0.9727271537979020
2190,0.9721262612598346
2200,0.9728563412162125
2210,0.9749947239732871
2220,0.9689919988344111
2230,0.9716671447177567
2240,0.9698034123087177
2250,0.9711661081181987
2260,0.9803027846275246
2270,0.9754250697522437
2280,0.9727785074078111
2290,0.9842258657599054
2300,0.9753599173862831
2310,0.9832554249203167
2320,0.9814258437004216
2330,0.9813246235373262
2340,0.9832396657923917
2350,0.9838291833183456
2360,0.9911329921313725
2370,0.9846165467153366
2380,0.9867657705681083
2390,0.9894793945252178
2400,0.9849521827972191
2410,0.9888069667893178
2420,0.9949024880660795
2430,0.9982316113346663
2440,0.9928095410374271
2460,0.9850802125981111
2490,0.9496883551961716
2500,0.9493037401594743
2510,0.9409277038180092
2520,0.9398348865163424
2530,0.9423398428718028
2540,0.9454981404420011
2550,0.9482748035360351
2560,0.9443535256108436
2570,0.9547556377802067
2580,0.9684240470085193
2590,0.9815243491809116
2600,0.9833320801277964
2610,0.9818359813743261
2620,0.9802627177391223
2630,0.9891100415536699
2640,0.9786586926816456
2650,0.9853128416374626
2660,0.9782981001138562
2670,0.9846770664890332
2680,0.9799670366066484
2690,0.9736112292296748
2800,0.9765321148224698
2810,0.9766309836747257
2820,0.9768340462816525
2830,0.9781060809092815
2840,0.9783669520871343
2850,0.9798364308796863
2860,0.9811710970737043
2870,0.9846894524066024
2880,0.9831001955743979
2890,0.9886063217927992
2900,0.9839756278271169
2910,0.9919674389658303
2920,0.9936198273475892
2930,0.9925424765352101
2940,0.9937104555089380
2950,0.9940877609970992
2960,0.9952767127255204
2970,0.9995398765496053
2980,0.9975017029607598
2990,0.9965709972599277
3000,0.9973000645603661
3010,0.9970992015957169
3020,0.9939708805058046
3030,0.9916829614788100
3040,0.9949635094798122
3050,0.9826278741522506
3180,0.9691788140272120
3190,0.9718691503259159
3200,0.9687403577073076
3210,0.9770790712939372
3220,0.9726831490027262
3230,0.9760605220747179
3240,0.9558201067148139
3250,0.9503749824644642
3260,0.9590874225949727
3270,0.9521632615987946
3280,0.9548924771055997
3290,0.9609357820800839
3300,0.9596040224420349
3310,0.9541675062816564
3320,0.9514153249453982
3330,0.9609257584645579
3340,0.9816434856208788
3350,0.9839512556764479
3360,0.9847411330231872
3370,0.9816874587016716
3380,0.9891703930627763
3390,0.9856365406956934
3400,0.9891904967346102
3410,0.9861302480910533
3420,0.9884071099088064
3430,0.9937881742867858
3440,0.9889415708503485
3450,0.9891914532479197
3460,0.9965221080115453
3470,0.9982846375325793
3480,0.9974250001877839
3490,0.9902184919899039
3500,0.9882807912619105
3510,0.9971112275288903
3520,0.9932396293245876
3530,0.9915510753445838
3540,0.9906674184862586
3550,0.9933657130941086
3560,0.9921621592990759
3570,0.9970038317652323
3580,0.9963758009411703
3590,0.9890124687153827
3600,1.0000000000000000
3620,0.9894935471336161
3630,0.9979870986193486
3640,0.9937723107135862
3650,0.9945057291695977
3660,0.9972503674007033
3670,0.9890683780069178
3680,0.9902157643954956
3690,0.9908306758708612
3700,0.9984347135225691
3710,0.9886806337893106
3720,0.9910322829105185
3730,0.9873199847360954
3740,0.9968596731968484
3750,0.9903800483616327
3760,0.9966495383836748
3770,0.9947289024596245
3780,0.9930277658431966
3790,0.9961631271463876
3800,0.9914255423658364
3810,0.9964084283218542
3820,0.9952406184333012
3830,0.9938600769828670
3840,0.9902999943015633
3850,0.9864960369426750
3860,0.9926400781392600
3870,0.9939388976440547
3880,0.9829158818656600
3890,0.9898381602156580
3900,0.9814433289453024
3910,0.9906634303714278
3920,0.9902530948077694
3930,0.9843864478565055
3940,0.9803574670764553
3950,0.9870525438277294
3960,0.9841394102431557
3970,0.9815810312230452
3980,0.9797302953211334
3990,0.9808081991655985
4000,0.9830708745335688
4010,0.9822846360859563
4020,0.9816982002454691
4030,0.9796750101841026
4040,0.9743299376055210
4050,0.9795822723288722
4060,0.9717898750285230
4070,0.9587444315195627
4080,0.9491860111422510
4090,0.9431447492174284
4100,0.9473338086172454
4130,0.9426772873832007
4220,0.9731269621866693
4230,0.9762696292264849
4240,0.9728181492618202
4250,0.9715566403990047
4260,0.9667957730658839
4270,0.9717364868317577
4280,0.9732451921439027
4290,0.9777108282553887
4300,0.9723086475135092
4310,0.9775297800583173
4320,0.9812193153433690
