40,0.9969587295867844
100,0.9872494229554217
110,0.9948376603683540
120,0.9940012912857156
130,0.9853384398334103
140,0.9886361406782593
150,0.9812961914736068
160,0.9868872504122207
170,0.9827435732869970
180,0.9771319635919035
190,0.9741180322502350
200,0.9748165844417075
210,0.9719949167247494
220,0.9729684705118722
230,0.9661753844521216
240,0.9690295657763754
250,0.9688051806897746
260,0.9598442844355641
270,0.9632690427569248
280,0.9674356775373744
290,0.9654472946840621
300,0.9490367393046552
310,0.9411119253967810
320,0.9439323364831337
330,0.9460306824458135
340,0.9462543377042055
350,0.9427085736230096
380,0.9497000390158459
390,0.9404119927714373
400,0.9492447431289410
410,0.9659168017830397
420,0.9666225120522853
590,0.9931070318821951
600,0.9953048713836091
610,0.9962614334509191
620,0.9952196996492388
630,0.9953436687607471
640,0.9896397895060454
650,0.9907363942115007
660,0.9898467377105324
670,0.9985439430777927
680,0.9999640010066800
710,0.9903846346489109
720,0.9914256599872646
730,0.9921673196723835
740,0.9901329825370507
750,0.9989309769043514
760,0.9928814779371399
770,0.9930104323956978
780,0.9856054111674996
790,0.9957788075016603
800,0.9862710462226255
810,0.9883559334942597
820,0.9873035567299138
830,0.9838375076747674
840,0.9850833899243910
850,0.9866046280642730
860,0.9869441126605452
870,0.9840564474161162
880,0.9794720118829574
890,0.9802637821954290
900,0.9815131997616300
910,0.9819555961415077
920,0.9759617753472970
930,0.9767174928265057
940,0.9754701147149374
950,0.9753428516080702
960,0.9682668493275164
970,0.9682434643749332
980,0.9683083402393825
990,0.9707775939870792
1000,0.9690714316315269
1010,0.9682995089148336
1020,0.9627980915704260
1030,0.9515293097288766
1040,0.9353765168757291
1050,0.9275521660844542
1060,0.9323502228073209
1070,0.9260709597860128
1080,0.9324217734408575
1090,0.9289387777241742
1100,0.9275076729898035
1110,0.9395895549282012
1120,0.9448366645280496
1130,0.9524493945301246
1140,0.9600373066751372
1150,0.9560452987852870
1160,0.9590066130117736
1170,0.9625909278143701
1180,0.9570411811245291
1190,0.9643075374180918
1200,0.9622631458454469
1210,0.9655565493832221
1220,0.9711374351004262
1230,0.9638721507129510
1240,0.9749837168416522
1300,0.9873861984827533
1310,0.9924474260196552
1320,0.9895385589026681
1330,0.9882870690951494
1340,0.9927240380330558
1350,0.9882322440522352
1360,0.9982038385054827
1370,0.9910936064897001
1380,0.9891311353144905
1390,0.9994073572583022
1400,0.9934548856348066
1410,0.9934144228892737
1420,0.9966219807349452
1430,0.9873927330325957
1440,0.9837383935827715
1450,0.9805883400331499
1460,0.9792387862098361
1470,0.9782181877186915
1480,0.9764667505516436
1490,0.9718335068535296
1500,0.9746415572577100
1510,0.9755167850956382
1520,0.9729556701954511
1530,0.9649481312996341
1540,0.9698028070999560
1550,0.9681987473716510
1560,0.9598259678185287
1570,0.9670586189253176
1580,0.9583469311214200
1590,0.9635092299018109
1600,0.9585857148217793
1610,0.9630368031254071
1620,0.9501871645206936
1630,0.9500089068422111
1640,0.9504331123227543
1650,0.9425838579300979
1660,0.9434873535263394
1670,0.9468802276713475
1680,0.9490508827039486
1690,0.9419359993201412
1700,0.9420384623576640
1710,0.9441198310182569
1720,0.9462192634652863
1730,0.9592901508788860
1740,0.9734963622216876
1750,0.9737937491683697
1760,0.9769621459421907
1770,0.9790393574194365
1780,0.9802423059251346
1790,0.9802488839109437
1800,0.9789106084293532
1810,0.9840316635868376
1820,0.9813612436507897
1830,0.9868316842422145
1840,0.9781391918797331
1850,0.9901560059745904
1860,0.9816679509997824
1870,0.9913849607582449
1880,0.9819709343061045
1890,0.9905257625534853
1900,0.9923923167237091
1910,0.9866752735981089
1920,0.9865866852668440
1930,0.9902162402121554
1940,0.9919237650799707
1950,0.9961275250165061
1960,0.9942308531185012
1970,0.9912952103748294
1980,0.9980982719449962
1990,0.9907777597312930
2000,0.9990823028367531
2010,0.9950685823826794
2020,0.9900523006384738
2030,0.9955815161403556
2040,0.9944687635791161
2050,0.9979976792478511
2060,0.9970510591422672
2070,0.9980108530687690
2080,0.9941205936843103
2090,0.9984735925914202
2100,0.9944604532568027
2110,0.9985860321671736
2120,0.9931499015304900
2130,0.9895270266564355
2140,0.9958997949891044
2150,0.9939840502737315
2160,0.9891203067126738
2170,0.9938904470100932
2180,0.9867325107613213
2190,0.9933256154905069
2300,0.9751943824839711
2310,0.9702191618539373
2320,0.9749732530166643
2330,0.9672684574523359
2340,0.9743790036204577
2350,0.9559244112226021
2360,0.9379996281304248
2480,0.9667094942373559
2490,0.9605479781690553
2500,0.9688250355609392
2510,0.9690094551533442
2520,0.9725129469233937
2530,0.9692724504636488
2540,0.9732187284579034
2550,0.9774618607504718
2560,0.9750928672276359
2570,0.9783532950830759
2580,0.9850834006936753
2590,0.9847836126254175
2600,0.9824244325496488
2610,0.9879530227966457
2630,0.9965900465339994
2640,0.9887415178688418
2650,0.9900825381996523
2660,0.9954396551372876
2670,1.0000000000000000
2680,0.9965560401015965
2690,0.9900795552669832
2700,0.9954878683714323
2710,0.9913210912262697
2720,0.9937619961246750
2730,0.9936280051660784
2740,0.9914213855150069
2750,0.9876175290660753
2760,0.9878244620040892
2770,0.9810993042425827
2780,0.9766406658392986
2790,0.9828173013270952
2800,0.9756921521282149
2810,0.9800430497010099
2820,0.9713870705842649
2830,0.9684399514046084
2840,0.9665553234781197
2850,0.9675013496361554
2860,0.9689970887598514
2870,0.9632398886523122
2880,0.9591146424704775
2890,0.9603122978883807
2900,0.9579593168920292
2970,0.9429515326852819
2980,0.9481260525048664
3070,0.9638998342370891
3080,0.9652997249433227
3090,0.9685378530023072
3100,0.9695132667796276
3110,0.9644707118526411
3120,0.9691425331578464
3130,0.9702183923726589
3140,0.9727609427238599
3150,0.9765200900528825
3160,0.9690742961975557
3170,0.9739368124120397
3180,0.9720467770193759
3190,0.9813216438490827
3200,0.9769385153856252
3210,0.9753516931077674
3220,0.9800257639664294
3230,0.9810668034195433
3240,0.9813486679889433
3250,0.9801733001763095
3260,0.9886170468012591
3270,0.9896931775482727
3280,0.9894940632337119
3290,0.9950598651393048
3300,0.9886358737036983
3310,0.9878424355909022
3320,0.9872559451277249
3330,0.9902129218896210
3340,0.9953284109466815
3350,0.9884709357788580
3360,0.9958059304521587
3370,0.9984991947055046
3380,0.9900919219194709
3390,0.9922481677076469
3400,0.9958852033795009
3410,0.9946872690570471
3420,0.9883941695532786
3430,0.9938305975074104
3440,0.9909546733507366
3450,0.9922282503111363
3460,0.9936987670015228
3470,0.9869860171875755
3480,0.9846607667613816
3490,0.9878735911444694
3500,0.9818660807992510
3510,0.9867010795703148
3520,0.9850238747033881
3530,0.9828756645756305
3540,0.9841629572825020
3550,0.9787147826643697
3560,0.9782192860140623
3570,0.9735892526580131
3580,0.9703262892156301
3590,0.9717475439787949
3600,0.9763360773188907
3610,0.9691820022072710
3620,0.9631506098813387
3630,0.9626588894745289
3640,0.9636481604325965
3650,0.9694633739488875
3660,0.9580739693748520
3830,0.9721300560034826
3840,0.9725178335494248
3850,0.9727898612540335
3860,0.9690920109289799
3870,0.9769976546746159
3880,0.9751224334671993
3890,0.9803317717416251
3900,0.9755237939420534
3910,0.9767102263602885
3920,0.9820695889718504
3930,0.9818165680243789
3940,0.9902898691037492
3950,0.9907183372289690
3960,0.9895212615332231
3970,0.9877462728032197
3980,0.9924749324275092
3990,0.9980430232263585
4000,0.9903073783952482
4010,0.9978429627112911
4020,0.9901254987376082
4030,0.9962025073893632
4040,0.9947982917210534
4050,0.9965904831764469
4060,0.9982003813305415
4070,0.9963032863570385
4080,0.9946334302003343
4090,0.9972988946176287
4100,0.9913104719576772
4110,0.9945113855258088
4120,0.9839524362181318
4130,0.9824394295223030
4140,0.9825608545492526
4150,0.9855591527437804
4160,0.9826741400647252
4170,0.9828401272382900
4180,0.9760434934864860
4190,0.9684304855210633
4200,0.9680779847760842
4210,0.9713909956803215
4220,0.9726644151191038
4230,0.9612456492457158
4240,0.9698130602220689
4250,0.9670777399354183
4260,0.9654906806480077
4270,0.9473729411035794
4280,0.9453268582456276
4300,0.9394740879861319
4310,0.9480773463209590
4320,0.9490821024832071
