0,0.9477171407188875
10,0.9510807471592412
20,0.9398485224661484
30,0.9502191011135829
40,0.9521200417923351
50,0.9523952742431321
60,0.9558346874442067
70,0.9754708632382402
80,0.9802705468178349
90,0.9788324022928825
100,0.9746327410081430
110,0.9747084115270354
120,0.9852027881264422
130,0.9762123953241778
140,0.9833884837036214
150,0.9778160378925476
160,0.9848581502473156
170,0.9803257931675315
180,0.9852916481616901
190,0.9813827497771264
200,0.9924645873204854
210,0.9894280561889091
220,0.9931174799218780
230,0.9902710708248355
240,0.9903963720850493
250,0.9933957017139693
260,0.9961698520759015
270,0.9945225595940506
280,0.9935868399488634
290,0.9876678805424441
300,0.9931357256413722
310,0.9965574102720389
320,0.9983478682220372
330,0.9940814961092208
340,0.9918469628354112
350,0.9954996006958707
360,0.9991193009582170
370,0.9924383496779182
380,0.9954948202164317
390,0.9933956971871857
400,0.9902109158453049
410,0.9888227129037525
420,0.9874761692495838
430,0.9897329374301078
440,0.9881233410929886
450,0.9904631533936651
460,0.9861948213837346
470,0.9919261610662230
480,0.9907718606645634
490,0.9910420622356059
500,0.9843369268316176
510,0.9805147904873892
520,0.9807211105566402
530,0.9872895223142016
540,0.9878669862703530
550,0.9809241909373042
560,0.9794070762381357
570,0.9788902359087839
580,0.9815810907610859
590,0.9830359519714003
600,0.9780806707542116
610,0.9842451085282085
620,0.9837671193168043
630,0.9754601423349079
640,0.9732732481427887
650,0.9806134495104156
660,0.9812254246637089
670,0.9819016416734816
680,0.9809799145447391
690,0.9736012554394338
700,0.9780882405697106
710,0.9723558588101843
720,0.9720816944024423
730,0.9757261225873393
740,0.9706606020818989
750,0.9547916726866678
760,0.9647249054454038
770,0.9608231429575598
780,0.9580196724892412
790,0.9614353078381334
800,0.9609954277147380
810,0.9569185229381412
820,0.9623593409713742
830,0.9637685031216151
840,0.9561401912305828
850,0.9570378602725711
860,0.9632579655511129
870,0.9744973066728208
940,0.9810783257045466
950,0.9839248997821730
960,0.9794456426098090
970,0.9888494012089420
980,0.9910327150353128
1000,0.9812509592372644
1010,0.9827250700512553
1020,0.9879458214491820
1030,0.9899287982062325
1040,0.9870625096094281
1050,0.9925915411172068
1060,0.9921149725667293
1070,0.9926600777677669
1080,0.9855405500491065
1090,0.9902915266387523
1100,0.9959881127718694
1110,0.9869300091721744
1120,0.9860339943184676
1130,0.9855963640705937
1140,0.9866561408237446
1150,0.9925721306661188
1160,0.9968366514064355
1170,0.9960401098403527
1180,0.9966062617215250
1190,0.9883615839296965
1200,0.9976274252074785
1210,0.9876117078727469
1220,0.9983896185206241
1230,0.9968655712379890
1240,0.9979283640326763
1250,0.9986691756131960
1260,0.9926922019173495
1270,0.9895427100176666
1280,0.9938976236637573
1290,0.9893929943059490
1300,0.9962161548982241
1310,0.9927374326376353
1320,0.9921864773425143
1330,0.9952331931537665
1340,0.9964004229674546
1350,0.9904706238842961
1360,0.9910342147324368
1370,0.9947780780310141
1380,0.9950411719225063
1390,0.9950768196717572
1400,0.9913283404786046
1410,0.9960569673058742
1420,0.9957829249597775
1430,0.9922375860486773
1440,0.9912587106095547
1450,0.9939892304819451
1460,0.9945320770726929
1470,0.9926818626600602
1480,0.9906032797133345
1490,0.9923595230247173
1500,0.9869648799127719
1510,0.9881271779119692
1520,0.9732206233841353
1530,0.9633308746439831
1540,0.9554447922600430
1550,0.9443040529001911
1560,0.9485129741836330
1570,0.9404240253011432
1580,0.9409147578012248
1590,0.9429828683102839
1600,0.9529867220261964
1610,0.9608061732443486
1620,0.9735974333379783
1630,0.9762807461825875
1680,0.9803447822802117
1690,0.9727898747600336
1700,0.9829500598116577
1710,0.9753508474873873
1720,0.9760119981157211
1730,0.9782563170642906
1740,0.9819112079856313
1750,0.9846050417946371
1760,0.9793749271949468
1770,0.9864560951580151
1780,0.9897649140121051
1790,0.9873348527602014
1800,0.9866623008938760
1810,0.9896933644850811
1820,0.9932871012968201
1830,0.9911877040316902
1840,0.9954467711092093
1850,0.9973972965212562
1860,0.9893002948118251
1870,0.9992136812032847
1880,0.9931594399378236
1890,0.9989218946573074
1900,0.9910230940499732
1910,0.9978953535309397
1920,0.9927522511944775
1930,0.9939960094151005
1940,0.9876974586147826
1950,0.9907947593696537
1960,0.9855352559947577
1970,0.9853243410442136
1980,0.9881705444048565
1990,0.9780430130498003
2000,0.9793799098102751
2010,0.9853630108363856
2020,0.9748748096364555
2030,0.9805791637131599
2040,0.9723653468604952
2050,0.9771611275511876
2060,0.9764443120345924
2070,0.9739382159249018
2080,0.9744839424223188
2090,0.9784032733062683
2100,0.9746803850009665
2110,0.9749327271544339
2120,0.9818147932561349
2130,0.9802810324365356
2140,0.9725509831348950
2180,0.9832108894089898
2190,0.9839459844508911
2200,0.9764138838534852
2210,0.9837138012220840
2260,0.9919967756054093
2270,0.9832589979267763
2280,0.9896837141691074
2290,0.9683956149396554
2300,0.9585102045228806
2310,0.9626358955001778
2320,0.9583499420738066
2330,0.9597787224022646
2340,0.9542075381070303
2350,0.9582874107146448
2360,0.9589602260217777
2370,0.9622852100327772
2380,0.9647559368715536
2390,0.9647525736299040
2400,0.9549423732741193
2410,0.9765615405686910
2420,0.9875253167942643
2430,0.9911947864789388
2440,0.9890258576021647
2450,0.9899234139531828
2460,0.9908227824359384
2470,0.9934911817507690
2480,0.9904306383755436
2530,0.9867514481499070
2540,0.9946441615211684
2550,0.9904528384225704
2560,0.9832810781314604
2570,0.9892667122006281
2580,0.9909975719496988
2590,0.9825286091149311
2600,0.9865260237934607
2610,0.9892121233754810
2620,0.9881359275085139
2630,0.9799976505970222
2640,0.9824706167112074
2650,0.9774660836654711
2660,0.9827675868284490
2670,0.9744782576148645
2680,0.9790811635919007
2690,0.9847639596067305
2700,0.9773207556525629
2710,0.9779737578939495
2760,0.9779261252341345
2770,0.9738484468570012
2780,0.9711600591044636
2790,0.9747021903148594
2800,0.9763080181132743
2810,0.9775257347556188
2820,0.9728588120455716
2830,0.9722970287851228
2840,0.9812502513074072
2850,0.9793570779716733
2860,0.9751066379687484
2870,0.9823536877368907
2880,0.9766257036373771
2890,0.9790160813328388
2900,0.9808418039651819
2910,0.9841144086168714
2920,0.9849997228523726
2930,0.9813803844355267
2940,0.9784907736465787
2950,0.9807591096357373
2960,0.9856525300698488
2970,0.9777734424198270
2980,0.9807416092969808
2990,0.9828154176494726
3000,0.9808464896565930
3010,0.9888536025339645
3020,0.9824631032940301
3030,0.9808913318230789
3070,0.9833178048108965
3080,0.9654131289049593
3090,0.9530802960951544
3100,0.9506525736479112
3110,0.9510442943833678
3120,0.9440198051359056
3130,0.9511607808574446
3140,0.9444019722525222
3150,0.9508367436803108
3160,0.9658986730127992
3170,0.9830074327649343
3180,0.9954796535281732
3190,0.9945438759209548
3200,0.9949545137794210
3210,0.9905067810353210
3220,0.9928747358179459
3230,0.9904120793069101
3240,0.9935190723020938
3250,0.9935340367005154
3260,0.9908764210696605
3270,0.9905715964159600
3280,0.9979628487096571
3290,0.9917000377447598
3300,0.9909992204259380
3310,0.9923741045275694
3320,0.9890518664141802
3330,0.9981194044361662
3340,0.9948394934950856
3350,0.9927569089139808
3360,0.9963871103645686
3370,0.9988672377991475
3380,0.9944682457387428
3390,0.9918372331185603
3400,0.9907960309128158
3520,0.9895537092913851
3530,0.9924423026606881
3540,0.9963777243492484
3550,0.9964353056662103
3560,0.9879909354941171
3570,0.9938936466285559
3580,0.9891081329772168
3590,0.9912085382843820
3600,0.9911309387500880
3610,0.9945738879006784
3620,0.9941692022560944
3630,0.9987786075051375
3640,0.9997578984284416
3650,0.9993875726661444
3660,0.9962981580326001
3670,0.9904906419228952
3680,0.9925952138570331
3690,0.9959470831306851
3700,0.9920020865706873
3710,0.9972125599624230
3720,0.9917652562013082
3730,0.9983030240423014
3740,0.9911451876572400
3750,0.9950660214124094
3760,0.9891241382828051
3770,0.9928732024211429
3780,0.9937828398250745
3960,0.9736585021995962
3970,0.9920497615139779
3980,0.9882186470921253
3990,0.9818507554079241
4000,0.9924348165795371
4010,0.9851230376811619
4060,0.9861651227057410
4080,0.9793656404304213
4090,0.9793581140516512
4100,0.9748840320474913
4110,0.9768284641641705
4120,0.9808526843384378
4130,0.9739395979111781
4140,0.9721442555084858
4150,0.9827420927718448
4160,0.9754910929214079
4170,0.9767526213380970
4180,0.9736951862715447
4190,0.9746836117248536
4200,0.9742431939431158
4210,0.9784913147997418
4220,0.9789094416923264
4230,0.9742781911376048
4240,0.9748659243218514
4250,0.9742659308371047
4260,0.9791285574546942
4270,0.9726714486347158
4280,0.9767905806441982
4290,0.9810843833610202
4300,0.9841092147076350
4310,0.9779228146032940
4320,0.9761495941138928
