30,0.9905323565837660
40,0.9941703764931707
50,0.9968511937430202
60,0.9949888197465980
70,0.9930846339915256
80,0.9970795331725268
90,0.9983137870129243
100,0.9904554228160128
110,0.9998612997225776
120,0.9910165155653718
130,0.9896918014567353
140,0.9917576863970242
150,0.9883333160104920
160,0.9888532561139839
170,0.9874735421089064
180,0.9957639037147057
230,0.9903360894603030
240,0.9816169322847407
250,0.9807288658356549
260,0.9798581506906239
270,0.9797440579097484
280,0.9799253700893679
290,0.9774991342861897
300,0.9789513085397370
310,0.9812310202747004
320,0.9783808012492996
330,0.9752026228134276
340,0.9732588623797188
350,0.9769692819608701
360,0.9576581795699015
370,0.9477828345011786
380,0.9504106917088511
390,0.9453362183093945
400,0.9380671977570945
410,0.9378737094545569
420,0.9378209885280131
430,0.9480625157388868
440,0.9561891944857469
450,0.9556711701546329
460,0.9751815721190080
470,0.9800854963932405
480,0.9803232747733525
490,0.9820679286270663
500,0.9770073735581407
510,0.9804150724448145
520,0.9794030325814618
530,0.9830287241218177
540,0.9870835487103651
550,0.9873589843102152
560,0.9887295641756523
570,0.9824517027839279
580,0.9881026139093307
590,0.9822515525396063
600,0.9885521605404042
610,0.9954102171496327
620,0.9922194096164211
630,0.9891957487965835
640,0.9893659427184138
650,0.9962906026838707
660,0.9934073992784566
670,0.9950475599980722
680,0.9910353283841963
690,0.9962749232971307
700,0.9989588143344167
710,0.9967551925664292
720,0.9928411161943700
730,0.9965261381267421
740,0.9931457832632470
750,0.9876722466908208
760,0.9971673556683315
770,0.9864074301679483
780,0.9913411271489069
790,0.9867176522750977
800,0.9839398280942580
810,0.9915058178149818
820,0.9918780877393979
830,0.9822385495136204
840,0.9859577306218609
850,0.9875907982137786
860,0.9800348128560573
870,0.9860182413032557
880,0.9785235876028014
890,0.9740028074161333
920,0.9718220590625863
960,0.9591924605884321
970,0.9586282365916297
980,0.9559105839291820
990,0.9567004393475976
1000,0.9597030740289249
1010,0.9575955050421686
1020,0.9607638372163467
1030,0.9536206263952590
1040,0.9648315826561343
1050,0.9781628060585430
1060,0.9806805720807563
1070,0.9710248878794914
1080,0.9718471706889792
1090,0.9829328504663524
1100,0.9802566238981787
1110,0.9756097782644672
1120,0.9831191088470559
1130,0.9859618405830727
1140,0.9863148011977625
1150,0.9877790573400144
1160,0.9858506410273175
1170,0.9851823303868799
1180,0.9912361869001827
1190,0.9844998812194315
1200,0.9928519676760601
1210,0.9925518182286189
1220,0.9890211552499976
1230,0.9930292010383788
1240,0.9981550698375720
1250,0.9995311066692685
1260,0.9925551762015826
1270,0.9915712353896097
1280,0.9909579632627877
1290,0.9910491474943086
1300,0.9936291739182228
1310,0.9908890249165032
1320,0.9898582764679240
1330,0.9913602124568801
1340,0.9972239659038177
1350,0.9880107413829068
1360,0.9917927487003448
1370,0.9911068012527893
1380,0.9856394310700720
1390,0.9875393999850254
1400,0.9823403392026550
1410,0.9832134203128160
1420,0.9844384773873190
1430,0.9822157408135899
1440,0.9812912377493629
1450,0.9833907091044353
1460,0.9767157909465355
1470,0.9830412668872954
1480,0.9780615160063246
1490,0.9793316614168424
1500,0.9801185619369417
1510,0.9761874935011638
1520,0.9714307462210681
1530,0.9601960853509652
1540,0.9491046090308715
1550,0.9431124166069967
1560,0.9375671985544128
1570,0.9368299938798684
1580,0.9406905942081645
1590,0.9375444917430936
1600,0.9454357187475438
1610,0.9497860203114499
1620,0.9554229066577580
1630,0.9748919351998909
1640,0.9738074948184231
1650,0.9727677488392944
1660,0.9799222004004042
1670,0.9751102947636994
1680,0.9842621324409302
1690,0.9802943100499431
1700,0.9816414001810053
1710,0.9813227435679763
1720,0.9828915104730048
1730,0.9885524716355804
1740,0.9883132871764583
1750,0.9911702222268569
1760,0.9840511046161484
1770,0.9876191532893555
1780,0.9881521452174221
1790,0.9914626370099218
1800,0.9866846926956514
1810,0.9898818811747866
1820,0.9977155660560485
1830,0.9928337720539570
1840,0.9952141853551564
1850,0.9975732946057576
1860,0.9964098743418567
1870,0.9977968249444558
1880,0.9914164806401148
1890,0.9950208743174849
1900,0.9987626942263632
1910,0.9936467814536138
1920,0.9904754488905276
1930,0.9869203223714645
1940,0.9897739427457869
1950,0.9857855402256094
1960,0.9937487908662747
1970,0.9851244121915383
1980,0.9894472618011312
1990,0.9835676667108307
2000,0.9876194669867392
2010,0.9879294992317657
2020,0.9807785087244842
2090,0.9786632157673437
2100,0.9777403996696190
2180,0.9551215445795962
2190,0.9594619104216386
2200,0.9564801285117107
2210,0.9649995487429683
2220,0.9777001313014804
2230,0.9760877198200929
2240,0.9803818888014171
2250,0.9719371266245586
2260,0.9774548964290981
2270,0.9835165279004868
2280,0.9775717893917221
2290,0.9816089904580749
2300,0.9771792563746371
2310,0.9852632384162164
2320,0.9825349309002885
2330,0.9891916793048353
2340,0.9849830660529491
2350,0.9843525477625241
2360,0.9903149689478213
2370,0.9916444011087464
2380,0.9911538626949945
2390,0.9893864283923652
2400,0.9891561165049554
2410,0.9935237931499123
2420,0.9889915701425913
2430,0.9939501061286536
2440,0.9964896452334552
2480,0.9982355162079103
2490,0.9951530588399311
2500,0.9985345762892109
2510,0.9878942680808926
2520,0.9929564032236655
2530,0.9865855619589541
2540,0.9953958659834413
2550,0.9892874825865450
2560,0.9860098339392884
2570,0.9854237523682585
2580,0.9877172464158436
2590,0.9830694997861922
2600,0.9863592669096384
2610,0.9853334813645444
2620,0.9770511047443298
2630,0.9751118076271106
2640,0.9794510680485615
2650,0.9747273918942903
2660,0.9715174361669747
2670,0.9770943692453855
2680,0.9793607326363434
2690,0.9749826909337022
2700,0.9639136207034021
2710,0.9521486296527335
2720,0.9513830934637847
2820,0.9708106050466048
2830,0.9777402207675612
2840,0.9750307885647642
2850,0.9802989087348055
2860,0.9848779187239416
2870,0.9809948925332604
2880,0.9850623924653791
2890,0.9822601043156139
2900,0.9891874182930720
2910,0.9908263532945879
2920,0.9915902743055375
2930,0.9922327191778739
2940,0.9862119829322374
2950,0.9879137587159682
2960,0.9961500607627266
2970,0.9973430828914838
2980,0.9935645959344036
2990,0.9974917378881870
3000,0.9948647827038547
3010,0.9907152894158940
3020,0.9991614898012375
3030,1.0000000000000000
3040,0.9958118877929854
3050,0.9986723412121371
3060,0.9985782655795562
3070,0.9926491186738413
3090,0.9898360308735349
3100,0.9977153986678275
3110,0.9963651509374819
3120,0.9920948223583458
3130,0.9936774598228908
3140,0.9835342511151705
3150,0.9932715125256653
3160,0.9888523900519429
3170,0.9906665921207143
3180,0.9876529859671228
3190,0.9844210850728967
3200,0.9848191329803914
3210,0.9864337264592019
3220,0.9757562568412957
3230,0.9813274472312518
3240,0.9729721008408359
3250,0.9794668415181349
3260,0.9726782991637398
3270,0.9780074692025339
3280,0.9671164742074392
3290,0.9603020835387823
3300,0.9543571222811534
3310,0.9542158110695287
3320,0.9516051172035934
3330,0.9574270404581509
3340,0.9547168078801810
3370,0.9592777098459925
3380,0.9568650373050708
3390,0.9740684149502824
3400,0.9787664674692668
3410,0.9799975168273494
3420,0.9775068709895157
3430,0.9819400939576927
3520,0.9878836436034528
3530,0.9864377043042706
3540,0.9939475321761156
3550,0.9856346311831219
3560,0.9903445081922460
3570,0.9945197546495471
3580,0.9924025164547009
3590,0.9951106644533609
3600,0.9987318608021984
3610,0.9989571317491452
3620,0.9900679196898309
3630,0.9906592831168929
3640,0.9899113046755629
3650,0.9890944048768971
3660,0.9951381778589032
3670,0.9916832433542765
3680,0.9880045312970124
3690,0.9890355579483502
3700,0.9883636288165693
3710,0.9877702993563769
3720,0.9855233030694334
3730,0.9841323184938493
3740,0.9827078630548430
3750,0.9912706145907443
3760,0.9874141210601883
3770,0.9882601738226798
3780,0.9804506181963436
3790,0.9860938618919662
3800,0.9784578476239477
3810,0.9760873840480320
3820,0.9824415956130363
3830,0.9744296367927752
3840,0.9756617535267784
3850,0.9735715344470791
3860,0.9772825584276512
3870,0.9591028470272595
3880,0.9495659695657556
3890,0.9431290587812418
3900,0.9380022658657247
3920,0.9367057211202212
3930,0.9479784281388045
3940,0.9485897799400528
3950,0.9470310258686609
3960,0.9615635339311088
3970,0.9744402778485775
3980,0.9772259868147704
3990,0.9751551485568698
4000,0.9741102563999223
4010,0.9825146349100105
4020,0.9771123019055277
4030,0.9803094344298182
4040,0.9859385268558020
4070,0.9817105097373583
4080,0.9851476971453222
4090,0.9849002144205145
4100,0.9912011964353046
4110,0.9855268635288854
4120,0.9861389824562987
4130,0.9864089296325677
4140,0.9942736591521901
4150,0.9930088214448536
4160,0.9872559477236627
4170,0.9895982887707404
4180,0.9990220996895183
4190,0.9905321823790267
4200,0.9888539608342108
4210,0.9929276368299890
4220,0.9916370679630637
4230,0.9973397160881977
4240,0.9971292024005666
4250,0.9930112446243176
4260,0.9977236804978472
4270,0.9889549175483761
4280,0.9957440406767892
4290,0.9940502061210704
4300,0.9887271596018623
4310,0.9942859883821494
4320,0.9861532198271070
