0,0.9890346211502308
10,0.9976696710684738
20,0.9884142400292117
50,0.9952027398160620
60,0.9921966479069925
70,0.9919526178881425
80,0.9876318048467690
90,0.9965343507807138
100,0.9845873228397659
110,0.9880562799574073
120,0.9908137642013255
130,0.9911581617322610
140,0.9892987172148578
150,0.9806072187173182
160,0.9842701442747683
170,0.9772242286361597
180,0.9831196521277412
190,0.9816605591455285
200,0.9770063641597545
210,0.9720314359986977
220,0.9787445266245616
230,0.9695380754852648
240,0.9714426346122625
250,0.9702899372906953
260,0.9664255882891805
270,0.9561491037418639
280,0.9537461426757102
290,0.9544762766873559
300,0.9508394558068055
310,0.9507634388987634
360,0.9578877908139285
370,0.9751239494785683
380,0.9718895036146831
510,0.9939769916831050
520,0.9902993899568511
530,0.9900051364762642
540,0.9932523561984946
550,0.9935606566041759
560,0.9883494545781689
570,0.9964848672537742
580,0.9922719933280900
590,0.9965933344142391
600,0.9937986725039772
610,1.0000000000000000
620,0.9993321968682961
750,0.9802860238580953
760,0.9763438706044033
770,0.9774747626237291
780,0.9811605607309376
790,0.9794041997173254
800,0.9699827111697017
810,0.9752956586141603
820,0.9721527795218241
830,0.9669410363506863
840,0.9722460599531949
850,0.9606533819099236
860,0.9474161036950567
870,0.9472068996747040
980,0.9708509597184263
990,0.9711481323895311
1000,0.9740479662507701
1010,0.9733524930984251
1020,0.9782235091094250
1030,0.9792660490236593
1040,0.9790549934631082
1050,0.9836645756634556
1060,0.9788803928264411
1070,0.9843205909285341
1080,0.9896821398175284
1090,0.9819009887990802
1100,0.9905797120219799
1110,0.9892197111025166
1120,0.9928751067864929
1130,0.9955548965131513
1140,0.9927223726880521
1240,0.9952469923625463
1250,0.9970676106511398
1260,0.9870702333502775
1270,0.9898876632686979
1280,0.9880733841206948
1290,0.9863003232142364
1300,0.9820684259765802
1310,0.9803912433459956
1320,0.9860118750097828
1330,0.9812771594142321
1340,0.9810262111426844
1350,0.9817145996838573
1360,0.9845739546638197
1370,0.9781666256462846
1380,0.9814030332917320
1390,0.9696476869289045
1400,0.9740095846780984
1410,0.9788029527717574
1420,0.9672176293654861
1430,0.9704677195346573
1440,0.9517275495831262
1450,0.9570108416636894
1460,0.9514476714269954
1470,0.9468236640871814
1480,0.9546943059453484
1490,0.9575905656294431
1500,0.9492251133834211
1510,0.9525134565086208
1520,0.9496432288972841
1530,0.9553598338486751
1540,0.9670634943178013
1550,0.9717157376379415
1560,0.9744553436024755
1570,0.9711071906691862
1580,0.9772928079538848
1590,0.9799982562045262
1600,0.9789507751737193
1610,0.9812562935020344
1620,0.9828829377408718
1630,0.9849565121203774
1640,0.9784797606324629
1650,0.9865143285898367
1660,0.9873989393238874
1670,0.9906725584237444
1680,0.9899149137158386
1690,0.9923733938324257
1700,0.9868645303175776
1710,0.9946230593877053
1720,0.9972275802814883
1730,0.9964341665009014
1740,0.9873065480139531
1750,0.9911352692629444
1760,0.9962401476191713
1770,0.9910245974404406
1780,0.9988657775380081
1790,0.9984209104620375
1800,0.9891276463467034
1940,0.9819324284059234
1950,0.9809311586011061
1960,0.9811309950385324
1970,0.9713658828104530
1980,0.9769892566999073
1990,0.9729040519990274
2000,0.9687295157064441
2010,0.9763268266392423
2020,0.9652413329343534
2030,0.9498330702328891
2040,0.9371524626830974
2050,0.9429636150399109
2060,0.9381452557240986
2070,0.9369739755082870
2080,0.9381000085105961
2090,0.9402888721141160
2100,0.9495484573334676
2110,0.9475120137142705
2120,0.9619122802765414
2130,0.9751619643002840
2140,0.9677225848538328
2150,0.9753257714939677
2160,0.9718520051097497
2170,0.9798610369889329
2180,0.9755636628913754
2190,0.9830288092311354
2200,0.9784919346994926
2210,0.9833691646440033
2220,0.9842648002269377
2480,0.9891325656434186
2490,0.9834781432040117
2500,0.9821286773368083
2510,0.9809087671712778
2520,0.9818308090723221
2530,0.9784719735637587
2540,0.9737024030000481
2550,0.9710794532464485
2560,0.9805005052291462
2570,0.9797261503261392
2580,0.9772721474557279
2590,0.9758148860537775
2600,0.9652805713284441
2610,0.9492696588963767
2620,0.9533548351712643
2630,0.9483786917820575
2640,0.9568197315741235
2650,0.9499787741869798
2660,0.9541940173761619
2670,0.9510029177454122
2680,0.9564092868578946
2690,0.9471321460858577
2700,0.9517721774902091
2710,0.9658293629852261
2720,0.9670779435370477
2730,0.9745897645492908
2740,0.9792483820507275
2750,0.9766535721189946
2760,0.9753292378662459
2770,0.9733800584935667
2780,0.9821271129847176
2790,0.9809193034998159
2800,0.9811609438629895
2810,0.9790401532550815
2820,0.9890365104966670
2830,0.9887001214335603
2840,0.9827188331546989
2850,0.9931408405298726
2860,0.9869434091494292
2870,0.9913471341971196
2880,0.9884794408537886
2890,0.9936307635574432
2900,0.9945635655501824
2970,0.9878424568689699
2980,0.9919785623932156
2990,0.9937018369105217
3000,0.9980056764893313
3010,0.9960993887245478
3020,0.9920994623995921
3030,0.9840416001080122
3040,0.9888218598941886
3050,0.9899928635413149
3060,0.9891872583252054
3070,0.9824930519357535
3080,0.9821739881111092
3090,0.9857765720121765
3100,0.9802152809040263
3110,0.9817608081743023
3120,0.9736863191873029
3130,0.9733410529250831
3140,0.9791578864441413
3150,0.9744116954883842
3160,0.9759665861637330
3170,0.9736476357487640
3180,0.9717588079112403
3190,0.9611339482384808
3200,0.9471279641483472
3210,0.9434064998471241
3220,0.9343131507104102
3230,0.9402013566854156
3240,0.9350578875012060
3290,0.9708385610364776
3300,0.9744235087603382
3310,0.9713195508255565
3320,0.9726212642914882
3340,0.9732538835609797
3350,0.9792270197377622
3360,0.9756939247553162
3370,0.9848014941397534
3380,0.9808541487944357
3390,0.9786038797478612
3400,0.9847330195720623
3410,0.9834874337477943
3420,0.9920115304644292
3490,0.9885172657356941
3500,0.9928616491013478
3510,0.9940224812863115
3520,0.9902848763607498
3530,0.9904602255078817
3540,0.9971587711592658
3550,0.9897746727184674
3560,0.9971160442607470
3570,0.9880208167357194
3580,0.9924193497231999
3590,0.9917003561533737
3600,0.9913183763224320
3610,0.9855181985245548
3620,0.9832852472150034
3630,0.9855647895841820
3640,0.9923880320018181
3650,0.9883635163914394
3660,0.9785952593232944
3670,0.9816698097960034
3680,0.9837444359180252
3690,0.9855328628113605
3700,0.9746170152974847
3710,0.9742924581844874
3720,0.9789425094275949
3730,0.9790420653137675
3740,0.9761566378009565
3750,0.9754847521747606
3760,0.9727795874544845
3770,0.9708399866123133
3780,0.9571100563814119
3790,0.9527974392201508
3800,0.9549619871142375
3810,0.9529401271502864
3910,0.9726192540515448
3920,0.9758461686770600
3930,0.9791833046046352
3940,0.9747360228641799
3980,0.9836528330524418
3990,0.9837466002902856
4000,0.9829453633785585
4010,0.9845349046369423
4020,0.9899416690774916
4030,0.9939269480248332
4040,0.9909128364500199
4050,0.9939505298960489
4060,0.9891670861334499
4080,0.9917961774396730
4180,0.9890208829354881
4190,0.9922757837173003
4200,0.9931883818649915
4210,0.9829472934417944
4220,0.9902627885337972
4230,0.9823821107720855
4240,0.9849699623154485
4250,0.9864794863666683
4260,0.9770511428194116
4270,0.9783913953147367
4280,0.9848018705101325
4290,0.9839604843742635
