0,0.9867536961615022
10,0.9797360636932720
30,0.9790774754735987
40,0.9819526299644689
50,0.9718778066491128
60,0.9719988532342415
70,0.9692251484484765
80,0.9679433084299325
90,0.9648758699599900
100,0.9721458197828471
110,0.9635761405165861
120,0.9665567259398938
130,0.9572993732227023
140,0.9466725972405520
150,0.9433619480078572
160,0.9471731746027341
170,0.9470313060324078
180,0.9377319906366577
190,0.9472624722798639
200,0.9458209781098472
210,0.9509999180735611
220,0.9589494675587642
230,0.9588329870316763
240,0.9722942492499405
250,0.9693926557195028
260,0.9660515831094271
270,0.9719707110385623
280,0.9673727000861275
310,0.9760828009568492
320,0.9832202783933954
330,0.9794973912487059
340,0.9778848993309089
350,0.9811319798828732
360,0.9841480967680741
370,0.9919120633965633
380,0.9925248119732600
480,0.9896930279113429
490,0.9962318564119559
500,0.9953793576881610
510,0.9938813311540222
520,0.9872611778898898
530,0.9885296268146618
540,0.9934262073629283
550,0.9854557350276192
560,0.9844687436487838
570,0.9908085233657189
580,0.9864982543504757
590,0.9882529196784888
600,0.9856329917787540
610,0.9852746944864096
620,0.9815993526035742
630,0.9818200336496087
640,0.9721405211795586
650,0.9786070701012715
660,0.9780600528083075
670,0.9742308199621457
740,0.9548492998412237
750,0.9495215823613933
760,0.9603067814396844
770,0.9565637544999027
780,0.9575254995022534
790,0.9587662147297916
800,0.9577707262165668
810,0.9597379946567506
820,0.9627438699042817
830,0.9734713690596412
840,0.9747502834221734
880,0.9777877763335086
890,0.9705989595210854
900,0.9770597556655694
910,0.9772114126740143
920,0.9818017934235602
930,0.9812767172633066
940,0.9814631094579988
950,0.9877849160559806
960,0.9868945770097388
970,0.9878063622303678
980,0.9927193362702020
990,0.9923267986697338
1000,0.9917378358488844
1010,0.9959135210521056
1020,0.9873478322101881
1120,0.9853218430102768
1130,0.9851228480599992
1140,0.9837926454550115
1150,0.9870469096949778
1160,0.9856805380761524
1170,0.9870962795123068
1180,0.9868160566349904
1190,0.9849789709683735
1200,0.9738839676722774
1210,0.9756954123133800
1270,0.9683938208219359
1280,0.9716296420046341
1290,0.9676477092304427
1300,0.9553935024472303
1310,0.9507956678555459
1320,0.9405794133799393
1330,0.9429018407873556
1340,0.9443443280621647
1350,0.9454249079649939
1360,0.9482731121672838
1660,0.9929898033246561
1670,0.9963755290455539
1680,0.9897361745503034
1690,0.9940613916397935
1710,0.9896990863151058
1720,0.9864225953315088
1730,0.9925984476459195
1740,0.9831248035085860
1750,0.9858435107462575
1760,0.9788117710807948
1770,0.9838853956306606
1780,0.9842750624359048
1790,0.9758825735129187
1800,0.9822877870819865
1810,0.9795824544396430
1820,0.9696026041234759
1830,0.9752912714584815
1840,0.9739578141735681
1850,0.9679896309552636
1860,0.9741076312596542
1870,0.9677323390772381
1880,0.9574706880975714
1890,0.9533572501394565
1900,0.9550805905910099
1910,0.9576073693296064
1920,0.9580647259201898
1930,0.9572989687109894
1940,0.9576430125476838
1950,0.9525089659463000
1960,0.9550157176424962
1970,0.9585608823173242
1980,0.9561062220093788
1990,0.9694441490889203
2000,0.9673779382582297
2010,0.9656511327328670
2020,0.9731628878956005
2030,0.9719544005188593
2040,0.9734851325754084
2050,0.9731034568080957
2060,0.9777083711632538
2180,0.9913243961583443
2190,0.9902978422021382
2200,0.9933632208138294
2210,0.9896016787908446
2220,0.9984658950648183
2230,0.9943250987696387
2240,0.9886320543718415
2250,0.9990714867503309
2260,0.9889360543211784
2270,0.9867951002745888
2280,0.9921420508823707
2290,0.9917967647634650
2300,0.9899952191832787
2310,0.9852707253296205
2320,0.9901349502025028
2330,0.9864325040988359
2340,0.9884475193493776
2350,0.9878109714889516
2360,0.9868272575092734
2370,0.9841407542695970
2380,0.9803695869924570
2390,0.9748929283509223
2400,0.9806284838201240
2410,0.9785826113617739
2420,0.9695851983962807
2430,0.9661496024483441
2440,0.9696774769384809
2450,0.9718869995559528
2460,0.9664974994415857
2470,0.9613586353468671
2480,0.9500353653670439
2490,0.9506418569656396
2500,0.9412047859938788
2510,0.9430711983241795
2520,0.9473420902574126
2530,0.9398910455247086
2540,0.9468570589195004
2550,0.9457922155297228
2560,0.9485004149000069
2570,0.9654653518896152
2580,0.9726787506608214
2590,0.9681261281644979
2600,0.9669512555401425
2610,0.9754512881707367
2620,0.9696505076168223
2630,0.9693172174541738
2640,0.9727734165722048
2650,0.9823231974895924
2660,0.9842051675803003
2670,0.9743967637047419
2680,0.9850365480723768
2730,0.9865365492992327
2740,0.9874170480780115
2750,0.9952475746243526
2760,0.9905006362620916
2770,0.9870555453917246
2780,0.9935346792249742
2790,0.9935600707622179
2800,0.9900666352422789
2810,0.9915364332869674
2820,0.9950208582487311
2830,0.9882778035146333
2840,0.9983770795156197
2850,0.9919092112190762
2860,0.9901997800392627
2890,0.9886166046876625
2900,0.9862150973877639
2970,0.9833120298582103
3060,0.9539477109043919
3180,0.9747672058396893
3190,0.9743668914862081
3200,0.9668459340160210
3210,0.9739904921140529
3220,0.9742388374657945
3230,0.9725551774811304
3240,0.9823004036103252
3250,0.9804866703512450
3260,0.9805244310263372
3270,0.9768523856190521
3280,0.9882082337575820
3340,0.9967835089934263
3350,0.9941231541836036
3360,0.9899753576448622
3370,0.9966003014675875
3380,0.9902508159120255
3390,0.9920109595334099
3400,0.9954675950269448
3410,0.9903606237361949
3420,0.9903258203261432
3430,0.9932208735002460
3440,0.9930646538262673
3450,0.9933129970087086
3460,0.9938434366056301
3470,0.9874742014036999
3480,0.9904080952875340
3490,0.9816715018520434
3500,0.9833642771930629
3510,0.9819445116911288
3520,0.9863924461043373
3530,0.9769954845566078
3540,0.9766884542215717
3550,0.9771193625689055
3560,0.9714909747984376
3570,0.9753337061475846
3580,0.9712523368024359
3670,0.9489453874129311
3680,0.9446255237772028
3690,0.9476237478113994
3700,0.9383269822400196
3710,0.9459509097372916
3720,0.9416923343902989
3730,0.9563184797583598
3740,0.9659695877230785
3750,0.9661546098324776
3760,0.9657544675417851
3770,0.9738189516800797
3780,0.9729381842544007
3790,0.9781045625888226
3800,0.9706315766470154
3810,0.9733359761417247
3820,0.9756308903738292
3830,0.9754381825239645
3840,0.9790593534492399
3850,0.9824974134879315
3860,0.9807510295390600
3870,0.9884928015886114
3880,0.9828668194049631
3890,0.9816293617499964
3900,0.9878015465016029
3910,0.9944643410132005
3920,0.9916454070429130
3930,0.9864522705571832
3940,0.9899494070401926
3950,0.9902125533318510
3960,0.9939745567570107
3970,0.9891020550928108
3980,0.9927389138822298
3990,0.9983391103254321
4000,0.9910157807745124
4060,0.9873009620446795
4070,0.9896650220308564
4080,0.9880819486549013
4090,0.9831856288396209
4100,0.9782194927702317
4180,0.9697147374219199
4190,0.9725526381960446
4210,0.9644828341904729
4220,0.9709971748501857
4230,0.9588850616083180
4240,0.9498654899545665
4250,0.9600952595157587
4260,0.9518902733145671
4270,0.9601409731225273
4280,0.9496082188606690
4290,0.9499072456093499
4300,0.9597703544124796
4310,0.9530889843969140
4320,0.9541908056464478
