0,0.9758169746594126
10,0.9814147155556093
20,0.9752489386365162
30,0.9877738593128809
40,0.9886643597148226
50,0.9826729232483516
60,0.9889102231752069
70,0.9841827101590904
80,0.9823861765862222
90,0.9869313122964539
100,0.9916275200024207
110,0.9942557879838910
120,0.9943855124890603
130,0.9928223170748823
140,0.9916566138067506
150,0.9914136954121741
160,0.9886718819790906
170,0.9982075257407491
180,0.9971729373635377
190,0.9899698144763763
200,0.9979710223630689
210,0.9998461853099456
220,0.9990851401786170
270,0.9968891354110668
280,0.9912959304569193
290,0.9955053030003869
300,0.9843556883933418
310,0.9898718314045672
320,0.9866740977157425
330,0.9873945201582315
340,0.9841869390125307
350,0.9878761304711835
360,0.9855562027640389
370,0.9762712177897346
380,0.9753149785223816
390,0.9795104839420330
400,0.9804368926470290
410,0.9741157200732582
420,0.9742930564560314
430,0.9742164780902035
440,0.9675629374589182
450,0.9711287069534653
460,0.9708003445832031
470,0.9582986783977506
480,0.9485806870967503
490,0.9394300971931910
500,0.9432331100237230
510,0.9420303971218259
520,0.9451735978989247
530,0.9369728815659027
540,0.9430527160408289
550,0.9522069080663935
560,0.9526697416695910
570,0.9669194461312489
580,0.9775829124973729
590,0.9671636737970771
600,0.9746992727728923
610,0.9717148379260371
620,0.9793675622426101
630,0.9754928324251612
640,0.9812853665994958
650,0.9837942586728839
720,0.9842515653690106
730,0.9875868791982059
740,0.9855205228095284
750,0.9919462086424626
760,0.9888078835051779
770,0.9902496020372887
780,0.9949232098733691
790,0.9955860136934490
800,0.9984007485221821
810,0.9995971650499159
820,0.9970982266019669
830,0.9968225036241178
840,0.9925023779467187
850,0.9970542786797724
860,0.9993502074521864
870,0.9916159299251768
880,0.9940321928190626
890,0.9967325208074655
900,0.9933221447307189
990,0.9837454264394691
1000,0.9788248540239145
1010,0.9811013245208167
1020,0.9845790229045538
1030,0.9824895636699791
1040,0.9753503950939518
1050,0.9771085576676355
1060,0.9715511001640854
1070,0.9703089862801545
1080,0.9795306257268209
1090,0.9769550709552705
1100,0.9691954136679323
1110,0.9700106251407268
1120,0.9546255691420356
1130,0.9498442080191144
1140,0.9572086097107363
1150,0.9543558023808049
1160,0.9575032012393209
1170,0.9581797846113710
1180,0.9603045666328742
1190,0.9529170495293459
1200,0.9518565039631361
1210,0.9600930927933081
1220,0.9668009725588409
1230,0.9761791148116749
1240,0.9677139991673214
1250,0.9735298927743978
1260,0.9753899724968813
1270,0.9702796545244069
1280,0.9797252380169105
1290,0.9831200804363843
1300,0.9779268600273457
1310,0.9852299614989048
1320,0.9845627729116140
1330,0.9779521208791262
1340,0.9798128886459649
1350,0.9799038324774167
1360,0.9838716282294817
1370,0.9819629083124679
1380,0.9880620312507290
1390,0.9909103902541261
1400,0.9913694569977808
1410,0.9885953116391153
1420,0.9920959826658245
1430,0.9904317725185424
1440,0.9915701830920054
1450,0.9918316894296141
1460,0.9893688593195832
1470,0.9942217774466325
1480,0.9924522769881159
1490,0.9991033642464577
1500,0.9952947091586885
1510,0.9939243588312124
1520,0.9950275223315139
1530,0.9988455882468574
1540,0.9890963239053626
1550,0.9929968920353339
1560,0.9955976575427351
1570,0.9949279053523259
1580,0.9960184907953111
1590,0.9887622920681589
1600,0.9884483839821775
1610,0.9905363723867562
1620,0.9862111195404258
1630,0.9888048123186912
1640,0.9890016463294601
1650,0.9824197279667336
1680,0.9799828252021372
1690,0.9740000437183981
1700,0.9817915000568037
1710,0.9704024277708112
1720,0.9720727151724103
1730,0.9714491309131658
1740,0.9714844688804041
1750,0.9733410602441566
1760,0.9691990770337120
1770,0.9517453177206072
1780,0.9436913983957086
1790,0.9380429427537802
1800,0.9456109112733267
1810,0.9407162020477334
1820,0.9376093753254459
1830,0.9430647718618493
1840,0.9433740562396209
1850,0.9521660413324367
1860,0.9608285187792002
1870,0.9740643847845938
1880,0.9716719947675653
1890,0.9704163947462243
1900,0.9760683835841087
1910,0.9716904040926101
1950,0.9753762006755310
1960,0.9811756179427249
1970,0.9848037578033624
1980,0.9809195870740277
1990,0.9848686138374443
2000,0.9891075080280618
2010,0.9850590297646409
2020,0.9828499595599981
2030,0.9885072667361625
2040,0.9946102922572753
2050,0.9942283779191574
2060,0.9958582168717677
2070,0.9967643108259258
2220,0.9899157797570625
2230,0.9861074617570840
2240,0.9934353790752489
2250,0.9886122811277787
2260,0.9847489293211052
2270,0.9876989497919427
2280,0.9899064544664509
2290,0.9862722573883103
2300,0.9815140789691580
2310,0.9844968461004652
2320,0.9787176715827334
2330,0.9810605679322917
2340,0.9749425633478832
2480,0.9547951204732055
2490,0.9580820784676120
2500,0.9528651808863050
2510,0.9540045139016651
2520,0.9720919011213598
2530,0.9670500600744376
2540,0.9776379415403170
2550,0.9734822782490714
2560,0.9707047905138630
2570,0.9741343128213847
2650,0.9811638639398766
2660,0.9896370770850769
2670,0.9922907860552089
2680,0.9872915238671328
2690,0.9937213828860627
2700,0.9862189477302282
2710,0.9972474399016861
2720,0.9969927782380443
2730,0.9877104996746766
2740,0.9971443248388622
2750,0.9967947346897917
2760,0.9927934053286784
2770,0.9890087728055202
2780,1.0000000000000000
2790,0.9924048296454028
2800,0.9916520063468375
2810,0.9968901277134121
2820,0.9922641695974995
2830,0.9941272000916449
2880,0.9925207113162179
2890,0.9849281510719631
2900,0.9917383527966240
2910,0.9891045562352566
2920,0.9836891014766023
2930,0.9825005359344152
2940,0.9858156424529325
2950,0.9847801601631684
2960,0.9802572769969510
2970,0.9770810407996718
2980,0.9834178885881546
2990,0.9831773104371974
3000,0.9715973764406302
3010,0.9723699411360091
3020,0.9799305699568254
3170,0.9746718170213520
3180,0.9727074422648730
3190,0.9691743689586598
3200,0.9784774599645343
3210,0.9746658699932406
3220,0.9772789244702705
3230,0.9730356157918033
3240,0.9813119902465524
3250,0.9760929973294598
3260,0.9819515960160657
3270,0.9815107542636387
3280,0.9878713427340988
3290,0.9862207982247688
3300,0.9909556001892528
3310,0.9844895547715904
3320,0.9877676721634947
3330,0.9877738837248937
3340,0.9948827447125875
3460,0.9956210066789216
3470,0.9951632289058614
3480,0.9983553548589726
3490,0.9982970192865926
3500,0.9866038546927857
3510,0.9874471912529288
3520,0.9849399022823946
3530,0.9873594618599180
3540,0.9835997630947200
3550,0.9919434660530824
3560,0.9870800812611569
3570,0.9900247562160406
3580,0.9802760101103946
3590,0.9786817918427895
3600,0.9845443011630275
3610,0.9815236736798955
3620,0.9792300967246735
3630,0.9757104103370438
3690,0.9764647019602989
3700,0.9727084307806180
3710,0.9608881323839046
3720,0.9571364042835485
3730,0.9594914895449589
3740,0.9567967418142095
3750,0.9584434733289037
3760,0.9567974863351497
3770,0.9559548187306246
3780,0.9560137582956326
3790,0.9599203757534284
3800,0.9505023597542956
3810,0.9644553754929890
3820,0.9711483926672045
3830,0.9760118319734739
3840,0.9720739801793058
3870,0.9764890133321467
3880,0.9732884056282800
3890,0.9741167902210017
3900,0.9816795368052943
3910,0.9863972091788672
3920,0.9825800192219689
3930,0.9809221293700141
3940,0.9901918169487181
3950,0.9914156761055684
3960,0.9912076324211800
3970,0.9866834521059865
3980,0.9868125371881316
3990,0.9863211146887966
4000,0.9872067704163804
4010,0.9953038877825471
4020,0.9952152581382746
4030,0.9902886437326135
4040,0.9886940626121021
4050,0.9896740660460593
4060,0.9921348877911478
4070,0.9943653599013003
4080,0.9972706230045427
4090,0.9890456244534219
4100,0.9927887852553982
4110,0.9999001552633154
4120,0.9949997330683370
4130,0.9983291557405669
4140,0.9953320329103971
4150,0.9865543287411458
4160,0.9861795239481285
4220,0.9843546282807571
4230,0.9884376043452072
4240,0.9772296783613945
4250,0.9812503431733790
4260,0.9830996871097097
4270,0.9805979389173222
4280,0.9834449540602435
4290,0.9751555695834255
4300,0.9749472413592738
4310,0.9707563427006995
4320,0.9711096608209068
