0,0.9880978014788673
10,0.9926862167793801
20,0.9985925648161348
30,0.9978296737366894
40,0.9958851297356544
50,0.9995864685401749
60,0.9898170983243872
70,0.9894077045390468
80,0.9904079964717907
90,0.9898990248047365
100,0.9970354849250078
110,0.9942589533450985
120,0.9953165849553560
130,0.9890896158659666
140,0.9849641011217511
150,0.9844215223964318
160,0.9895008368244554
170,0.9930584171332835
180,0.9826953788290749
190,0.9836641625845858
200,0.9840975398786487
230,0.9824884825736793
240,0.9812451455998445
250,0.9824625452647976
260,0.9866373247570425
270,0.9825829289274538
430,0.9844073213932756
440,0.9883977669789688
450,0.9824465054040068
460,0.9806489139146388
470,0.9830246143288401
480,0.9877251656199084
540,0.9913338233687535
550,0.9883669995421127
560,0.9914691308229958
570,0.9874294561442006
580,0.9950739706795784
590,0.9926916053742939
600,0.9971080951245607
610,0.9891322113785469
770,0.9905700236010910
780,0.9863697023773693
790,0.9836003136217789
800,0.9817667095275249
810,0.9876374481476056
820,0.9882398742287384
830,0.9881447609222662
840,0.9823162301267971
850,0.9845031978610176
860,0.9740779581693431
870,0.9625938476074820
880,0.9610140287326402
890,0.9550876779325408
900,0.9561324249407992
910,0.9445364948478191
920,0.9544350746539132
950,0.9536470675795836
960,0.9703748755318613
1000,0.9888957406782961
1010,0.9787421440205998
1020,0.9844098369371928
1030,0.9823997385196259
1040,0.9891097089862135
1180,0.9966942716979575
1190,0.9890503466200337
1200,0.9887228623371837
1210,0.9915002162124136
1430,0.9847992661759788
1440,0.9870181092212109
1550,0.9768888764428388
1560,0.9822282758826857
1570,0.9836504899135132
1580,0.9878073825644987
1590,0.9792923072280072
1600,0.9898934703131742
1610,0.9811206078636623
1620,0.9838177060844113
1630,0.9848031174252919
1640,0.9814075770814844
1750,0.9951201076068676
1760,0.9966974368029576
1770,0.9998943221669754
1780,0.9964648051707837
1790,0.9964479882789522
1800,0.9911442677719811
1810,0.9930878014720896
1820,0.9975337049703769
1830,0.9943887308459672
1840,0.9906652496562914
1850,0.9898576252525114
1860,0.9920832437337904
1870,0.9884093428101018
1880,0.9886143455112034
1890,0.9898161532442133
1900,0.9955672875169074
1910,0.9898733564255691
1920,0.9849090661313551
1930,0.9899569479256298
1940,0.9872638723451400
1950,0.9809851899923043
1960,0.9909174413483659
1970,0.9881709441719360
1980,0.9876944178320725
1990,0.9828018835977427
2000,0.9796898280712479
2010,0.9859414117262640
2020,0.9772603920618115
2030,0.9828357748398050
2040,0.9724048107335864
2050,0.9564717802502063
2060,0.9510169327394046
2070,0.9471800397684705
2080,0.9518040277860205
2090,0.9450184867763591
2100,0.9545679965170236
2110,0.9584845477316255
2120,0.9577857569726953
2130,0.9707132595393618
2320,0.9934791213096853
2330,0.9885459595836359
2340,0.9933900541178456
2360,0.9896038120166204
2370,0.9929621769947062
2380,0.9954381070798975
2390,0.9972259116392409
2400,0.9984186694071435
2410,0.9919204879659351
2420,0.9900522255165171
2430,0.9912683651705084
2440,0.9931610619409545
2450,0.9866473427307032
2460,0.9926558144894397
2470,0.9888986347631887
2480,0.9890487178825469
2490,0.9895511973132629
2500,0.9834808967149059
2510,0.9944031421436842
2520,0.9837789625061945
2530,0.9842379221311699
2540,0.9890626836727371
2550,0.9896899051917172
2560,0.9865331034203614
2580,0.9808978202415942
2800,0.9920244547255017
2810,0.9873672985072406
2820,0.9925790346486741
2830,0.9919891656102793
2840,0.9888135344909100
2850,0.9928675606210375
2860,0.9874309102519678
2870,0.9959206027717863
2880,0.9954424591302732
2890,0.9900013132685080
2900,0.9960613341537345
3060,0.9960520709089777
3070,0.9908218522603029
3080,0.9940792408403238
3090,0.9945179140904202
3100,0.9905479000991282
3110,0.9892249408480003
3120,0.9816534861663856
3130,0.9879882108321926
3140,0.9903972023903914
3150,0.9825606794384628
3160,0.9827491012792713
3170,0.9867068499398748
3180,0.9776817006992834
3190,0.9795519014870465
3200,0.9806911421373934
3210,0.9727149634281373
3220,0.9536996657433551
3230,0.9538466568152242
3240,0.9474331935164612
3250,0.9505798202548749
3260,0.9463963489082666
3270,0.9467886399306913
3280,0.9567719961909125
3290,0.9627088423574846
3400,0.9874035592005626
3410,0.9879030841114059
3420,0.9904900767113729
3430,0.9882368595673069
3440,0.9845997570643035
3450,0.9925353203821923
3460,0.9923737229626554
3470,0.9968216916926512
3480,0.9969488332561139
3790,0.9706931179226997
3800,0.9651444585423762
3810,0.9619797912546306
3820,0.9658122497772043
3830,0.9592728533301931
3870,0.9650023559758542
3880,0.9660525370731715
3890,0.9724258547440622
3900,0.9877801936792279
3910,0.9832781903558745
3920,0.9780726236011766
3930,0.9777904792695750
4150,0.9897355712058786
4160,0.9935839347126857
4170,0.9972091316564016
4180,0.9986484216565834
4190,0.9964850162316095
4200,0.9892298667440602
4210,0.9935554050570873
4240,0.9931104612783020
4250,0.9852732542413469
4260,0.9881206143576893
4270,0.9865376918121718
4280,0.9928473852683010
