0,0.9838087509163251
10,0.9759366742975880
20,0.9538651240768017
30,0.9549496126621596
40,0.9557039114899319
50,0.9607694136860800
100,0.9580405859931282
110,0.9575373547486031
120,0.9744637546550629
130,0.9813272337857311
140,0.9816474232431356
150,0.9781798912610755
160,0.9835438995473281
170,0.9815302591680788
180,0.9863585420031149
190,0.9805167723558746
200,0.9894819991358272
230,0.9853290274881419
240,0.9850630845314035
250,0.9864169546336351
260,0.9891865205340288
270,0.9964052216077945
280,0.9953904897238175
290,0.9913043763322437
300,0.9958881099870103
310,0.9973121299874811
320,0.9879386333990334
330,0.9935708159195675
340,0.9908814052922970
350,0.9927040005566424
360,0.9931218093294873
370,0.9898296672398139
380,0.9994945052002213
390,0.9929215277401845
400,0.9998526863313221
410,0.9986742602610669
420,0.9919029604157307
430,0.9917734559330336
440,0.9897312845578264
450,0.9924808533595296
460,0.9957710352028225
470,0.9873794064911605
480,0.9979137627439344
490,0.9877027867055292
500,0.9885713780750519
510,0.9852760706909833
520,0.9853219630463904
530,0.9915216957419517
540,0.9883509620539925
550,0.9839546382381629
560,0.9820889805499382
570,0.9831700365279253
580,0.9824302359851875
590,0.9883072545879608
600,0.9866204078496899
610,0.9791620072362937
620,0.9811581182421680
630,0.9817875783698088
640,0.9852502109858831
650,0.9786931994641445
660,0.9841328986458812
670,0.9563573766987524
680,0.9517886728813568
690,0.9488611180597534
700,0.9393864954512482
710,0.9469563257756316
720,0.9415101947602585
730,0.9446505635501513
740,0.9504075117565497
750,0.9576691247304625
760,0.9615976710560662
830,0.9797328752314649
840,0.9886733941793253
850,0.9882083487177801
860,0.9812544866854330
870,0.9898837415062164
880,0.9830877036015008
890,0.9889188553273198
900,0.9846499569636671
910,0.9920853861196156
920,0.9915627642979963
930,0.9945260493357320
940,0.9964457058110113
950,0.9946593123117539
960,0.9874539698767194
970,0.9895796906359708
1030,0.9891020924003713
1040,0.9917905183009506
1050,0.9965015599996147
1060,0.9918611071302367
1070,0.9884469946348420
1080,0.9942321947634066
1090,0.9877950777271446
1100,0.9906963790144107
1110,0.9906942248591637
1120,0.9922024443208816
1130,0.9920812481405349
1140,0.9879807327437968
1150,0.9926228354194193
1160,0.9952187964499275
1170,0.9925209980883244
1180,0.9867528282311869
1190,0.9936681375161601
1200,0.9920084132368627
1210,0.9874190563127794
1220,0.9843149993317356
1230,0.9815878074393041
1240,0.9818731920991859
1250,0.9807894730859136
1260,0.9872584681363451
1270,0.9787306241346150
1280,0.9882164344216386
1290,0.9827807927071236
1300,0.9819093599581178
1310,0.9653498912007690
1320,0.9558740764625896
1330,0.9570728053021065
1340,0.9534767537134692
1350,0.9600946302827804
1360,0.9618758443274469
1370,0.9627042417022523
1380,0.9627282590612379
1390,0.9527378526744712
1400,0.9630194984289175
1410,0.9552537084485724
1420,0.9822494462664392
1430,0.9788581794124971
1440,0.9789886793203326
1450,0.9862724338526492
1460,0.9825459867742833
1470,0.9793211093003544
1480,0.9905207155067881
1490,0.9867523383956703
1500,0.9880139403494147
1510,0.9927950380856009
1520,0.9823574562955135
1530,0.9835751476468155
1540,0.9854309174234224
1550,0.9950132933002478
1560,0.9924877321822451
1570,0.9926265336792306
1580,0.9860661571689596
1590,0.9887719502812699
1600,0.9963947672837882
1610,0.9952975923129787
1620,0.9887242396599325
1630,0.9896285366191769
1640,0.9981793085258421
1650,0.9941046046181493
1660,0.9938105787032677
1670,0.9885127709785697
1680,0.9972504656285356
1690,0.9977743831866198
1700,0.9899601442206770
1710,1.0000000000000000
1720,0.9976612759703865
1730,0.9905128226749002
1740,0.9936244087554165
1750,0.9991183360015906
1760,0.9958762373999515
1770,0.9875637092235048
1780,0.9893881413969203
1790,0.9858065734835659
1800,0.9854605107726973
1810,0.9897001864172381
1870,0.9881524189823774
1880,0.9840954346960249
1890,0.9822419725392013
1900,0.9863680221922001
1910,0.9856418389412616
1920,0.9850229688531426
1930,0.9827244977590848
1940,0.9830560438220083
1950,0.9841153550129597
1960,0.9772011913972858
1970,0.9541412846931755
1980,0.9446332665119218
1990,0.9456633781027919
2000,0.9380210712785317
2010,0.9368426197276155
2020,0.9448619117851225
2030,0.9451920707908098
2040,0.9427926650528036
2050,0.9572724098706693
2060,0.9692673626210792
2070,0.9860892247864864
2080,0.9866454315436991
2090,0.9886786982348701
2100,0.9825915569198941
2110,0.9806260100789995
2120,0.9846394941838212
2130,0.9881612269840498
2140,0.9892786584930597
2150,0.9875394399338536
2160,0.9918638467420460
2170,0.9853934023095295
2180,0.9856454424890795
2190,0.9946366769232533
2200,0.9849367067072806
2210,0.9850410058977895
2220,0.9880503852564858
2230,0.9892472595059922
2240,0.9864399416798489
2250,0.9976492517342765
2260,0.9932935540267062
2270,0.9956648652127917
2280,0.9879177169400057
2290,0.9909689913371651
2300,0.9885910679855000
2310,0.9992741556246011
2320,0.9911433071062010
2330,0.9923349996614585
2340,0.9964805134564693
2350,0.9971080090621519
2360,0.9972698213516318
2370,0.9950158632785023
2380,0.9986259633082327
2390,0.9889628844108158
2400,0.9973762144891605
2410,0.9903913493891751
2420,0.9940331810176306
2430,0.9880654703600585
2440,0.9944073893030326
2450,0.9877623898577007
2460,0.9885928984485094
2470,0.9937033656077666
2480,0.9914900513235894
2490,0.9860200690823904
2500,0.9913395539120502
2510,0.9826708083868501
2520,0.9885672700610226
2530,0.9802081484983221
2540,0.9880375220593164
2550,0.9812327383063594
2560,0.9836080964900726
2570,0.9859813682765363
2580,0.9781055627345713
2590,0.9826318327946076
2600,0.9847155539956529
2610,0.9572381632648734
2620,0.9535115181843792
2630,0.9556089820050918
2640,0.9613638324650364
2650,0.9606279388325928
2660,0.9577543418393971
2670,0.9536040194311365
2680,0.9526556620461073
2690,0.9578242582167382
2700,0.9536449696293494
2710,0.9627205014748124
2720,0.9811216443854464
2730,0.9798282756361680
2740,0.9817663146097148
2750,0.9803003056326974
2760,0.9867873482254402
2770,0.9815073274721284
2780,0.9869950658843707
2790,0.9801510494040238
2800,0.9839056128008963
2810,0.9876762224045224
2820,0.9889352052260640
2830,0.9889749184515635
2840,0.9901929106653593
2970,0.9998919766651299
2980,0.9934609936536306
2990,0.9951641428036423
3000,0.9958817953178223
3010,0.9970783065279973
3020,0.9975275209766310
3030,0.9943857707659481
3040,0.9920052576997342
3050,0.9898163320995917
3060,0.9894162765476988
3070,0.9866209220848200
3080,0.9952639678990359
3090,0.9943219603983769
3100,0.9939279924728944
3110,0.9939455995185668
3120,0.9840325101905912
3130,0.9837664055460617
3170,0.9909404639202161
3180,0.9807145591431585
3190,0.9912084541930356
3200,0.9789663602836629
3210,0.9892235897886009
3220,0.9853479836135532
3230,0.9823282903072520
3240,0.9813582275933886
3250,0.9780444613020964
3260,0.9706042999798354
3270,0.9578258668302920
3280,0.9540682435981509
3290,0.9488160835288447
3300,0.9439577405777543
3310,0.9458768111255396
3320,0.9389979695441409
3330,0.9427498174657106
3340,0.9538176555981579
3350,0.9529226537781522
3360,0.9718640034331530
3370,0.9785320488185179
3380,0.9773770314185293
3390,0.9807395907736507
3400,0.9879879489959764
3420,0.9904353050713729
3440,0.9900300384203236
3450,0.9848871899467712
3460,0.9852983553748745
3470,0.9921136298334330
3580,0.9881096169606636
3590,0.9897566954838871
3600,0.9892122790460370
3670,0.9956848086711816
3680,0.9928250519941817
3690,0.9903235908331118
3700,0.9956868037852117
3710,0.9959229348325289
3720,0.9975743022078950
3730,0.9869062019164087
3740,0.9880417386861154
3750,0.9940731441238757
3760,0.9901179038753910
3770,0.9942425540657602
3780,0.9873295334639165
3790,0.9895820892810682
3800,0.9846447449928213
3810,0.9916937930692576
3820,0.9844137845509932
3830,0.9852491827086064
3840,0.9812605148077924
3850,0.9791941295022256
3870,0.9843046244471644
3880,0.9882700662676908
3890,0.9821631013241277
3900,0.9752121279541730
3910,0.9624425515996499
3920,0.9576857040416091
3930,0.9538552365979442
3940,0.9577606838692195
3950,0.9533176713378284
3960,0.9581281375501974
3970,0.9526943010658799
4000,0.9523640969592343
4010,0.9702388501432490
4020,0.9875132122896837
4030,0.9856378565381877
4040,0.9871140346005540
4050,0.9814055552874603
4060,0.9854393044747835
4070,0.9822460367323906
4080,0.9871925632541424
4090,0.9832421291720831
4100,0.9839136620097019
4110,0.9899013096000492
4120,0.9904422785564442
4130,0.9924548778599188
4140,0.9835535518367281
4150,0.9934690073692432
4160,0.9868836092963970
4170,0.9926784255634745
4180,0.9915310757128223
4190,0.9941774027390883
4200,0.9943503181062514
4210,0.9938696639699461
4220,0.9902269593192167
4230,0.9914945133520163
4240,0.9951430408985277
4250,0.9928455228828269
4260,0.9919673237960454
4270,0.9959602186996963
4280,0.9981750136426850
4290,0.9898896296880884
4300,0.9971256658015037
4310,0.9926282101241160
4320,0.9901648608615992
