120,0.9776760060508921
130,0.9733970922772199
140,0.9773488920386703
150,0.9736500109914192
160,0.9821546035684282
170,0.9762218299697678
180,0.9859055691828895
190,0.9805224424154183
200,0.9883417043339191
210,0.9919049347991672
220,0.9921928166089170
230,0.9856435179594853
240,0.9848339408509078
250,0.9956006182020445
260,0.9912376077693887
270,0.9916321038884023
280,0.9951243225549982
290,0.9910417039229027
300,0.9987873074248277
530,0.9753992322181676
540,0.9726985200742504
550,0.9683917442708421
560,0.9601075100746893
570,0.9465152805165923
580,0.9382720817893699
590,0.9313118639071132
600,0.9259573101432587
610,0.9317319546263085
620,0.9245739687542124
630,0.9340039437248768
640,0.9392913397112009
650,0.9400723542929754
660,0.9611850191683180
670,0.9681942031884958
680,0.9687174029414516
690,0.9706080509838431
700,0.9747045351743917
710,0.9804382039349009
720,0.9783360941140674
730,0.9762970463167120
740,0.9752284291458280
770,0.9851081197425609
780,0.9861039653583420
790,0.9892529722653992
800,0.9874926340448730
810,0.9829185349487758
820,0.9842977700533287
830,0.9885079048818028
840,0.9898895508971809
850,0.9888715673536098
860,0.9985252309281001
870,0.9943065038490736
880,0.9946285059135758
890,0.9897499454722536
900,0.9952550183239777
910,0.9922132536483964
920,0.9924820586779757
930,0.9979061591193402
940,0.9875692131939581
950,0.9917565172308789
960,0.9949079354492716
970,0.9911512322992427
980,0.9948039060366444
990,0.9879220557297741
1110,0.9771180825760960
1120,0.9742607118827534
1130,0.9716930464952097
1140,0.9729534218288317
1150,0.9467491652688549
1160,0.9442081674126775
1170,0.9486014902494440
1180,0.9490496200421521
1190,0.9417488120050352
1200,0.9472669624936846
1210,0.9430071822215901
1220,0.9505278550900452
1230,0.9486470497589634
1240,0.9468400249995543
1250,0.9654733749820001
1260,0.9724220688251325
1270,0.9672419862811469
1280,0.9791576928210598
1290,0.9751389927130496
1300,0.9741706650850740
1310,0.9796360886363914
1320,0.9821090582401921
1330,0.9849303331746753
1340,0.9764503954775411
1350,0.9881631340735227
1360,0.9801003985773208
1370,0.9846987948502707
1860,0.9718145407226162
1870,0.9791308023551551
1880,0.9801834295547156
1890,0.9724058587543276
1900,0.9786909565689341
1910,0.9826365200773776
2100,0.9978193922207697
2110,0.9946951137751540
2120,0.9875065003013470
2130,0.9930904041167345
2140,0.9885250975914106
2150,0.9943020967224916
2160,0.9925995170493206
2170,0.9870499661162864
2180,0.9891999732009230
2190,0.9851190157341554
2200,0.9812540730345594
2210,0.9882056862599223
2340,0.9486756358139464
2350,0.9468968902917009
2360,0.9490551391360482
2370,0.9484914576997771
2380,0.9457392423653819
2390,0.9489808733870431
2550,0.9900409291005254
2560,0.9898299966275964
2570,0.9925537274628927
2580,0.9847578758298104
2590,0.9882844642162238
2600,0.9976604882593700
2760,0.9908817770049504
2770,0.9877931244248849
2780,0.9801622145002160
2790,0.9792438482596060
2800,0.9777482368337742
2810,0.9846891157203184
2820,0.9742095035942183
2950,0.9241013593818750
2960,0.9283496722233108
2970,0.9308699126371317
3130,0.9886532557578436
3140,0.9896744728580100
3150,0.9828544144482507
3160,0.9930704221054292
3170,0.9917600468105802
3180,0.9890869280259036
3190,0.9973554410715072
3200,0.9902549607253901
3210,0.9887655096752157
3220,0.9961153894846175
3230,0.9969599777207626
3240,0.9946513140169533
3250,0.9909130521588336
3260,0.9899520303159665
3270,0.9957434554033668
3280,0.9975806199157795
3290,0.9881987225326168
3300,0.9935412005408732
3310,0.9903996781864678
3320,0.9876426914528215
3330,0.9909752728042188
3340,0.9879246218304087
3350,0.9864889738047199
3360,0.9885539905701809
3370,0.9892103361732713
3380,0.9855452701274089
3390,0.9806776068877072
3400,0.9854956559060574
3440,0.9770803934819153
3450,0.9704202929215197
3460,0.9758942719300965
3470,0.9748977027806053
3480,0.9670872155009856
3490,0.9560128969619861
3500,0.9479896019496916
3510,0.9422495013112789
3520,0.9446159770364314
3530,0.9511782769767970
3540,0.9524440472585424
3550,0.9489628495073146
3560,0.9417538961637448
3570,0.9440835333168401
3580,0.9473784903974037
3590,0.9587492720704528
3600,0.9695524379003376
3610,0.9711145588883191
3620,0.9772635499504937
3630,0.9785523588336521
3640,0.9746749684377857
3650,0.9725341649281217
3660,0.9774688461568812
3670,0.9784116501726404
3680,0.9839273616282520
3690,0.9871743634350750
3700,0.9859917861438194
3710,0.9870761727034209
3720,0.9875899010149187
3730,0.9931606553510339
3740,0.9836936701604780
3750,0.9907020541924795
3760,0.9886038710002603
3770,0.9866951144057379
3780,0.9875700799463923
3790,0.9977317385444592
3800,0.9907181164411137
3810,0.9977965934126891
3820,0.9945710665165024
3830,0.9959089811494698
3840,0.9993815746260801
3850,0.9932504116195349
3860,0.9960254241298961
3870,0.9962964385110528
3880,0.9928677201702246
3890,0.9898383541204377
3900,0.9884967738357691
3910,0.9883337872007535
3920,0.9921520504076038
4030,0.9719186417630277
4150,0.9350398807098197
4160,0.9406074938880798
4170,0.9544779752463783
4180,0.9696310552999706
4190,0.9761069522852193
4200,0.9698901132836143
4210,0.9796876780008459
4220,0.9789960545310932
4230,0.9789137480268114
4240,0.9761225841336795
4250,0.9800883507234279
4260,0.9788299645481957
4270,0.9811390198659324
4280,0.9860947629886623
4290,0.9792354479918151
4300,0.9846938310382624
4310,0.9911296170856435
4320,0.9836123407798603
