0,0.9904838806491737
10,0.9998802607992959
20,0.9935634359044291
30,0.9908527162453262
40,0.9931369963199150
50,0.9966112886489292
60,0.9877965934838820
80,0.9836646271347482
90,0.9906180415738983
100,0.9905876799761583
110,0.9800828962682772
120,0.9853168932419002
130,0.9794030484810049
140,0.9840936526647792
150,0.9771016650338943
160,0.9771539669298268
170,0.9742018254776567
180,0.9707182881704258
190,0.9687314356527388
200,0.9688322178349660
210,0.9719256723313459
220,0.9685589440304273
230,0.9708891420554230
240,0.9613442109035981
250,0.9672521784260666
260,0.9583599152217765
270,0.9529873420866233
300,0.9521465092667494
310,0.9465474332847713
320,0.9487823382207922
330,0.9437983036103107
340,0.9540473566390500
350,0.9457737450582648
360,0.9529666203938092
370,0.9536713316705373
380,0.9600007174369405
390,0.9695722156050737
400,0.9647762025453130
410,0.9665954725870325
420,0.9739694611165409
430,0.9726351219326034
440,0.9665732294374081
450,0.9757677706503063
460,0.9739484342564465
470,0.9810566526033877
480,0.9717269908870654
490,0.9738620830566784
500,0.9801893101312166
510,0.9812856596679239
520,0.9833154919449444
530,0.9823988873960100
540,0.9883230634681655
550,0.9834043800536794
560,0.9945050542969857
570,0.9866367032206076
580,0.9935074591055286
590,0.9966921078144350
600,0.9878486108465390
610,0.9921133202110144
620,0.9939263649061717
630,0.9996479838491369
640,0.9963583841476478
650,0.9992616218238021
660,0.9943521207493793
690,0.9884189520233789
700,0.9865663962942347
710,0.9878881758718696
720,0.9904389944287834
730,0.9838503378685683
740,0.9883182256715350
750,0.9897799164971840
760,0.9796800178740542
770,0.9867317942733529
950,0.9333630671966493
960,0.9303182780457376
970,0.9283278805262253
980,0.9342927700286056
990,0.9358739970131679
1000,0.9347183168275052
1010,0.9407804062496937
1020,0.9574109162644607
1030,0.9687391207220897
1040,0.9598757536534444
1050,0.9679286253369448
1060,0.9668632996465406
1070,0.9644624041852430
1080,0.9650363535091865
1090,0.9713404996761910
1100,0.9766206310150011
1110,0.9730828059291882
1120,0.9794124435567222
1130,0.9749039444048813
1140,0.9814985945149672
1150,0.9846001457176580
1160,0.9772427532528383
1170,0.9802692895136780
1180,0.9866476817375865
1190,0.9866427706652516
1200,0.9925258772406016
1210,0.9853329943896569
1250,0.9980188569661267
1280,0.9964308495280081
1290,0.9914767856823884
1300,0.9995565653925486
1310,0.9985982157056447
1320,0.9948308364549975
1330,0.9964038551048717
1340,0.9882523758861838
1350,0.9914638935542046
1360,0.9945236833864076
1370,0.9896653305235398
1380,0.9877117946014899
1680,0.9631638629134250
1710,0.9705985496206210
1770,0.9731177763231050
1780,0.9802374944841792
1790,0.9782193095360833
1800,0.9777868178614277
1820,0.9844809325426049
1830,0.9871926098799435
1840,0.9842213826624868
1850,0.9886733674441974
1860,0.9926628542334638
1870,0.9910045675954250
1880,0.9860451602370114
1890,0.9889254233284019
1900,0.9967673406439032
1910,0.9945184875655946
1920,0.9953513199734021
1930,1.0000000000000000
1940,0.9947344015393289
1950,0.9980204608636769
1960,0.9911915231605583
1980,0.9934264672199661
1990,0.9884158652748590
2000,0.9891128560810950
2080,0.9845513064877390
2090,0.9852160690099953
2100,0.9783568033781719
2110,0.9775571729063183
2120,0.9775514093855366
2130,0.9761623053924132
2140,0.9741348497004729
2150,0.9760728103469133
2160,0.9643478716586125
2170,0.9704278333812217
2180,0.9622792361091536
2190,0.9613907970685619
2200,0.9680172564856804
2210,0.9659246396096394
2220,0.9492767485877731
2230,0.9461751513714336
2240,0.9367973169993500
2250,0.9304457217245983
2260,0.9364017411131782
2270,0.9298580430474830
2280,0.9339400197313714
2290,0.9386697145701460
2300,0.9396128659056754
2710,0.9832807995573595
2720,0.9849960880855937
2730,0.9864498725965227
2760,0.9771143794055021
2770,0.9727843770003058
2780,0.9696729352960529
2790,0.9666011727001026
2800,0.9662614628232323
2810,0.9676914740138456
2820,0.9715054901835285
2830,0.9651791416761200
2840,0.9683509004801496
2850,0.9639966449197812
2860,0.9608906215494000
2870,0.9454981365933822
2880,0.9465618475347441
2890,0.9522919660192826
2900,0.9528107119859739
2910,0.9476435142932962
2920,0.9430510979147816
2930,0.9497670007163503
2940,0.9490167918280074
2950,0.9542449709230365
2970,0.9624388693318447
2980,0.9587706382755742
3040,0.9732009182356313
3050,0.9784800668725666
3060,0.9806769226161040
3070,0.9746781943658602
3080,0.9822749909913714
3090,0.9792363798018552
3100,0.9781093480587756
3110,0.9783350719814633
3120,0.9848093604843687
3130,0.9872622624097326
3140,0.9854597950829317
3150,0.9908402533596257
3160,0.9898597593365754
3200,0.9894566002306773
3250,0.9885946404372863
3280,0.9971241328398592
3290,0.9876154614846056
3300,0.9857236006713931
3310,0.9949696719707837
3320,0.9834387360447961
3330,0.9901934079269786
3340,0.9904615969966316
3400,0.9831634877833890
3410,0.9705944671795017
3420,0.9762385056038613
3430,0.9715407538519472
3440,0.9744616323453951
3450,0.9718314857496606
3460,0.9726556801348432
3470,0.9668069623891387
3480,0.9639488337918072
3490,0.9664043088403972
3620,0.9638841989015129
3630,0.9642226326003487
3640,0.9599659737110150
3650,0.9695175417129754
3660,0.9726981627974247
3670,0.9646938331403422
3680,0.9677996026261011
3690,0.9673807845225514
3700,0.9687286836530195
3710,0.9772593325110026
3750,0.9809710231879497
3760,0.9831026004428484
3770,0.9903751423913574
3780,0.9851288100297032
3790,0.9826489595717240
3800,0.9833181931854349
3810,0.9857748999466153
3820,0.9898051617691105
3830,0.9918814129849124
3840,0.9876913957309812
3850,0.9920003429544165
3860,0.9979742446620349
3970,0.9846124224678903
3980,0.9899290685176143
3990,0.9907348347757187
4000,0.9839772364928917
4010,0.9797168168642713
4020,0.9793329123261305
4030,0.9837368975170067
4040,0.9772921841369282
4050,0.9833347358729321
4060,0.9799900697145317
4070,0.9711439865884133
4080,0.9700716887521460
4090,0.9723601215225581
4100,0.9754651932434170
4120,0.9634633796662496
4130,0.9709356834913071
4140,0.9592345565408794
4150,0.9610032066040035
4160,0.9504492260379974
4170,0.9468311538665419
4180,0.9441271394183133
4190,0.9538626731506550
4200,0.9483648573083165
4210,0.9453602198877910
4220,0.9477808142699458
4310,0.9636319618492899
4320,0.9691435902678106
