0,0.9858671189060404
10,0.9833923910206553
20,0.9954109692396585
30,0.9962931153915777
40,0.9902190571628956
50,0.9895776310797074
60,0.9978220520476713
70,0.9910065942485182
80,0.9915804110824055
90,0.9922029355020483
100,0.9958245794672984
110,0.9978311543604711
120,0.9963173268919783
130,0.9883241969856673
140,0.9915565934496382
240,0.9873729856249979
250,0.9822476926444090
260,0.9882994619630386
270,0.9878859395453994
280,0.9781003959317153
290,0.9863275219516754
300,0.9848225175392534
310,0.9800734987725186
320,0.9822097096648020
330,0.9785129122117725
340,0.9738453938171435
350,0.9784872447313195
360,0.9508976001391904
370,0.9545830102974378
380,0.9475446258920173
390,0.9540217394607713
400,0.9494938156523572
410,0.9504886437037131
420,0.9555674715394080
520,0.9798744805343094
530,0.9837883971928827
540,0.9774011368755312
550,0.9896645911558424
560,0.9855407361019120
570,0.9806968058307544
580,0.9902371251571368
590,0.9841942446617081
600,0.9870732190239998
610,0.9891850246698241
620,0.9941013811346862
630,0.9927780130579088
640,0.9885691069850805
650,0.9891772673998734
660,0.9882841156128214
670,0.9902284370649242
680,0.9993996000770226
690,0.9912390123115550
700,0.9908437008849927
710,0.9960846681102112
720,0.9918265109341101
730,0.9944960454727544
740,0.9895770235016406
750,0.9876255064908435
760,0.9965745512624008
770,0.9961826581779811
780,0.9863755228115295
790,0.9844729221801085
800,0.9864399948222244
810,0.9920314403638181
820,0.9853124633707127
830,0.9904993009616636
840,0.9898308020143729
850,0.9828100743104162
860,0.9838432964227815
870,0.9791279406816585
880,0.9837125629964228
890,0.9767240108559612
900,0.9791131413168430
910,0.9730532905933560
920,0.9808585751857417
930,0.9705632443012515
940,0.9686262643260465
950,0.9526873952444933
1000,0.9402186042915240
1010,0.9408483146077669
1020,0.9380286462594718
1030,0.9489536252569590
1040,0.9647546922092388
1050,0.9782790115685909
1060,0.9782535087562152
1070,0.9770806838817926
1080,0.9778318130595336
1090,0.9764220218781403
1100,0.9744673016655311
1110,0.9772798823475594
1120,0.9840818123368731
1130,0.9774901512879627
1140,0.9836462298475200
1150,0.9800921077685346
1160,0.9902084478367236
1170,0.9931527053247788
1180,0.9833141975618167
1190,0.9902729372238831
1200,0.9875496956072657
1210,0.9911156943016897
1220,0.9965747946625469
1230,0.9882226685643234
1420,0.9869060885716479
1440,0.9874705776565884
1450,0.9815465825597363
1460,0.9836920214150224
1470,0.9778176235794421
1480,0.9771157420422116
1490,0.9784067219190778
1500,0.9817665805209445
1510,0.9771538357665797
1520,0.9723180641216893
1530,0.9535313520938749
1540,0.9557609286386384
1550,0.9509663334989482
1560,0.9543237492369385
1570,0.9524175318200661
1750,0.9903763098833106
1860,0.9936056781527691
1870,0.9899013417050392
1880,0.9919936474223842
1910,0.9925291061712677
1940,0.9942610325086745
2060,0.9852005286851876
2070,0.9782343950333404
2100,0.9766415610832755
2110,0.9700711796471798
2120,0.9590069447064433
2130,0.9410592025391197
2140,0.9392603322334431
2150,0.9436439922471657
2160,0.9341207446512607
2170,0.9373358588092392
2180,0.9413314998647642
2190,0.9477585675577069
2200,0.9524912294460405
2210,0.9632992191625811
2240,0.9753473681253827
2630,0.9771550770575476
2720,0.9489876310012371
2800,0.9634805647153851
2810,0.9739545972657203
2820,0.9729091013665406
2830,0.9773142691953635
2840,0.9727991963353863
2850,0.9761432957430747
2860,0.9799210411016621
2870,0.9790316482154170
2880,0.9862635501673839
2890,0.9802408847596584
2900,0.9839289917457641
2910,0.9829756499775075
2920,0.9905436141326782
2990,0.9965362101554371
3000,0.9885022257384669
3010,0.9912329256429837
3020,0.9936266827897051
3030,0.9897094178756346
3060,0.9914987717305211
3070,0.9954805877100480
3080,0.9980443917397673
3090,0.9956619373949949
3100,0.9961067043642826
3110,0.9892996619516772
3120,0.9854888804814766
3220,0.9763621906866028
3230,0.9792595610397443
3240,0.9779256562776449
3250,0.9730880685582753
3260,0.9792921461668812
3270,0.9745376915956599
3280,0.9736181799697461
3290,0.9521027295104741
3300,0.9454617884109855
3310,0.9440222453932943
3320,0.9403835376835913
3400,0.9754226936697789
3410,0.9730514088788454
3420,0.9777300812476476
3490,0.9867323614735691
3500,0.9875331065728953
3510,0.9843208183721762
3520,0.9928045896707055
3530,0.9887006489621865
3540,0.9863211710848599
3550,0.9911456616039500
3560,0.9878854080368457
3570,0.9871825280074880
3580,0.9931157120633071
3590,0.9883282972983836
3600,0.9941848443114113
3610,0.9898015270277187
3620,0.9913989279697727
3630,0.9966156749249688
3640,0.9893141458457334
3650,0.9995887757584964
3660,0.9969999239528142
3670,0.9943911145994310
3680,0.9888500023739342
3690,0.9887176858907291
3700,0.9905623286842663
3710,0.9958850796282888
3820,0.9748868022629708
3830,0.9738204254481270
3840,0.9732488490210902
3850,0.9818323765650342
3860,0.9803777161638986
3870,0.9589054965766506
3880,0.9483224931030688
3890,0.9587567099807071
3900,0.9491125016623295
3910,0.9577603949587270
3920,0.9575205909451883
3930,0.9560969683849554
3940,0.9556012962764882
3950,0.9582513147309423
3960,0.9489887992963468
3970,0.9599731283282066
3980,0.9803824964757575
3990,0.9733931053738206
4000,0.9746522851398183
4120,0.9879806738910567
4130,0.9961500829649040
4140,0.9861967996564626
4150,0.9924316378336592
4160,0.9927500052362810
4170,0.9896492861357857
4180,0.9919141097037477
4190,0.9950082028912594
4200,0.9924168022629093
4210,0.9893778541139813
4220,0.9941433807846317
4230,0.9922561351413730
4240,0.9891392242910345
4250,0.9884212344530285
4260,0.9901004225070639
4270,0.9905688996058450
4280,0.9918890487205817
4290,0.9870501507580182
4300,0.9857132475234486
4310,0.9884204920243665
4320,0.9830972722096584
