0,0.9670171653711243
10,0.9666182743156259
20,0.9499331163849654
30,0.9475433040046420
40,0.9456687948384103
50,0.9447808454765511
60,0.9482480031498374
70,0.9447092156627762
80,0.9493336078699681
90,0.9533271237559253
100,0.9542908342593286
110,0.9610427237091466
120,0.9724047793964656
130,0.9782050275828187
140,0.9725064222782471
150,0.9807674828908790
160,0.9769069154260664
170,0.9736925943274005
180,0.9745043001640022
240,0.9846343716881791
250,0.9876218868392596
260,0.9893349399539155
270,0.9822590332798513
280,0.9831342592868971
290,0.9843529093533282
310,0.9908279003627021
320,0.9893282860449079
330,0.9883882848853069
340,0.9922306061806552
350,0.9928048392406178
360,0.9980316732425568
370,0.9912670413685510
380,0.9895100838468002
390,0.9939963850287240
400,0.9914591406541249
410,0.9887374246223802
420,0.9983676278220444
430,0.9975181889327114
440,0.9960031274500019
450,0.9928969483695864
460,0.9967798672267449
470,0.9885300878752343
480,0.9871838499929942
490,0.9937893072168247
500,0.9849360968287583
510,0.9843618398503194
520,0.9830035814146026
530,0.9891170764053471
540,0.9823761670655102
550,0.9863475366613518
560,0.9755721546178150
570,0.9830785733772274
580,0.9731054839779574
590,0.9768723410310042
600,0.9731823323152015
610,0.9758756855350184
620,0.9799378052341333
630,0.9792986867351190
640,0.9781073466822645
650,0.9697557148251972
660,0.9521776630846843
670,0.9525054378223797
680,0.9530007048363631
690,0.9615343964263735
700,0.9521804736721348
710,0.9600152405898482
720,0.9609087703897131
730,0.9621997185624104
770,0.9789921935976329
780,0.9717935842395146
790,0.9750586624151898
800,0.9750093862492413
810,0.9732640096246724
820,0.9750690864211138
830,0.9739145019270979
840,0.9767744956995940
850,0.9830716048346074
860,0.9802431881766747
870,0.9790187572201852
880,0.9823644204583047
890,0.9825344006566659
900,0.9846461003373531
910,0.9825931064499643
920,0.9854376022053362
930,0.9886116482780301
940,0.9882168156252298
950,0.9895807381250599
960,0.9915534777110353
970,0.9929500431360794
980,0.9939394910376309
1190,0.9854287132049757
1200,0.9779177058775865
1210,0.9788669171265663
1220,0.9772422892869184
1230,0.9808247982215244
1240,0.9735954106676751
1250,0.9797586698162798
1260,0.9700356004588203
1270,0.9712645970003044
1280,0.9753482354830469
1290,0.9725535378518070
1300,0.9646543575435234
1310,0.9614434276098855
1320,0.9486139493511005
1330,0.9505541208002966
1380,0.9432031109207429
1390,0.9511868807811705
1400,0.9608808277746500
1410,0.9713330967408055
1420,0.9708815335582720
1430,0.9774922702150165
1440,0.9759854966411838
1450,0.9726806713102103
1460,0.9823167864061311
1470,0.9730060748927052
1480,0.9779378116243054
1490,0.9792784310749645
1500,0.9865383983748141
1510,0.9868435046794762
1520,0.9869495805790929
1530,0.9787068880851686
1540,0.9906586373443204
1550,0.9817125126313343
1560,0.9876087679888935
1570,0.9854103555622454
1580,0.9899084741981664
1590,0.9903977620409009
1600,0.9865064136238815
1610,0.9951001638593955
1620,0.9909742100909050
1630,0.9874786569650954
1640,0.9917847696826947
1650,0.9905296491567238
1660,0.9893561584686780
1670,0.9912991831727784
1680,0.9976758466170206
1690,1.0000000000000000
1700,0.9895460512816114
1710,0.9896136617763485
1720,0.9915208002834812
1730,0.9931580915315753
1740,0.9880161817014348
1750,0.9886581312418793
1760,0.9908414215860992
1770,0.9898932754336250
1780,0.9852907004057906
1790,0.9838364705444486
1800,0.9930790641817121
1810,0.9831598999787212
1820,0.9863429468119806
1830,0.9850630557493532
1840,0.9873125474627980
1850,0.9811033530471165
1860,0.9772511100818435
1870,0.9802334675297378
1880,0.9785396074573517
1890,0.9742422715269873
1900,0.9720639818624051
1910,0.9731578363651334
1930,0.9707795582708380
1940,0.9790743339398880
1950,0.9610488695642879
1960,0.9561608580548115
1970,0.9598207323678236
1980,0.9616765700752402
1990,0.9621222990451865
2000,0.9617101409040213
2010,0.9541153309346148
2020,0.9596588104103583
2030,0.9606082632979438
2040,0.9617179846296868
2050,0.9631005363518192
2060,0.9657487132221967
2170,0.9776190911089283
2180,0.9870114101256265
2190,0.9813910362026993
2200,0.9850866314572126
2210,0.9858009615581939
2270,0.9926792849533683
2280,0.9949872821891724
2290,0.9899699343326869
2430,0.9865321415817283
2440,0.9829451099741368
2450,0.9817413618844797
2460,0.9917019093732667
2470,0.9791222476096889
2490,0.9874968606736954
2500,0.9849403218005305
2510,0.9804812696930921
2520,0.9839321075591716
2530,0.9805988577793041
2540,0.9791343350370285
2550,0.9720093753268593
2560,0.9719653840794205
2570,0.9802527782967316
2740,0.9709541231847423
2750,0.9716141190554330
2760,0.9828125200262395
2770,0.9775492965439927
2780,0.9788344216470211
2790,0.9857249170623531
2800,0.9846654025042584
2810,0.9820823832916534
2820,0.9788867409821176
2830,0.9857045028286376
2840,0.9891922404340160
2850,0.9919361877556151
2860,0.9859298382917844
2870,0.9908112795554131
2880,0.9870483152191454
2890,0.9943363533010680
2900,0.9901921694826628
2910,0.9865409249668377
2920,0.9965562405260995
2930,0.9961798225940584
2940,0.9934802707923271
2950,0.9930359070369591
2960,0.9994162800722668
2970,0.9954857012771408
2980,0.9925855824164429
2990,0.9919847389352719
3000,0.9992651871188696
3010,0.9892965095810036
3020,0.9976161050955863
3030,0.9908776130832001
3040,0.9880514181896305
3120,0.9794544072191560
3130,0.9883146974352234
3140,0.9881850009427119
3150,0.9757397609606110
3160,0.9769494449048906
3170,0.9749912077128677
3180,0.9781208426232731
3190,0.9780660954353414
3200,0.9733940013528957
3210,0.9757871701086571
3220,0.9702743931858712
3230,0.9708828870481772
3240,0.9707023481626894
3250,0.9590663447223509
3260,0.9548344519117983
3270,0.9621954207748100
3280,0.9534883291107907
3370,0.9690267278634734
3380,0.9696880792328466
3390,0.9699403468171062
3400,0.9763856807465239
3410,0.9824374944049912
3420,0.9791420736229629
3430,0.9786247038515249
3440,0.9773839781194911
3450,0.9801737074447847
3460,0.9819753227476470
3470,0.9800655829169806
3480,0.9901515713602037
3490,0.9798438196745048
3500,0.9832053024838333
3510,0.9855538021819629
3550,0.9874578968088554
3560,0.9864614619538007
3570,0.9901008909315550
3580,0.9945286622326959
3590,0.9887484244142860
3600,0.9913284195280134
3610,0.9903396137353409
3620,0.9946974005882998
3630,0.9890302608448860
3650,0.9907664053885155
3660,0.9988010806588572
3670,0.9943689509485937
3680,0.9926697753713186
3690,0.9959197875803395
3700,0.9911875571110662
3710,0.9892743003313859
3720,0.9901707120236473
3730,0.9925495612841577
3740,0.9852318755318570
3750,0.9820665041545139
3830,0.9820882664134072
3840,0.9759622725807648
3850,0.9710337123516494
3860,0.9746492781444852
3870,0.9777564519051949
4060,0.9726868758616296
4290,0.9925477997261133
4300,0.9904809441362992
4310,0.9985183826707397
4320,0.9952732990373510
