0,0.9576538318014881
10,0.9640978106878348
20,0.9671491766909480
30,0.9654662999690601
40,0.9733812593456070
50,0.9759821479095357
60,0.9741074422740247
70,0.9838220228041309
460,0.9867028266530993
620,0.9533797298284273
630,0.9453355800743339
640,0.9464302846970518
650,0.9470513313142090
660,0.9512092264662684
670,0.9572718767328338
680,0.9695053713966099
690,0.9831938209177946
700,0.9801933575645209
720,0.9788625327416142
730,0.9792513765861364
740,0.9784756431608759
750,0.9820527881749314
760,0.9809909517503109
770,0.9801367874755466
780,0.9904193728582006
790,0.9839682273038860
800,0.9873505543488014
810,0.9839677927122840
820,0.9900431764109204
830,0.9922682071978929
840,0.9898233166983396
870,0.9932716888244617
880,0.9906564367857646
890,0.9932977311102990
900,0.9952901689082085
910,0.9927331036005802
920,0.9885834506441560
930,0.9955347464054425
940,0.9888312322067685
950,0.9914229782785625
960,0.9960563476044932
970,0.9910816366364488
1000,0.9912561642861618
1010,0.9874947728406953
1020,0.9962811744087836
1030,0.9908307830498480
1040,0.9940668458501738
1050,0.9945960001654052
1060,0.9857729926245128
1070,0.9906714117431882
1080,0.9851556922465541
1090,0.9840473446875494
1100,0.9849022479216861
1110,0.9918545933907088
1120,0.9894725993663471
1130,0.9861969965502551
1140,0.9855578758452104
1150,0.9836833763151127
1160,0.9857768985791748
1170,0.9759756247638118
1180,0.9822382930934271
1190,0.9779594395925862
1200,0.9756821327622771
1440,0.9808527702870264
1450,0.9836939170569322
1460,0.9861036162567280
1470,0.9832252723072308
1480,0.9849034007321574
1520,0.9970481382220352
1530,0.9909755080996657
1540,0.9907653844899528
1550,0.9898395162027310
1560,0.9987301135731406
1570,0.9941816245972407
1580,0.9961272648025857
1590,0.9951341863116526
1600,0.9976810005467833
1610,0.9920919361271434
1620,0.9965849304279977
1670,0.9963941898448821
1680,0.9905313621354146
1690,0.9962616011540828
1700,0.9965733455499126
1710,0.9928814243597900
1720,0.9859920025235063
1730,0.9884870016377061
1740,0.9902546226171411
1750,0.9916781935548870
1760,0.9836347034593527
1770,0.9808673307519813
1780,0.9831857806853582
1790,0.9860202735368185
1800,0.9812721969587415
1810,0.9834562600063814
1950,0.9492631457600241
1960,0.9578869492252703
1990,0.9752322031675964
2000,0.9764698835263214
2010,0.9814143573980713
2020,0.9812951735960515
2030,0.9809067976959446
2040,0.9862709576889819
2050,0.9766049702308637
2060,0.9869893627593637
2070,0.9818873909787190
2180,0.9896954602423517
2190,0.9938844696703707
2200,0.9949312263883539
2210,0.9915816619329451
2220,0.9910689150414188
2230,0.9923382162030351
2240,0.9923490423234987
2250,0.9962366442776615
2260,0.9962887645259908
2270,0.9981657749249194
2280,0.9933075028769686
2290,0.9954419120466390
2300,0.9974777583091270
2310,0.9931008717458556
2320,0.9886846083441236
2330,0.9978392116987684
2340,0.9868057986109219
2350,0.9951417409369455
2360,0.9856176644929198
2370,0.9900109885994696
2500,0.9729293450375293
2510,0.9782943888944245
2520,0.9707463998564601
2530,0.9666831331138800
2540,0.9582240209598535
2550,0.9562754293822896
2560,0.9610399675647964
2570,0.9667289296456851
2650,0.9832650818746638
2660,0.9744002629243755
2670,0.9779759947622657
2830,0.9910676032077442
2840,0.9960027254665053
2850,0.9996525183379390
2860,0.9910382271862971
2870,0.9934131481415535
2880,0.9929384182841028
2890,0.9901912464898660
2900,0.9908156546157463
2910,0.9899723967535552
2920,0.9923469029923002
2930,0.9933458460801359
2940,0.9970929596397952
2950,0.9891088056712871
2960,0.9906540065619980
2970,0.9898903114644032
2980,0.9901471301621390
2990,0.9931478629946671
3000,0.9948880538617314
3010,0.9843332058401417
3020,0.9843278821880010
3070,0.9885912589890662
3080,0.9795254584503627
3090,0.9854887352283035
3110,0.9803680149957928
3120,0.9838505939320392
3130,0.9808783793665923
3140,0.9794435419414418
3150,0.9763377378503022
3160,0.9776204995332036
3170,0.9672684804438423
3180,0.9630645007159353
3190,0.9507566845905494
3200,0.9478679546907036
3210,0.9541573228505473
3220,0.9485162339130488
3230,0.9495706663799981
3240,0.9491953673230915
3250,0.9574191903719699
3260,0.9562962234264618
3270,0.9662672143541965
3280,0.9769595975510018
3290,0.9741594248611866
3300,0.9773748855532690
3310,0.9797625203409600
3320,0.9780883832384051
3330,0.9801691624045866
3340,0.9837827055975317
3350,0.9778518982708558
3360,0.9838956351078239
3370,0.9883657699709819
3380,0.9811118017540886
3390,0.9894505919225340
3400,0.9819251999289298
3410,0.9898400304997127
3420,0.9874535819337683
3430,0.9907599058069124
3440,0.9951152988881259
3450,0.9947007131777680
3460,0.9973912926816501
3470,0.9872979879276786
3480,0.9940788259365392
3490,0.9989366564944205
3500,0.9958530872366302
3510,0.9968836577833374
3520,0.9903885859097956
3530,0.9983891791799726
3540,0.9924460232614662
3550,0.9914120715969851
3560,0.9989004551649818
3570,0.9933746099010710
3580,0.9960786902054117
3590,0.9895452296265038
3600,0.9915527034127473
3610,0.9939015508844432
3680,0.9865325632163636
3690,0.9825223871417962
3700,0.9823809245822743
3710,0.9875880416350249
3720,0.9876017699727830
3730,0.9795266837988483
3740,0.9827369852956348
3750,0.9873275852989972
3760,0.9823085806861951
3770,0.9783753454064972
3780,0.9759292815687399
3790,0.9817825715959166
3800,0.9812207811951048
3810,0.9825354683004439
3820,0.9649296397434204
3830,0.9628682764316164
3840,0.9605615074917152
3850,0.9599192671267928
3860,0.9677020984258564
3870,0.9586498698249140
3880,0.9573698664094913
3890,0.9609417811390581
3900,0.9661028107457355
3910,0.9613676769410998
4110,0.9893409166567502
4120,0.9885733120822314
4130,0.9892011602491754
4140,0.9952353387887886
4150,0.9979551275814293
4160,0.9933682642229872
4220,0.9973959761643898
