0,0.9515783686258434
20,0.9459135964866150
30,0.9530607619837922
40,0.9516072857100925
50,0.9517373146102109
60,0.9523906097511218
70,0.9423396506353727
80,0.9485684030179321
90,0.9516900717193473
100,0.9496317908691857
110,0.9680863043451342
120,0.9679247108816608
130,0.9703856550658734
140,0.9692380025567155
150,0.9648146964215598
160,0.9661184480731276
170,0.9687777856588519
180,0.9747871899750779
190,0.9720161978702958
200,0.9707729615577688
210,0.9715530533648422
220,0.9734944881102795
230,0.9834580766712007
240,0.9792226348858992
250,0.9884505372692488
260,0.9873395424739692
270,0.9897633024790041
280,0.9866265840950289
360,0.9880789994689541
370,0.9915561179643780
390,0.9954013113980458
400,0.9973601776786505
410,0.9981090087634944
420,0.9896590862519009
450,0.9949206805923649
460,0.9855087416430574
470,0.9877130817730593
480,0.9856429214896054
490,0.9789814768729147
500,0.9838975310489798
510,0.9847375187796292
520,0.9748978546619542
530,0.9722910877067678
540,0.9803024395742607
550,0.9696972064073983
560,0.9706733590350726
570,0.9755337549098211
580,0.9659197903067417
590,0.9655897534197110
600,0.9647115484788487
610,0.9670739420314275
620,0.9610181471520388
630,0.9653559463465722
640,0.9612889498685568
650,0.9487751405539344
660,0.9437087717981680
670,0.9331214121007032
680,0.9362626932364571
690,0.9340918165775517
700,0.9338191819515578
710,0.9358538937138838
720,0.9323981045820197
730,0.9410461549865970
740,0.9408817092457221
750,0.9544387240296565
760,0.9599994375926871
770,0.9660799453155365
780,0.9621555180392595
790,0.9720674736658020
800,0.9728012816756484
810,0.9729528400182080
820,0.9657918977742040
830,0.9748117124139037
840,0.9753362542953552
850,0.9722479196525187
880,0.9758663305297471
890,0.9829087701618145
900,0.9892283707020676
910,0.9874036299989328
920,0.9845220251256794
930,0.9922413629475028
940,0.9874037193431345
950,0.9946654849574871
960,0.9856187820898537
970,0.9885334145263970
980,0.9902207576432137
990,0.9980202046340216
1000,0.9980301767633822
1010,0.9948427511245433
1020,0.9895726162001250
1030,0.9991590061256598
1040,0.9994722093408680
1050,0.9970917220338761
1060,0.9878592944645288
1070,0.9895625773062423
1080,0.9898564926403934
1090,0.9920734358358236
1100,0.9859296404128723
1110,0.9851961088890601
1120,0.9844891761542633
1130,0.9807300218533918
1140,0.9812138727941238
1150,0.9835559049921168
1160,0.9751236313557201
1170,0.9765975903047867
1180,0.9830558337889760
1190,0.9787753169694623
1200,0.9684666391854528
1210,0.9679504145725885
1220,0.9734547720951909
1230,0.9740987431614899
1240,0.9645167313405191
1250,0.9673772643433796
1260,0.9668024078570567
1270,0.9699496446684209
1280,0.9605474729337966
1290,0.9586640451219234
1300,0.9481193138442779
1310,0.9498927615902707
1320,0.9518559548515207
1330,0.9432194863714557
1340,0.9456298114024028
1350,0.9470902604463346
1360,0.9484836129490349
1370,0.9421037715512128
1380,0.9424787274265315
1390,0.9517311326137380
1400,0.9616870877122241
1410,0.9664403335240678
1420,0.9599180176039425
1430,0.9616654531492563
1440,0.9679308042869375
1450,0.9703183576725780
1460,0.9687112845613396
1470,0.9685678171002740
1480,0.9718110486759406
1490,0.9702939753503613
1500,0.9796907332542912
1510,0.9753756759267243
1520,0.9754821199111902
1530,0.9798896750783546
1540,0.9798155285273284
1550,0.9852306386043173
1560,0.9832021600408485
1570,0.9845274826460052
1580,0.9935206248748552
1590,0.9851142513162238
1600,0.9932072947071249
1610,0.9887965175184513
1620,0.9968162037558265
1630,0.9902139278265757
1640,0.9893302783627298
1650,0.9942196098121344
1660,0.9977613184500724
1670,0.9901806948288868
1680,0.9947643985555322
1690,0.9983296985267283
1700,0.9920080578339898
1710,0.9977940200530625
1720,0.9882493131355284
1760,0.9824930947880540
1770,0.9849713490782454
1780,0.9837803601369094
1790,0.9783746671630207
1800,0.9853359797904244
1810,0.9757784091432621
1820,0.9784997214994865
1830,0.9824237613958839
1840,0.9705265086623589
1850,0.9778952864926334
1860,0.9735996454357890
1870,0.9728277608588869
1880,0.9745273689617666
1890,0.9658286617169343
1900,0.9701372755834705
1910,0.9657084781990662
1920,0.9627846436464988
1930,0.9626919510145645
1940,0.9559443552798094
1950,0.9448131749340032
1960,0.9342408337229656
1970,0.9364399375327548
1980,0.9357473254457374
1990,0.9377730513940337
2000,0.9287651178791164
2010,0.9318382774213237
2020,0.9353618209174764
2030,0.9458456264923799
2040,0.9496604692430053
2050,0.9599163785263513
2060,0.9691005511234175
2070,0.9593354330095402
2080,0.9641445514818267
2090,0.9665461438798159
2100,0.9669697713477655
2110,0.9684106645864218
2120,0.9705381023593374
2130,0.9686643474294677
2140,0.9753130610381712
2150,0.9802719900402442
2160,0.9726827089162416
2170,0.9816889108878044
2180,0.9768949812898992
2190,0.9793693864650077
2200,0.9885788521710657
2210,0.9912810625179304
2220,0.9852827103650066
2230,0.9848675932368441
2240,0.9920247744464004
2250,0.9922718901789580
2260,0.9967384198182724
2270,0.9898419588755101
2280,0.9909916904748500
2290,0.9919673760680523
2300,0.9995532024798884
2310,0.9914296194557404
2320,1.0000000000000000
2330,0.9993596079016627
2400,0.9896124313750574
2410,0.9842807909072177
2420,0.9805130458888068
2430,0.9900476673384967
2440,0.9861139208951029
2450,0.9791378382772673
2460,0.9824688313424841
2470,0.9814307914330979
2480,0.9716008139148739
2490,0.9771115068019657
2500,0.9770234650038124
2630,0.9442957556446697
2640,0.9494571970731199
2650,0.9447065591132903
2660,0.9423754950172618
2670,0.9450687483854162
2680,0.9525652837977235
2690,0.9556304535671417
2700,0.9613929957359425
2710,0.9644504601933985
2720,0.9697362733328464
2730,0.9646278384111076
2740,0.9685335292568213
2750,0.9638033122983863
2760,0.9662760416717969
2770,0.9669721908803531
2780,0.9768555693561135
2790,0.9789502097036544
2800,0.9750168477051584
2810,0.9815252107385889
2820,0.9813731364810712
2830,0.9816721861395187
2840,0.9788425381565333
2850,0.9824450783068550
2860,0.9869731483576921
2870,0.9850584065362700
2880,0.9884300818564543
2890,0.9847171035478127
2900,0.9913688520408547
2910,0.9861414304617543
2920,0.9927416953900241
2930,0.9881805325673825
2940,0.9896108014250973
2950,0.9935579626275606
2960,0.9960537296835906
2970,0.9971432496422763
2980,0.9950630901411398
2990,0.9926229058382333
3000,0.9936177337541263
3010,0.9947806914942712
3020,0.9958085329562241
3030,0.9923374281727269
3040,0.9860110346512303
3050,0.9936330649140001
3080,0.9793888207423463
3090,0.9847128278492722
3100,0.9837146941029842
3110,0.9840855947226191
3120,0.9796331499493838
3130,0.9777420921700081
3140,0.9710703526165023
3150,0.9775786600762415
3160,0.9670624483579429
3170,0.9705849161662286
3180,0.9746566627633398
3190,0.9661502508934765
3200,0.9655036475154134
3210,0.9684149056456253
3220,0.9627652761974851
3230,0.9680883558214417
3270,0.9315161416700902
3280,0.9345409580333476
3290,0.9288776348169496
3300,0.9305639509506767
3310,0.9311948004830447
3320,0.9397074149622505
3330,0.9440746983587728
3340,0.9579266019521362
3350,0.9615054029797474
3360,0.9597698485553633
3390,0.9678524165849104
3400,0.9637216179302823
3460,0.9743573672535354
3470,0.9764648445801857
3480,0.9836151302921622
3490,0.9842137670168020
3500,0.9859376151662077
3510,0.9905919212083245
3520,0.9921994368140389
3530,0.9875130376367810
3540,0.9869940484955230
3550,0.9929969541290791
3560,0.9878492973899763
3570,0.9963209929120201
3580,0.9942047579587094
3590,0.9915363089908599
3600,0.9886124469515568
3610,0.9980660544124199
3620,0.9894397354929848
3630,0.9977335048036599
3640,0.9881078497192763
3650,0.9911587563606643
3660,0.9934766606442407
3670,0.9940826482434169
3680,0.9904513490019831
3690,0.9915495183843177
3700,0.9881071803905747
3710,0.9876509276605053
3720,0.9899083032950372
3730,0.9797831009276585
3740,0.9875671270479354
3750,0.9837132860487250
3760,0.9853100418844852
3770,0.9810861291194005
3780,0.9783227403865291
3790,0.9696433896527032
3800,0.9770461839507717
3810,0.9770669733581346
3820,0.9651582638261624
3830,0.9715472390704477
3840,0.9704674563545562
3850,0.9622655932112945
3860,0.9703983188336295
3870,0.9687881607564722
3880,0.9639963705752632
3890,0.9514253879965687
3900,0.9465327976883581
3910,0.9446301207511488
3920,0.9452076819198478
3930,0.9438724135191744
3940,0.9526588034128101
3950,0.9498523142830162
3960,0.9470407489263000
3970,0.9426461786619867
3980,0.9424538035904637
3990,0.9612876225345959
4000,0.9631258676776314
4010,0.9623102867250430
4020,0.9643269288693580
4070,0.9688617952121292
4080,0.9784397635054676
4090,0.9720846972018962
4100,0.9755399105308750
4110,0.9760193965225803
4120,0.9761433223483489
4130,0.9805420475487098
4140,0.9889335590378532
4150,0.9912868153948519
4170,0.9841873113587982
4180,0.9948451249927516
4190,0.9882300579739279
4200,0.9898706456243134
4210,0.9876959456072377
4220,0.9982772413955457
4230,0.9912772177955750
4240,0.9989575934142273
4250,0.9976458333457919
4260,0.9950681672946547
4270,0.9927278435861874
4280,0.9913767115444713
4290,0.9934062589574513
4300,0.9897890400233992
4310,0.9888356922036396
4320,0.9904790626271702
