0,0.9902741162661545
10,0.9815038207766128
50,0.9777809140621880
60,0.9843621540633086
70,0.9835289856290228
80,0.9809611299495415
90,0.9824281030427194
100,0.9852202329925124
110,0.9821232541333008
120,0.9792812281042931
130,0.9618078454643055
140,0.9469840313475254
150,0.9500078683822285
160,0.9396434722765742
170,0.9452941886252406
180,0.9360014589505499
190,0.9374762547521007
200,0.9441648300197517
210,0.9481220956024637
220,0.9633462860666063
230,0.9759496994271195
240,0.9796211668244239
250,0.9742326801523161
260,0.9748765049368731
270,0.9857924855877934
280,0.9859307693980900
290,0.9878625992587017
300,0.9814210200680655
310,0.9806469965810498
350,0.9867338761245114
360,0.9866546930973908
370,0.9884009067848072
380,0.9849904832522937
390,0.9909027440177560
400,0.9868510670633974
410,0.9930291734485370
420,0.9877262372586265
430,0.9929306100630649
440,0.9970609870761508
450,0.9933480950509507
460,0.9940967765748481
470,0.9897975888230571
480,0.9915806160364381
490,0.9936375165936432
500,0.9938039348879358
510,0.9911113047103017
520,0.9930576055775056
530,0.9934706004109735
540,0.9887539090160513
550,0.9992313885793407
560,0.9875330686874728
570,0.9886751938303447
580,0.9945087785636864
590,0.9915426632324446
600,0.9925986915424707
610,0.9924688845823357
620,0.9902997356453332
630,0.9941439199856090
640,0.9878935016397716
650,0.9821219428840181
660,0.9859879447572516
670,0.9848189661405666
680,0.9867667545071476
690,0.9852810124783085
700,0.9770295844603530
710,0.9801833538265525
770,0.9689766996744911
780,0.9574162400075010
790,0.9536601085612810
800,0.9521849405251547
810,0.9589435749904086
820,0.9609153535693932
830,0.9592903211006205
840,0.9562491226864893
850,0.9623060927659254
860,0.9540877281179367
870,0.9616367382627324
880,0.9829737246892146
890,0.9833179532209176
900,0.9825158614806798
910,0.9774740035386039
920,0.9773498035583064
930,0.9781985754613216
940,0.9850715265137772
950,0.9880123222218592
1020,0.9901975832387477
1030,0.9902678660850911
1040,0.9912433500760235
1050,0.9908668754438600
1060,0.9950216940232601
1070,0.9964682303754884
1080,0.9886995982768305
1090,0.9934366555563573
1100,0.9941477544216236
1110,0.9895641480976658
1120,0.9910223806227089
1130,0.9963621659775201
1140,0.9980362324216516
1150,0.9988875482315450
1160,0.9889417055450546
1170,0.9939808095124190
1180,0.9889214647776777
1190,0.9991249609616039
1200,0.9910642894433843
1210,0.9929434858430224
1220,0.9977005450478371
1230,0.9883605970165471
1240,0.9928861516831038
1250,0.9890654753563395
1260,0.9879465970612050
1270,0.9911507586606420
1280,0.9834338273916747
1290,0.9924110009347679
1300,0.9875157281791407
1310,0.9896670811246340
1320,0.9902100440207424
1330,0.9830004804715453
1340,0.9781330704102545
1350,0.9852109847764783
1360,0.9846376587394207
1370,0.9840832537880995
1380,0.9779166063598539
1390,0.9841688585879761
1400,0.9818358219833763
1410,0.9764684286309344
1420,0.9655169731353717
1430,0.9590331938225962
1440,0.9478102245486413
1450,0.9477101544997951
1460,0.9401845113913759
1470,0.9432498856583235
1480,0.9459927182215586
1490,0.9437166653347426
1500,0.9533528244355549
1510,0.9492065828129769
1520,0.9712003646317140
1530,0.9792002961549828
1540,0.9781675836174224
1550,0.9764014822016863
1560,0.9835542444122024
1570,0.9769670871646378
1580,0.9800272096421576
1590,0.9823039002674009
1600,0.9777899875040204
1610,0.9828196817184659
1620,0.9797903305216699
1630,0.9871126643291083
1640,0.9843225214204758
1680,0.9942052998264210
1690,0.9878131400659661
1700,0.9913734375082699
1710,0.9973413195468057
1720,0.9872340919933631
1730,0.9966635142053072
1740,0.9939144703430726
1750,0.9985787643174974
1760,0.9921134901345225
1770,0.9917586556632794
1780,0.9900445137520761
1790,0.9968535109820865
1800,0.9953458551002319
1810,0.9899678408867879
1820,0.9974279917016047
1830,0.9905394966879449
1840,0.9941383821591279
1850,0.9961397300387397
1860,0.9952801785145836
1870,0.9933582781501993
1880,0.9885425569580163
1890,0.9931068752335328
1900,0.9948627980880507
1910,0.9947530673891465
1920,0.9872428344542173
1930,0.9869113172705555
1940,0.9858111670795173
1950,0.9920977052421187
1960,0.9833766697623211
1970,0.9857397019387932
1980,0.9881404885168085
2060,0.9836587899968584
2070,0.9552719347791415
2200,0.9747382735964975
2210,0.9849190683128647
2220,0.9779316676912947
2230,0.9838795026463036
2240,0.9776400084167665
2250,0.9841080610941536
2260,0.9841763600355294
2270,0.9826377894470296
2280,0.9875247084717050
2290,0.9850507835502831
2300,0.9877408070364578
2310,0.9836749775762192
2320,0.9915147482151988
2330,0.9943506248210140
2340,0.9873907885245986
2350,0.9910713889107690
2360,0.9976944400536294
2370,0.9870290608726652
2380,0.9965973278754523
2390,0.9971366532616039
2400,0.9950890773080001
2410,0.9951979905824965
2420,0.9970206236099400
2430,0.9894322394859624
2440,0.9951612895292706
2450,0.9970884530559700
2460,0.9942391493345253
2470,0.9930676151163104
2480,0.9939631121785050
2490,0.9896198341749228
2500,0.9992272752653594
2510,0.9882342337806784
2520,0.9966957604832929
2530,0.9953740316767891
2540,0.9909047922940803
2550,0.9847144421034665
2560,0.9856387626489803
2570,0.9939964813589642
2580,0.9853836831551851
2590,0.9876941064538965
2600,0.9827514298107060
2610,0.9905311225558421
2620,0.9847412855404909
2630,0.9869311063133878
2640,0.9840212936610752
2650,0.9803712697644615
2660,0.9849868201999439
2670,0.9833392261934720
2680,0.9748518354868159
2690,0.9813793607565682
2700,0.9768936172015713
2710,0.9749959481059025
2720,0.9623547979484396
2730,0.9519438730393034
2740,0.9443129379356195
2750,0.9405319844576741
2760,0.9436039042263741
2770,0.9442350780530742
2780,0.9467056682363071
2790,0.9422410278449553
2800,0.9494661573029068
2810,0.9615032208349868
2820,0.9752859268006683
2830,0.9807609778843821
2840,0.9781427777743992
2850,0.9845145812890748
2860,0.9759161653741570
2870,0.9860529721305321
2880,0.9856358598941328
2890,0.9832416746558467
2900,0.9814045530174205
2910,0.9808448781928978
2920,0.9884168445058974
2930,0.9906990617120551
2940,0.9927668949182700
2950,0.9920620382797131
2960,0.9849611008493950
2970,0.9876262416228642
2980,0.9918822024966555
2990,0.9926191217095165
3000,0.9911737416130192
3010,0.9938702684779683
3020,0.9959472891304215
3030,0.9924543904035513
3040,0.9983202457657090
3050,0.9980690626672580
3060,0.9904945185965609
3070,0.9978771551691455
3080,0.9946629569028370
3090,1.0000000000000000
3100,0.9896436808013220
3110,0.9991598361991583
3120,0.9965308055285860
3130,0.9930412597511824
3140,0.9968631851724326
3150,0.9956228873628489
3160,0.9979143933570813
3170,0.9927127392521977
3180,0.9946239021794560
3190,0.9950309596620679
3200,0.9931870824169446
3210,0.9858431471265211
3220,0.9842667650278323
3230,0.9845102997802445
3240,0.9845795560146480
3250,0.9869394115820904
3260,0.9836967323703236
3270,0.9877626167739125
3280,0.9826980755488741
3290,0.9857080332907715
3300,0.9783440276771677
3310,0.9871873999782050
3320,0.9857357238745410
3330,0.9833981645128164
3340,0.9748369563613729
3350,0.9742944818174607
3360,0.9691194323109810
3370,0.9555918698441433
3380,0.9553110120098343
3390,0.9559423945510090
3400,0.9549782791936793
3410,0.9608970886135575
3420,0.9579863103927709
3430,0.9577357297835154
3440,0.9579167086865493
3450,0.9587727769581985
3460,0.9565806945471811
3470,0.9719254336721882
3480,0.9764030233337962
3490,0.9746187275416395
3500,0.9755163285171901
3510,0.9817367325899898
3520,0.9857111307136643
3530,0.9804699327654433
3540,0.9881139105050268
3550,0.9848711134472291
3560,0.9897583710754629
3570,0.9861281589435691
3580,0.9902237111403115
3590,0.9869036457592234
3600,0.9901740359527452
3610,0.9852596988343566
3620,0.9893343629489774
3630,0.9854282270393784
3640,0.9894529689868333
3650,0.9901898798136274
3660,0.9970030453555754
3670,0.9933116052955449
3680,0.9969805815685762
3690,0.9961729853269194
3700,0.9933892605360842
3710,0.9904300475559614
3770,0.9916296085488424
3780,0.9927670055617915
3790,0.9994678279661769
3800,0.9957003323408293
3810,0.9950738343244487
3820,0.9928699009018747
3830,0.9917648044086665
3840,0.9849805445903217
3850,0.9900249749149376
3860,0.9843155109796131
3870,0.9877091036347456
3880,0.9894701428215942
3890,0.9826090885323759
3900,0.9820417491590059
3910,0.9899406903023739
3920,0.9883822996829233
3930,0.9827409657684588
3940,0.9854383535150290
3950,0.9847573424484128
3960,0.9792725803802733
3970,0.9842570457726806
3980,0.9787655904471813
3990,0.9752565667207499
4000,0.9811033629862396
4010,0.9735359620303560
4020,0.9516699934334188
4030,0.9455327630049865
4040,0.9501790091961659
4050,0.9464736050991229
4060,0.9408511616349670
4070,0.9433591256925413
4080,0.9488108787037954
4090,0.9447808694227323
4100,0.9509707168806084
4110,0.9601549606672278
4120,0.9758836702328585
4130,0.9759024960293152
4140,0.9763307954841137
4150,0.9781776427607753
4160,0.9807260480763466
4170,0.9851616028698613
4180,0.9822831210834148
4190,0.9841970009140003
4200,0.9799061494427294
4210,0.9904550506396940
4220,0.9806780318411639
4230,0.9856253227394755
4240,0.9869158273261917
4250,0.9873528543420870
4260,0.9840064114158663
4290,0.9920896762554601
4300,0.9929932805654077
4310,0.9939351641854628
4320,0.9928815192400264
