110,0.9742909343783328
120,0.9794622195870712
130,0.9826827349271637
160,0.9739654280301504
170,0.9753925110662022
180,0.9714908390548049
190,0.9545295385222491
200,0.9496659154196307
210,0.9444103736667671
220,0.9464044967845145
230,0.9469873252012515
240,0.9402403456965680
250,0.9457425627008859
260,0.9440191466697831
270,0.9530270684141958
280,0.9627191261781498
290,0.9745431453420738
300,0.9687159653246858
310,0.9771863066247428
320,0.9775168126251804
330,0.9764603116510882
340,0.9833983667668591
350,0.9809297329785935
360,0.9749711991352673
370,0.9815591488068777
380,0.9818539011862615
390,0.9806232814052279
400,0.9861207011314788
410,0.9904363581808476
420,0.9896292211408435
430,0.9926661900400428
440,0.9853958381567022
450,0.9907705371818222
460,0.9864070214428678
470,0.9877117788141008
480,0.9880253138806138
490,0.9885847614218585
500,0.9879566653147018
510,0.9964856137127401
520,0.9977455134905389
530,0.9940052457711819
540,0.9996560022198031
550,0.9880922031606061
560,0.9893351119451033
570,0.9872057186744545
580,0.9866072462614642
590,0.9901121438203648
600,0.9861839224862383
610,0.9900692978171530
620,0.9900062377368413
630,0.9839147117347122
640,0.9871617222508190
650,0.9877058691091345
660,0.9893245815112780
670,0.9809569581566826
680,0.9808124388076889
690,0.9767891964396785
700,0.9836839610322468
710,0.9749068459691248
720,0.9752798501825560
730,0.9713837392038803
740,0.9791443512177488
750,0.9742746523550585
760,0.9735148555783558
770,0.9609717729787661
780,0.9624856371115629
790,0.9579640639388290
800,0.9568339626746628
810,0.9591083208202325
820,0.9621432057466606
830,0.9534436060672501
840,0.9552373890471212
850,0.9528405351659913
860,0.9550154535116100
870,0.9729118276202648
880,0.9758367384921427
890,0.9726240561733459
900,0.9728839935514781
940,0.9783486862367505
950,0.9787335163599820
960,0.9866488805655310
970,0.9776741511732510
980,0.9849225523538285
990,0.9892117773589938
1000,0.9847306185379628
1010,0.9867770758427260
1020,0.9907336084084190
1030,0.9877720529113309
1040,0.9958861639054873
1050,0.9952741510238823
1060,0.9956721832321347
1070,0.9894793862739817
1080,0.9952786067266582
1090,0.9967905348267450
1100,0.9944892816401267
1170,0.9889894166577635
1180,0.9953689547323523
1190,0.9892640265681567
1200,0.9933995637231390
1210,0.9852347251764594
1220,0.9852318641522062
1230,0.9876798712542212
1240,0.9853481068729404
1250,0.9877806578114678
1260,0.9848603023148862
1270,0.9794324598401648
1280,0.9816310579005069
1290,0.9736947292796621
1300,0.9828393284039832
1310,0.9727256007112698
1320,0.9696911613643278
1330,0.9727339839028075
1340,0.9727774022006418
1350,0.9744831723514862
1370,0.9554652639781354
1380,0.9429443263008647
1390,0.9417761140018699
1400,0.9426484045805114
1410,0.9475952262585086
1420,0.9442422950648901
1430,0.9514957355906567
1440,0.9529713404660916
1450,0.9629286329936241
1460,0.9784489433877982
1470,0.9691806809432748
1480,0.9796987313704912
1490,0.9765171481645828
1500,0.9736828471801525
1510,0.9804349095060434
1520,0.9762168529384871
1530,0.9799406614242852
1540,0.9788178707678108
1550,0.9832698099646640
1560,0.9808867943713135
1570,0.9805617548618362
1580,0.9904677343842387
1590,0.9889643382312762
1600,0.9849162463196459
1610,0.9855251512436052
1620,0.9925603006819705
1630,0.9909227629866949
1640,0.9965026541290347
1650,0.9924201375801154
1660,0.9916724809751163
1690,0.9887004615238659
1700,0.9930496599894346
1710,0.9954654402242883
1720,0.9934462206560875
1730,0.9933306379816870
1740,0.9890430999943867
1750,0.9971931663080773
1760,0.9883082109504047
1770,0.9851566472494547
1780,0.9947424723631433
1790,0.9873079424955429
1800,0.9816668918013771
1810,0.9915197495087585
1820,0.9803408127669268
1830,0.9870335558259679
1840,0.9866084216588379
1850,0.9848422715806530
1860,0.9794727717051054
1870,0.9768383850881412
1880,0.9834916212460117
1890,0.9746139743330997
1900,0.9708352007186937
1910,0.9759712541203366
1950,0.9633059999696584
1960,0.9533859021980059
1970,0.9611137206094527
1980,0.9577080096892913
1990,0.9528125284066503
2000,0.9621902904077192
2010,0.9607366105201384
2020,0.9586302191471846
2030,0.9599232540996721
2040,0.9706644500430782
2050,0.9772202372668347
2060,0.9740696121098618
2070,0.9801718611874313
2080,0.9709587820251676
2090,0.9720109752154823
2100,0.9732308564239914
2110,0.9808819359886607
2120,0.9758448206636420
2130,0.9849478558047219
2140,0.9891308694555947
2150,0.9788972286738139
2160,0.9857159366330484
2170,0.9865279379765918
2180,0.9860558227205530
2190,0.9839109821403267
2200,0.9888277061282399
2210,0.9934353750077858
2220,0.9959833420474407
2230,0.9866160268172686
2240,0.9935150374934342
2250,0.9990580164344726
2260,0.9916037677662469
2270,0.9922947665134931
2280,0.9963384964503021
2290,0.9900717744645523
2340,0.9953563059594299
2350,0.9951109506977168
2360,0.9910350142788512
2370,0.9880133482858087
2380,0.9918002617572874
2390,0.9908513502005322
2400,0.9807555079568456
2410,0.9897629385100739
2420,0.9832302468043962
2430,0.9854223883161607
2440,0.9828576843536773
2450,0.9764450780442882
2460,0.9799748399465003
2470,0.9805062148860720
2480,0.9720204290041478
2490,0.9725055929820164
2500,0.9723202122833864
2510,0.9725758506299603
2520,0.9700450170222817
2530,0.9534146324816613
2540,0.9505552579757557
2550,0.9522418578101496
2560,0.9490477829808333
2570,0.9502648403901716
2580,0.9475286506401639
2590,0.9416798250818065
2600,0.9449815987401521
2610,0.9534722129756269
2620,0.9666790160334244
2630,0.9705929107964828
2640,0.9701383873608310
2650,0.9766213831098022
2660,0.9747739750653068
2670,0.9773852231625999
2680,0.9779992661691077
2690,0.9783078094746297
2700,0.9837495111925325
2710,0.9850283897670493
2720,0.9814955157510363
2730,0.9802829418437604
2740,0.9850260899070720
2750,0.9850598856522433
2760,0.9930280437969592
2770,0.9839037221711288
2780,0.9838235237950845
2790,0.9896421328502235
2800,0.9873669159050587
2810,0.9879732749699999
2820,0.9905902864886552
2830,0.9908781709491236
2840,0.9988116443045554
2850,0.9948814395870694
2860,0.9934821079201711
2870,1.0000000000000000
2880,0.9969577582375360
2890,0.9988226352923077
2900,0.9879588786794070
2910,0.9923042719907740
2920,0.9890748989817431
2930,0.9914085539767878
2940,0.9875439833639921
2950,0.9913976051064660
2960,0.9928360292393003
2970,0.9852578183315671
2980,0.9896094752693525
2990,0.9822575508230172
3000,0.9886749669955365
3010,0.9792833772410556
3020,0.9846387388831335
3030,0.9841475721995453
3040,0.9817989866660326
3050,0.9725298160570204
3060,0.9759952985298042
3070,0.9760563729954427
3080,0.9783290050750085
3090,0.9735054652350055
3100,0.9788463852214513
3110,0.9618928344587978
3120,0.9525934112595268
3130,0.9581987793043472
3140,0.9630250414433180
3150,0.9531360569836608
3160,0.9613623550992891
3170,0.9525627475662342
3180,0.9602890984608664
3190,0.9573364383793345
3200,0.9632297225335805
3210,0.9674411696260798
3220,0.9787181308970450
3230,0.9708712112249808
3240,0.9703584995703556
3250,0.9768299509614043
3260,0.9738604361971454
3270,0.9772078079021320
3280,0.9780676734291363
3290,0.9810514947504714
3300,0.9853488153272690
3310,0.9878834731809663
3320,0.9853698491514498
3330,0.9805922303104128
3340,0.9907338781884313
3350,0.9866350119398635
3360,0.9897536116050277
3490,0.9903114490342405
3500,0.9873306167293611
3510,0.9893194846447522
3520,0.9896431383421055
3530,0.9930347546060160
3540,0.9864017028393808
3620,0.9802747235600029
3630,0.9807696427293291
3640,0.9771580922183699
3650,0.9772734371285814
3660,0.9737793351927850
3670,0.9780586532822434
3680,0.9753595999732614
3690,0.9745146075725489
3700,0.9549374409054878
3710,0.9470835282011355
3720,0.9517401401294334
3780,0.9554252164613979
3810,0.9691884422985810
3820,0.9732322747537101
3830,0.9756720615854617
3840,0.9768234743222400
3850,0.9719332709846896
3860,0.9828582037391392
3870,0.9840087020526693
3880,0.9761225894029709
3890,0.9817261868660883
3950,0.9945003746067888
3960,0.9909408322027520
3970,0.9877324898432231
3980,0.9901752615886050
3990,0.9876539734551145
4000,0.9873796735384716
4020,0.9946374135300866
4030,0.9953100716419157
4040,0.9914937758337591
4050,0.9920733904469962
4100,0.9898573475716327
4110,0.9879963203189351
4120,0.9922712050200978
4130,0.9935936459933588
4140,0.9920415526756624
4150,0.9833956402067139
4160,0.9829023306910922
4170,0.9808128438244333
4250,0.9757894938856104
4260,0.9748573792338266
4270,0.9750251728797154
4280,0.9626525378234874
4290,0.9547106445147927
4300,0.9565125755423122
4310,0.9584355097287578
