80,0.9914544550914413
90,0.9883037591250710
100,0.9953536239477735
110,0.9922265886888710
190,0.9956562346635470
200,0.9845752224361508
210,0.9857028116000204
220,0.9814071523665063
230,0.9837727106841665
270,0.9770697691248360
280,0.9786385893476902
410,0.9383234511317950
420,0.9392573953692168
430,0.9474105440043018
440,0.9477778994796597
450,0.9529792600698789
460,0.9537852418398139
470,0.9678020095995045
480,0.9733182943612860
490,0.9752477215525269
500,0.9660773596901023
510,0.9694860260689080
520,0.9718107185871677
530,0.9698639410019785
540,0.9730416598589193
550,0.9763917878352695
560,0.9757685675482139
570,0.9777855648811205
580,0.9880265304034171
590,0.9877821121328347
710,0.9971502547959016
720,0.9983889873042270
730,0.9967212383605100
740,0.9937526650525954
750,0.9932911347715324
760,0.9927699392190208
770,0.9939651680725772
780,0.9885650046671942
790,0.9856692012230074
800,0.9870359708527716
810,0.9872398671166170
820,0.9844752045717851
830,0.9830440823048076
840,0.9806080013097048
900,0.9784464756035146
910,0.9685364832864788
920,0.9690077814936051
930,0.9748355838095776
1170,0.9815903105348780
1180,0.9800073948809741
1190,0.9824128930148007
1200,0.9845977643431295
1210,0.9846542563837452
1220,0.9868114355250656
1230,0.9880369688284949
1240,0.9898359007420346
1250,0.9949311772103990
1260,0.9960539825565033
1270,0.9943421790737145
1280,0.9982822443754624
1290,0.9979221442106982
1300,0.9965513237414885
1310,0.9917337754045944
1320,0.9967621561313764
1450,0.9757963027414198
1460,0.9778526364971148
1470,0.9758622901846841
1480,0.9736929096782371
1490,0.9737930973023669
1500,0.9756030481081793
1510,0.9760370416659759
1520,0.9707405735080620
1530,0.9706479944694095
1540,0.9521184698825436
1550,0.9512270367485735
1560,0.9499042916409023
1570,0.9473131429460684
1580,0.9467283339153112
1590,0.9392105820360358
1600,0.9394618111776333
1610,0.9410224163046467
1620,0.9435666465143573
1630,0.9536870087401093
1640,0.9635083637656914
1650,0.9714053054551718
1660,0.9670521191677565
1670,0.9711822461964114
1680,0.9713239797066040
1690,0.9728507879222259
1730,0.9834171482305628
1740,0.9847184848276723
1750,0.9882330782785493
1760,0.9817678914771925
1770,0.9799843521910115
2110,0.9658388945453513
2120,0.9636610538426060
2130,0.9557560234418304
2140,0.9550208671338922
2150,0.9594552299122514
2160,0.9509341580286207
2170,0.9551031472607243
2180,0.9559710576465150
2190,0.9538928437807801
2250,0.9758128985174327
2260,0.9762225717270767
2290,0.9803776371073154
2300,0.9730440839876742
2710,0.9574041293780452
2720,0.9514193250496692
2730,0.9402062900454780
2740,0.9390349101161373
2750,0.9467947404587228
2760,0.9414233230531873
2770,0.9489761232433860
2780,0.9430059602679067
3040,0.9973071378065477
3050,0.9967491803491103
3060,0.9970534398870196
3070,0.9957711982221015
3190,0.9809961804292339
3200,0.9800802185054206
3210,0.9828312933350490
3220,0.9744336729296318
3230,0.9792033360265209
3240,0.9684981635105423
3250,0.9703787302268566
3260,0.9657888259719223
3270,0.9728888088807731
3280,0.9666454819299426
3290,0.9630057721902332
3780,0.9759170118973002
3790,0.9761528233470121
3800,0.9787815204715870
3810,0.9797161961980569
3820,0.9713348751125898
3830,0.9724976560186867
3840,0.9708565091733485
3850,0.9681894448217797
3860,0.9742016642298271
3870,0.9719651404019545
3980,0.9686732065572731
3990,0.9670415137975519
4000,0.9752628718875486
4010,0.9708823744588790
4020,0.9738190439675524
4030,0.9683718845674777
4040,0.9729779098362454
4050,0.9782385649889055
4060,0.9765100290532304
4090,0.9807047746074424
4100,0.9835884756775747
4110,0.9885749011481779
4120,0.9862828940605800
4130,0.9826127574216684
4140,0.9861948834682215
4150,0.9961716838347490
4220,0.9959847362667618
4230,0.9897497864485788
4240,0.9880465460140503
4250,0.9964637550362445
4260,0.9874528519603930
4280,0.9936467126787437
4290,0.9858610607855051
4300,0.9915022017618379
4310,0.9885066051320374
