420,0.9822748815300621
430,0.9810189605125558
440,0.9898340509655326
450,0.9850510706692691
460,0.9836340651027424
470,0.9791914618859430
480,0.9873926431174177
490,0.9866563121382302
500,0.9809593281237173
510,0.9850128930031847
610,0.9623564983426290
620,0.9660225727369108
630,0.9803302204760582
640,0.9753136038297268
660,0.9851819562767847
670,0.9853922783782942
680,0.9798668144546664
730,0.9871370938910620
740,0.9927875175186645
750,0.9922331413548438
760,0.9848591237685687
770,0.9863561356778878
780,0.9965578097852912
790,0.9942803618352715
1020,0.9909565388945395
1030,0.9835785875771615
1040,0.9871537920089590
1050,0.9866997288008396
1110,0.9737701759515670
1120,0.9604611542666853
1130,0.9563924721615942
1140,0.9520840624241976
1150,0.9438750942008970
1170,0.9520779975424494
1180,0.9561067730077749
1220,0.9866580412688079
1230,0.9773473041992722
1240,0.9780371315327975
1250,0.9772936346374095
1260,0.9786703092391991
1270,0.9878305797015545
1280,0.9843578893006913
1290,0.9835003735953768
1300,0.9897545926402338
1310,0.9850979482506819
1320,0.9929647021094717
1330,0.9901180714494036
1340,0.9863265664539167
1350,0.9953194472505712
1360,0.9913024996066934
1370,0.9865438756833227
1380,0.9944236451842862
1390,0.9978319478473715
1400,0.9885774054491574
1410,0.9925379290397923
1420,0.9984544832561436
1430,0.9967714164708615
1440,0.9924163308744068
1450,0.9898732525873497
1460,0.9989729989493035
1530,0.9948217895274418
1540,0.9971958812748385
1550,0.9895940488308731
1560,0.9934358319133618
1570,0.9847021876567901
1580,0.9913863029013782
1590,0.9874075508349019
1600,0.9839566829991987
1610,0.9804920728929807
1620,0.9799497795080165
1630,0.9850801407211054
1680,0.9846628144314740
1690,0.9794905971050353
1700,0.9613534532829628
1710,0.9592990315388163
1720,0.9634128199187849
1730,0.9615542006782978
1820,0.9850493144831375
1840,0.9868904541973600
1850,0.9842638958168042
1860,0.9871453453864992
1870,0.9799462622163635
1880,0.9881749536199219
1890,0.9918394405155244
1900,0.9882225100200812
1910,0.9853019611594268
1920,0.9938513076742549
1930,0.9889502549626284
1940,0.9878251894645449
1950,0.9853461343690633
2080,0.9934367250189753
2090,0.9888201055027698
2100,0.9949964093233766
2110,0.9948425936679373
2120,0.9950136382445084
2130,0.9874967101767677
2140,0.9858666875106884
2150,0.9891720800169582
2160,0.9933681384392467
2170,0.9911661814933953
2180,0.9914340712508681
2190,0.9859950207523914
2230,0.9889066166365535
2240,0.9787261543413399
2250,0.9819581735289892
2360,0.9550152414876105
2370,0.9597026109957375
2380,0.9734546276858608
2390,0.9819028657051462
2400,0.9834550170230867
2410,0.9843512346238237
2420,0.9860438634901816
2430,0.9788728615190498
2440,0.9791991651386990
2450,0.9898191382032807
2460,0.9878509500576926
2470,0.9823527170499724
2480,0.9922813769732129
2550,0.9962705698348783
2560,0.9955455386442937
2580,0.9946273526064983
2820,0.9849487172591991
2930,0.9625330948555074
2940,0.9576848027288152
2950,0.9619989195642974
2960,0.9568665714736924
3000,0.9842682712257717
3010,0.9808625286502425
3020,0.9802615502308981
3250,0.9991925983744422
3260,0.9932809166660586
3270,0.9973152659818609
3280,0.9919760559139946
3290,0.9906044553101220
3300,0.9960783554040551
3390,0.9864457431890603
3400,0.9865155029630324
3410,0.9853291370673855
3420,0.9826196170960918
3430,0.9855159235505753
3440,0.9811291270125667
3450,0.9763343101075710
3460,0.9672240039359020
3470,0.9530454279084875
3480,0.9575086253648311
3610,0.9880714821534300
3690,0.9928104136746621
3700,0.9876385154887876
3710,0.9957063474364402
3720,0.9910520622240370
3730,0.9901598626165901
3740,0.9980832550086677
3750,0.9940895567034493
3760,0.9991751921880841
3770,0.9910911699112066
3780,0.9945452775699372
3790,0.9998793356996850
3800,0.9918376590721697
3810,0.9913854679540455
3830,0.9924600293979593
3840,0.9950859480537686
3850,0.9919552073590686
3860,0.9938278431582541
3870,0.9921178033145720
3880,0.9944870405746884
3890,0.9879732369624550
3900,0.9907490458994733
3920,0.9869595542517037
3960,0.9905629095297473
4140,0.9721030694274048
4150,0.9837939153726644
4160,0.9868495930073055
4170,0.9822703202293276
4180,0.9789718101183320
4240,0.9818329866980192
4250,0.9857124389322345
