0,0.9769692723909501
10,0.9863549203593418
20,0.9830152776297758
30,0.9886236410327294
40,0.9811155916474542
50,0.9891558701383895
60,0.9924756688573525
70,0.9862719271668475
80,0.9861655704987848
90,0.9895879415647428
100,0.9908166342413425
110,0.9987650374960833
120,0.9943208465036167
130,0.9972585705461656
140,0.9931538608927063
150,0.9906585823280285
160,0.9923685950034533
170,0.9902605292005064
180,0.9933386148489580
190,0.9903247098111202
230,0.9894552358834080
240,0.9895338583705012
250,0.9911427088859202
260,0.9824598246242426
340,0.9678343785856384
350,0.9713722054798917
360,0.9737178214378474
370,0.9637370803391911
380,0.9690833980518183
390,0.9635068902358106
430,0.9526392646278784
440,0.9428868767160811
450,0.9347645155469098
460,0.9360360628037310
470,0.9368151482628364
480,0.9421129964128194
490,0.9355266592890065
500,0.9362759560194697
510,0.9477240984227202
520,0.9520976179870297
530,0.9690202182955594
540,0.9668169859466046
550,0.9634614257782759
560,0.9610651091762211
570,0.9633448850779186
580,0.9709309828394751
590,0.9746006434396939
600,0.9687860237737581
610,0.9683995565480420
620,0.9811329001919644
630,0.9776824838817942
640,0.9814655686080436
650,0.9761868321932998
660,0.9858766757415485
670,0.9842020010480649
680,0.9808250372160330
690,0.9813980408389809
700,0.9873116845132086
710,0.9844577708072161
720,0.9863915437563956
730,0.9957527347509879
740,0.9904435327977701
750,0.9910931642176495
790,0.9893332538682901
800,0.9978940214039710
810,0.9984464501854834
820,0.9892002527705477
830,0.9903757478055115
840,0.9941751098397508
850,0.9960671990678628
860,0.9865750737949635
870,0.9927648097340955
880,0.9935433031547122
890,0.9899328144631712
900,0.9839633714799070
910,0.9808714068192089
920,0.9862343081739520
930,0.9831240841630933
940,0.9840433785654167
950,0.9847518090185041
960,0.9772574195702162
970,0.9776814650778017
980,0.9730911524286590
990,0.9739675298976661
1000,0.9732323585166488
1010,0.9720683926761418
1020,0.9704231841671762
1030,0.9672383566521866
1040,0.9701758233185774
1050,0.9685049663509793
1060,0.9646814401767096
1070,0.9504070885610956
1080,0.9479013708887970
1090,0.9562659254046487
1100,0.9500928563575096
1110,0.9509526367387474
1120,0.9491336701053871
1130,0.9483871009646448
1140,0.9467864148061274
1150,0.9492776777454920
1160,0.9523054763294238
1170,0.9550078058448473
1180,0.9618929483360179
1190,0.9631861024069190
1200,0.9615036728862590
1210,0.9616933055570795
1220,0.9734341633479282
1230,0.9725373637862534
1240,0.9706250546686905
1250,0.9707133174559880
1260,0.9713175868747110
1270,0.9726914869604456
1280,0.9784663666028002
1290,0.9791753320137920
1300,0.9829174684833191
1310,0.9764470540514972
1320,0.9820675102290266
1330,0.9858492280045161
1340,0.9840088593025591
1350,0.9881857505047109
1360,0.9835333458506451
1370,0.9879372995825552
1380,0.9872283105949899
1390,0.9882588009952044
1610,0.9815399388310522
1750,0.9356824894209076
1850,0.9657946058923248
1860,0.9714421200125901
1870,0.9735295191009619
1880,0.9717704155858871
1890,0.9683049101918280
1900,0.9697616868698692
1920,0.9770372789867456
1930,0.9792435183796178
1940,0.9798213163253444
1950,0.9813709326791152
1960,0.9814867511674013
1970,0.9818608024398173
1980,0.9860249929224388
1990,0.9844590601328185
2000,0.9888055765972377
2010,0.9927566622411811
2020,0.9906068939386713
2030,0.9963770312527599
2040,0.9938315988056767
2050,0.9925389014435954
2060,0.9898624952626036
2070,0.9987158565992049
2080,0.9952406348485593
2090,0.9883743343872513
2100,0.9925765017138763
2110,0.9993017031724941
2120,0.9985502290786125
2130,0.9966128446153765
2140,0.9881698649364089
2150,0.9892891960131471
2160,0.9889681508955005
2170,0.9856177435155468
2180,0.9896013841026549
2190,0.9903038960039132
2200,0.9910487500515165
2210,0.9883063083774055
2220,0.9775300953204381
2230,0.9808489897490098
2240,0.9782771062980509
2250,0.9726285680088360
2260,0.9765517944333301
2270,0.9750426536561785
2280,0.9759660489744306
2290,0.9725129067363332
2300,0.9678968176111903
2310,0.9702591616872752
2320,0.9632221731296224
2330,0.9666958428962726
2340,0.9701050763946626
2350,0.9656787066653018
2360,0.9579316070649695
2370,0.9536473318004662
2380,0.9538311824896780
2390,0.9485336067368122
2400,0.9541344095967522
2410,0.9517140735891318
2420,0.9470742460825827
2430,0.9513049524128246
2440,0.9548873589375383
2450,0.9538053511182872
2460,0.9467688464500199
2470,0.9522889823841000
2480,0.9641745907017280
2490,0.9680630454941279
2500,0.9680426208330225
2510,0.9687981191232448
2520,0.9723823734231078
2530,0.9669233055693448
2540,0.9705082856032968
2550,0.9677155501913141
2560,0.9771423374206554
2570,0.9788215692102620
2580,0.9780296143473670
2590,0.9788246965439672
2600,0.9819117940558519
2610,0.9767382324708358
2620,0.9873535133319052
2630,0.9816927610943792
2640,0.9905822425622249
2650,0.9874929334132191
2660,0.9908782390663375
2670,0.9922815873057732
2680,0.9970766925364712
2690,0.9947051781408258
2700,0.9928754813258350
2710,0.9945125823038139
2720,0.9938162745323197
2730,1.0000000000000000
2740,0.9985376166168461
2770,0.9967867733447761
2780,0.9925436699784508
2790,0.9975559839610981
2800,0.9855695751392209
2870,0.9809032055919333
2880,0.9827370333311209
2890,0.9811112164975795
2900,0.9787325963855126
2910,0.9786089050208020
2920,0.9766464608544918
2930,0.9780314449933488
2990,0.9608117182565532
3000,0.9633348438358319
3010,0.9570788530774149
3020,0.9515404486377717
3030,0.9393668805843158
3040,0.9391636625447001
3050,0.9327321384642241
3060,0.9403402147403279
3070,0.9390088668075809
3080,0.9434310703338181
3090,0.9449395057796552
3100,0.9435267541998428
3110,0.9473230131735321
3120,0.9595125744764147
3130,0.9626852009895953
3140,0.9708391717530449
3150,0.9680789210424462
3160,0.9700303986673787
3170,0.9685241606381449
3180,0.9755741224940238
3190,0.9724116389525644
3200,0.9742191114192771
3210,0.9757488864182263
3220,0.9798516065431434
3230,0.9775073583554066
3240,0.9757571946163877
3250,0.9808001776055059
3260,0.9782779748031046
3270,0.9820691946360396
3280,0.9890222067535859
3290,0.9863096671397880
3300,0.9873163113274261
3310,0.9915930006833763
3320,0.9945413699489609
3330,0.9910986275751860
3340,0.9969421787503380
3350,0.9915828452792113
3360,0.9936829298389780
3390,0.9974531853069994
3400,0.9981635165557456
3410,0.9959232297230959
3420,0.9877488765768168
3430,0.9896260075904049
3440,0.9893744565049967
3450,0.9867789218477794
3460,0.9871983706140353
3470,0.9929447182899018
3480,0.9834210750788283
3490,0.9887869470184582
3500,0.9810325838535763
3510,0.9840214531006519
3520,0.9805805827213762
3530,0.9777799769056204
3540,0.9818210075873759
3550,0.9814818239876565
3560,0.9760976587812206
3570,0.9775965911440309
3580,0.9766309738390546
3590,0.9706138352235354
3600,0.9755916824791907
3610,0.9701312725409400
3620,0.9716182703808314
3630,0.9676857647341361
3640,0.9609027613471754
3650,0.9691926249118953
3660,0.9609895328205489
3670,0.9495884141864676
3680,0.9549572100259162
3690,0.9544027252841633
3700,0.9521150833458966
3710,0.9517832707313831
3720,0.9536759568688870
3730,0.9468210032847670
3760,0.9500807207038312
3950,0.9863629310100126
3960,0.9872206545498853
3970,0.9933745191043876
3980,0.9886616299727843
3990,0.9895353321925042
4000,0.9978818804434004
4010,0.9971820539012382
4020,0.9934870049625415
4030,0.9882433068849681
4040,0.9998419598291564
4050,0.9962845335829755
4060,0.9941625126712316
4070,0.9891262723503178
4080,0.9870975940703886
4090,0.9876319734019585
4100,0.9898372573984943
4110,0.9949735566227589
4120,0.9852896219924576
4130,0.9878426618468186
4140,0.9817989567104451
4150,0.9798635189210680
4160,0.9797797928571420
4170,0.9840465262422908
4180,0.9793215759078669
4190,0.9818224431139709
4200,0.9819969549967373
4210,0.9808103747007518
4220,0.9700856720665076
4230,0.9724773397854494
4240,0.9769592842823829
4250,0.9649814351557564
4260,0.9701240881042573
4270,0.9668131349667438
4280,0.9719519984285199
4290,0.9636292146655743
4300,0.9595792999877440
