0,0.9838771778398455
10,0.9891076229488577
20,0.9868042455750101
30,0.9862428033556462
40,0.9770921550162786
50,0.9855491084181420
60,0.9757000859357264
70,0.9776167660697075
80,0.9720794908668390
90,0.9728781750431834
100,0.9701768518296070
110,0.9744814725421248
120,0.9652094946536366
130,0.9751905559878417
140,0.9696508688681197
150,0.9717039089556311
160,0.9612697090989328
170,0.9465373083983533
180,0.9425665521752259
190,0.9400156267512637
200,0.9360633014197063
210,0.9347605023979824
220,0.9307330419508417
230,0.9358702364847610
240,0.9366109384326669
250,0.9450909209673586
260,0.9511045856157787
270,0.9707002766009220
280,0.9655193837625485
290,0.9729678005322234
300,0.9670541237376227
310,0.9694741051281305
320,0.9672993777077533
330,0.9727471397136642
340,0.9804328194044108
350,0.9776895604001719
360,0.9725034815719397
370,0.9786847196856875
380,0.9792828040710574
390,0.9853101996271900
400,0.9859328274676586
410,0.9797680215740090
420,0.9888836687087024
430,0.9810276139205073
440,0.9827075045079705
450,0.9889517636378581
460,0.9902650303297496
470,0.9886111127461032
480,0.9931979032534646
490,0.9944608468315813
510,0.9922491942267025
520,0.9921083358826192
530,0.9979312317747547
540,0.9968627590474368
550,0.9883100220160677
560,0.9909275800174169
570,0.9917341631326874
580,0.9957697726135759
590,0.9907502343563978
600,0.9878632209455607
610,0.9952808009055694
620,0.9875308712772948
630,0.9895384667577982
640,0.9868734277811545
650,0.9894770034308619
660,0.9856539775398510
670,0.9845369400199362
680,0.9811165162959796
690,0.9784880729609872
700,0.9741381938922091
710,0.9755546387749469
720,0.9801134682007588
730,0.9770437422809728
740,0.9689579891010824
750,0.9775538695035876
760,0.9708936137655315
770,0.9741517321696272
780,0.9672988732327106
790,0.9727873915396129
800,0.9639161794020620
830,0.9490076793588825
840,0.9546113884147419
850,0.9498059526086284
860,0.9462746921258897
870,0.9539515188646642
880,0.9496110334867709
930,0.9684296846084784
940,0.9712055332478319
950,0.9654048610776885
960,0.9699550453418456
1030,0.9784148721470523
1040,0.9852972645314705
1050,0.9847783280209033
1060,0.9875176047589179
1070,0.9898165393905272
1080,0.9906457827699844
1090,0.9831518619703270
1100,0.9893433860559327
1110,0.9951857040558337
1120,0.9882692400038267
1160,0.9887160654167467
1170,0.9969666274317533
1180,0.9894660945037377
1190,0.9934130562311148
1200,0.9962172267290836
1210,0.9981203987129114
1450,0.9641475357447838
1460,0.9585024646564343
1660,0.9833517217159181
1670,0.9846925801889658
1680,0.9796413461443194
1690,0.9772083567871265
1720,0.9805416271110389
1730,0.9892044602212097
1740,0.9834715606348513
1750,0.9954002072119467
1760,0.9918344789244208
1770,0.9901328039335696
1780,0.9873663591054502
1790,0.9873688376741008
1800,0.9915963749059262
1810,0.9902491073774833
1820,0.9880736392728274
1830,0.9911986931340734
1840,0.9999999999999999
1850,0.9981700680088201
1920,0.9841647507600032
1930,0.9882502086494942
1940,0.9885242791481903
1980,0.9823638401548359
2210,0.9543602666530160
2220,0.9636277773930381
2230,0.9664473733852144
2240,0.9651097035454040
2250,0.9647918290367868
2260,0.9741406330776525
2270,0.9698251658859085
2280,0.9688021588643416
2290,0.9786065690148037
2370,0.9876863995857456
2380,0.9888678680368598
2440,0.9904732741974476
2450,0.9976867274046817
2460,0.9971460580654019
2470,0.9924009658712408
2480,0.9901575700785499
2490,0.9984232585447702
2500,0.9887644669873792
2510,0.9892890756962108
2520,0.9886663300902139
2530,0.9876506885396639
2540,0.9951410724987002
2550,0.9935843522166927
2560,0.9858101070750799
2570,0.9912934995902866
2670,0.9720173331254683
2680,0.9761768439273824
2690,0.9780929664741540
2700,0.9725975647047971
2710,0.9742929949844514
2720,0.9692667346018385
2730,0.9635159588158492
2740,0.9678375934576520
2750,0.9680980450147653
2760,0.9500635035471288
2770,0.9475243231067486
2780,0.9392356403452625
2790,0.9400251103388838
2800,0.9285966339551590
2810,0.9306128435132665
2820,0.9375163581970685
2830,0.9414114035287392
2840,0.9391792760291205
2850,0.9444221325984825
2860,0.9645663027539797
2870,0.9632736598133651
2880,0.9691950069228067
2890,0.9691154566894727
2900,0.9686474053156914
2910,0.9773301195204330
2920,0.9783278133809943
2930,0.9752973140458836
2940,0.9791897807356672
2950,0.9735339545499110
2960,0.9786081352066707
2970,0.9802792533332045
2980,0.9793069856431905
2990,0.9832255855663576
3000,0.9801793454627421
3010,0.9864648114521806
3020,0.9879251268635814
3030,0.9890681622460833
3040,0.9945278213979041
3050,0.9878562278704419
3060,0.9938688971429449
3080,0.9926314124090156
3090,0.9886054648833694
3490,0.9454399626526605
3500,0.9516434178695655
3510,0.9570518581641727
3520,0.9698515732882415
3530,0.9694355885373352
3540,0.9692461039328742
3550,0.9708564993867702
3560,0.9757764739954121
3570,0.9678716314555020
3580,0.9718597046257709
3590,0.9758071538905757
3600,0.9826340009439533
3610,0.9754453743901637
3660,0.9853996076186173
3670,0.9808825618551428
3680,0.9908258601665302
3690,0.9874551487263150
3770,0.9957769790837829
3780,0.9947676078136219
3790,0.9910744748987625
3800,0.9907159864252310
3810,0.9946193144476188
3820,0.9903468346342283
3870,0.9910455916996430
4150,0.9556215682123042
4160,0.9658902178651416
4170,0.9668105714095526
4180,0.9734930021394613
4190,0.9749018211691182
4200,0.9736820770533852
4240,0.9710928084864491
4250,0.9764890864515201
4260,0.9749257103845748
4270,0.9842594268569212
4280,0.9834676275948594
4290,0.9812700969983755
4300,0.9888385117879236
4310,0.9876584805316230
4320,0.9873913907430119
