0,0.9763839904481645
10,0.9785556922320559
20,0.9802062518403519
30,0.9719589279982963
40,0.9751699560369296
50,0.9727587827587734
60,0.9725363432863893
70,0.9683124872934580
80,0.9678658839112737
90,0.9645119441055341
100,0.9724454131590790
110,0.9642346330342727
120,0.9619260386725922
130,0.9521508400831222
140,0.9480991393568454
150,0.9445982553706969
160,0.9389624666730367
170,0.9321439542739551
180,0.9393259029785346
190,0.9346431776326439
200,0.9437514912894837
210,0.9438685414756758
220,0.9516625163186563
230,0.9599357160770676
240,0.9706020367621708
250,0.9643090821664998
260,0.9652608924193783
270,0.9690200325175089
280,0.9697425267334479
290,0.9766418653986273
300,0.9765811897096044
310,0.9717248341556245
320,0.9718398701313327
360,0.9877947410155690
440,0.9924683034992564
450,0.9984680152251619
460,0.9952367328828510
470,0.9950795030169400
480,0.9965422539943261
490,0.9974217674011294
500,0.9935309225682970
510,0.9902344752368306
520,0.9915424556804581
530,0.9980895885578813
540,0.9954169177000941
550,0.9978507687322630
560,0.9879922526340017
570,0.9979520976009946
580,0.9935719900322005
590,0.9943656914810928
600,0.9843955406697039
610,0.9873472467775242
620,0.9869294548503108
630,0.9866460054596666
640,0.9864006152533316
650,0.9873077522405027
660,0.9758728660880315
670,0.9803797777719714
680,0.9745316571460141
690,0.9703750722474248
700,0.9745935931611474
710,0.9683634214810241
770,0.9653371790800021
780,0.9532113377564734
790,0.9485282397363255
800,0.9504242683753485
810,0.9531591777537144
820,0.9566075149161276
830,0.9500746777930250
840,0.9489114630333583
850,0.9476755304856146
860,0.9501738505952829
870,0.9539827788994096
880,0.9590026772477498
890,0.9627329278994936
900,0.9644097789273638
910,0.9634075578238998
920,0.9662843215482441
930,0.9665398673808266
940,0.9745121355570482
950,0.9788069165575520
960,0.9758542814091657
970,0.9793219917334691
980,0.9781606718659001
990,0.9842684164894981
1000,0.9763491502921602
1010,0.9781110131294476
1020,0.9885708711154275
1030,0.9877317502742612
1040,0.9894130274511175
1050,0.9881108436935294
1060,0.9948254509756018
1070,0.9884061090231883
1080,0.9909984482558212
1090,0.9906971020579315
1100,0.9942371361856269
1110,0.9951830425916587
1120,1.0000000000000000
1130,0.9908897230261382
1140,0.9933334240360635
1150,0.9957754610654539
1160,0.9980493111999146
1170,0.9894625481467988
1180,0.9962505434987644
1190,0.9954110358171799
1200,0.9896403489443070
1210,0.9904979609396635
1220,0.9875179009738624
1230,0.9934082575763616
1240,0.9848302420976134
1250,0.9850304594972810
1260,0.9844676709865413
1270,0.9804957149242036
1280,0.9831893309417439
1290,0.9855900415132546
1300,0.9793439497504413
1310,0.9828901921385755
1320,0.9836816844692662
1330,0.9755822936723809
1340,0.9784009671000286
1350,0.9699532916951752
1360,0.9667903783604377
1370,0.9681729182210824
1380,0.9689081282817640
1390,0.9701404234356281
1400,0.9652213712678513
1410,0.9634067545056607
1420,0.9671196554290741
1430,0.9453204445412859
1440,0.9399072876860360
1450,0.9441968273299364
1460,0.9407863786686366
1470,0.9349007924064611
1480,0.9331457062876544
1490,0.9401354297333323
1500,0.9399488318665601
1510,0.9410991792156213
1520,0.9528880385360126
1530,0.9582998851239969
1540,0.9622205014934625
1550,0.9680886339208097
1560,0.9713218304393744
1570,0.9715177458343162
1580,0.9695594191353991
1590,0.9711739566535829
1600,0.9763616805533479
1610,0.9740364061943738
1620,0.9819975119413745
1630,0.9813209786148200
1640,0.9788773500480129
1650,0.9776148146662361
1660,0.9785009538013270
1670,0.9867947117819202
1840,0.9890354684541762
1850,0.9929878679794937
1860,0.9933836252918523
1870,0.9908466942830451
1880,0.9928034373044750
1890,0.9871280701551385
1900,0.9877519572865804
1910,0.9896433600887103
1920,0.9845324063635369
1930,0.9789676617328109
1940,0.9771441192795531
1950,0.9796203038802110
1960,0.9762638046269796
1970,0.9786618966198058
1980,0.9712119510066232
1990,0.9725914542442532
2000,0.9759698961284958
2010,0.9671583619783763
2020,0.9672024517721082
2030,0.9726762218634972
2040,0.9732926747338669
2050,0.9642308126816062
2060,0.9687498397509341
2070,0.9595356629882392
2080,0.9555886941694033
2090,0.9547170529703328
2100,0.9476300283051773
2110,0.9480168727346875
2120,0.9479770331042046
2130,0.9514082460323789
2140,0.9540394720159669
2150,0.9512138756455748
2160,0.9547753863323337
2170,0.9510359687388794
2180,0.9667310871728826
2190,0.9621984717795813
2200,0.9684090033232550
2210,0.9733172641119975
2220,0.9717486513593763
2230,0.9749599998255060
2240,0.9769090320956453
2250,0.9778672033119050
2260,0.9751911599393897
2270,0.9719671729062018
2280,0.9839679513461069
2290,0.9812999826572012
2300,0.9848680509962823
2310,0.9827792276811965
2320,0.9800269982547389
2330,0.9900869569978474
2340,0.9889618198983307
2360,0.9951655262418461
2370,0.9893572943139708
2380,0.9970146708948530
2390,0.9968467878622047
2400,0.9897260857163307
2410,0.9994215183319531
2420,0.9914286640058616
2430,0.9976957077307116
2440,0.9964717289064554
2450,0.9898029395765390
2460,0.9962008910893756
2470,0.9999328997345002
2480,0.9973566437770893
2490,0.9908377150349853
2500,0.9887767489304643
2510,0.9967093748535825
2520,0.9949136433361768
2530,0.9921889385591812
2540,0.9875341381162638
2550,0.9868993368410283
2560,0.9889048650365085
2570,0.9890701641915950
2580,0.9867744992454297
2590,0.9780291556995011
2600,0.9838725753739416
2610,0.9790393653709022
2620,0.9817481213410278
2630,0.9741821758498231
2640,0.9759800314453118
2650,0.9740773974410872
2660,0.9733969442009937
2670,0.9719867525594936
2680,0.9636465308037347
2690,0.9685752495997018
2700,0.9620159798149960
2710,0.9687208021133294
2720,0.9570549993586165
2730,0.9452766919414173
2740,0.9473507487319340
2750,0.9433455263275983
2760,0.9377305825186719
2770,0.9393999092803965
2790,0.9390219281937821
2800,0.9446845658793493
2810,0.9500538871364137
2820,0.9599404304660305
2830,0.9641724058680164
2840,0.9622690729137073
2850,0.9669343955785508
2860,0.9638495184868702
2870,0.9649164675371568
2880,0.9715014653196712
2890,0.9771579052867171
2900,0.9736423975236128
2910,0.9750925053557886
2920,0.9772162420272293
2930,0.9769439197481494
2940,0.9790217096542917
2950,0.9846138630262929
2960,0.9799600792145009
2970,0.9792659591401344
2980,0.9855008841862406
2990,0.9920885028904016
3000,0.9912127784425850
3010,0.9883570670520182
3020,0.9950522959900855
3030,0.9909907463633666
3040,0.9972452155392598
3050,0.9933711020350845
3060,0.9995051530428812
3070,0.9894987150095005
3080,0.9982012605684937
3090,0.9900930181373500
3100,0.9998871192973796
3110,0.9894245164546513
3120,0.9922093857657969
3130,0.9909588803662304
3140,0.9933576081313581
3150,0.9941915073320163
3160,0.9957165798610053
3170,0.9961089327517267
3180,0.9852751834285225
3190,0.9936346945757186
3200,0.9888440138350316
3210,0.9909921858242760
3220,0.9870727930489535
3230,0.9779597361995997
3240,0.9870085229372673
3250,0.9811631366431154
3260,0.9832316487855067
3270,0.9791026533188356
3280,0.9710234286122783
3290,0.9696886615812916
3300,0.9780216182581289
3310,0.9727659610855212
3320,0.9682481088197642
3330,0.9637736528089463
3340,0.9628449747356889
3350,0.9680630886037417
3360,0.9611561184448106
3370,0.9573136403847575
3380,0.9528609573183420
3390,0.9460991310766391
3400,0.9493602123144698
3410,0.9566729112960300
3420,0.9520431968903295
3430,0.9476638340641447
3440,0.9541122058445295
3450,0.9467269864046414
3460,0.9559915975205233
3470,0.9505770268074065
3480,0.9698225248237332
3490,0.9674554566058875
3500,0.9625810447939770
3510,0.9694392596719764
3520,0.9732499275418202
3530,0.9712754571197544
3540,0.9685931412361433
3630,0.9844579289470495
3640,0.9826547191212414
3650,0.9911790802486496
3660,0.9954981091130977
3670,0.9874493662342125
3680,0.9904360630010932
3690,0.9943971131117698
3700,0.9886101141606096
3710,0.9888630927970864
3720,0.9953533859919715
3730,0.9901508678978270
3740,0.9894895866084904
3750,0.9955558687715313
3760,0.9985534427982242
3770,0.9962713484255058
3780,0.9992362317782120
3790,0.9949358245313911
3800,0.9916300858815355
3810,0.9885496069345017
3820,0.9953095336697916
3910,0.9823861946367445
3920,0.9793596890151870
3930,0.9740728337754246
3940,0.9736170396744782
3950,0.9763214430961001
3960,0.9675566150964462
3970,0.9679163265724339
3980,0.9683014622169088
3990,0.9653612135400323
4000,0.9655125226670971
4010,0.9677481579574935
4020,0.9548952463732249
4030,0.9476367329247228
4040,0.9354308681644664
4050,0.9390282553546467
4060,0.9391828851068323
4090,0.9439655666411392
4100,0.9400919537492931
4110,0.9476042207167509
4120,0.9663231422543980
4130,0.9715922234411863
4140,0.9711228549569627
4150,0.9700931271578328
4160,0.9673401322454449
4180,0.9706259292904766
4190,0.9776940447027955
4200,0.9710411386677541
4210,0.9741541648067498
4220,0.9831244872400794
4230,0.9804886467319945
4240,0.9843566286011921
4250,0.9841500811434383
4260,0.9828823969654276
4270,0.9902200967924474
4280,0.9900157084707819
4290,0.9839643368354388
4300,0.9919197393213967
