0,0.9841874669357268
10,0.9905859162446801
20,0.9905541820279125
70,0.9970874976545392
80,0.9942887958312432
90,0.9891659369320872
100,0.9896876583287807
110,0.9962302630652216
120,0.9956892754821480
130,0.9991430010241306
140,0.9989637691376033
150,0.9948777185288645
160,0.9903309556905752
170,0.9871221980815259
180,0.9929680794917762
210,0.9864196894471267
260,0.9823375365721126
270,0.9897238500514179
280,0.9814998596501642
290,0.9882682389255306
440,0.9605971566469507
450,0.9622991474244817
470,0.9770329713897679
480,0.9790153581811168
490,0.9766915212883368
500,0.9831342055126628
510,0.9815864751149513
520,0.9793431140203743
530,0.9814050762005526
540,0.9860969185724140
550,0.9846997284669479
560,0.9867231517439365
570,0.9877963313935998
580,0.9908147563849102
590,0.9841889623488782
600,0.9895599751669828
610,0.9930311605105365
620,0.9942195069746219
630,0.9902212915717336
640,0.9946071933162787
650,0.9977195451324092
660,0.9911440610621285
670,0.9981750816761510
680,0.9899565748645955
690,0.9909466331283867
700,0.9947483239221444
710,0.9953940226918898
720,0.9976621334038976
730,0.9891608627582621
740,0.9989058333318411
750,0.9896919133665408
770,0.9961577972552571
780,0.9896762143591769
790,0.9942113724385172
800,0.9858275181964254
850,0.9872765270796304
860,0.9899117247509551
870,0.9826383153709128
880,0.9890758653207777
900,0.9830760316432706
970,0.9492259359126737
980,0.9434588842313313
990,0.9488066154004828
1000,0.9453491587789875
1010,0.9479851752783059
1020,0.9534905576561813
1030,0.9589806874584144
1040,0.9608257558062752
1050,0.9746263243565770
1060,0.9758502136204493
1070,0.9768682471436444
1080,0.9828510734140922
1090,0.9838401309287031
1100,0.9798676794964576
1110,0.9875668414884953
1120,0.9864132183631744
1130,0.9906773120827485
1140,0.9882397370732420
1150,0.9854654822310704
1160,0.9922271527779494
1170,0.9885372252836460
1180,0.9912072556748225
1190,0.9905000964084987
1200,0.9954760246545241
1210,0.9873430728936353
1220,0.9930079673501202
1230,0.9969986189355621
1240,0.9931060437431117
1250,0.9947839065092983
1260,0.9974248247041909
1270,1.0000000000000000
1280,0.9909220313769811
1290,0.9926029759813072
1300,0.9963142456313087
1310,0.9976915873225168
1320,0.9953364133028606
1330,0.9962205912784615
1340,0.9921998559895250
1350,0.9983930044668474
1360,0.9973366957837154
1370,0.9946666281462270
1380,0.9935718845049925
1390,0.9913905166712292
1400,0.9840494092677474
1410,0.9857782843906518
1420,0.9828575441674717
1430,0.9821424143558316
1440,0.9822240667227462
1450,0.9807567009197897
1460,0.9845983139715321
1470,0.9803969691754220
1480,0.9847723794519813
1490,0.9823098893872455
1500,0.9837833765590078
1510,0.9777161864905008
1520,0.9793809738752079
1530,0.9664225587119849
1540,0.9549464250263759
1550,0.9594618125959323
1560,0.9640352230898612
1570,0.9596674845334022
1580,0.9614766124958083
1590,0.9595493802727689
1600,0.9646153724038480
1610,0.9623324943333647
1620,0.9642846933671102
1860,0.9884598336375796
1880,0.9998468433421187
1970,0.9850293858189541
1980,0.9904119663017029
1990,0.9851391939318005
2000,0.9935114807880392
2010,0.9872201803796107
2020,0.9817521410580681
2030,0.9845515144919571
2040,0.9822455951666589
2300,0.9907418572232298
2310,0.9876326576824904
2320,0.9920688521946140
2330,0.9846930263046965
2340,0.9914388490858814
2350,0.9843957628879928
2360,0.9890772063728134
2370,0.9887393067348413
2380,0.9947178734379323
2390,0.9905263195371116
2400,0.9899943978807612
2410,0.9893699027039186
2420,0.9978773172415253
2430,0.9883016945574084
2440,0.9948631392106809
2450,0.9892024452818734
2460,0.9947855866681528
2470,0.9988846776903560
2480,0.9978426716595816
2490,0.9940115862567300
2500,0.9913847839447131
2510,0.9894678173387241
2520,0.9913063247879983
2530,0.9899283180431878
2540,0.9897799474592289
2550,0.9914935663065652
2560,0.9895322024668535
2570,0.9843163278892491
2580,0.9898874273850170
2600,0.9812362394876951
2610,0.9890956404158355
2620,0.9892150181977304
2630,0.9794783154421068
2640,0.9864007961693168
2650,0.9837044815307677
2660,0.9874159540392065
2670,0.9759772708010398
2680,0.9768309298283491
2690,0.9799372723084758
2700,0.9714275389034442
2710,0.9562104747765108
2720,0.9584413347220649
2730,0.9657583783940804
2740,0.9554883427325964
2750,0.9655825906337782
2760,0.9654854203493688
2770,0.9620446852773703
2780,0.9628459013614852
2790,0.9592480905784574
2800,0.9635042450637966
2810,0.9804127045281553
2820,0.9756467263354121
2830,0.9861722221640906
2840,0.9813222152513196
2850,0.9859332526867903
2860,0.9801487789879750
2870,0.9880876721260763
2880,0.9874133195226585
2890,0.9822088253024914
2900,0.9838191750871047
2910,0.9908337306977539
2920,0.9886991178482963
2930,0.9916633497915319
2940,0.9940686119212777
2950,0.9922701195517759
2960,0.9878248268233339
2970,0.9948225540973473
2980,0.9958788424175689
2990,0.9952838483437260
3000,0.9905561551409966
3010,0.9888930637552222
3020,0.9889385577740029
3030,0.9918215639368555
3040,0.9972725571912312
3050,0.9946072738481794
3060,0.9999331111641093
3070,0.9923152386856755
3080,0.9910704783906537
3090,0.9961543288782897
3100,0.9955856695413995
3110,0.9924041119351995
3120,0.9924487843240658
3160,0.9831284364106699
3170,0.9916656250913893
3180,0.9880462935299666
3190,0.9809466634749218
3200,0.9890817657028442
3210,0.9792265073197989
3220,0.9872267830629752
3230,0.9811565392639208
3240,0.9826115851945659
3250,0.9866140823129597
3260,0.9834663255934080
3270,0.9749424065078155
3280,0.9828937653596904
3290,0.9683851206693080
3300,0.9603043794413528
3310,0.9531428957527268
3320,0.9481917220802561
3420,0.9869605069656618
3430,0.9812758420464192
3440,0.9777783355936969
3450,0.9808350849187303
3500,0.9877172544914049
3510,0.9834299992815654
3520,0.9928345701820483
3530,0.9958717031954553
3540,0.9940873500179435
3550,0.9903117683511337
3560,0.9902787829047743
3570,0.9909097798805722
3580,0.9963415605297331
3590,0.9901312687982867
3600,0.9933498061456784
3610,0.9908163484208277
3620,0.9906296160904250
3630,0.9970139377407110
3640,0.9949552929038286
3650,0.9992387339208053
3660,0.9903735510324753
3670,0.9909343100624761
3680,0.9931052155046295
3690,0.9945635529563664
3700,0.9862675308474851
3710,0.9877189470647574
3720,0.9959069027814920
3730,0.9877017792217024
3740,0.9894198758962608
3750,0.9838096805909273
3780,0.9888085584748854
3790,0.9875655509791635
3800,0.9878577196969791
3810,0.9891216396538626
3820,0.9882712327769306
3830,0.9817831948752133
3840,0.9794481858948541
3850,0.9833454636446048
3860,0.9831210465201489
3870,0.9773172172956187
3880,0.9633073958118616
3890,0.9635859508225888
3900,0.9606919110534370
3910,0.9596957636867832
3920,0.9575716632901339
3960,0.9582537543917754
3970,0.9658406526160108
4010,0.9814798887051723
4020,0.9797348459551822
4040,0.9824893225891744
4050,0.9849529712506886
4060,0.9833489918229066
4070,0.9921524305414658
4080,0.9817787945244641
4200,0.9967401954074449
4210,0.9890516003589723
4220,0.9940790498534265
4230,0.9926906940153015
4240,0.9943831595207954
4250,0.9946225081403768
4260,0.9898670741694212
4270,0.9978255252137537
