0,0.9429246313443375
10,0.9323326157680523
20,0.9307156405071325
30,0.9379307317338885
40,0.9306022005605858
50,0.9376321466471237
60,0.9346959840530457
70,0.9410021999194440
80,0.9441585902187577
110,0.9606858103332807
120,0.9670183763648711
130,0.9676549227549422
140,0.9635641030717821
150,0.9653601792379790
160,0.9647334755666012
170,0.9666058070626239
180,0.9775205566988021
190,0.9798579322095694
200,0.9749938289398250
210,0.9722671873092350
220,0.9782418999182054
230,0.9818728222854821
240,0.9875301620714659
250,0.9898813317488493
260,0.9830224485223938
270,0.9890005317216515
280,0.9889743183856942
410,0.9976986955772231
470,0.9858449044457160
480,0.9829995312833482
490,0.9870921147409718
500,0.9790579252072217
510,0.9832834535363014
520,0.9817818220012863
530,0.9805531788926447
540,0.9765569265655164
550,0.9678564016924692
560,0.9671853495861489
570,0.9643878675938132
580,0.9674313244874094
590,0.9687872680577054
600,0.9628853995870520
610,0.9580924660491598
620,0.9629388379500186
630,0.9630820740274594
640,0.9506677236070880
650,0.9428952393044902
660,0.9477909856972521
670,0.9480277156678882
680,0.9448995468216927
690,0.9446819601381002
700,0.9526474099279066
710,0.9425678484699807
720,0.9520739942271178
730,0.9462058904081212
740,0.9513315593804614
750,0.9587375771405903
760,0.9575919398935717
770,0.9639606365492496
780,0.9703282300928602
790,0.9625303364718371
800,0.9725589594793552
810,0.9688451939963948
820,0.9708605778822005
1000,0.9966925118889330
1010,0.9898095111563905
1110,0.9864798381210097
1120,0.9823829933341093
1130,0.9889846641809946
1140,0.9877408881090453
1150,0.9772187436383277
1160,0.9790621668817034
1170,0.9815674042465621
1180,0.9757668290336797
1190,0.9684735601788074
1200,0.9745413233119945
1210,0.9671575252604954
1220,0.9715565640018656
1230,0.9629461723165896
1240,0.9714985732643960
1250,0.9597160082780016
1260,0.9680491820834994
1270,0.9609167128153073
1280,0.9573763641191448
1290,0.9486117771422674
1300,0.9411412077514683
1310,0.9313103462416517
1320,0.9384700738577496
1330,0.9285619854431664
1340,0.9293326886539628
1510,0.9837225732091834
1520,0.9790199623135060
1530,0.9845159537806082
1540,0.9840493720933142
1550,0.9892496083138527
1560,0.9859017216711756
1570,0.9884059406546392
1580,0.9871440606276037
1590,0.9867959030536483
1600,0.9937340630862442
1610,0.9898411105545248
1620,0.9880040348705762
1630,0.9964987888698821
1640,0.9935392579722119
1650,0.9983752338466010
1660,0.9922860416640208
1670,0.9917427171459469
1680,0.9987904595233035
1690,0.9949664135114132
1700,0.9906138396548992
1710,0.9976781207420737
1720,0.9892637360163459
1730,0.9900011747741061
1740,0.9851836305374644
1750,0.9933600225568864
1760,0.9911403865559426
1770,0.9875302160285561
1780,0.9845117081512776
1790,0.9771070869135617
1800,0.9791943423606664
1810,0.9742258068963571
1820,0.9735773060124369
1830,0.9796046888364630
1840,0.9754355145575870
1850,0.9756209535295881
1860,0.9656810773409584
1870,0.9641747274415785
1880,0.9635058187839510
1890,0.9710550669766589
1900,0.9676358947101998
1910,0.9668675615775141
1920,0.9594510543414346
1980,0.9456133652433018
1990,0.9521865227184187
2000,0.9429242012077124
2010,0.9440960711781391
2020,0.9507019478613450
2030,0.9513989204435291
2040,0.9571150763201980
2050,0.9574813841358180
2060,0.9642049813032413
2070,0.9585119500931837
2080,0.9606405345465097
2090,0.9646958547236263
2100,0.9685518302527215
2130,0.9716116617912258
2140,0.9779050624786088
2150,0.9720661027105632
2160,0.9799646303843544
2170,0.9744382977354107
2230,0.9867275491730022
2240,0.9906809788703161
2250,0.9963632265739031
2260,0.9874208939898842
2270,0.9917997073742543
2280,0.9970713383156915
2290,0.9973013806202361
2300,0.9942176683487509
2310,0.9932445771745445
2320,0.9967349536939629
2400,0.9840453284036101
2480,0.9806805744134780
2490,0.9681455679748854
2500,0.9765798271687078
2510,0.9697660174708194
2520,0.9648131273406397
2530,0.9643050953040797
2540,0.9644857644292372
2550,0.9590802733955934
2560,0.9627367388873664
2570,0.9653947893983533
2580,0.9578415295129737
2590,0.9461152439077795
2600,0.9409619868686246
2610,0.9370997594973081
2620,0.9295877669226990
2630,0.9289541084524300
2640,0.9318947417220196
2650,0.9339773634698976
2660,0.9316901369818547
2670,0.9438877362129304
2680,0.9510264010938012
2690,0.9611725901330256
2700,0.9585845814030960
2710,0.9584095471358652
2720,0.9586304622141851
2730,0.9669221373875487
2740,0.9646398843967097
2750,0.9701312239457667
2760,0.9740390542407487
2770,0.9699955787063410
2780,0.9780282525430944
2790,0.9761012008839287
2800,0.9753558286709191
2810,0.9793644816294711
2820,0.9800427010891770
2830,0.9762069061393192
2840,0.9859664339026400
2850,0.9893554593062215
2860,0.9840452221146175
2870,0.9921729159492949
2880,0.9855731781434603
2890,0.9875138511527471
2900,0.9857674536325123
2910,0.9967194621818661
2920,0.9897094201713474
2930,0.9945907358206317
2940,0.9979565769026724
2950,0.9971991595146041
2960,0.9906895030821323
2970,1.0000000000000000
3110,0.9806208130471351
3120,0.9719354375879251
3380,0.9706189626864041
3390,0.9656767943413956
3400,0.9635531330561725
3410,0.9657249686109517
3420,0.9765586897888748
3430,0.9711370892070328
3440,0.9736981013186203
3450,0.9798539954162432
3520,0.9899198779635151
3530,0.9877177177942564
3540,0.9950070223861885
3550,0.9972493305077160
3560,0.9936595066271980
3570,0.9983014040796498
3580,0.9887276715469461
3590,0.9970475496746433
3600,0.9962732153044297
3610,0.9939772771252360
3620,0.9902303513869339
3630,0.9925954584120749
3640,0.9949872269420165
3720,0.9819555957507357
3730,0.9851205813457057
3740,0.9798350466622434
3750,0.9856089433249269
3760,0.9795503164058625
3770,0.9741635494253625
3780,0.9747847193193809
3790,0.9675529980202755
3800,0.9655516310546652
3810,0.9683298313120287
3820,0.9672076801573488
3830,0.9641627423932738
3840,0.9634719470251506
3850,0.9686659432232734
3860,0.9599589930991489
3870,0.9662618432201242
3880,0.9571454620745383
3890,0.9425867688151178
3900,0.9427686843812878
3910,0.9368717187174627
3920,0.9319157184415520
3930,0.9359907539474519
3940,0.9277842269004256
3950,0.9384867177650293
3960,0.9321149711183547
3970,0.9377865060867854
3980,0.9529594138223042
3990,0.9661849172529587
4000,0.9626199102446423
4010,0.9680613942863791
4020,0.9609186073121994
4030,0.9704757157670978
4040,0.9678372652690397
4050,0.9691724729093166
4060,0.9735197387466323
4070,0.9733307134361544
4080,0.9701677745630842
4090,0.9767921920464787
4110,0.9813636258296374
4120,0.9803170569779390
4280,0.9970148157480531
4290,0.9939576205958358
4300,0.9970380884425621
4310,0.9930934014054739
4320,0.9921659866553448
