150,0.9996731796382557
160,0.9923583713045575
170,0.9926037909800887
180,0.9964454739951979
190,1.0000000000000000
360,0.9844884453212721
870,0.9850299224630300
880,0.9869641407639277
1160,0.9836175745658470
1170,0.9751092221633357
1180,0.9832499724092476
1190,0.9805927868260789
1200,0.9873964446240544
1210,0.9903510123561563
1220,0.9847918649408085
1230,0.9912820271178284
1410,0.9905692910998519
1530,0.9821113164162278
1540,0.9724426280716421
1550,0.9741131764433937
1560,0.9726792692112874
1570,0.9720633461253270
1900,0.9970909887469410
1910,0.9957871004374620
1920,0.9922957821445677
1930,0.9937780163017699
1940,0.9970458916201849
1950,0.9886863176859551
1960,0.9969412666689015
2230,0.9283708360624927
2240,0.9358537635126508
2250,0.9391412516789165
2260,0.9388960201979732
2270,0.9579682304213464
2300,0.9777666759685858
2310,0.9728414200104843
2320,0.9743363598988655
2330,0.9750516534412378
2340,0.9764444768057761
2350,0.9767325807910234
2360,0.9822878216901083
2370,0.9804810205343302
2380,0.9845084992325068
2390,0.9886542139955311
2400,0.9827620594053965
2410,0.9912556769872819
2440,0.9908871330041170
2450,0.9866304142079452
2540,0.9972321203054693
2550,0.9883758453613044
2590,0.9956169414596355
2600,0.9864121848813087
2610,0.9851092803985497
2620,0.9941266471037313
2630,0.9828033637263504
2650,0.9829530407827189
2660,0.9829884694297351
2670,0.9855505386631173
3030,0.9869952191957446
3040,0.9930438150141531
3050,0.9961127675726708
3060,0.9880629763554128
3070,0.9946468085503073
3080,0.9950680212935292
3090,0.9988075777609101
3100,0.9890993658270811
3110,0.9897878051291478
3130,0.9915509722455254
3140,0.9934146792152032
3150,0.9920082052251927
3160,0.9874770954718229
3170,0.9973555494200782
3180,0.9928808973191130
3190,0.9886786591722238
3200,0.9880732591737650
3210,0.9906907304204741
3250,0.9880277441010398
3260,0.9766697646124967
3270,0.9832808597011439
3280,0.9741177868611156
3290,0.9740729531727373
3300,0.9832133387851750
3310,0.9721545863056937
3320,0.9750152806902991
3330,0.9720205561786358
3410,0.9257198809126262
3420,0.9386718437309181
3430,0.9387620229151100
3440,0.9514889281263214
3450,0.9694946923990199
3460,0.9775283244685693
3470,0.9743920366865364
3480,0.9798954268589700
3490,0.9761229342599355
3500,0.9809429628866529
3600,0.9884755454984705
3610,0.9968623227233431
3620,0.9891834930994796
3630,0.9970918133097706
3640,0.9940489976892419
3650,0.9992469057240796
3660,0.9933528460663300
3830,0.9824772907019844
3840,0.9868235466542037
3850,0.9756417565188384
3860,0.9760995056623447
3870,0.9791629453842349
3880,0.9754369403555986
3970,0.9440212490559634
3980,0.9430971482962739
3990,0.9446363749814356
4000,0.9449752724034832
4010,0.9439877742930889
4020,0.9520110242059607
4030,0.9501233628361747
4040,0.9792654448245083
4050,0.9701490355462329
4060,0.9744403709748718
4070,0.9809861788720864
4080,0.9729818771281633
4090,0.9737694569334460
4100,0.9771533800544911
4110,0.9794943331251164
4120,0.9861366244466233
4240,0.9965405380066414
4250,0.9932045737405082
