0,0.9890784188556306
10,0.9880802915118122
20,0.9888507328609691
30,0.9944174560135470
40,0.9941180475107384
50,0.9945670081990161
60,0.9933546663108608
70,0.9986673088463608
90,0.9906064423984522
100,0.9909095666550464
110,0.9919978913922765
120,0.9919034755192822
130,0.9913000275119935
140,0.9915884246740260
150,0.9976139854181579
160,0.9922260938058369
170,0.9939632922956457
180,0.9938222947924827
190,0.9859605659594211
200,0.9900832369316472
210,0.9840024412407706
220,0.9893459015078200
230,0.9878252267951423
240,0.9816142583336991
250,0.9889258125545269
260,0.9823547519361098
270,0.9881160416811747
280,0.9825272341461736
290,0.9781952852540582
300,0.9851758900336006
310,0.9744434738190321
320,0.9841568704390871
330,0.9733578287098461
340,0.9710818413898663
350,0.9580888207029823
360,0.9504439039533747
370,0.9492431649725405
380,0.9425527856871576
390,0.9480077461913611
400,0.9402519504774872
410,0.9420165833911341
420,0.9522730765958117
430,0.9606359417540555
440,0.9738696875863512
450,0.9725598213588615
460,0.9731853281304040
470,0.9752589548890291
480,0.9796706713160970
490,0.9771108991168052
500,0.9836586832827438
510,0.9792627435614375
520,0.9885677361704656
530,0.9895702808200700
540,0.9884790525197091
550,0.9822640672805444
560,0.9929652994229754
570,0.9922803167960823
580,0.9952607215903848
590,0.9885779850577736
600,0.9887705335645058
610,0.9979416685978493
620,0.9935758299042807
630,0.9927500548074070
640,0.9892701443229851
650,0.9983105357985340
660,0.9992868752587540
670,0.9971388352815194
680,0.9951969276612183
690,0.9986734137077850
700,0.9993748748142871
710,0.9953350641717199
720,0.9891596457704326
730,0.9959754965224437
740,0.9902359422842326
750,0.9914553524199956
760,0.9883721290000583
770,0.9947810534684516
780,0.9908939674338422
790,0.9869125123663218
800,0.9857976145513336
810,0.9818605822453600
820,0.9873686155175130
830,0.9909025819420151
840,0.9786443631196320
850,0.9781162892563482
860,0.9767023084634213
870,0.9817174832753792
880,0.9851625593888494
890,0.9762154238409814
900,0.9743440964439203
910,0.9817510417241168
920,0.9720263995535203
930,0.9560946553436910
940,0.9543219710195017
950,0.9542437463921998
960,0.9548798885312967
970,0.9593084531363616
980,0.9624515649537263
990,0.9607469627448336
1000,0.9637001370370268
1010,0.9611477377066390
1020,0.9567579875506288
1030,0.9757057670199528
1040,0.9807190897101903
1050,0.9817899880166727
1060,0.9820918116416489
1070,0.9798636197513875
1080,0.9835084240353812
1200,0.9887816830355224
1210,0.9933422012609451
1220,0.9936728584037657
1230,0.9905231918865539
1240,0.9909322858875171
1250,0.9976774813202500
1260,0.9911409868838996
1270,0.9985335059673686
1280,0.9948540082636359
1290,0.9888725197343059
1300,0.9945980261390420
1310,0.9925409748289611
1320,0.9978019892868474
1330,0.9913525534189398
1340,0.9965461914196966
1350,0.9912411440548036
1360,0.9858560210678413
1370,0.9946425762872164
1380,0.9866438596492227
1390,0.9863653594422329
1400,0.9890355509772505
1410,0.9890786628330255
1420,0.9897979522551956
1430,0.9829309163933614
1440,0.9827596621592457
1450,0.9791161316363893
1460,0.9800549710309995
1470,0.9766062996583212
1480,0.9766951194294802
1490,0.9786218763238788
1500,0.9745088723361873
1510,0.9684566743944159
1520,0.9584162390783011
1530,0.9484188548544105
1540,0.9476446334990624
1550,0.9494296744115789
1560,0.9473698697361442
1570,0.9386501869793524
1580,0.9486412660298307
1590,0.9491156631228942
1600,0.9592985755001514
1610,0.9664460680757041
1620,0.9772771097940745
1630,0.9736001135364042
1640,0.9853641585104812
1650,0.9778330145057132
1660,0.9810445598125650
1670,0.9835186391674855
1680,0.9830125210891876
1690,0.9783648211183626
1700,0.9798895527794186
1710,0.9852904748099176
1720,0.9838460670918667
1730,0.9882988843242690
1740,0.9932207704066132
1750,0.9846701819170721
1790,0.9883889071595073
1800,0.9958222891532384
1810,0.9890201047393178
1820,0.9942544991419133
1830,0.9967063422812856
1840,0.9887377107181593
1850,0.9890149485065987
1860,0.9896253975544738
2040,0.9760329526034197
2050,0.9856866383060530
2060,0.9844981445119458
2070,0.9808762236566664
2080,0.9842612985673737
2090,0.9802816833745549
2100,0.9617291722457039
2110,0.9635879795467776
2120,0.9632088805901706
2130,0.9539754740449650
2140,0.9542003720995507
2150,0.9631964227811263
2160,0.9570661001089114
2170,0.9572436969890846
2180,0.9593467552629739
2190,0.9566692338420705
2210,0.9757196926401319
2220,0.9844103790173787
2230,0.9840661919445670
2240,0.9792817882245318
2250,0.9783827597904697
2260,0.9829884172162583
2270,0.9834318993573257
2280,0.9827530475154268
2290,0.9829486462651835
2380,0.9952142506899250
2390,0.9984084142842720
2400,0.9881478493431854
2410,0.9982709742043403
2420,0.9896006441637770
2430,0.9953413457892366
2440,0.9993151220227248
2450,0.9953899201442059
2460,0.9900205364364035
2470,0.9968194440613956
2480,0.9937573574606672
2490,0.9915378970051698
2500,0.9939447408926726
2510,0.9887966880284245
2520,0.9870807198199586
2530,0.9851942761209934
2540,0.9951649153815928
2550,0.9871424115907425
2560,0.9910739535150255
2570,0.9886387553267250
2580,0.9811986715184051
2590,0.9849679134203454
2600,0.9821783875972738
2610,0.9814232740282556
2620,0.9808239427716738
2630,0.9820118888408664
2720,0.9490356519439890
2730,0.9440052802123223
2740,0.9443380982524052
2750,0.9396464374775473
2760,0.9523088154382001
2770,0.9561261166235472
2780,0.9704233712057608
2790,0.9797429738024163
2800,0.9844484680315700
2900,0.9907313795176650
2910,0.9895055091788230
2920,0.9938558308161092
2930,0.9847651804782764
2940,0.9925040680990624
2950,0.9898196073333743
2960,0.9978390127730926
2970,0.9927459355141919
2980,0.9884495125446487
2990,0.9917579395359999
3030,0.9966481564280599
3040,0.9909533074508631
3050,0.9897883119276981
3060,0.9884226163999258
3070,0.9941722975193232
3080,0.9939127204450477
3120,0.9874119493336160
3130,0.9913067762154077
3140,0.9852940262428412
3150,0.9865882539442690
3160,0.9855183692927546
3170,0.9873494979891910
3180,0.9861362599815042
3190,0.9789653212166209
3200,0.9822434313550472
3210,0.9779476284529293
3220,0.9814214816490080
3230,0.9834752802817448
3240,0.9766404139762448
3250,0.9750763661620526
3260,0.9716578869293356
3270,0.9548019724246037
3280,0.9531156596183267
3290,0.9531619064361317
3300,0.9636507869930881
3310,0.9585971749649365
3320,0.9579364280880376
3330,0.9571931465750749
3340,0.9636874674602642
3350,0.9585087354275783
3550,0.9932975029324536
3580,0.9946762618429047
3590,0.9885968578013327
3600,0.9918989540205768
3610,0.9943449418480247
3620,0.9980298502844542
3630,0.9990994100988775
3640,0.9939907032769922
3650,0.9924464151950715
3660,0.9955606948858684
3670,0.9975518705428299
3680,0.9882567547754046
3690,0.9913973305310397
3700,0.9861222964127094
3710,0.9922600914032483
3720,0.9844746749530709
3730,0.9914337254156436
3740,0.9882130619193668
3750,0.9876837794965130
3760,0.9809396628489395
3770,0.9801016737982654
3780,0.9779266987447855
3790,0.9771741089409020
3800,0.9830724705249388
3810,0.9857657182199604
3820,0.9797795597609590
3830,0.9739171398256516
3840,0.9765907940336326
3850,0.9728906567364645
3860,0.9603516655668198
3870,0.9461546131288068
3880,0.9506633107147950
3890,0.9398769150734988
3900,0.9377138142765734
3910,0.9407859408919854
3920,0.9467618484269256
3930,0.9496025395415321
3940,0.9596910919933261
3950,0.9680368034210827
3960,0.9785421726641927
3970,0.9819502726177390
3980,0.9765660193351310
3990,0.9846084160731791
4000,0.9796498094037569
4010,0.9831387387747070
4020,0.9791928967601731
4030,0.9871655239101564
4040,0.9874461220033702
4050,0.9874137641698248
4060,0.9887006728411557
4070,0.9902280359448620
4100,0.9959504874928091
4110,0.9918404224739720
4120,0.9923987784678414
4130,0.9876610166919291
4140,0.9987881876621358
4150,0.9915596255853706
4160,0.9983987094611217
4170,0.9946016487011946
4180,0.9897270429333649
4190,0.9984980099280513
4200,0.9927972633864344
4210,0.9976525522119175
4220,0.9985042405091976
4230,0.9992605315052712
4240,0.9990541002157848
4250,0.9888463014464363
4260,0.9944971790612210
4270,0.9875286107110981
4280,0.9877671781628405
