180,0.9940456360625511
190,0.9921705270115861
200,0.9931162302963139
210,0.9964494646471002
220,0.9888383489861169
230,0.9975086290478176
370,0.9757758147916835
380,0.9689857510719042
390,0.9692993307280977
400,0.9708826796217999
410,0.9732458523311712
420,0.9698562019279006
430,0.9609173429603517
440,0.9554819264399538
450,0.9505550915631752
460,0.9555135394670945
510,0.9500592410030320
520,0.9497861419455119
530,0.9479393247886799
540,0.9547148738630112
550,0.9595619494829706
560,0.9624484295219056
910,0.9803206800422380
920,0.9755030019903791
950,0.9702113217024357
1180,0.9732806447132389
1190,0.9677587997551556
1200,0.9713344085521415
2170,0.9617802163446035
2180,0.9638053013012355
2190,0.9607267679287039
2200,0.9575912829895206
2210,0.9494793801137164
2220,0.9456536076815042
2230,0.9409844388076983
2240,0.9349364232527316
2250,0.9339933195830551
2260,0.9382379687519592
2430,0.9876430055482091
2440,0.9858573247615788
2450,0.9933572393886899
2460,0.9904593353002485
2470,0.9860201157137369
2510,0.9935794857268473
2520,0.9922788766941969
2530,0.9942484499094004
2540,0.9960265055838784
2550,0.9912416409939320
2560,0.9938424726342241
2570,0.9928477215468842
2580,0.9922065433049118
2590,0.9920422311924666
2600,0.9907459208167951
2610,0.9914944177595173
2620,0.9911349798946694
2630,0.9883483539869869
2640,0.9839058879861752
2650,0.9882689168657764
2660,0.9801868569775283
2740,0.9689773618093069
2750,0.9646153376148895
2800,0.9558977445229255
2810,0.9475679357421171
2820,0.9525547282357235
2830,0.9533822240206634
2840,0.9515395980674791
2850,0.9525638908411954
2860,0.9566070682472495
2870,0.9474934177935596
2880,0.9492371626276306
2890,0.9672298003217954
2900,0.9675480813818579
2910,0.9650268928927230
3040,0.9914924863649266
3050,0.9889953468558099
3250,0.9841872803414010
3260,0.9794111635393911
3270,0.9829637534623206
3280,0.9783439045457731
3290,0.9720526344519005
3300,0.9713877536731530
3400,0.9384440553902988
3410,0.9338055849591800
3420,0.9341559584784769
3430,0.9368334805958439
3440,0.9401116686757359
3450,0.9474772279079507
3460,0.9441445537723874
3470,0.9544695713908410
3480,0.9601252594702352
3490,0.9630868536165466
3500,0.9698540058369859
3570,0.9810548637026147
3580,0.9779259549344061
3590,0.9858271145737756
3600,0.9903598315662515
3610,0.9852875897520221
3620,0.9891694112395000
3630,0.9923441586703741
3640,0.9918020210971357
3650,0.9901902512833108
3660,0.9929346645331172
3670,0.9937746657909337
3680,0.9904313512996656
3930,0.9644098606483982
3940,0.9663156059847642
3950,0.9640534800545488
3960,0.9534800100379088
4080,0.9723963959934313
4090,0.9725641293460590
4100,0.9729824431101002
4110,0.9754768970450526
4120,0.9679015414792215
4130,0.9694177378010609
4140,0.9796014533955147
4150,0.9799276737765956
4160,0.9782291353378699
4170,0.9846408175695203
4180,0.9800292419013876
4190,0.9905239385195242
4200,0.9894997965449225
4210,0.9909893552032055
4220,0.9881844527896566
4230,0.9920345805850894
4240,0.9951158836010794
4250,0.9987827899845350
4260,0.9988813355816695
4270,0.9947669484352678
4280,0.9922897731871588
