440,0.9893071619374542
450,0.9940232601275399
460,0.9925117865313264
470,0.9919833844956689
480,0.9964136162704297
560,0.9903496481616026
570,0.9827326832613661
580,0.9848363395577756
590,0.9867686646309128
730,0.9521524018949720
740,0.9514213714402054
750,0.9479849104628625
760,0.9467045581214968
770,0.9546982693475228
780,0.9552757708734767
790,0.9517540663083159
800,0.9489718241273098
810,0.9516770328765441
820,0.9498444575450103
830,0.9709844541925846
840,0.9639988575161335
850,0.9656874999445103
860,0.9697362800128712
870,0.9674654066229943
880,0.9743054980779117
890,0.9774692544669763
980,0.9888486943691306
990,0.9867654780461778
1000,0.9871494432558217
1010,0.9871513043999463
1020,0.9939328821847125
1030,0.9951348338433327
1040,0.9981846229532215
1050,0.9948329177917877
1060,0.9922673854917535
1070,0.9998314649325539
1080,0.9987725669008396
1090,0.9943494874613822
1100,1.0000000000000000
1110,0.9986952553373513
1120,0.9911445691389085
1130,0.9961875627053253
1140,0.9900879254490490
1150,0.9876295813326830
1190,0.9870090394769399
1200,0.9871798626477146
1210,0.9886761652803630
1220,0.9817139030842890
1230,0.9886063694168710
1240,0.9776376267111091
1250,0.9801594728693026
1260,0.9789137758191492
1270,0.9737567166307008
1340,0.9649744847973076
1410,0.9366954258741835
1420,0.9398034323310676
1430,0.9380004811689424
1440,0.9369739571889319
1480,0.9669173733750465
1490,0.9699849921041019
1500,0.9674231332987396
1530,0.9772835564235254
1540,0.9713659654950848
1550,0.9782868555725599
1560,0.9721630148236464
1570,0.9793750134782355
1580,0.9757922705834534
1590,0.9809322753043219
1600,0.9781572816723325
2110,0.9538895522591697
2120,0.9551825440878116
2130,0.9686581931413689
2140,0.9659137483801269
2150,0.9656286315712308
2160,0.9715352770567436
2170,0.9777523580090850
2180,0.9749299956935245
2190,0.9800212909353468
2200,0.9812780611751882
2210,0.9729849972027260
2220,0.9778250923215300
2230,0.9801102084056493
2240,0.9795026127847970
2250,0.9791608604467252
2260,0.9822350250474262
2620,0.9733482969667941
2630,0.9678459057763372
2640,0.9674908848333501
2650,0.9690244647261068
2660,0.9706603427780963
2670,0.9489784910730615
2680,0.9454493916495049
2690,0.9341133811318822
2700,0.9359306172235653
2710,0.9353570050219138
2720,0.9324342963085875
2730,0.9406006932242659
2740,0.9357209956866115
2750,0.9356938994942504
2760,0.9493203399738709
2770,0.9607218410315294
2780,0.9682022366599887
2790,0.9688242682130940
2800,0.9691199599921161
2810,0.9727050888322527
2820,0.9705072762253480
2830,0.9693197248025543
2840,0.9742048486667786
2960,0.9860489522192151
2970,0.9960125575440991
2980,0.9871427110878872
2990,0.9878726362931429
3000,0.9942933523643948
3190,0.9857919404499310
3200,0.9747703134859442
3210,0.9819995332281276
3220,0.9736082984513263
3230,0.9790008530611864
3240,0.9742983971804866
3250,0.9688835824497593
3260,0.9730232081320414
3270,0.9669639277124294
3280,0.9677261202030498
3290,0.9643692999531135
3300,0.9661248353823535
3310,0.9643774204472855
3320,0.9509292465131327
3330,0.9511529216751793
3340,0.9530356478483523
3350,0.9445678495131906
3360,0.9553866150803741
3370,0.9455178526502231
3380,0.9452734267303695
3390,0.9452584834229961
3400,0.9535819452194888
3410,0.9495110313272954
3420,0.9672126763254404
3430,0.9653478934861837
3440,0.9724895917676996
3450,0.9724877013331827
3470,0.9724242756785507
3480,0.9715742018829561
3490,0.9761264051504681
3500,0.9723082569806090
3510,0.9762784269023730
3520,0.9738326476112689
3530,0.9807165145707327
3540,0.9860751212349116
3930,0.9723046607747521
3940,0.9709793467782776
3950,0.9631952585865313
3960,0.9607374164533156
4120,0.9692815744059169
4130,0.9696050751176495
4210,0.9890839650195703
4220,0.9911983538268870
4230,0.9885612496019832
4240,0.9866526399724402
4250,0.9941213741164772
4260,0.9857943966068058
4270,0.9963006502180867
4280,0.9950359138556540
4290,0.9936644912347655
4300,0.9954130089182619
4310,0.9914188681567602
4320,0.9963514855158218
