40,0.9503508759581738
50,0.9558140907781840
60,0.9519637014050168
70,0.9592031331722535
80,0.9695397874830367
90,0.9788424038920474
100,0.9837554114988256
110,0.9799366941403754
120,0.9815479035380200
130,0.9878786637757954
140,0.9815803542498988
150,0.9828620105393193
160,0.9877318292981420
170,0.9911876361172713
180,0.9846573834809234
190,0.9878941443764329
200,0.9854962845580707
210,0.9954642295376683
220,0.9861054052010010
230,0.9861658966917137
240,0.9912056392388556
250,0.9873723445675392
450,0.9839825158841874
460,0.9907930347264905
470,0.9884064760346216
480,0.9859747455782822
490,0.9917232226058423
500,0.9856437226780345
510,0.9831989153387213
520,0.9838460157539931
530,0.9866126145023981
610,0.9591168911120805
620,0.9609277031156072
630,0.9609293748347008
640,0.9654689154234697
650,0.9589888035910016
660,0.9631554969971788
670,0.9672282671720744
680,0.9852302199899287
690,0.9783482869924905
700,0.9873608089758185
710,0.9799995902000258
720,0.9842704163246883
730,0.9816109908092885
740,0.9844879449552160
750,0.9908869341414691
760,0.9821127325666045
770,0.9879996391741983
780,0.9918201083212465
790,0.9850194506156509
800,0.9917394954557175
810,0.9906500766702984
820,0.9903789386998562
830,0.9949487836914598
840,0.9973370416266532
850,0.9913651675720422
860,0.9889466116310422
870,0.9934280491029461
880,0.9908616304512923
930,0.9903426252834299
940,0.9982928340886499
950,0.9959612381037558
960,0.9990176570663505
970,0.9991395819115407
980,0.9926148758418546
990,0.9960637311707286
1000,0.9964766206334774
1010,0.9911010353786288
1020,0.9932115510767898
1030,0.9920323556405226
1040,0.9861954987554746
1050,0.9943286959027002
1060,0.9854053708833598
1070,0.9920040578100473
1080,0.9842750535536289
1090,0.9869878472710540
1100,0.9809206477525307
1110,0.9834350075540248
1120,0.9787193914962168
1130,0.9813387270236046
1140,0.9823362784010315
1150,0.9832517464962618
1160,0.9757113326891000
1170,0.9574902899482485
1180,0.9568745112051487
1190,0.9562117823039107
1200,0.9516495415747070
1210,0.9451651641206184
1220,0.9464255172104025
1230,0.9479259960948050
1240,0.9596526657358182
1250,0.9645577090335116
1260,0.9753493923756809
1270,0.9814011193777813
1490,0.9991796313558696
1500,0.9946694747764070
1510,0.9914862162029668
1520,0.9964492550736439
1530,0.9911599231994129
1540,0.9931123343789459
1550,0.9968805323267881
1560,0.9928162577101888
1580,0.9919098803176315
1590,0.9938976293477185
1600,0.9887025511664355
1610,0.9895483750980959
1620,0.9950022255318163
1630,0.9848499933970454
1640,0.9910677068429291
1650,0.9910374226329113
1840,0.9593655027797109
1850,0.9789338364286315
1860,0.9847271117915140
1870,0.9879799586891693
1880,0.9822335834394854
1890,0.9860231138613558
1900,0.9872221728649982
1910,0.9850387930310339
2070,0.9928112376569960
2080,0.9966824069065237
2090,0.9980358046708512
2100,0.9976269525872284
2110,0.9942148298614825
2120,0.9921963489482041
2130,0.9898878664118039
2310,0.9831793446548142
2320,0.9781983007181001
2330,0.9771643791297959
2340,0.9596416681658688
2350,0.9623455610484636
2360,0.9555430841658437
2370,0.9495120466274163
2380,0.9451131727648178
2390,0.9557131328527478
2400,0.9580977469201616
2410,0.9575819593209410
2420,0.9628140690069760
2430,0.9751129490509166
2440,0.9791987249961219
2450,0.9880148280869097
2460,0.9792488950195273
2710,0.9909299351599637
2720,0.9894174436873797
2780,0.9886916491104543
2790,0.9867422650882175
2800,0.9924328667077075
2810,0.9943785082435843
2820,0.9918872633296746
2830,0.9866417398985000
2840,0.9909536009143067
2850,0.9815894732696618
2860,0.9841466995083434
2870,0.9855378653264338
2880,0.9892874201019504
2890,0.9882982056256090
2900,0.9834502482357725
2910,0.9765881346928577
2920,0.9611617594582430
2930,0.9642493675666541
2940,0.9667706294373641
2950,0.9679535253237105
2960,0.9580345237406465
2970,0.9633067201137916
2980,0.9661060236502325
2990,0.9678773510343565
3000,0.9647920720506731
3010,0.9607284625341941
3020,0.9770069317703266
3030,0.9846804687856313
3040,0.9874143779200819
3050,0.9809967999517244
3060,0.9847988096756469
3070,0.9813346057731893
3080,0.9911496494265177
3090,0.9816335250409125
3100,0.9824535858526542
3110,0.9889125064569564
3120,0.9826411059241026
3130,0.9854541327628462
3200,0.9964208309488627
3460,0.9857433783097710
3470,0.9846840414650134
3480,0.9842084426792329
3490,0.9850108050917690
3500,0.9823608977548507
3510,0.9644082365840662
3520,0.9541063955395614
3530,0.9470808318418511
3540,0.9537626721319703
3550,0.9523702340068017
3560,0.9551264485474783
3570,0.9523614657459021
3580,0.9579835274586456
3590,0.9600659862263006
3600,0.9739658707016688
3610,0.9783711144326999
3620,0.9800955040691202
3630,0.9845763124913252
3640,0.9894093519841316
3650,0.9834531268349500
3660,0.9860716629005003
3670,0.9839013588663330
3680,0.9829405864766673
3690,0.9909502434838220
3700,0.9932396959626429
3710,0.9916490935232648
3720,0.9905680785204971
3730,0.9854978459688550
3740,0.9849622458320378
3750,0.9878946712187001
3760,0.9900780353415025
3770,0.9873412544398003
3780,0.9898885385684119
3790,0.9938102315776007
3800,0.9935277204734186
3810,0.9950137211462350
3820,0.9945820141213432
3830,0.9900138923708823
3840,0.9883511147315029
3850,0.9939367501128896
3860,0.9919289616243494
3870,0.9949130486411294
3880,0.9885810872887509
3890,0.9885360692082957
3900,0.9962305636123270
3910,0.9897880482554910
4010,0.9815872204543685
4020,0.9863481461057857
4030,0.9881219040812910
4040,0.9837044671547364
4050,0.9838245065246594
4200,0.9791084316227591
4210,0.9828474980666185
4220,0.9813458012030509
4230,0.9894780285891829
4240,0.9821038337569489
4250,0.9841651335260649
4260,0.9892011009404007
4270,0.9832468691888417
4280,0.9915375119984406
4290,0.9930999379226144
4300,0.9921190144238974
4310,0.9909675054516366
4320,0.9893772092355028
