0,0.9659138322863009
10,0.9675322982699871
20,0.9754428706991355
30,0.9720648638289501
50,0.9783280632306500
60,0.9861066953932263
70,0.9857308635378940
80,0.9889023906336902
90,0.9913006555926127
100,0.9921642967062145
110,0.9944798210294945
120,0.9952344486875838
130,0.9920295034971253
140,0.9976690929773504
150,0.9888576479563128
160,0.9898533397835886
170,0.9890502941129781
180,0.9984268623108830
190,0.9955196905848109
200,0.9994801239179759
210,0.9905332023151190
220,0.9909969117494377
230,0.9872673111618591
240,0.9948465276538438
250,0.9852424355839542
260,0.9910058493112757
270,0.9918966181779175
280,0.9855865258174660
290,0.9867012342046700
300,0.9859581382676254
450,0.9322900757184494
460,0.9294370571443914
470,0.9359889767590955
480,0.9288767501217036
500,0.9360378095706835
510,0.9457935729117174
520,0.9553835637351373
530,0.9597739801148379
540,0.9630625611435529
550,0.9640353265695630
560,0.9689234292409736
570,0.9659923480355447
580,0.9675770744151933
590,0.9772024973946617
600,0.9763884270654022
610,0.9790690972349340
620,0.9719309825027769
630,0.9802058982508538
640,0.9857360697900751
650,0.9807780755693882
700,0.9895723880283965
710,0.9977692328225800
720,0.9970818061936667
730,0.9983292819989581
740,1.0000000000000000
780,0.9943521541111454
790,0.9969897224825365
800,0.9940032440884355
810,0.9890111291894851
820,0.9874145340832314
830,0.9930360872213293
840,0.9926623591249967
850,0.9860470186078272
860,0.9809757178469347
870,0.9800451970215641
880,0.9868630222347511
890,0.9752440412218175
900,0.9790715482318286
910,0.9754524798117341
920,0.9795628052205247
930,0.9672350859119375
940,0.9667874187392114
950,0.9679997246172818
960,0.9622532999302882
970,0.9616030482028189
980,0.9603794748307887
990,0.9595759006781660
1000,0.9634961758098658
1010,0.9492526786431890
1020,0.9501343194990057
1030,0.9478549130996836
1040,0.9444442031929402
1050,0.9467393543676783
1060,0.9484034468724795
1290,0.9936623649231264
1300,0.9893350016948953
1310,0.9899468204684432
1320,0.9890774040204723
1330,0.9963888231897320
1340,0.9980797101023413
1350,0.9959382842377662
1360,0.9953148194441616
1370,0.9967490448829042
1380,0.9982418529592753
1390,0.9915535559636479
1400,0.9977703122575431
1410,0.9942261874173981
1420,0.9860826950278778
1430,0.9898939668916452
1440,0.9865492363953146
1450,0.9797550244246679
1460,0.9849995926257846
1490,0.9827019174791656
1500,0.9798241192807731
1510,0.9692944842932079
1520,0.9690138004617147
1530,0.9669429457901473
1540,0.9696876447088336
1550,0.9712854688077424
1560,0.9612889685316554
1590,0.9547225824917521
1600,0.9452472831752814
1680,0.9384737153087732
1690,0.9482897757074743
1700,0.9576450049333560
1730,0.9613897367914030
1740,0.9650081975406726
1750,0.9641640260781995
1760,0.9672466938199972
1770,0.9771504069051833
1780,0.9765176609443447
1790,0.9725994864745764
1800,0.9843168175075507
1810,0.9780314138556003
1820,0.9858218450639147
1830,0.9878131255988946
1840,0.9840705599090800
1850,0.9861022841967791
1860,0.9923209174579524
1870,0.9945432015081405
1880,0.9931449695806801
1890,0.9897940370054336
1900,0.9989675931255080
1910,0.9939308679519934
1920,0.9933626112838757
1930,0.9908706286577682
1940,0.9981286652135051
1950,0.9920234906130466
1960,0.9995010085221215
1970,0.9879255182530137
1980,0.9923970376670057
1990,0.9884702382670622
2000,0.9940134534425112
2010,0.9852747957853510
2020,0.9918496040603189
2030,0.9815080251327664
2040,0.9879556070995528
2050,0.9876738632691255
2060,0.9758062883756796
2070,0.9766410118237006
2080,0.9768564640504025
2090,0.9757057975564181
2100,0.9711503581109906
2110,0.9710539181295925
2120,0.9737270252012464
2130,0.9657269266331703
2140,0.9647711357704160
2150,0.9587593683818590
2160,0.9628712944164166
2170,0.9578849135776517
2180,0.9502732374462890
2200,0.9484840249474304
2210,0.9438804250700432
2220,0.9439787837797743
2230,0.9480702849830210
2240,0.9509458631582713
2250,0.9530659101289334
2260,0.9455502402682734
2270,0.9468421109738688
2280,0.9625692459821749
2290,0.9567632145427409
2300,0.9600698762965580
2310,0.9603220350208138
2320,0.9659239761142192
2330,0.9675739609839575
2340,0.9741434819470254
2350,0.9727338741413442
2360,0.9742725562120805
2370,0.9707897310746633
2460,0.9920062897335278
2470,0.9889382159871168
2520,0.9970380047160515
2530,0.9967438858882441
2540,0.9891130815438496
2550,0.9961031954752131
2560,0.9899195386293392
2570,0.9890894194050874
2580,0.9877450821906114
2590,0.9852737249814842
2600,0.9908770680788774
2610,0.9828870704119922
2620,0.9888035385681615
2630,0.9849522217562843
2640,0.9840263283328827
2650,0.9774260923813023
2660,0.9726247277997685
2670,0.9800262144172314
2680,0.9711759239442682
2690,0.9734625626455807
2700,0.9701074124519278
2710,0.9698680754944898
2720,0.9680492290733161
2730,0.9699753820335391
2740,0.9607458247375006
2750,0.9662452054757953
2760,0.9631224968908656
2770,0.9418414789953844
2780,0.9349573943190852
2790,0.9315559428535582
2800,0.9355232208483029
2810,0.9275274927892427
2820,0.9270963176081705
2830,0.9289352866419029
2840,0.9301903681311233
2850,0.9450422853073455
2860,0.9482538503528255
2870,0.9604826781535718
2880,0.9605150297771995
2890,0.9646138948844467
2900,0.9615243076467382
2910,0.9679009738236142
2920,0.9634982887554675
2930,0.9755264516500205
2940,0.9744204313852483
2950,0.9793761490545135
2960,0.9752839844812932
2970,0.9840486632494151
2980,0.9790862181010015
2990,0.9768585502233874
3000,0.9834775803812373
3010,0.9880679623971363
3020,0.9833737830839917
3030,0.9936029440981379
3040,0.9926598024250137
3050,0.9934073242389116
3060,0.9881369685992883
3070,0.9974795099478433
3080,0.9962049962324125
3090,0.9976589038462073
3100,0.9997356604478477
3110,0.9937416756624795
3120,0.9930427496338423
3130,0.9908859747132494
3140,0.9968408947821272
3150,0.9969922086768487
3160,0.9899935151490269
3170,0.9884122168099788
3180,0.9850143212993890
3190,0.9933226106103631
3200,0.9915900352515121
3210,0.9831652077674250
3220,0.9857732831755204
3230,0.9860675423139178
3240,0.9794518252680260
3250,0.9792104792682065
3260,0.9766633992638339
3270,0.9680483862005720
3280,0.9752221191978208
3290,0.9642758438595396
3300,0.9678730508324151
3310,0.9630867434861045
3320,0.9606365861935402
3330,0.9606075968182709
3340,0.9631583353415690
3350,0.9534992452454948
3360,0.9512779833894468
3370,0.9429504375024954
3380,0.9519128057785703
3390,0.9421981252625136
3400,0.9472154383909510
3410,0.9504871966488961
3420,0.9502935925075982
3430,0.9425628557106486
3440,0.9474641820792843
3450,0.9538808861044485
3460,0.9671352283866602
3470,0.9588036342898867
3480,0.9697122361343122
3490,0.9680564499870578
3500,0.9656853505343649
3510,0.9642718687899692
3520,0.9665757121078316
3530,0.9744612655732504
3540,0.9785608587527231
3550,0.9803385441833214
3560,0.9838058670927357
3570,0.9785839117174521
3580,0.9788749282683803
3590,0.9895340887707917
3600,0.9814664762626771
3610,0.9843930601428085
3620,0.9864489747502251
3630,0.9952584544980493
3640,0.9930942625271656
3650,0.9921235662387420
3660,0.9936966376444141
3670,0.9979663143049669
3680,0.9898754403320010
3690,0.9896100025313720
3700,0.9954381985210110
3710,0.9967330350830681
3720,0.9900740392622119
3730,0.9923874518936108
3830,0.9729385746022456
3840,0.9727255229014800
3850,0.9732407603299108
3860,0.9684054302750312
3870,0.9671349647804313
3880,0.9701253952566903
3900,0.9672186873222688
3910,0.9631136337183495
4050,0.9581187305241763
4060,0.9688716938954114
4070,0.9608343309419022
4080,0.9702419502113541
4090,0.9708037164115415
4100,0.9733989867670104
4110,0.9767981455927862
4120,0.9699971090311230
4130,0.9781838748589975
4160,0.9828888931797087
4170,0.9860134507102698
4180,0.9908037775415252
4190,0.9889074958257124
4200,0.9846804851628069
4210,0.9858131796958506
4220,0.9861078350438938
4230,0.9924339088105674
