130,0.9585192387261651
140,0.9594701501325754
150,0.9566613820463131
160,0.9615071109355503
170,0.9603487940054736
180,0.9585956648560858
190,0.9585287203532887
200,0.9556338451890523
210,0.9547997823450868
220,0.9743670794159029
230,0.9714306307165290
240,0.9809583414493330
250,0.9778438447215171
260,0.9727570867001072
270,0.9749986537865123
280,0.9803729111207720
290,0.9805516931297933
300,0.9806527640305923
310,0.9847876338350828
320,0.9872506805186723
330,0.9916359936340389
340,0.9885300724418427
350,0.9919562898995987
360,0.9882212951984720
370,0.9888054571425500
380,0.9963600129843813
390,0.9906644718868463
400,0.9933506337552169
410,0.9948538045124177
420,0.9919873203642748
430,0.9975745595273758
440,0.9909189895786699
450,0.9952452079760357
460,0.9991234693500443
470,0.9962429983058956
480,0.9920851573994522
490,0.9882668143435999
500,0.9978552938115849
510,0.9931303443003126
520,0.9962091003142435
530,0.9925850160644201
540,0.9911136204630028
550,0.9948808334001878
560,0.9845293874247339
570,0.9891459687378170
580,0.9917043370208940
590,0.9812170934160037
600,0.9873473145535713
610,0.9805864662400700
620,0.9764337896147562
630,0.9842052578370977
640,0.9764540763754969
650,0.9809515040472656
660,0.9802051601891764
670,0.9711944045639374
680,0.9706583805586537
690,0.9711847034655871
700,0.9694803504450873
710,0.9524362656666595
720,0.9506875658906822
730,0.9409886107195576
740,0.9375613843065717
750,0.9467698494670073
760,0.9483141979262817
770,0.9467406556812760
780,0.9496173190411242
790,0.9613252560508924
800,0.9738462071083396
810,0.9803414437774438
820,0.9766040565174442
830,0.9800674469949866
840,0.9720197443398907
850,0.9803509807512627
860,0.9800381648746878
870,0.9866876687119901
880,0.9852640466770137
890,0.9883324909850608
900,0.9878320100087766
910,0.9908922012923677
960,0.9962628627654367
970,0.9928737632168689
980,0.9970410506730273
990,0.9949988183678734
1000,0.9882037086206253
1010,0.9883539094333185
1030,0.9976595734665885
1040,0.9918020001093009
1050,0.9898544013847976
1060,0.9987017298935885
1070,1.0000000000000000
1080,0.9908708948871137
1090,0.9929556651433668
1100,0.9909512854896054
1110,0.9978575811072206
1120,0.9910258511681151
1130,0.9906728212912181
1140,0.9898516537193431
1150,0.9828481145292850
1160,0.9906232717754747
1170,0.9891483483425246
1180,0.9865168974180448
1190,0.9838549317441901
1200,0.9866413503897513
1210,0.9775717959012998
1220,0.9832440191785183
1230,0.9832350278027963
1240,0.9818951963107158
1250,0.9734563958524781
1290,0.9529001082816554
1300,0.9576342539255227
1390,0.9695699466032244
1400,0.9704167383105015
1410,0.9744971377429831
1420,0.9828374808191024
1430,0.9793246555126104
1440,0.9759446438481753
1450,0.9762719183013535
1460,0.9781958961285183
1470,0.9855592587353300
1480,0.9825324238215311
1490,0.9904650419791584
1500,0.9904510758190569
1510,0.9886451894733673
1520,0.9919424433200867
1530,0.9937207570154039
1540,0.9885576698508064
1550,0.9910764565167165
1560,0.9916127329950860
1570,0.9896246040008077
1580,0.9894106388597708
1590,0.9918915601307943
1600,0.9955790689084543
1610,0.9898173174672668
1620,0.9954587946185852
1630,0.9915105700353696
1640,0.9953517798422875
1650,0.9976380015353032
1660,0.9950358999541159
1670,0.9953205585459569
1680,0.9912567744667575
1690,0.9937113256105699
1700,0.9899840975847222
1710,0.9954322595428842
1720,0.9954842104787800
1730,0.9906959075232981
1740,0.9878293693090456
1750,0.9840439115872850
1760,0.9816411147722387
1770,0.9877947339670271
1780,0.9791193039785094
1790,0.9855499035360741
1800,0.9835961727075344
1810,0.9806428636367860
1820,0.9845427012155847
1830,0.9774939400855960
1840,0.9724530508144333
1850,0.9757312814307120
1860,0.9745307913179365
1870,0.9641778415409558
1880,0.9552440693247668
1890,0.9508443537658685
1900,0.9491927491271459
1910,0.9449299117493128
1920,0.9395469858859390
1930,0.9389007596977216
1940,0.9458522189372142
1950,0.9516932208193509
1960,0.9523427011102094
2060,0.9872891686709592
2070,0.9803339935225567
2080,0.9822139114304367
2090,0.9878762931818700
2100,0.9866286175375297
2110,0.9935071190427460
2120,0.9915450668155491
2130,0.9952018115522310
2140,0.9919731424522271
2150,0.9896462458552922
2160,0.9920136056111818
2170,0.9967181367999863
2180,0.9882884433727137
2190,0.9949947518729867
2200,0.9904118203295463
2210,0.9924541767069573
2220,0.9889513912560057
2230,0.9896697950670993
2240,0.9890731564021721
2270,0.9920997282531535
2280,0.9946370574093717
2290,0.9920724940532731
2300,0.9882186070825378
2310,0.9871819854487218
2320,0.9883603571277915
2330,0.9927529200585470
2340,0.9913136296258792
2350,0.9839096366397764
2360,0.9880684883106916
2370,0.9781273520147528
2380,0.9804711362509259
2390,0.9765225179814339
2400,0.9789353928611489
2410,0.9765908429803493
2420,0.9762556958389248
2430,0.9781190621098179
2440,0.9737602363742448
2450,0.9671145147230500
2460,0.9565580102699563
2470,0.9581848675325781
2480,0.9551369368302940
2490,0.9565382329658262
2500,0.9544745044896347
2510,0.9529482353563278
2520,0.9584283922706474
2530,0.9614713387298499
2540,0.9621579466005374
2550,0.9612411420774105
2560,0.9682123772101356
2570,0.9798400627070087
2580,0.9817725426219910
2590,0.9755844236319091
2600,0.9747551751784538
2610,0.9822186812700644
2620,0.9808530243055325
2700,0.9920768086397910
2710,0.9960437430957810
2720,0.9862176604538531
2730,0.9968133740837501
2740,0.9924384376090938
2750,0.9977275404625253
2760,0.9937243784585371
2770,0.9889714194984902
2780,0.9954728211822469
2790,0.9897029294155881
2800,0.9937204109973362
2810,0.9910339569182275
2820,0.9958933385139811
2830,0.9965200773941858
2840,0.9900780346802052
2850,0.9926070246311595
2860,0.9873924136786444
2870,0.9919455852352528
2880,0.9907467189954985
2890,0.9845334290583831
2930,0.9884536917665337
2940,0.9808441081774999
2950,0.9775096966845140
2980,0.9825947806110465
2990,0.9746998966525731
3000,0.9783933658968367
3010,0.9802777709418006
3020,0.9720533163630503
3040,0.9643770209297795
3050,0.9563738273207835
3060,0.9498545464370852
3070,0.9434785024750230
3180,0.9758156038517510
3190,0.9827249813978862
3200,0.9773955279012796
3210,0.9811176471862978
3220,0.9832445203802813
3230,0.9854779902947602
3240,0.9872834628070507
3250,0.9882774003960908
3260,0.9858235242608131
3270,0.9889970827605106
3280,0.9899408777114578
3290,0.9853748240240422
3300,0.9952826620724192
3310,0.9885110584787287
3320,0.9943459138057577
3330,0.9987944228497126
3340,0.9921532656437408
3350,0.9927082582222663
3360,0.9909401760660256
3370,0.9990528531879678
3380,0.9986953767234690
3390,0.9950788434862731
3400,0.9988195940588961
3410,0.9942188877239794
3420,0.9937204440691059
3430,0.9953388115274067
3440,0.9935225265676340
3450,0.9976070535967839
3460,0.9958407371541068
3470,0.9961733562382389
3480,0.9930637782965570
3490,0.9851872210087864
3500,0.9866914046327426
3510,0.9845674341226177
3520,0.9817078439841092
3540,0.9833850019253858
3550,0.9771817615947929
3560,0.9811296978762936
3570,0.9749807530499903
3580,0.9745867974957212
3590,0.9801509820022267
3670,0.9580457750741690
3680,0.9628339379344989
3690,0.9611728257979436
3700,0.9631213569462658
3710,0.9583302388638044
3720,0.9535028877344952
3730,0.9725794166509726
3740,0.9760507602231050
3750,0.9728791602919559
3760,0.9822329096127611
3770,0.9779039798687937
3780,0.9848050247964172
3790,0.9753700692961806
3800,0.9798974193156474
3810,0.9806372970410457
3820,0.9871808914474723
3870,0.9848275646269345
3980,0.9892298915905201
3990,0.9981112978102659
4030,0.9948866405436614
4040,0.9864545020749640
4050,0.9853297309815258
4060,0.9870631674098138
4070,0.9872540782605719
4080,0.9825809204453206
4090,0.9922879050052781
4100,0.9892250704951625
4110,0.9813242454407529
4120,0.9841985848610797
4130,0.9845023275036863
4140,0.9778188757259815
4150,0.9816722566870174
4160,0.9737026534960713
4170,0.9749010889552296
4180,0.9787406113453089
4190,0.9777278379839681
4200,0.9776696415856385
4210,0.9686766911093252
4220,0.9573558884108574
4230,0.9537055633032733
4240,0.9431878340600672
4250,0.9379112602791271
4260,0.9438391368110308
4270,0.9397886487494922
4280,0.9421907484772651
4290,0.9539527504667987
4300,0.9512823624803641
4310,0.9696641693604795
4320,0.9714257217213907
