60,0.9848671413990577
70,0.9819672187602753
80,0.9771406290551371
90,0.9753497705362547
100,0.9768431385773290
110,0.9605741186676731
120,0.9595970877390143
130,0.9561503933286168
180,0.9516676692005263
190,0.9600963670094461
200,0.9625957818372703
210,0.9802234385454454
220,0.9816376867613900
230,0.9818853392091689
240,0.9786733135214396
250,0.9812857578931397
260,0.9839300088106365
360,0.9917871915963583
370,0.9907095164880176
380,0.9902652353638239
390,0.9883391797067086
400,0.9940670709292104
410,0.9884296304675643
460,0.9922393133497056
550,0.9913976343803139
560,0.9864182461178738
570,0.9866331355429181
600,0.9879961834883996
610,0.9900039974326456
620,0.9810272096850677
630,0.9822559574506744
640,0.9778162039750333
650,0.9858893653069898
660,0.9780177220611870
670,0.9851923036879151
680,0.9801233953419606
690,0.9651689716073166
700,0.9667608838198980
710,0.9565829663345436
720,0.9590587166211052
730,0.9605643598857360
740,0.9581855259987102
750,0.9567457724237273
760,0.9627720475453057
770,0.9646867370038495
780,0.9592202556443801
790,0.9693556123937893
800,0.9771215740948229
810,0.9784939756391360
820,0.9826282497676233
830,0.9852133525136515
840,0.9830048909290696
850,0.9817946278991624
860,0.9823685141824422
870,0.9830650073082364
880,0.9846951516823484
890,0.9865133246461137
900,0.9825777334122872
910,0.9872232223771937
920,0.9932945614540208
930,0.9850504094969167
940,0.9866131782982884
950,0.9897343073178039
960,0.9930798825753794
970,0.9949336310339598
980,0.9987968910724742
990,0.9909899792959803
1010,0.9992628186132181
1020,0.9964739923741789
1030,0.9991329955962518
1040,0.9968358045352336
1050,0.9951834933958250
1060,0.9884435293997158
1080,0.9890673128876381
1090,0.9891329723341717
1100,0.9941189184062843
1110,0.9941979275377011
1120,0.9937237209113994
1130,0.9922894352980922
1140,0.9903214063437773
1150,0.9863072739266842
1160,0.9920901556794085
1170,0.9878733995649913
1210,0.9880431681062314
1220,0.9817764254492325
1230,0.9833304654991343
1240,0.9781129914718134
1250,0.9856674129956997
1260,0.9825268199767262
1270,0.9799647810435649
1280,0.9651138780631383
1290,0.9550007680395058
1300,0.9547818037010929
1310,0.9525525613251679
1320,0.9477400343079128
1330,0.9453082528280436
1340,0.9444950824269754
1350,0.9575718255074165
1360,0.9594026706963283
1370,0.9665883000090300
1380,0.9774644165435417
1390,0.9807546878045760
1400,0.9833222487364799
1410,0.9855668818984874
1420,0.9760078765583253
1430,0.9841052337906099
1440,0.9830325939680229
1450,0.9898427893193205
1460,0.9858785183100204
1470,0.9917363682353982
1480,0.9834465162262652
1590,0.9966681300883228
1600,0.9966874537306031
1610,0.9883572244793372
1620,0.9969840093904473
1630,0.9898955281930325
1640,0.9995654101959842
1650,0.9894980634052710
1660,0.9961713023879700
1670,0.9929781604719849
1680,0.9923426044319293
1690,0.9879462676695916
1700,0.9870915616972470
1710,0.9909554711318777
1720,0.9873222515503453
1750,0.9846153964426102
1760,0.9874844512464770
1770,0.9853690400309034
1780,0.9807247725386284
1850,0.9852589219076263
1860,0.9653618755449175
1870,0.9649791931988501
1880,0.9625916087286955
1890,0.9658172318724897
1990,0.9800694052401649
2000,0.9775386562363999
2010,0.9767578475217251
2020,0.9877466627696513
2030,0.9871918520669768
2040,0.9894023524030503
2050,0.9800667135179980
2060,0.9908834880677376
2070,0.9914777032211249
2080,0.9864022271696311
2090,0.9836855735679808
2100,0.9907684519651772
2110,0.9856294635088222
2120,0.9946375299429751
2130,0.9882787930254102
2140,0.9867525186466024
2210,1.0000000000000000
2220,0.9947060876164310
2230,0.9960590611249560
2240,0.9971212102602870
2250,0.9986691530721717
2260,0.9944621687740846
2270,0.9969045871929342
2280,0.9961482537554367
2290,0.9956430309496406
2300,0.9933478545318977
2310,0.9836855293403194
2320,0.9889407594066006
2330,0.9918606896314391
2340,0.9829898180440808
2350,0.9911457120864572
2360,0.9879160011568752
2370,0.9860298048757457
2380,0.9791668725655026
2390,0.9779214111301550
2400,0.9759622070633505
2410,0.9767305611989157
2420,0.9806445980176188
2430,0.9855652867192360
2440,0.9726773488544681
2460,0.9625435517595224
2470,0.9508442478468055
2480,0.9481212950090661
2490,0.9454651354184240
2500,0.9473705081331691
2510,0.9489887058156017
2520,0.9509391390253414
2530,0.9546451931224593
2550,0.9763544236198105
2560,0.9835081568687560
2570,0.9793684758576917
2580,0.9796752352505139
2590,0.9811674034548804
2600,0.9775320920219933
2610,0.9863702470807274
2620,0.9810844094088684
2630,0.9831771746260403
2640,0.9807664533324474
2650,0.9882554570171080
2660,0.9902477623895108
2670,0.9867885641633667
2680,0.9836002665286533
2690,0.9897836790024556
2770,0.9885538527547717
2780,0.9985381088202303
2790,0.9912621963929465
2800,0.9954414428859317
2810,0.9953569954307846
2820,0.9936132584805364
2830,0.9969953859775329
2840,0.9935134381622387
2850,0.9969351216541359
2860,0.9889014422895764
2870,0.9908233592550598
2880,0.9900390763828569
2890,0.9865917985412187
2900,0.9893507428745931
2910,0.9834629954608524
2920,0.9866568967190061
2930,0.9894654471222563
2940,0.9889243373933810
2950,0.9794022120420816
2960,0.9858007684079219
2970,0.9823890775758197
2980,0.9805008431217199
2990,0.9804673124404381
3000,0.9777011103573090
3010,0.9791497165231976
3020,0.9793937644155492
3030,0.9656876901444646
3040,0.9632215661170449
3060,0.9674809032757300
3070,0.9602042896442183
3080,0.9569885634168265
3090,0.9666867863262469
3100,0.9645419535694081
3110,0.9664111686309268
3120,0.9630655368311588
3130,0.9690363591277537
3140,0.9759811506291196
3150,0.9834793330072390
3160,0.9767045882042765
3170,0.9863956472641174
3180,0.9810800044484885
3190,0.9857194780452827
3200,0.9836294630792181
3300,0.9927259762452063
3310,0.9958223496984924
3320,0.9933427905293456
3330,0.9916089122053179
3340,0.9979159279882721
3350,0.9986131973308491
3360,0.9992951133770729
3600,0.9847677384787171
3610,0.9836206903330271
3700,0.9525094505810664
3710,0.9659366021927529
3720,0.9805127605411135
3730,0.9821031775479715
3740,0.9805390858639813
3750,0.9843806715805435
3760,0.9805263274526037
3770,0.9855532467567516
3780,0.9832345248363924
3790,0.9865165256194368
3900,0.9928070019519409
3910,0.9957640543600569
3920,0.9955637004155151
3930,0.9899378333673577
3940,0.9929190112904636
3950,0.9889595788343395
3960,0.9985858195487911
3970,0.9938408930611512
3980,0.9985335020754315
3990,0.9910267755337835
4000,0.9928134236677626
4010,0.9956601450975876
4020,0.9912189536364868
4030,0.9928242093729875
4040,0.9961911505898247
4050,0.9911031398619375
4060,0.9846815421329420
4070,0.9837323647840199
4080,0.9856072526151800
4090,0.9846098279145703
4100,0.9835538055172379
4110,0.9868479253415725
4120,0.9880119392640345
4130,0.9801764455154901
4140,0.9858373768494599
4150,0.9866152796575653
4160,0.9768727505722981
4170,0.9867320932710369
4180,0.9782356464406232
4190,0.9830822634866817
4200,0.9684328137191608
4210,0.9620013255869535
4220,0.9611893025155648
4230,0.9619177401318424
4240,0.9650159812649080
4250,0.9652980303034988
4260,0.9567345161781520
4270,0.9668071669988223
4280,0.9659803426425310
4290,0.9591388055702074
4300,0.9596396893654832
4310,0.9838509118006854
4320,0.9809117604925328
