90,0.9445241165865429
100,0.9293816054850519
110,0.9331702999682879
120,0.9271150339822778
130,0.9293902699651484
140,0.9265808305654217
150,0.9278601512046316
160,0.9349012015574623
170,0.9402209944822922
180,0.9641316183855857
240,0.9777987228406749
250,0.9768246244903086
260,0.9802408069644224
270,0.9740333511404566
280,0.9847720365473777
290,0.9794355002886959
300,0.9884541642207620
310,0.9794833333927122
320,0.9910766242112338
330,0.9869522899068522
340,0.9915004407418923
350,0.9855410676886579
360,0.9899484627655508
370,0.9939701490267682
380,0.9896004937728006
390,0.9952757126398175
400,0.9966336453383514
410,0.9914477118989757
420,0.9919420672976288
430,0.9896073572728948
440,0.9948417578768273
450,0.9889006850726425
460,0.9961331279082719
490,0.9891330821827476
500,0.9936985701623244
510,0.9933554510528568
520,0.9887888533398671
530,0.9795606912637063
590,0.9778838626077746
600,0.9714548901185136
610,0.9766711121609283
620,0.9757324967080052
630,0.9642078789693804
640,0.9690521488903123
650,0.9681780387530183
770,0.9595471251538371
780,0.9618301437589184
790,0.9733520929752136
800,0.9740159114683058
810,0.9709619362991578
820,0.9769235683908757
830,0.9703696150068518
840,0.9762354742029179
850,0.9781679272943234
880,0.9759530999266454
890,0.9775535634621216
900,0.9832300482329539
910,0.9827839339809243
920,0.9937879384595946
930,0.9890033393794875
940,0.9897867211754291
1090,0.9843390562030816
1100,0.9866283005251155
1110,0.9821624821996723
1120,0.9835036541801442
1130,0.9784566186675572
1140,0.9764742382162570
1150,0.9853163507900452
1160,0.9769210833978758
1170,0.9777734648627143
1180,0.9763954076314358
1190,0.9742944343337396
1200,0.9750299758099131
1210,0.9672293337438862
1220,0.9651736350441710
1320,0.9259284762215377
1330,0.9276294830399396
1340,0.9454306755760936
1350,0.9622941833925976
1360,0.9709225886988248
1370,0.9725026830916417
1380,0.9725177381134404
1390,0.9752005433353240
1400,0.9712900811275477
1410,0.9705134337081863
1420,0.9708704966757122
1430,0.9741787526926307
1440,0.9797765057488881
1450,0.9736972177671105
1460,0.9866932166730329
1470,0.9798893713362511
1480,0.9883998793538559
1490,0.9802793825339244
1500,0.9830408676513042
1510,0.9918267383284465
1520,0.9846232378236072
1530,0.9945891845977267
1540,0.9947296324108484
1550,0.9941774568363485
1560,0.9958498058936670
1590,0.9964649493429054
1600,0.9977747386186494
1610,0.9974898415706811
1630,0.9955999921851956
1640,0.9902206931477319
1650,0.9911924040036438
1660,0.9937358971377752
1670,0.9876240512026259
1700,0.9884892830312175
1710,0.9786597490623633
1720,0.9848912965731341
1730,0.9792785869067345
1740,0.9801004469152901
1750,0.9747048458094203
1760,0.9775273436292446
1770,0.9746956324252635
1780,0.9763673975058593
1790,0.9728322897352429
1800,0.9746529863265292
1810,0.9721646462929614
1820,0.9617270176534881
1830,0.9713748748408816
1840,0.9406041546246976
1850,0.9387305222300314
1860,0.9390791271467985
1870,0.9414272019139759
1880,0.9480216584251968
1890,0.9445484754164168
1930,0.9394326406616321
1940,0.9625608456761975
1950,0.9705189264828578
1960,0.9680373677837190
1970,0.9713681046684050
1980,0.9753606049035214
1990,0.9723530944105498
2000,0.9771691605802147
2010,0.9705511664500696
2020,0.9713842896552753
2030,0.9827515839495781
2040,0.9842376779745124
2050,0.9791161704111788
2060,0.9774795332549562
2070,0.9892514480364457
2080,0.9886345295122216
2090,0.9844928888860704
2100,0.9939786696195587
2110,0.9912484815825594
2120,0.9949633195703675
2130,0.9941491995875392
2140,0.9942693837294475
2150,0.9952906720747383
2160,0.9946942821667353
2170,0.9945996237364657
2190,0.9977330765474167
2200,0.9882582383836375
2210,0.9975873265225237
2220,0.9887280878188422
2230,0.9893523501424396
2240,0.9877405323891324
2250,0.9924460891297249
2500,0.9285117103286438
2510,0.9428415766674816
2520,0.9568433709471338
2530,0.9601777506450935
2540,0.9626901978077321
2550,0.9660108636446032
2560,0.9641173857434172
2570,0.9746913467205007
2580,0.9775679949778702
2590,0.9725981482185608
2600,0.9722732953674716
2610,0.9744774528999522
2620,0.9775533131037569
2640,0.9872255985117968
2650,0.9808885367164641
2750,0.9953243115618341
2810,0.9966153157295494
2820,0.9889919544860587
2830,0.9957404951060957
2840,0.9921396209831241
2850,0.9895714073674248
2860,0.9919325329088119
2870,0.9895016819524953
2880,0.9873448142188225
2890,0.9806219752549999
2900,0.9752853552630314
2910,0.9758332411637415
2920,0.9728348693360812
2930,0.9729296484408549
2940,0.9741157106960868
2950,0.9764115026595781
2960,0.9708351978255605
2970,0.9706632229523671
2980,0.9645643697978468
2990,0.9642173045266337
3000,0.9661297914991158
3010,0.9507844840928029
3020,0.9490353925924080
3030,0.9489963895122134
3040,0.9449039085884965
3050,0.9392828264748906
3060,0.9457463676749718
3070,0.9383825352537449
3080,0.9480548809913570
3090,0.9436573516263588
3100,0.9465472536192389
3160,0.9770264913542613
3170,0.9773268460825564
3180,0.9708981262029716
3190,0.9714778161340190
3200,0.9778130039696873
3220,0.9872867710043118
3230,0.9867445363217887
3240,0.9900361661087816
3250,0.9834902340110231
3260,0.9819149633286579
3270,0.9930041446092569
3280,0.9884182553722297
3290,0.9872107202339963
3300,0.9902476478013562
3310,0.9967919380533038
3320,0.9931844253628864
3330,0.9963210616226060
3340,0.9954348117475927
3350,0.9964807944883847
3360,0.9929875935587387
3370,0.9948459423273412
3380,0.9985345994111118
3390,0.9958638834336394
3400,0.9915832292031057
3410,0.9936041909397808
3460,0.9878306513250891
3470,0.9874548702145304
3480,0.9759912930352828
3490,0.9762750205332749
3500,0.9810428570541463
3510,0.9708601348608048
3520,0.9768224598765897
3530,0.9675344405371624
3540,0.9703956984878097
3550,0.9667109248299526
3560,0.9652971384631637
3570,0.9657182016892534
3580,0.9694448836339260
3590,0.9627210154505843
3600,0.9474817244370374
3620,0.9336503300038015
3630,0.9295685466396956
3640,0.9230939121139010
3650,0.9196547342986964
3660,0.9229078077893976
3670,0.9268651846106492
3680,0.9364774072754486
3690,0.9530815940456360
3700,0.9636626497632541
3710,0.9635313271438076
3720,0.9660087029986945
3730,0.9679316316043433
3740,0.9718663877866786
3750,0.9685471756221433
3780,0.9735703408646211
3790,0.9845440981352617
3800,0.9797108516326567
3810,0.9766400193970592
3820,0.9827464290645177
3830,0.9849640381636857
3840,0.9885819217203993
3850,0.9853688584669777
3860,0.9903317285980668
3870,0.9932485970502644
3880,0.9893890927142114
3890,0.9889203864954159
3900,0.9929950816502147
3910,0.9956140058749795
3920,1.0000000000000000
3930,0.9959834975081893
3940,0.9906128255124024
3950,0.9938517996504646
3960,0.9960978914772383
3970,0.9902960808132927
3980,0.9938937895243239
3990,0.9894566088245992
4000,0.9855047225717044
4010,0.9944685169969005
4120,0.9742869235055189
4130,0.9702507476852934
4140,0.9749443520681239
4150,0.9676828304623868
4310,0.9693745891825780
4320,0.9678544833979777
