0,0.9766588007256543
10,0.9623107016933122
20,0.9570077204294332
30,0.9541335636407317
40,0.9566481580901229
50,0.9568124163578301
60,0.9511907390384141
70,0.9545497309725598
140,0.9780520391312788
150,0.9742696916736400
160,0.9715086125255242
170,0.9745273601862942
180,0.9746833058509256
190,0.9735237423639734
600,0.9562298647743068
610,0.9522886967125450
620,0.9389101849427997
630,0.9354448503505728
640,0.9344222109642486
720,0.9688898553845805
730,0.9754411508295524
740,0.9783336853174532
750,0.9745381343318782
860,0.9889394315743113
870,0.9971382593571284
960,0.9924178322314733
970,0.9947576146002443
980,0.9970021013537708
990,0.9907979032971441
1000,0.9915006560594901
1010,0.9940991272953800
1020,0.9847683532821356
1030,0.9856544012999887
1060,0.9847210783118986
1070,0.9789745533663481
1080,0.9792370977130710
1090,0.9842301914441165
1100,0.9746504792472268
1110,0.9735776807721582
1150,0.9724421783196975
1160,0.9712886201368770
1170,0.9654837506836718
1180,0.9613990137777859
1190,0.9555341862881862
1200,0.9484760025042850
1210,0.9524602863105339
1220,0.9557930823446785
1230,0.9515825676426016
1240,0.9544573971508845
1250,0.9550564650840866
1260,0.9549789589508415
1270,0.9486900736080980
1280,0.9633318062995035
1290,0.9750427920201414
1340,0.9713164566679185
1350,0.9817779610058209
1360,0.9817934884399896
1470,0.9907407976213400
1480,0.9945064357957889
1490,0.9956373673014557
1500,0.9997428192738088
1510,0.9914553121382053
1520,0.9960421032608356
1660,0.9829033018337976
1670,0.9789961620476183
1680,0.9819557149884781
1690,0.9838230890417824
1700,0.9816682790754239
1710,0.9810052479428701
1720,0.9696271204242806
1730,0.9711625808325093
1740,0.9773072089850297
1750,0.9735846243492796
1760,0.9696559760686546
1770,0.9581372407609391
1780,0.9429093139121287
1790,0.9412126167668153
1800,0.9407022726943934
1810,0.9413866302916425
2100,0.9919357602475767
2110,0.9971797454214923
2120,1.0000000000000000
2200,0.9869737207122886
2210,0.9819771813791776
2220,0.9912692261269964
2230,0.9811620716305999
2240,0.9893368021727293
2250,0.9793633021965199
2260,0.9840677574704897
2270,0.9794864472321061
2280,0.9741575255710773
2290,0.9734422382344340
2300,0.9812955827840040
2310,0.9776297888402673
2320,0.9756222924892390
2330,0.9770234735422842
2340,0.9736361860080148
2350,0.9581417398802924
2360,0.9560083582068566
2370,0.9486577991551288
2380,0.9524766214573055
2390,0.9480717417369611
2400,0.9545446650319894
2410,0.9569595663129615
2630,0.9877974031426182
2640,0.9870696812648119
2650,0.9929877649999330
2660,0.9897196705903153
2670,0.9929159129416193
2680,0.9976791012331148
2690,0.9967867609914303
2700,0.9981386817893708
2710,0.9979617568231984
2720,0.9940874419694290
2730,0.9891805446433811
2740,0.9894994880701534
2750,0.9947065051971403
2760,0.9901472931041227
2780,0.9905981382411507
2890,0.9756925627321756
2900,0.9688449278498722
2910,0.9734343518338466
2920,0.9714396983969525
3100,0.9769755291372803
3110,0.9788528894197100
3120,0.9739768170366598
3130,0.9861701229744992
3140,0.9815849612064488
3150,0.9778423359458013
3160,0.9857540825044151
3170,0.9814015800737659
3180,0.9834659472739827
3190,0.9858890326989250
3200,0.9908711553506327
3210,0.9890907116425914
3220,0.9867838814400859
3250,0.9925975545091505
3330,0.9905657852303444
3340,0.9898368299825318
3350,0.9902119328330679
3360,0.9845081725970316
3420,0.9851778189028579
3660,0.9710411265696721
3670,0.9743100576943706
3680,0.9708138820905504
3690,0.9807527404901435
3700,0.9798684359149847
3710,0.9796139541349772
3720,0.9771927154383093
3730,0.9795904398561032
3740,0.9845509070214048
3750,0.9912167059234813
3760,0.9878037274083953
3770,0.9878660113788461
3810,0.9869861644129240
3820,0.9915420790466519
3830,0.9925267718603058
3840,0.9958468913980004
3850,0.9885090770805789
3860,0.9929084892585134
3870,0.9978569433584057
3880,0.9966383225125153
3890,0.9913044337061554
3900,0.9888430710475153
3910,0.9910788442802204
3920,0.9941148328325314
4000,0.9884644906123257
4260,0.9778429687287090
4270,0.9788631671578640
4280,0.9785904017533578
4290,0.9750974672670960
4300,0.9798832571419381
4310,0.9840203618480986
4320,0.9821063752418595
