0,0.9892585477327779
10,0.9828223654460260
20,0.9857034921407131
30,0.9952952171372261
40,0.9848192497921586
50,0.9863487134262069
60,0.9964020669377156
70,0.9870281631319920
80,0.9983230240054560
90,0.9924999459160088
100,0.9922647034230306
110,0.9993742310357437
120,0.9911178909042312
130,0.9998708426374288
140,0.9927131642646360
150,0.9946727640375955
160,0.9898490335688026
170,0.9926774298191172
180,0.9927254326755971
190,0.9865258832111956
200,0.9873242394158277
210,0.9938786589990588
220,0.9811983848892005
230,0.9809175712482423
240,0.9852618058436764
250,0.9871213502838558
260,0.9847920511008244
270,0.9755531920966548
280,0.9795018023520474
290,0.9806693531390567
410,0.9582311776768697
420,0.9545405569006511
430,0.9528653781015358
440,0.9576510497916507
470,0.9692429086266516
480,0.9694631837078225
490,0.9681987363029535
500,0.9775316500557444
510,0.9722279181531436
520,0.9793877341425089
530,0.9757010038960349
540,0.9839244409183038
550,0.9763221001967841
560,0.9771178207433819
570,0.9884531120617184
580,0.9825637187676513
590,0.9914129202720345
600,0.9895462600302227
610,0.9888429628159126
620,0.9852741681548427
630,0.9893690311697712
640,0.9919801181649872
650,0.9941998989994919
670,0.9994674754792569
680,0.9966078905972856
690,0.9973819650775589
700,0.9892967931817361
710,0.9966548659513622
720,0.9938630410853883
730,0.9963251196350985
740,0.9911543119891614
750,0.9926936194802126
760,0.9953567879823263
770,0.9903733245552521
780,0.9898339485777783
790,0.9878347815905305
800,0.9906648265434573
810,0.9873022553004384
820,0.9818195616190705
830,0.9838479771515275
840,0.9778707336381079
850,0.9762608584285831
860,0.9751029006205748
870,0.9741518656492845
880,0.9781395624626649
890,0.9751807111083947
900,0.9747320075921454
910,0.9694894344773336
920,0.9768818706695998
930,0.9738597566571046
940,0.9667809830150301
950,0.9528043599779730
960,0.9451380153190814
970,0.9476580499046714
980,0.9358223797311556
990,0.9447262811745947
1000,0.9404952880995845
1010,0.9418752819893541
1020,0.9459442707436250
1030,0.9495599002968742
1040,0.9649263243396430
1050,0.9762610917071913
1060,0.9708748009895447
1070,0.9788618739518142
1120,0.9746585041015575
1130,0.9791559774941514
1140,0.9850078499201748
1150,0.9854634055109937
1160,0.9814699262594809
1170,0.9881419070582871
1180,0.9850272929157903
1190,0.9851966411154975
1200,0.9938993081959597
1210,0.9934370946205051
1220,0.9880670683085827
1230,0.9899873566248059
1240,0.9904290131617145
1250,0.9904130538817572
1260,0.9952707202742874
1270,0.9978502188705003
1280,0.9940435500803791
1290,0.9920548789708582
1300,0.9909166386546387
1310,0.9975978057760885
1320,0.9966756177721001
1330,0.9924914146128393
1340,0.9975063980440324
1350,0.9967458870344285
1360,0.9922510385094772
1370,0.9844447987907560
1380,0.9844067279405178
1390,0.9841273633788978
1400,0.9844535101133407
1410,0.9828112367051300
1420,0.9872315846260574
1430,0.9760717140086432
1440,0.9806758359367923
1450,0.9805224545691468
1460,0.9792675569309728
1470,0.9786823469605214
1480,0.9720074182308154
1490,0.9726104988605823
1500,0.9673461536940101
1520,0.9740055531032941
1530,0.9516297562439729
1540,0.9574759930028138
1550,0.9492922743095531
1560,0.9596307661835128
1570,0.9551911830784359
1580,0.9581005030771463
1590,0.9498107380585314
1600,0.9522064734771860
1610,0.9543241365526925
1620,0.9560254576843361
1630,0.9683783525094662
1640,0.9766509805141701
1650,0.9683604337813073
1660,0.9770623931486982
1670,0.9786989842184675
1680,0.9746591788905792
1690,0.9773763022769945
1700,0.9745389849037710
1710,0.9758157780812148
1720,0.9773277700874906
1730,0.9784217222885770
1740,0.9797692246022880
1750,0.9826036253200469
1760,0.9856701206219899
1770,0.9828437830204917
1780,0.9872794560934336
1790,0.9865772724644485
1800,0.9904428067979592
1810,0.9918691411196841
1820,0.9930002654984650
1830,0.9884358701134878
1840,0.9893339463726843
1850,0.9880865389650751
1860,0.9988678813784707
1870,0.9912483469270534
1880,0.9908404914436526
1890,0.9983767666629314
1900,0.9887296365819943
1910,0.9918851031932282
2010,0.9776681304020139
2080,0.9747434042863058
2090,0.9735102841520181
2270,0.9716453990581944
2280,0.9834177786252101
2290,0.9790165099155039
2300,0.9744245986120422
2310,0.9817312961044022
2560,0.9857102099397317
2570,0.9822098747566486
2580,0.9809956408252046
2590,0.9873752745594389
2600,0.9801552864228390
2710,0.9564563679579845
2720,0.9555109307625506
2730,0.9579120632902943
2740,0.9521188138669537
2750,0.9509133352179452
2760,0.9580100972177485
2770,0.9567674573157476
2780,0.9491426738760402
2790,0.9510635284275726
2800,0.9616119075311739
2860,0.9817253691916473
2870,0.9802990918076765
2880,0.9758216912951158
2890,0.9807208961264614
2900,0.9791388985064210
2910,0.9823793332903501
2920,0.9882676817208557
2930,0.9810656235430592
2940,0.9892500787331785
2950,0.9911616844955204
2960,0.9858728450545343
2970,0.9876251788392379
2980,0.9896879979370646
2990,0.9923195491703729
3000,0.9912861986514380
3010,0.9939572834943958
3020,0.9913531522286545
3040,0.9990882692671631
3050,1.0000000000000000
3060,0.9929264635009122
3070,0.9984916676377786
3120,0.9916045110470243
3130,0.9936492614155356
3140,0.9852084778658573
3150,0.9904974980764700
3160,0.9891389814834735
3170,0.9878786863475725
3180,0.9840428297917020
3190,0.9767603105143203
3200,0.9817312472077212
3210,0.9795955187920632
3220,0.9748587965916363
3230,0.9775447375901197
3240,0.9723700968500472
3250,0.9684208872082555
3260,0.9670284677073703
3270,0.9701957152240066
3280,0.9683711313447344
3290,0.9507219339145544
3360,0.9486311227009089
3370,0.9515140442847018
3380,0.9615094737587964
3410,0.9781512504643898
3420,0.9703542166140418
3430,0.9725370787758947
3440,0.9759084721143534
3450,0.9760410808014662
3460,0.9836616332223518
3470,0.9820568858698069
3480,0.9776892932839429
3490,0.9808681268622330
3500,0.9889576738284157
3510,0.9832981521913051
3520,0.9902256466577423
3530,0.9851760524742179
3540,0.9868284606109685
3550,0.9942731793456375
3560,0.9876912397443933
3570,0.9929891861892863
3580,0.9891640518492253
3590,0.9946514447973182
3600,0.9907241558327244
3610,0.9977309375282161
3620,0.9928521652009105
3630,0.9906602930154431
3640,0.9896507437570453
3650,0.9981549105745048
3660,0.9897189380721549
3670,0.9977822788748565
3680,0.9940380239122344
3690,0.9912016232076456
3700,0.9880065895689699
3710,0.9865753737324765
3720,0.9880150254490995
3730,0.9830956545813129
3740,0.9845955944561765
3750,0.9898945111947722
3760,0.9855552330161728
3770,0.9864593513139298
3780,0.9758012313101661
3790,0.9742770796093374
3800,0.9776565710041933
3810,0.9743484911467021
3820,0.9799725793841365
3830,0.9738410242966666
3840,0.9700138417251143
3850,0.9721609425429132
3860,0.9713921036305140
3870,0.9572917395035306
3880,0.9496251789779535
3890,0.9557052060610621
3900,0.9520739244036651
4000,0.9711888182022579
4070,0.9837781568777227
4080,0.9850807974451317
4090,0.9831213023787111
4100,0.9823752522744550
4110,0.9859704621448893
4120,0.9888694448444325
4130,0.9923344418621369
4140,0.9951183453165918
4150,0.9857521425070481
4160,0.9873384033402983
4170,0.9938363242445405
4180,0.9975974123829359
4190,0.9985220375084219
4200,0.9892897157350800
4210,0.9950560742719171
4220,0.9906221339936897
4230,0.9962237999735730
4240,0.9969509902217571
4250,0.9926206783476836
4260,0.9942304998342251
4270,0.9926503126973882
4280,0.9961157322100351
4290,0.9914975189140954
4300,0.9945147283214331
4310,0.9927174433717089
4320,0.9842489125719598
