0,0.9897535899696893
10,0.9936648469415286
20,0.9926125150132840
30,0.9953949874679546
40,0.9987504408221436
50,0.9982152219658175
60,0.9914062134850558
70,0.9942870039844571
80,0.9943193031424653
140,0.9951970195658509
150,0.9918070636565135
160,0.9917741764842621
170,0.9863667170529321
180,0.9851874315351675
190,0.9858353425964484
200,0.9841817440936383
210,0.9856716721451395
220,0.9851536042150776
280,0.9771579653270503
290,0.9761537142567546
300,0.9719976284619352
310,0.9718316620893835
320,0.9631970599055372
330,0.9541118254178357
340,0.9573527611405558
350,0.9629941915221713
360,0.9617116335103929
460,0.9804713040112675
470,0.9806976301078842
480,0.9802117586987197
490,0.9783730895480165
500,0.9805299937796800
510,0.9881259423400545
520,0.9793652702710500
530,0.9897899466705977
540,0.9838052083223845
550,0.9899928084853509
560,0.9850811593671218
570,0.9917674255106387
580,0.9942424395587391
590,0.9941814209063466
600,0.9907514763411963
610,0.9909686440272092
640,0.9918231528325681
760,0.9879912636297778
770,0.9966524026642205
780,0.9946597383190539
790,0.9909884230543969
800,0.9938071047488271
810,0.9845990454486742
820,0.9927674278606815
830,0.9896489027451514
890,0.9787001370482100
900,0.9806886774766352
910,0.9779993290645077
920,0.9769065946356815
930,0.9749947205190914
940,0.9725468215572547
1010,0.9439919565634010
1020,0.9402674562199350
1030,0.9423605936231101
1040,0.9423776126809567
1050,0.9500204892134987
1060,0.9565371608923675
1070,0.9742082125159985
1080,0.9803873661372903
1090,0.9797327955623817
1100,0.9811311023716478
1140,0.9785326220527245
1150,0.9785065130161137
1160,0.9832403425252642
1170,0.9810347549862453
1180,0.9815536323731749
1190,0.9807708310686089
1200,0.9861363148551782
1280,0.9906929822665805
1290,0.9993432606543708
1300,0.9973930637690426
1310,0.9919941095647944
1320,0.9948435875062480
1330,0.9923503946487299
1340,0.9892707052018015
1350,0.9984926997862407
1360,0.9973932448365501
1370,0.9989839565421389
1380,0.9978620607585761
1390,0.9955842437988375
1400,0.9899767466097541
1570,0.9758279314042497
2070,0.9921169996263369
2080,0.9921065818908371
2090,0.9867486681392265
2150,0.9849787212659500
2160,0.9854309673206808
2170,0.9870660037399998
2180,0.9794087424930443
2190,0.9770907068624615
2200,0.9778959731512394
2210,0.9769827717860717
2220,0.9795860100386434
2230,0.9831953667202727
2240,0.9736269126556156
2270,0.9595767916114475
2280,0.9525132219379382
2290,0.9416798010119206
2300,0.9380178345540982
2310,0.9397504103811849
2320,0.9394703189441732
2330,0.9491004387613082
2340,0.9433071371665872
2350,0.9556971892054014
2360,0.9680650199010816
2460,0.9895133983002219
2470,0.9804610559015231
2480,0.9898528962761016
2490,0.9889349098207745
2510,0.9875716815220331
2520,0.9850315275394975
2530,0.9919579573647629
2540,0.9892123977280467
2550,0.9887984265608117
2560,0.9865220235619199
2640,0.9990855016112665
2650,0.9921243261045982
2660,0.9998589845574495
2670,0.9923072821495599
2680,0.9982408009482537
2790,0.9854996133323568
2800,0.9885097581859214
2810,0.9892154925482706
3040,0.9747014422411922
3050,0.9791061138561569
3060,0.9820413972453672
3070,0.9845574840220416
3080,0.9818267897948452
3090,0.9789857297913558
3100,0.9801735115129888
3110,0.9822875590060213
3120,0.9880172828707887
3130,0.9827863117443436
3140,0.9901746577570252
3150,0.9845295488713491
3160,0.9930032281481131
3170,0.9887857509310237
3180,0.9877528971199708
3210,0.9884261601398284
3270,0.9928114338957869
3280,0.9979625880516884
3290,0.9906981994171784
3300,0.9890601526116336
3480,0.9825908391532975
3490,0.9793307422141323
3500,0.9805932720812244
3510,0.9754672892750464
3520,0.9818619103966700
3530,0.9741302815104957
3540,0.9773087430173368
3550,0.9785971697730675
3560,0.9661899707848822
3570,0.9510544633561157
3580,0.9516386256285640
3990,0.9940480242596634
4000,0.9923517265706769
4010,0.9952379395464128
4020,0.9903884987606898
4030,0.9945703635563478
4040,0.9879822914172472
4050,0.9856358000156642
4060,0.9861963221808077
4070,0.9887988056175329
4080,0.9836270287419934
4090,0.9819310985323417
4100,0.9903896314723148
4110,0.9785133951242128
4120,0.9851350643956196
4130,0.9815268364137030
4140,0.9833666428964747
4150,0.9807305021065917
4160,0.9749354121889757
4170,0.9731610080194459
4180,0.9748502078363359
4190,0.9784983835470134
4200,0.9806406044568343
4210,0.9589561034643626
