0,0.9890112077357242
10,0.9910624471742839
20,0.9943102298988080
30,0.9886574657845866
40,0.9955259398725027
70,0.9823795444007249
80,0.9836201626637846
90,0.9899470256103897
100,0.9865309324462820
110,0.9837673713477912
130,0.9812441095348503
140,0.9766937490822314
150,0.9759697733886371
160,0.9791652531378385
170,0.9784062967368889
180,0.9693309321285519
190,0.9744170203967714
200,0.9731308665880537
210,0.9600453706029234
220,0.9589869436457897
230,0.9497563053764642
240,0.9543796580002359
250,0.9501549654038987
260,0.9514489357424004
270,0.9583161303870035
280,0.9554875498426341
290,0.9583050249207733
300,0.9534653790644050
310,0.9631542824335692
320,0.9695360599087414
330,0.9774774213797915
340,0.9755707761571393
350,0.9701446041867353
360,0.9731392436029499
370,0.9740371730256088
380,0.9756885860403142
390,0.9815910321386658
400,0.9803192523524483
410,0.9808567272164522
420,0.9789870604096295
430,0.9906115894690353
440,0.9895354704651228
450,0.9919626625071026
460,0.9841989819682843
470,0.9936021582524034
480,0.9874523107809134
490,0.9937324992624181
500,0.9962136210692398
510,0.9979700681542069
520,0.9943204968876745
530,0.9971399283270524
540,0.9921464479234919
550,0.9891681496656731
560,0.9905627453865843
570,0.9976822782586614
580,0.9949814644482112
590,0.9979947575614727
610,0.9919418102048786
620,0.9885729799376288
630,0.9862169047858250
640,0.9874772008885259
650,0.9828950976446261
660,0.9826829805751298
670,0.9814535684223571
680,0.9847421567134337
690,0.9789383750354428
700,0.9755362820537273
710,0.9779914336159837
720,0.9764881296148371
730,0.9772403807468130
800,0.9585906898890914
810,0.9525279442266891
820,0.9407516040700825
830,0.9406567832172315
840,0.9422863335421117
850,0.9389092998114658
860,0.9344337996095892
870,0.9405965052655978
880,0.9455923202679519
890,0.9540407978635352
900,0.9733228973768766
910,0.9675934223966361
920,0.9765249532571483
930,0.9701352203526827
940,0.9785040178561915
950,0.9797519993034356
960,0.9773707060321362
970,0.9810053576751195
980,0.9816538941656066
990,0.9800836661430312
1000,0.9853711384412590
1010,0.9897091470216993
1020,0.9886125993187114
1030,0.9811954639160634
1040,0.9836118284820575
1050,0.9833638254897958
1060,0.9902392182295499
1070,0.9916006336745502
1080,0.9905408705236147
1090,0.9933559898358857
1100,0.9933996793627700
1110,0.9904080563658634
1120,0.9997623930089542
1130,0.9902604461304984
1140,0.9960740082283028
1150,0.9887543164810123
1160,0.9895270553589263
1170,0.9987317603681396
1180,0.9965546966630181
1190,0.9889585366237810
1200,0.9926621657526281
1210,0.9871276833489552
1220,0.9852979453503830
1230,0.9920546761955472
1240,0.9914165494732472
1250,0.9826134824673926
1260,0.9828565953034024
1270,0.9865155885417313
1280,0.9842732052487541
1290,0.9769248569395692
1300,0.9829832186494633
1310,0.9745038099963246
1320,0.9744696989060376
1330,0.9768476671590838
1340,0.9721214903750182
1350,0.9787693516762737
1360,0.9701868087842916
1370,0.9710047432698463
1380,0.9638766095135218
1390,0.9588397208942906
1400,0.9505082700162459
1410,0.9543021340665199
1420,0.9581473713429297
1430,0.9566558148719750
1600,0.9843599700816157
1610,0.9903005220217689
1620,0.9883787216923909
1630,0.9832195744705422
1640,0.9865389397857194
1650,0.9880542009846514
1660,0.9939350452415475
1670,0.9899031137885026
1680,0.9940993656949566
1690,0.9985558708670437
1700,0.9989521930595470
1710,0.9919066596553110
1720,0.9974469564027011
1730,0.9973444280143792
1740,0.9939087571427327
1750,0.9887189421646102
1760,0.9947523789353048
1770,0.9959184944781566
1780,0.9961833344762490
1790,0.9854794184673132
1800,0.9936206145740476
1810,0.9881075958428004
1820,0.9884604429993556
1830,0.9924109786399444
1840,0.9831012260699749
1850,0.9846680937245265
1860,0.9881211746596580
1870,0.9861567097678123
1880,0.9744615729228245
1900,0.9741480315921273
1910,0.9771842770265599
1920,0.9740755952416009
1930,0.9717535285818227
1940,0.9703526118915206
1950,0.9692255348776805
1960,0.9728534897222437
1970,0.9602807260560525
1980,0.9519849060822040
1990,0.9407213317394225
2000,0.9363598243704914
2010,0.9433066084168836
2020,0.9337055523366223
2030,0.9361803736238353
2040,0.9400845289423816
2050,0.9453878627472008
2060,0.9536405193779108
2070,0.9653197138896042
2080,0.9658825401126860
2090,0.9769923817541604
2100,0.9737684733102459
2110,0.9726017660197946
2120,0.9814767816056225
2130,0.9787521083633389
2140,0.9760600777495336
2150,0.9828052627643998
2160,0.9814788993903354
2170,0.9801292890178034
2180,0.9896992762655182
2190,0.9848085876289062
2200,0.9904726640193761
2210,0.9903335496344521
2220,0.9847121998403223
2230,0.9867469900133750
2240,0.9940144993895976
2250,0.9962582465812870
2260,0.9882405578451414
2270,0.9993182924658655
2280,0.9929841670417237
2290,0.9932168654162761
2300,0.9962802413891322
2310,0.9973058612461581
2320,0.9931519453603457
2330,0.9943606898652686
2340,0.9890101906868872
2350,0.9917406884866847
2360,0.9913572471325633
2370,0.9960759555525552
2380,0.9943643011650958
2390,0.9912911980894120
2400,0.9929355713806673
2410,0.9881508010754396
2420,0.9898914320203417
2430,0.9807507057981044
2440,0.9776951318524769
2450,0.9862024862197937
2460,0.9824897390493226
2470,0.9843794275376135
2480,0.9751908123289033
2490,0.9821935092730880
2500,0.9755615064370117
2510,0.9790636027881452
2520,0.9768467963095170
2530,0.9725989970251614
2540,0.9754193277682922
2550,0.9600143906465805
2560,0.9526802758775604
2570,0.9481123884654218
2580,0.9564240202176384
2590,0.9569363532633897
2600,0.9481652707037648
2610,0.9497411906134428
2620,0.9588609884888742
2660,0.9670012476567490
2670,0.9664848321610389
2680,0.9689341530440529
2690,0.9772319313656269
2700,0.9753476886367309
2710,0.9718476450455436
2720,0.9824245433817608
2730,0.9827858707801531
2740,0.9746887485943191
2750,0.9784157634578347
2760,0.9782981368828711
2770,0.9819809049580061
2780,0.9817533155155916
2790,0.9817723030338237
2800,0.9903506747956363
2810,0.9866363773839806
2820,0.9894276610489512
2830,0.9884764855693368
2840,0.9940722871295665
2850,0.9881058184030204
2860,0.9928973586849155
2870,0.9887247837207904
2880,0.9937575643521454
2890,0.9939855848986990
2900,0.9915766527832700
2910,0.9883341145906842
2920,0.9913347332103202
2930,0.9954773651343752
2940,0.9955703705365635
2950,0.9966931906005366
2960,0.9896296961183624
2970,0.9943042295434592
2980,0.9916669489459647
2990,0.9898703600838847
3000,0.9840149347088161
3010,0.9859487384214565
3020,0.9846192253595133
3030,0.9839938840088761
3040,0.9823669976891225
3050,0.9773809543207750
3060,0.9742087390989875
3070,0.9754305723496354
3080,0.9809988975116747
3090,0.9709500539374131
3100,0.9756184460858384
3110,0.9701364513469815
3120,0.9712648144150915
3130,0.9731846007677885
3140,0.9597539477530441
3150,0.9464426647763687
3160,0.9405296080565605
3170,0.9356200440783905
3180,0.9415597346446931
3190,0.9377291833261268
3200,0.9434250913098814
3210,0.9384095298800104
3220,0.9510226272926147
3230,0.9560662304860672
3240,0.9681703388943456
3250,0.9735347395903373
3260,0.9718819150290660
3270,0.9695596035988050
3280,0.9688384324348260
3290,0.9747650343158647
3300,0.9752882381832346
3310,0.9822825332801609
3320,0.9752186055054691
3330,0.9781194414160751
3340,0.9848206565766027
3350,0.9843402900131960
3360,0.9870483000641892
3370,0.9872226155870903
3380,0.9853627715044637
3390,0.9862254723822558
3400,0.9897928025600792
3410,0.9911202582530267
3420,0.9932625523838051
3430,0.9968813419324728
3440,0.9948872845155493
3450,0.9911949334900196
3460,0.9957265825420227
3490,0.9954903906541338
3500,0.9899873205475233
3510,0.9982640992277816
3520,0.9991697491856882
3530,0.9884122611249683
3540,0.9952015910328406
3550,0.9852503716876115
3560,0.9942002930733004
3570,0.9933435558207810
3580,0.9826338184780612
3590,0.9857526631442728
3600,0.9814705010473066
3610,0.9815351329895196
3620,0.9854642167380098
3630,0.9769591339147038
3640,0.9820665873857964
3650,0.9816886976234694
3660,0.9727027918166035
3670,0.9733322566012514
3680,0.9691028212051821
3690,0.9732931988436336
3710,0.9682030449678567
3720,0.9603654647386679
3730,0.9583246377225766
3740,0.9519021104793065
3750,0.9518938629080476
3760,0.9482494941775919
3770,0.9566797658949487
3780,0.9544594839792395
3790,0.9517288716574832
3800,0.9499221619971220
3810,0.9581403946155231
3820,0.9549132487497891
3830,0.9750362642617908
3840,0.9658313990765791
3850,0.9736594279887127
3860,0.9766104714781462
3870,0.9774474510438953
3880,0.9737213219872480
3890,0.9807859783893779
3900,0.9801937031874547
3910,0.9791443710858524
3920,0.9784665594039257
3930,0.9806055327503234
3940,0.9796058370817676
3950,0.9821257214844372
3960,0.9834905823514599
3970,0.9864889510650506
3980,0.9922026119233540
3990,0.9944182683235696
4000,0.9874034549212850
4100,0.9982549237595457
4110,0.9973174381449951
4120,0.9944198086824109
4130,0.9889920774371577
4140,0.9877627218854338
4150,0.9885667026796261
4160,0.9874992048547915
4170,0.9928815757509072
4180,0.9819292964757093
4190,0.9811995360113983
4200,0.9796953507103998
4220,0.9793693640423935
4230,0.9773929653473763
4240,0.9721872503148939
4250,0.9707565671759691
4260,0.9719914154043667
4270,0.9782068263162720
4280,0.9675243186730365
4290,0.9699488273370533
4300,0.9719651113670824
4310,0.9600370220178650
4320,0.9448243387957118
