50,0.9825268866836894
60,0.9909918092103633
70,0.9877208680136677
80,0.9921104988127156
170,0.9880180867236382
180,0.9988583624196172
190,0.9952902907945258
200,0.9979549609501079
210,0.9967806061292789
220,0.9982535476423260
230,0.9954050860445439
240,0.9905922955105870
250,0.9935484143906580
260,0.9896060555684587
270,0.9903495491043720
280,0.9944675435300274
290,0.9896586421516687
300,0.9895426828795306
310,0.9941746298706816
320,0.9943992439274357
330,0.9905519126106979
340,0.9887312943154248
350,0.9890068580610781
440,0.9776387061883794
450,0.9741800706688398
460,0.9603198887065109
470,0.9680710974567713
480,0.9678084725162502
490,0.9584172627761079
500,0.9580889242326868
510,0.9646695801438232
520,0.9600110025714917
530,0.9662545445312438
540,0.9654912263103733
550,0.9712776415836496
560,0.9800291791671746
570,0.9783200866526728
580,0.9791577510770056
590,0.9801808415552298
600,0.9799698198169077
610,0.9885736825856759
620,0.9812728649057950
630,0.9811215931947144
640,0.9831553818805735
650,0.9878084698435674
660,0.9827972655885658
670,0.9892233634201276
680,0.9843218665905061
690,0.9953162349227369
700,0.9940838122460133
710,0.9924852101938013
720,0.9877292739741969
730,0.9962092231462565
740,0.9951794965618255
750,0.9984192730061109
760,0.9981402794807898
770,0.9881289832782064
870,0.9946939223300242
880,0.9868559114306692
890,0.9902896522363848
900,0.9905172957178999
910,0.9859379635068353
920,0.9835382875962916
930,0.9884406405414975
940,0.9904249748460586
950,0.9880581508734999
960,0.9909511359221204
970,0.9878440568898402
980,0.9795342274805068
990,0.9862410717209001
1000,0.9779979897123483
1010,0.9852010246980483
1020,0.9778494752891115
1070,0.9555480218757469
1080,0.9473619243761073
1090,0.9540552106865460
1100,0.9542610548595513
1110,0.9484671845018210
1120,0.9529537693252329
1130,0.9635851612878761
1140,0.9760182225945284
1150,0.9867290729530572
1160,0.9775922745180655
1190,0.9816799039102809
1200,0.9808831580414592
1310,0.9874980899977451
1320,0.9901891641331132
1330,0.9953330199315545
1340,0.9886139139013784
1350,0.9995599650147631
1360,0.9896041924973186
1370,0.9906882277467004
1380,0.9975410756180866
1390,0.9889542626216510
1400,0.9884377417865099
1410,0.9910843612824407
1420,0.9901978832860061
1430,0.9964423457530058
1440,0.9971419231815630
1450,0.9870605043361759
1460,0.9947431773249742
1470,0.9874660594131793
1480,0.9936358165132578
1490,0.9907752095226527
1500,0.9882887444773314
1510,0.9855731774518451
1520,0.9844631996189637
1530,0.9927005282383823
1540,0.9862984737741610
1550,0.9814839280091229
1560,0.9901641781345474
1570,0.9818600302744085
1580,0.9825559858747347
1590,0.9791993134482729
1600,0.9863275077977312
1610,0.9771279704727440
1620,0.9767132294215313
1630,0.9585365354627532
1680,0.9682082358164102
1720,0.9623369893705365
1730,0.9776529599569612
1740,0.9795921551243826
1750,0.9876136905143583
1760,0.9889384950217820
1820,0.9856631526983299
1830,0.9889704601924155
1840,0.9852005882896337
1850,0.9933208410315869
1860,0.9926058399964717
1870,0.9902865777888535
1880,0.9900123217855279
1890,0.9977293993137663
1900,0.9896083962426415
1910,0.9881364573247727
1920,0.9924045391565520
1930,0.9900924782836945
1940,0.9944259506603658
1950,0.9989623668291916
1960,0.9906605710037379
1970,1.0000000000000000
1980,0.9911350721718108
1990,0.9997251719298008
2000,0.9902483749699345
2010,0.9963784515105806
2020,0.9926207766843124
2030,0.9891819430670095
2040,0.9883283038699611
2050,0.9953925081619748
2060,0.9862139012552884
2070,0.9919684453315887
2080,0.9952874067458694
2090,0.9829878412947626
2100,0.9870092895317628
2110,0.9837449382366308
2120,0.9878653915117835
2130,0.9802925916553150
2140,0.9811176148364050
2150,0.9797979197046049
2160,0.9802363430163004
2170,0.9870992166258300
2180,0.9841268792687161
2190,0.9786165868539837
2200,0.9873948406023032
2210,0.9761784427903178
2220,0.9590890431651959
2230,0.9517177835983330
2240,0.9546418567439542
2250,0.9456407615644078
2260,0.9541309912872374
2270,0.9447041647076492
2280,0.9539481529110454
2290,0.9538743005583873
2300,0.9665606038137657
2310,0.9756251063332252
2320,0.9834587311675544
2330,0.9798413326239792
2340,0.9818442961227357
2350,0.9796931491364286
2360,0.9786583153571915
2370,0.9819961966436579
2450,0.9914951936881662
2480,0.9870826139386299
2490,0.9924001496072420
2500,0.9912033972635722
2510,0.9952087164950745
2520,0.9931085500551828
2530,0.9901115430870326
2540,0.9942568755636920
2550,0.9914891092257364
2560,0.9976743586543553
2570,0.9987427150282936
2580,0.9890312463066439
2590,0.9886355429370002
2600,0.9963135270195952
2610,0.9942261548349370
2620,0.9964511016225496
2630,0.9978425571824919
2640,0.9960996085079111
2650,0.9868093935416711
2660,0.9864533059283618
2670,0.9847733356558062
2680,0.9832747078067394
2690,0.9889186969099479
2700,0.9924306395259339
2710,0.9860546441184749
2720,0.9914259272318531
2730,0.9804770501886102
2740,0.9856416505926682
2750,0.9874750985660588
2760,0.9836851219268630
2770,0.9878264133431858
2850,0.9625857858601606
2860,0.9593935651392463
2870,0.9630241180113150
2880,0.9585040258242647
2890,0.9621981642656336
2900,0.9742417045512717
2910,0.9808270604143705
2950,0.9893823961931010
2960,0.9800290105776351
2970,0.9867746825797717
3060,0.9893661367949210
3070,0.9985192694700206
3080,0.9956189351124353
3090,0.9881611348410835
3100,0.9885603204423922
3110,0.9938693786466496
3120,0.9952133404362808
3130,0.9972961953849396
3140,0.9891465171883458
3150,0.9891647111999204
3160,0.9941460449817970
3170,0.9884035179601526
3180,0.9877973725121870
3190,0.9890562119741806
3200,0.9919895217815184
3210,0.9916472843898537
3220,0.9927230574735667
3230,0.9858615128986482
3240,0.9954373771619406
3250,0.9936480910975479
3260,0.9864846923347658
3270,0.9889685880405127
3280,0.9837516172925197
3290,0.9843242719690073
3300,0.9802858757046532
3310,0.9860476197316458
3320,0.9842235491028150
3330,0.9807556067395855
3340,0.9885770980980956
3350,0.9777910148047845
3360,0.9867193436209875
3370,0.9813622631980818
3380,0.9783133503197003
3390,0.9555357275999459
3400,0.9535447647859179
3410,0.9509534496487815
3420,0.9544787919757095
3520,0.9872792043086100
3530,0.9883929718804179
3540,0.9903048148934885
3550,0.9872216082488107
3560,0.9844382911814276
3570,0.9885345529553293
3580,0.9819969526616510
3590,0.9892824555375297
3600,0.9887498794944998
3610,0.9856969647063863
3620,0.9861964220590422
3630,0.9920036729137485
3640,0.9869809945078938
3650,0.9948483525695700
3660,0.9899444552663960
3670,0.9959063679575881
3680,0.9894912978242545
3690,0.9964432132402324
3700,0.9997130577371286
3710,0.9993870657435439
3720,0.9900947573942580
3730,0.9948607301360712
3740,0.9999181088999269
3750,0.9966044658002949
3760,0.9914785236199315
3770,0.9955027250608260
3780,0.9987972414471364
3790,0.9871997527990308
3800,0.9972628107833136
3810,0.9858739945586347
3820,0.9962876447364468
3830,0.9898523823599265
3840,0.9890741222707112
3850,0.9931657179106815
3860,0.9918292316912675
3870,0.9919838727091937
3880,0.9849436380749088
3890,0.9818080400021364
3900,0.9857989095974635
3910,0.9804829336142635
3920,0.9802698755318584
3930,0.9824593089532245
3940,0.9836058844957776
3950,0.9788209304773048
3960,0.9734437299380634
3970,0.9679383596439028
3980,0.9642748524274577
3990,0.9631183144812682
4000,0.9659527706340336
4010,0.9596805961444705
4020,0.9643582182019148
4030,0.9624681590231833
4040,0.9665530239465795
4050,0.9592372140836029
4070,0.9845354282071427
4080,0.9801744978453233
4090,0.9801885102570731
4100,0.9869627923753473
4110,0.9786868110533552
4120,0.9898294112910164
4130,0.9806165358005515
4140,0.9828762775989538
4150,0.9912325959901163
4160,0.9901566283329784
4170,0.9900415265259692
4180,0.9906448082828142
4190,0.9912981695726872
4200,0.9921622884269273
4210,0.9940356473344348
4220,0.9859276684198639
4230,0.9876142549218039
4240,0.9972439588014723
4250,0.9935588358082237
4260,0.9923507168062129
4270,0.9956648028042040
4280,0.9890255973870019
4290,0.9925425034966434
4300,0.9971665147298271
4310,0.9964583426378775
4320,0.9968892293224707
