0,0.9861348270737963
10,0.9837855120804438
20,0.9868690885614277
30,0.9907551755847740
40,0.9951045183433727
140,0.9886872991212040
150,0.9885047894429072
160,0.9906355652245820
170,0.9891252820890386
180,0.9874228617721705
190,0.9885810703904817
200,0.9886962894129271
210,0.9862120588767387
220,0.9803333572866143
230,0.9813483056051554
240,0.9858250497414250
250,0.9751775989513063
260,0.9795336928767294
320,0.9622030587644685
330,0.9663237057053399
340,0.9691963821744209
350,0.9610919209093035
360,0.9534736270099634
370,0.9525531441863335
380,0.9544989192915091
390,0.9522302390188255
400,0.9494121482037808
410,0.9488812255991210
420,0.9514421693025692
430,0.9466304700508557
440,0.9538327479312900
450,0.9557577262403698
460,0.9628229727579624
470,0.9680910117502385
480,0.9704174496400031
490,0.9694103096560958
500,0.9714713615748026
510,0.9649366754789939
520,0.9763377626231644
530,0.9697019627802239
540,0.9798278792008821
550,0.9804651629136294
560,0.9822759891867890
570,0.9816851377466514
580,0.9877437495362594
590,0.9899593630121004
600,0.9915084931236711
610,0.9913565167444303
620,0.9951251928504957
630,0.9875955840756442
640,0.9916783858166678
650,0.9913396296220959
660,0.9918609413895190
670,0.9884691107445941
680,0.9962152152726493
690,0.9946293594283955
700,0.9994036119440710
710,0.9914858252926294
720,0.9970140511890750
730,0.9974222820448622
740,0.9889947426612505
750,0.9885419125518540
760,0.9954618901854173
770,0.9918930828806816
780,0.9862237609381215
790,0.9861930722949287
800,0.9806838573850657
810,0.9793161347392586
820,0.9809155576626086
830,0.9801211809520621
840,0.9746478998707386
850,0.9745656102767383
860,0.9737718815807793
870,0.9701135354147742
880,0.9736905640518485
890,0.9747546166869301
900,0.9630845629088615
910,0.9635946881024806
920,0.9605207283442215
930,0.9634791730569554
940,0.9512474223776750
950,0.9393310612768305
960,0.9383138046789126
970,0.9389882840813435
980,0.9308093089197054
990,0.9396889098645839
1000,0.9366663474421979
1010,0.9318523874267762
1140,0.9806246958307141
1150,0.9778250631022793
1160,0.9794477486929593
1170,0.9895511633121592
1180,0.9849773911139645
1190,0.9837943766648900
1200,0.9925773983981744
1210,0.9874737483008834
1220,0.9899695695305141
1230,0.9903687876172951
1240,0.9908604990637561
1250,0.9914281043296428
1260,0.9963412627974823
1270,0.9996760240129111
1280,0.9995976415192487
1290,0.9940146635242537
1300,0.9930780214580200
1310,0.9883829360758352
1320,0.9963689637142477
1330,0.9980069176002624
1340,0.9926608040282358
1350,0.9897427285709888
1360,0.9874005055624256
1370,0.9876198240210390
1390,0.9804672846736170
1400,0.9778244804671865
1410,0.9811368515036323
1420,0.9786227252509579
1430,0.9825177406094466
1440,0.9722615927552939
1450,0.9705302129895170
1470,0.9716395765181666
1480,0.9735151934852678
1490,0.9723938630568129
1500,0.9644798702373991
1510,0.9669787888526687
1520,0.9539641578828604
1530,0.9503662796594109
1540,0.9446097001733997
1550,0.9524242967796026
1560,0.9475111413047235
1570,0.9506446260463743
1580,0.9492132343139301
1590,0.9472809851702181
1600,0.9549269584814790
1610,0.9448734893118896
1620,0.9507690491282128
1630,0.9582497559047392
1640,0.9685496668179382
1650,0.9659923839854297
1660,0.9617530756282752
1670,0.9643634224229645
1680,0.9714488109332839
1700,0.9790893188826661
1710,0.9754410135394612
1720,0.9792339464003904
1730,0.9769019296989349
1740,0.9814073709046258
1750,0.9857744633456177
1760,0.9860657348044518
1770,0.9894173310420321
1780,0.9878460800362759
1790,0.9835695606841789
1800,0.9883965771683412
1810,0.9878555456898531
1820,0.9872643336309821
1830,0.9964108211760899
1840,0.9926023765652767
1850,0.9900619214023146
1860,0.9950059742983792
1870,0.9963908058199360
1880,0.9952362904739619
1890,0.9957329920720110
1900,0.9935582851560452
1910,0.9933063648657875
1920,0.9970746206889691
1930,0.9889960019184842
1940,0.9902345887875991
1950,0.9830072500447957
1960,0.9843801569567345
1970,0.9800331357248652
1980,0.9779289890110702
1990,0.9794898257196069
2000,0.9819979651358046
2010,0.9757365653257999
2140,0.9370697281740841
2150,0.9348054263895240
2180,0.9426810189575455
2190,0.9393678661126462
2200,0.9436496364163190
2210,0.9529723691246131
2220,0.9687105016598935
2230,0.9598867879662000
2240,0.9671098027515322
2250,0.9702744307949004
2260,0.9680496072632261
2270,0.9740102458386081
2280,0.9693436890612049
2290,0.9756956302234102
2300,0.9809209060593265
2310,0.9746471832898509
2320,0.9765742093737170
2330,0.9829038380177765
2340,0.9884713204766115
2350,0.9827924178798322
2360,0.9895814775199607
2370,0.9848665641313511
2380,0.9888826191920185
2390,0.9955876455809071
2400,0.9883521746195437
2410,0.9882682085236383
2420,0.9932635711774965
2430,0.9943474385171969
2440,0.9997025200878065
2450,0.9895267425231169
2460,0.9949561413715773
2470,0.9937627042453963
2480,0.9919661134020563
2490,0.9917362493664349
2500,0.9884098996049420
2510,0.9941670127776493
2520,0.9861240628518536
2530,0.9921587448510416
2540,0.9848688479639727
2550,0.9864783706314599
2560,0.9897977116760633
2570,0.9791252682757505
2580,0.9793832620925058
2590,0.9762256431828901
2600,0.9742262049732735
2610,0.9699020116582439
2620,0.9790161140653665
2630,0.9705960051797808
2640,0.9652142838302472
2650,0.9735523755836024
2660,0.9672120521645192
2670,0.9701462395946567
2680,0.9606646778567276
2690,0.9651165316126956
2700,0.9442510872415015
2710,0.9494549848996744
2720,0.9539874719942197
2730,0.9501141914917066
2740,0.9540899798047454
2750,0.9528844884358565
2760,0.9524327896199777
2770,0.9527253200006698
2780,0.9511132554535814
2790,0.9471721313064700
2800,0.9650834059670594
2810,0.9649838895261892
2820,0.9625965331196420
2830,0.9725970261893462
2840,0.9688960120323065
2850,0.9704213819138438
2860,0.9692355830006892
2870,0.9746904985048095
2880,0.9749392937988334
2890,0.9783038611828303
2900,0.9821479384584464
2910,0.9832393498233964
2920,0.9800394793045850
2930,0.9870708074979363
2940,0.9890972279456983
2950,0.9843803346000605
2960,0.9881556047861851
2970,0.9868902268774237
2980,0.9961328961649835
2990,0.9923491481421398
3000,0.9956511718759899
3010,0.9933200678300124
3020,0.9918185045944166
3030,0.9913477023676601
3040,0.9995166599418241
3050,0.9995998577693817
3060,0.9889101786253982
3070,0.9905231983156478
3080,0.9916648580634895
3090,0.9905439459446724
3100,0.9941443893270651
3110,0.9914772161916889
3120,0.9934626588756345
3130,0.9904414510963058
3140,0.9795803721216336
3150,0.9891186726562983
3160,0.9839685597164382
3170,0.9752801669599858
3180,0.9756129177827340
3190,0.9791336146475805
3200,0.9719147505090941
3210,0.9773950587125219
3220,0.9696524817673979
3230,0.9667383879910844
3240,0.9688848855181670
3250,0.9658400448677401
3260,0.9604609024591678
3270,0.9586775230437647
3280,0.9595830364732308
3290,0.9462411007230243
3300,0.9350565981934683
3310,0.9411201039138470
3320,0.9339564239138578
3330,0.9320534577835794
3340,0.9339026660431027
3350,0.9335869741408898
3360,0.9391971460207165
3370,0.9445703616057368
3380,0.9548570527907645
3390,0.9605264778062644
3400,0.9674258045896740
3410,0.9641454892886274
3420,0.9622853502888223
3430,0.9691508577142663
3440,0.9702190798139295
3450,0.9718159372586382
3460,0.9762447708700327
3470,0.9730401506704218
3480,0.9822311144541614
3490,0.9855224113140696
3500,0.9823421992467600
3510,0.9795566557257496
3520,0.9810034576121118
3530,0.9856747267857434
3540,0.9877198698955728
3550,0.9876837366494009
3610,0.9982328220469755
3620,0.9986335212853147
3630,0.9995189156526060
3640,0.9972748268666922
3650,0.9934426091598056
3660,0.9970467772869669
3670,0.9917285825644091
3680,0.9890894969199588
3690,0.9849589902241662
3700,0.9851784027615442
3710,0.9841503186439650
3720,0.9856192890712067
3730,0.9794011934258482
3740,0.9841143903063940
3750,0.9755467834151744
3760,0.9770714143634582
3770,0.9794569304178623
3780,0.9713985025696150
3790,0.9761937437765743
3810,0.9700433067568595
3820,0.9629308288641988
3830,0.9679619675827112
3840,0.9602536585170259
3850,0.9668740125543036
3860,0.9584512991707694
3950,0.9451108772480502
3960,0.9506573297026427
3970,0.9568339571687231
3980,0.9659311494023548
3990,0.9602190015488601
4000,0.9639887029374894
4010,0.9684399403138947
4020,0.9699374297487353
4030,0.9698028402835898
4040,0.9767339380350811
4050,0.9696350735570318
4060,0.9769579468047122
4070,0.9820756057172700
4080,0.9837131707527732
4090,0.9802981274197236
4100,0.9820346287129013
4110,0.9812649123980502
4120,0.9868786399660644
4130,0.9835396360703810
4140,0.9952989812995463
4150,0.9955292743762183
4160,0.9915894989878007
4170,0.9971062855894568
4180,0.9959830976319172
4190,0.9972065890068490
4200,0.9988274715031736
4210,0.9962155328917647
4220,0.9891887594745681
4230,0.9966750724201356
4240,0.9949325858527438
4250,0.9886556783916041
4260,0.9927223654290926
4270,0.9896776021747702
4280,0.9937442821301459
4290,0.9841523450811032
4300,0.9816664829898570
4320,0.9787985772623056
