20,0.9987972857365655
30,0.9993256711434323
40,0.9935504388036790
50,0.9873468525169717
60,0.9921282485948441
70,0.9977369629706304
80,0.9961517158940951
90,0.9958834726784520
100,0.9878071737071397
110,0.9946705275896403
120,0.9851759993353716
130,0.9945809629833917
140,0.9935644670102569
150,0.9869401424448676
160,0.9839983942731060
170,0.9876081134758327
180,0.9895913969775831
190,0.9909135440249909
200,0.9854786173618552
210,0.9830045125027383
220,0.9796347607437857
230,0.9835587804539285
240,0.9726202678200059
250,0.9603133908266347
260,0.9576071878228339
630,0.9965621238046464
640,0.9940195418117496
650,0.9931665371934567
660,0.9947397465498613
670,0.9903763652252530
680,0.9879628387751946
690,0.9946674341057506
700,0.9957059929051724
710,0.9893015478665775
720,0.9878142819528247
730,0.9892346752022693
740,0.9869720382256028
750,0.9822715953479564
760,0.9881938195747526
770,0.9889610383521157
780,0.9875122887417072
790,0.9823436346651844
800,0.9794289448899234
840,0.9595957921875862
890,0.9468958152202631
900,0.9478537341224849
910,0.9515807903595367
920,0.9685640576718620
930,0.9815624797437970
940,0.9810673749296146
950,0.9854819511882593
960,0.9837943295623677
970,0.9911149592689668
980,0.9897033637982238
990,0.9865046745568395
1000,0.9902710592775483
1010,0.9844970884198304
1180,0.9913469569411503
1200,0.9977248531256329
1210,0.9976098746317507
1220,0.9925351633628645
1230,0.9917910794618835
1240,0.9870930444400120
1250,0.9932556808481376
1260,0.9891541788526664
1270,0.9871122429312722
1280,0.9885591880183275
1290,0.9944011506006710
1550,0.9840411253958548
1560,0.9855492781886956
1590,0.9916751553439687
1870,0.9880754831290016
1880,0.9864718013600233
1890,0.9919898620134245
1900,0.9930497434059171
1910,0.9888981886638084
1930,0.9907541848367910
1940,0.9813896540015176
1950,0.9865349606229260
2100,0.9839316813040244
2110,0.9854006337504149
2120,0.9837825518064891
2130,0.9861031973110564
2140,0.9909004016419541
2180,0.9919474485063927
2190,0.9874547590278543
2200,0.9919407918429091
2210,0.9878821058641345
2220,0.9862139896650797
2230,0.9883064024555660
2240,0.9909116629303552
2250,0.9963370613271062
2260,0.9883040573502037
2270,0.9891119738288483
2280,0.9889920973111495
2360,0.9881633933453509
2370,0.9983736687440217
2380,0.9893254527242846
2390,0.9944906783099550
2400,0.9929611225363613
2410,0.9880618318391599
2420,0.9893018582085060
2430,0.9875047814642526
2440,0.9939234979074753
2590,0.9636559858292076
2600,0.9622797996895404
2610,0.9622130145926158
2620,0.9626319555104177
3460,0.9923396196440951
3470,0.9880174322209219
3480,0.9947805124500612
3490,0.9951001780546304
3960,0.9871478174236812
3970,0.9921764469010592
3980,0.9926111052202014
3990,0.9958318452193787
4000,0.9961150691193587
4010,0.9901963747128487
4020,0.9968684507623338
