0,0.9658304366145373
10,0.9748040300657538
20,0.9806803166117642
30,0.9760832945961392
40,0.9751864124999852
50,0.9796571511086504
60,0.9734665595033530
70,0.9802521035061241
80,0.9837002817011300
90,0.9844121114068399
100,0.9792342391831729
110,0.9900417339444295
120,0.9802731662807992
130,0.9863632007368615
140,0.9937327256841232
150,0.9899265138214853
160,0.9911223972928465
170,0.9906302585263117
180,0.9975323063834192
190,0.9892238208476304
200,0.9944481075514717
210,0.9920187552583488
220,0.9984887560449278
230,0.9906183633330029
240,0.9972497790768994
250,0.9980315006710471
260,0.9992787410880495
270,0.9964268883277629
280,0.9925107185600824
290,0.9891958327027425
300,0.9972699138655329
310,0.9882747592338854
320,0.9933564021635399
330,0.9900279762585389
340,0.9923675952532233
350,0.9852053863807709
360,0.9891571780943876
370,0.9804772544744138
380,0.9881191609363493
390,0.9857982044085001
400,0.9775502889680625
410,0.9820795565679744
420,0.9834557603885633
430,0.9784496614262425
440,0.9775296734044110
450,0.9734884707114461
460,0.9808078034275965
470,0.9722587614457665
480,0.9770204206796966
490,0.9644788798197552
500,0.9609247177580658
510,0.9513064235250475
520,0.9464525047893002
530,0.9438231266434731
540,0.9415681262026178
550,0.9458104409599200
560,0.9508131437906207
570,0.9550737864472646
580,0.9560552080547369
630,0.9761227596675960
640,0.9822044404339800
650,0.9746119291115083
660,0.9831269194729430
670,0.9868192642929666
680,0.9812362128453049
690,0.9887621408638368
700,0.9890056804844288
740,0.9938253391205730
750,0.9866198477870427
760,0.9897113376379536
830,0.9976775329580611
840,0.9988201441789666
850,0.9997048477887397
860,0.9879474455563281
870,0.9921549085361669
880,0.9875594010903131
890,0.9967974676105092
900,0.9888964338811086
910,0.9901892045897764
920,0.9919846937283311
930,0.9946531947871764
940,0.9872524554630687
950,0.9896705585860717
960,0.9799182755988647
970,0.9838079167049288
980,0.9844227842044951
990,0.9830229871674875
1000,0.9826975397095740
1010,0.9755123172598906
1020,0.9822397120869593
1030,0.9801998750055821
1040,0.9810338500617113
1050,0.9758062557775716
1060,0.9725836227860090
1070,0.9754034502141197
1080,0.9654014565781536
1090,0.9599979228087109
1100,0.9572578350842964
1110,0.9600364513189247
1120,0.9647055230912741
1130,0.9612181817319070
1140,0.9653691753050500
1230,0.9811931087597376
1240,0.9804543053055429
1250,0.9753819370726703
1260,0.9774481695801192
1270,0.9889867903523620
1280,0.9864900222566068
1290,0.9859394438335283
1300,0.9904287085532075
1310,0.9824617063208617
1320,0.9910329964052734
1330,0.9958625492434937
1340,0.9909706256408620
1350,0.9918379930904597
1360,0.9952439644485174
1370,0.9914177824109809
1430,0.9904604582723613
1440,0.9918662725514200
1450,0.9945931537179381
1460,0.9885619430800554
1470,0.9923701552925709
1480,0.9952199733336144
1490,0.9919913466978969
1500,0.9846393909060777
1510,0.9894037668500413
1520,0.9837444632919961
1530,0.9819695160784622
1540,0.9829364903734299
1550,0.9845298463521299
1560,0.9831096089431821
1570,0.9775044261589890
1580,0.9839137407079060
1600,0.9815612146382847
1610,0.9803116797038324
1620,0.9734102342852502
1660,0.9633573538217901
1670,0.9537803659271351
1680,0.9558870568224670
1690,0.9472545333011435
1700,0.9420757927160719
1710,0.9499555002347557
1720,0.9428207324139734
1730,0.9518903725717229
1740,0.9580178596896307
1750,0.9551736279404958
1760,0.9745089267089816
1770,0.9771460208629849
1780,0.9786098205880753
1790,0.9800766293646594
1800,0.9772904012755753
1810,0.9798982232643862
1820,0.9739893298908546
1830,0.9846792754322723
1840,0.9849556064421648
1850,0.9881816915659574
1860,0.9881502525438709
1870,0.9837896362171242
1880,0.9875531863393359
1890,0.9815534225769245
1900,0.9908134237906187
1950,0.9902353061113814
1960,0.9952783892423646
1970,0.9985357007139787
1980,0.9962428764814180
1990,0.9885105567772381
2000,0.9969651494784034
2010,0.9908271516490091
2020,0.9989834089815832
2030,0.9901882799858519
2040,0.9902071976256821
2050,0.9937428137671106
2060,0.9967827524924274
2070,0.9895916318072486
2080,0.9901343550797698
2090,0.9912275369591558
2100,0.9828900860655319
2110,0.9930411720973603
2120,0.9907878195355714
2130,0.9867394130939804
2140,0.9820662348026002
2150,0.9873319242799712
2160,0.9773262012955167
2170,0.9859569636303959
2180,0.9812247489520255
2190,0.9792805970678190
2200,0.9767073651698968
2210,0.9710646180469662
2220,0.9809500253465292
2230,0.9754235785014725
2240,0.9739989360233133
2250,0.9634047243290684
2260,0.9541029385773140
2270,0.9577550245952936
2280,0.9591300806174743
2290,0.9565402258754540
2300,0.9554862552713791
2310,0.9653806500929683
2370,0.9816081847339743
2380,0.9804742861077510
2390,0.9741793219248311
2400,0.9734645739931213
2410,0.9747162166518424
2420,0.9773768806619282
2430,0.9839178196008503
2440,0.9847531522532080
2450,0.9789304569410293
2460,0.9827270782919585
2470,0.9820229773326531
2480,0.9930536747834247
2490,0.9858787617332746
2500,0.9868543301909347
2510,0.9942561846048812
2520,0.9915730278651289
2530,0.9866805555495172
2540,0.9883937239851353
2550,0.9970303583363193
2560,0.9938505899219999
2570,0.9932391413254807
2580,0.9884212963296838
2590,0.9974475924755195
2600,0.9926537660944701
2610,0.9934624921118269
2620,0.9899658958575747
2630,0.9940686245888968
2640,0.9904132446390544
2650,0.9906244456450654
2660,0.9853946099832496
2670,0.9954691466903037
2680,0.9916198764739061
2690,0.9865186795416713
2700,0.9901743848099994
2710,0.9898331665592995
2720,0.9879767620300163
2730,0.9792134216217391
2740,0.9826335899679275
2750,0.9758921967039895
2760,0.9774807161860658
2770,0.9743346626637984
2780,0.9767237741057121
2790,0.9738807999299425
2800,0.9791302351653831
2810,0.9770566453315549
2820,0.9730490884631978
2830,0.9679233252249816
2840,0.9555174440594704
2850,0.9485187892046766
2860,0.9453396461623249
2870,0.9512026564621175
2880,0.9421509142795750
2890,0.9507973696609939
2900,0.9441552497601586
2910,0.9567853009953785
2920,0.9552715878059549
2930,0.9672844005462845
2940,0.9733561485878302
2950,0.9707543346643267
2960,0.9776303505349445
2970,0.9752324923844440
2980,0.9827528760862826
2990,0.9742059330503118
3000,0.9787213178151621
3010,0.9786525305355166
3020,0.9828606004933635
3030,0.9881186309233919
3040,0.9864835331579288
3050,0.9876699084316223
3060,0.9833348111776428
3070,0.9874517535928831
3080,0.9865071818048137
3090,0.9895913660831755
3100,0.9854675578152059
3110,0.9926405683516146
3120,0.9890604182791490
3130,0.9950528541956609
3140,0.9980926425643325
3150,0.9958763255623242
3160,0.9983571781991412
3170,0.9910712904367511
3180,0.9942480664472236
3190,0.9947452385982157
3200,0.9905034349457993
3210,0.9983311291825463
3220,0.9942569114810113
3230,0.9921292153725139
3240,0.9959839838417309
3250,0.9925242495613819
3260,0.9850442404359858
3270,0.9904414297376872
3280,0.9848026605034050
3290,0.9812346864194609
3300,0.9907468136746994
3310,0.9810242907778406
3320,0.9889393967599698
3330,0.9829855859434897
3340,0.9858161340961715
3350,0.9812935881808706
3360,0.9819483200372355
3370,0.9825636055594545
3380,0.9711967456682653
3390,0.9814128008009907
3400,0.9800462689878571
3410,0.9750737128530329
3420,0.9606559415699337
3430,0.9586765448501439
3440,0.9618669487047056
3450,0.9627696239435597
3460,0.9643327242490791
3470,0.9645727735653181
3480,0.9633939109176816
3490,0.9552335765108300
3500,0.9632178890241475
3510,0.9574149715644453
3520,0.9718210818555235
3530,0.9700765592524372
3540,0.9801638214595163
3550,0.9719435569029435
3560,0.9789104491816759
3570,0.9786493065124423
3580,0.9852725825118147
3590,0.9805091006673607
3600,0.9860328534769230
3610,0.9842186222497351
3620,0.9896524929721797
3630,0.9854348764894408
3640,0.9916765694719251
3650,0.9927151771027742
3660,0.9880112253561880
3670,0.9849992804114454
3680,0.9875832650186369
3690,0.9873160271639742
3700,0.9927128074784101
3710,0.9890361889902656
3720,0.9924293269831337
3730,0.9884784615740035
3740,0.9968801834007441
3750,0.9989319834644081
3760,0.9983998321382868
3770,1.0000000000000000
3780,0.9984931915898899
3790,0.9972601548979323
3800,0.9902800844113496
3810,0.9924107279004023
3820,0.9969410051915593
3830,0.9891478754386873
3840,0.9893172046913921
3850,0.9940801413074208
3860,0.9939857794871525
3870,0.9913776118444005
3880,0.9862173005095176
3890,0.9907913350609366
3900,0.9843033686845978
3970,0.9794746210063738
3980,0.9724794092614748
3990,0.9766521159902438
4000,0.9752034441500332
4010,0.9610486323692968
4020,0.9510058272422616
4030,0.9536341831893693
4040,0.9496631131618902
4050,0.9451055886218021
4060,0.9468719707345551
4070,0.9485912343129588
4080,0.9492784910778578
4090,0.9550156175064797
4100,0.9665764886352616
4130,0.9753752280710184
4140,0.9825302361146075
4150,0.9834385644663282
4160,0.9798239943020093
4170,0.9816278437230489
4180,0.9870445796738931
4200,0.9866113525828734
4210,0.9890654090920191
4220,0.9887909577506849
4230,0.9899802684334421
4240,0.9915449184077668
4250,0.9841456228011777
4260,0.9888227366726791
4270,0.9956825230252864
4280,0.9868757325228653
4290,0.9958905218636074
4300,0.9983863888340080
4310,0.9921409296173176
4320,0.9973516817862982
