0,0.9899747540642402
10,0.9931360087676184
20,0.9875964491230106
30,0.9876446187527664
40,0.9912085048116483
50,0.9981298072014702
60,0.9899741531033369
70,0.9895668724868334
80,0.9897665735560414
90,0.9952123309630584
100,0.9987181642040086
170,0.9947091391384458
180,0.9846878474716636
190,0.9840145615390581
200,0.9933901998182533
210,0.9880622624166094
220,0.9898378560322398
230,0.9890576656127866
240,0.9831567109812980
250,0.9872087358043916
260,0.9835912442939257
270,0.9836523534469450
280,0.9747325574875990
290,0.9729435574252625
300,0.9777795853940136
310,0.9787879713214152
320,0.9702730571738697
330,0.9687468872513921
340,0.9598760838736587
360,0.9515871388423389
370,0.9475294170869404
380,0.9505062929152218
390,0.9520224742270441
400,0.9434026597580275
410,0.9550574113822546
420,0.9598672127524908
430,0.9725160242317122
440,0.9695912295633556
450,0.9707035489523212
460,0.9799801741447569
470,0.9816668673301637
480,0.9786873508900054
490,0.9749005824192516
500,0.9750966536969675
510,0.9876045085646239
520,0.9810379739844608
530,0.9898228393943583
540,0.9844215328647453
550,0.9833111430758851
560,0.9842960308437375
570,0.9876147310977381
580,0.9913428451220128
590,0.9914593603627012
600,0.9914854809539989
610,0.9965573883172871
620,0.9974189418938275
630,0.9956643635978757
640,0.9935729216873399
650,0.9902291640684349
660,0.9909825056760363
670,0.9992526970708083
680,0.9937088400823827
690,0.9892623819594897
700,0.9928833775476700
710,0.9882077093563273
720,0.9979874153389489
730,0.9982446167377861
750,0.9857165402358907
760,0.9909626480722661
770,0.9948390975382111
780,0.9934575006922827
790,0.9908334197898370
800,0.9840596466044959
810,0.9855529526736593
820,0.9813380434226399
830,0.9795621768059686
840,0.9853642517325656
850,0.9826956171115383
860,0.9783300874410394
870,0.9789417612749635
880,0.9757650833434536
890,0.9769452829020505
900,0.9724801646043583
910,0.9744893163563098
920,0.9657155624500251
930,0.9600525476915708
940,0.9642446517406362
950,0.9618850942083121
960,0.9551749228909722
970,0.9604537188031855
980,0.9600658144490196
990,0.9613908464974779
1000,0.9601447241961995
1010,0.9609713216859392
1020,0.9730680138382239
1030,0.9787894995355705
1040,0.9721453599055545
1050,0.9827054647610768
1060,0.9750196985689634
1070,0.9794629292470688
1080,0.9778629797203024
1090,0.9785202509866691
1100,0.9860028676953491
1110,0.9888857221363917
1120,0.9894311187370911
1130,0.9881720839404597
1140,0.9873758841609391
1150,0.9852024903197794
1160,0.9943232836465237
1170,0.9864661935953569
1180,0.9931693793752048
1190,0.9930028983952159
1200,0.9968314191529738
1210,0.9949988213478040
1220,0.9897620335674864
1230,0.9996659205382772
1240,0.9924100425635940
1250,0.9897133948882972
1260,0.9958354618208108
1270,0.9906923861446860
1280,0.9905116038808346
1290,0.9891903308011590
1300,0.9918288914026315
1310,0.9944421920993055
1320,0.9966020255318084
1330,0.9954755449912126
1340,0.9913068141880391
1350,0.9916888680104333
1360,0.9940028528827770
1370,0.9832679402003418
1380,0.9806960955614779
1390,0.9844119138741823
1400,0.9784799630871623
1410,0.9882691929936522
1420,0.9798879877717795
1430,0.9845847258295557
1440,0.9757204849858979
1450,0.9761202406757575
1460,0.9737109371213062
1470,0.9808858294712479
1480,0.9796862502953719
1490,0.9716163664215141
1500,0.9700667058756326
1510,0.9598962825948942
1520,0.9545806236562163
1530,0.9449384199232609
1540,0.9442161063507365
1550,0.9426694901189608
1560,0.9513924563154660
1570,0.9463270195874348
1580,0.9538759684637195
1590,0.9561652675539219
1600,0.9721933582971035
1610,0.9709308985175317
1620,0.9775222624957464
1630,0.9707727483284697
1640,0.9815317847842684
1650,0.9750424568003198
1660,0.9773594453346173
1670,0.9767549455386533
1680,0.9837932380423039
1690,0.9878205198621092
1700,0.9799025009291096
1710,0.9830089135211649
1720,0.9904386826907885
1730,0.9899446222398315
1740,0.9894869506901802
1750,0.9909265632393989
1760,0.9865334901622888
1770,0.9924914867779235
1780,0.9903763090670712
1790,0.9930761974755361
1800,0.9915685718616868
1810,0.9913241622833594
1820,0.9965413007832347
1830,0.9896977516452595
1840,0.9943337103714952
1850,0.9901303274486469
1860,0.9885837260357607
1900,0.9949131037472682
1910,0.9965407518084345
1920,0.9964379588665671
1930,0.9960586459561822
1940,0.9897900819542951
1950,0.9890589918043630
1960,0.9826850490936259
1970,0.9835565428418294
1980,0.9904846260768487
1990,0.9890733857626144
2000,0.9877987196487793
2010,0.9837839031380936
2020,0.9816244444958515
2030,0.9785518715514259
2040,0.9793437097226916
2050,0.9762035084662968
2060,0.9815073070783960
2070,0.9738785885738380
2080,0.9692017342305671
2090,0.9585086459374282
2100,0.9651671064995861
2110,0.9578081226530434
2120,0.9601903173722144
2130,0.9588671348360004
2140,0.9572998286868941
2150,0.9592126313836550
2160,0.9607548317870765
2170,0.9590249736169540
2180,0.9626199975677828
2190,0.9752637159928873
2200,0.9745916001335637
2210,0.9716402305590858
2220,0.9799153290717059
2230,0.9826860314893627
2240,0.9787306295619140
2250,0.9791123121323460
2260,0.9768100578657899
2270,0.9817923876945729
2280,0.9878189925227673
2290,0.9904988349453206
2300,0.9818818314219868
2310,0.9820372597457048
2320,0.9907678774488821
2330,0.9913810365623843
2380,0.9986696896794047
2390,0.9917077844324370
2400,0.9959090250291508
2410,0.9987536335318138
2420,0.9914074276483484
2430,0.9941952995590964
2440,0.9910534919319303
2450,0.9972755662203029
2460,0.9937504128454683
2470,0.9943754855448252
2480,0.9954286939937643
2490,0.9902689281118140
2500,0.9896039859809509
2510,0.9860044100364668
2520,0.9937111281735087
2530,0.9867456396959084
2590,0.9790338169536521
2600,0.9854950596966644
2610,0.9779377021647309
2620,0.9842768396254835
2630,0.9824232645671838
2640,0.9737460359275745
2650,0.9755270948262341
2660,0.9780163681110869
2670,0.9696749152257669
2680,0.9533055189301349
2690,0.9555709913247016
2700,0.9471561704964906
2710,0.9526995028010151
2720,0.9454018889176328
2740,0.9536544890811035
2750,0.9548883344718858
2760,0.9567120623349045
2770,0.9620802171599123
2780,0.9782933040907670
2790,0.9788116845196173
2800,0.9756697985004122
2810,0.9771315409108011
2820,0.9825501573739671
2830,0.9797108684053232
2840,0.9810114942219836
2850,0.9773622450468890
2860,0.9872077417210545
2870,0.9853645794010188
2880,0.9826941563437980
2890,0.9880721641619366
2900,0.9828991929258485
2910,0.9845274452834742
2920,0.9863114760232804
2930,0.9954119054359511
2940,0.9952469482080283
2950,0.9895610134457412
2960,0.9972516339988013
2970,0.9933289792990304
2980,0.9984016113100415
2990,0.9940872055747407
3000,0.9925563867088883
3010,0.9930937769308505
3020,0.9895388411233036
3030,0.9968745730580137
3040,0.9988194918301792
3050,0.9985888006244067
3060,0.9899724685091917
3070,0.9887461353117973
3080,0.9900593222738673
3090,0.9943176374453838
3100,0.9882968037518211
3110,0.9899062639058597
3120,0.9828765788101677
3130,0.9823323118342623
3140,0.9825701938501098
3150,0.9835067727164758
3160,0.9874530943324311
3170,0.9787970630836621
3180,0.9799332034366294
3190,0.9755375754138993
3200,0.9843931021405408
3210,0.9803640456959806
3220,0.9772108678399112
3230,0.9777855386927647
3240,0.9768020896911979
3250,0.9722312260476090
3260,0.9607845949833205
3270,0.9650122314246213
3280,0.9626740442384780
3290,0.9593259115419587
3300,0.9568265961489261
3310,0.9631429429404786
3320,0.9588138405234947
3330,0.9622171552017830
3340,0.9645851370765195
3350,0.9568679611158196
3360,0.9677429128453898
3390,0.9809220082773746
3400,0.9784119508308339
3410,0.9778240670411338
3440,0.9833749626252911
3450,0.9859194922448903
3460,0.9882725366989046
3480,0.9926869661818924
3490,0.9866934230917159
3500,0.9875611828311488
3510,0.9861220588313604
3520,0.9880173365233831
3530,0.9971835003249093
3540,0.9883982289328027
3550,0.9920345056530181
3560,0.9980150741401138
3570,0.9913375338564075
3580,0.9914912984284849
3590,0.9907974198691391
3600,0.9945753962911580
3610,0.9965545400382995
3620,0.9951295016253605
3630,0.9920854050939847
3650,0.9899595840625809
3660,0.9893359471056922
3670,0.9926829869416736
3680,0.9889520381074317
3690,0.9899817018154452
3700,0.9879001924675632
3710,0.9872968297932694
3720,0.9849601985427632
3730,0.9809091074464482
3740,0.9789920897127258
3750,0.9805628219753516
3760,0.9772528840756062
3770,0.9769634496065073
3780,0.9843166295428131
3790,0.9831281145131165
3800,0.9744888881954757
3820,0.9773005612881048
3830,0.9774568208864667
3840,0.9741100522215241
3850,0.9563735915743385
3860,0.9482819525533727
3870,0.9481565533852182
3880,0.9514991456440193
3890,0.9418733183833484
3900,0.9514941613873223
3910,0.9521188899622993
3920,0.9506176152290078
3930,0.9557716436261018
3940,0.9640885859019875
3950,0.9728577329472532
3960,0.9709396932759721
3970,0.9751807604383338
3980,0.9757434688824841
3990,0.9733184314402525
4000,0.9736504937167907
4010,0.9774538237266122
4020,0.9814027118148452
4030,0.9791575340214571
4040,0.9873103221524725
4050,0.9832779186714611
4060,0.9906329814044786
4070,0.9873856954663341
4080,0.9831720227042551
4090,0.9846655796783109
4100,0.9940817318551967
4110,0.9868617716716492
4120,0.9893142688603258
4130,0.9877702776532828
4140,0.9991810693316378
4150,0.9916921699732445
4160,0.9979545770175110
4170,0.9952526131058581
4180,0.9955024972180991
4190,1.0000000000000000
4200,0.9969346028111280
4210,0.9901786780250295
4220,0.9903886767970499
4230,0.9978918471844548
4240,0.9948763693472437
4250,0.9970058587613164
4260,0.9937428153301243
4270,0.9923378435667116
4280,0.9939433395967211
4290,0.9891541362570702
4300,0.9913146919465130
4310,0.9821571244107338
4320,0.9887472612396655
