70,0.9781389705954486
80,0.9734201805719787
90,0.9791332882733558
100,0.9610474123703970
140,0.9595295371390580
150,0.9544129556479340
200,0.9638272870556789
210,0.9821194904488901
220,0.9742342164652553
230,0.9724331420137202
240,0.9793031145733421
250,0.9851098156174839
260,0.9840306072185721
270,0.9788726008918988
280,0.9805044514387227
290,0.9881509334264259
300,0.9798732524732172
310,0.9886466147111451
320,0.9825630355889671
330,0.9837582607401391
340,0.9886148588499090
350,0.9951867167197527
360,0.9929955668157947
370,0.9880689624855373
380,0.9930825422306135
390,0.9928401757064972
400,0.9889248943290635
410,0.9998098303596535
420,0.9988637507174654
430,0.9980792082943781
440,0.9981459310094724
450,0.9885311429567557
460,0.9958661476448311
470,0.9971470688194188
480,0.9910547968455572
490,0.9878314374507052
500,0.9971241502749284
510,0.9921622666829473
520,0.9852611548336844
530,0.9863651525349478
540,0.9930324563430551
550,0.9921458642145933
560,0.9920228529909141
570,0.9809681928508376
580,0.9835719760003231
590,0.9883370791784777
600,0.9798790738506841
610,0.9860278505970327
620,0.9845816036308569
630,0.9783207865605520
640,0.9744054850794518
650,0.9823220686488711
660,0.9820321178097874
670,0.9771733169799375
680,0.9714686310593433
690,0.9615886112282858
700,0.9445328436341153
710,0.9461687718055027
720,0.9457574504748804
730,0.9420761851902910
740,0.9368175550928042
750,0.9375943648549648
760,0.9483297961963704
770,0.9502378416999890
780,0.9613033795236547
790,0.9745430874810290
800,0.9712694529442611
810,0.9774976200263663
820,0.9738699457411615
830,0.9796589354767615
840,0.9838049163776826
850,0.9829575629681289
860,0.9801550737922829
870,0.9793821928848275
880,0.9866937059787904
890,0.9892243960537476
900,0.9856188269741954
910,0.9890306991058079
920,0.9880463947748828
930,0.9834896739345423
940,0.9870283840328076
950,0.9957484158051145
960,0.9919960296952659
970,0.9899218694238294
980,0.9979944508030423
990,0.9960563536481781
1000,0.9948105030913924
1010,0.9969524944483467
1020,0.9933711118952322
1030,0.9917791140207624
1040,0.9952033593489497
1050,0.9910472696009761
1060,0.9914329131200722
1080,0.9960791014429651
1090,0.9932163694786799
1100,0.9855811540869452
1110,0.9918320106435665
1120,0.9845128328146395
1130,0.9921071266098220
1140,0.9885032214059837
1150,0.9921464804372883
1160,0.9870960314855809
1170,0.9878529843159998
1180,0.9818684679369991
1190,0.9772850232141800
1200,0.9768382386099119
1210,0.9804446577939303
1220,0.9787328014384330
1230,0.9769542290673678
1240,0.9779972430317654
1250,0.9802113360637505
1260,0.9820172169253371
1270,0.9566483201325200
1280,0.9599291428899553
1290,0.9552208005392013
1300,0.9567055492690930
1310,0.9522095209619028
1320,0.9510802357634955
1330,0.9599539286100757
1340,0.9566197852084135
1350,0.9567918116327311
1450,0.9874326641717535
1460,0.9816742053582503
1470,0.9824819135264202
1480,0.9903906374951029
1490,0.9828408696526211
1500,0.9862948158629898
1510,0.9861871928816842
1520,0.9952353645395992
1530,0.9922960350028632
1540,0.9938829600312519
1550,0.9863924314113087
1560,0.9962569757414480
1800,0.9769769367102726
1810,0.9823748971343671
1820,0.9821644443478963
1830,0.9724185852833437
1840,0.9771145348633368
1850,0.9719996186333344
1860,0.9636054401292520
1870,0.9477231950256275
1880,0.9413947917986192
1890,0.9361632034236834
1900,0.9402008108384445
1910,0.9379799296346809
1920,0.9398877098463362
1930,0.9466784503541587
1940,0.9504183916427281
2020,0.9769070895287597
2030,0.9856623387167044
2040,0.9793008587008430
2050,0.9841205343481654
2060,0.9831219044319595
2070,0.9892484412786042
2080,0.9892271832871659
2090,0.9855584148914521
2100,0.9892547572068774
2110,0.9885768756437086
2120,0.9894561335018505
2130,0.9882076602970467
2140,0.9975318560150174
2150,0.9986954088176435
2160,0.9986434149442770
2170,0.9922116791033374
2180,0.9916533038859722
2190,0.9920742801767010
2200,0.9940129701784516
2210,0.9963224252668202
2220,0.9914549393552156
2230,0.9891598035935542
2240,0.9884848600403140
2250,0.9917644014531486
2260,0.9878605545162050
2270,0.9892634795827692
2280,0.9954927316930657
2290,0.9951122304272962
2300,0.9927992596119104
2310,0.9889081880190512
2320,0.9841440870770392
2330,0.9880706651992504
2340,0.9829058386090602
2350,0.9805986096410607
2360,0.9872943791214897
2370,0.9815007857492561
2380,0.9795316983566067
2390,0.9766002585610146
2400,0.9841755707859001
2410,0.9733729259948297
2420,0.9724011734793293
2430,0.9812104803149660
2440,0.9639851577330061
2460,0.9585588961668997
2470,0.9583110173819032
2480,0.9535186719980525
2490,0.9494494366187543
2500,0.9569707827083501
2550,0.9810736575880800
2560,0.9734621112745550
2570,0.9765928747275493
2580,0.9790158704695777
2590,0.9817081493602564
2600,0.9782351819027290
2610,0.9864112678028406
2620,0.9781319539336875
2630,0.9831425436919526
2640,0.9829381554401060
2650,0.9894211707201092
2660,0.9811803779514826
2670,0.9882743991338154
2680,0.9932982820957806
2800,0.9986722358162954
2810,0.9985052582797540
2820,0.9900489312503234
2840,0.9935880213668130
2850,0.9977132972729840
2860,0.9860116194712780
2870,0.9875909759354357
2880,0.9863709409336406
2890,0.9847876245563644
2900,0.9817511789030089
2910,0.9891376554906395
2920,0.9837893647093239
2930,0.9881111830927444
2940,0.9866565280242252
2950,0.9879101988535207
2960,0.9853882316904577
2970,0.9795545216426996
2980,0.9761127647636287
2990,0.9806020283482365
3000,0.9810593082594555
3010,0.9728024192076024
3020,0.9759516417581732
3030,0.9592894332752727
3040,0.9544754687644955
3050,0.9414924660624893
3060,0.9390506630916649
3070,0.9394978803386932
3080,0.9377208414223210
3090,0.9371390112245791
3100,0.9395477278718034
3110,0.9455696130828518
3120,0.9531169779203440
3130,0.9689553675979853
3140,0.9732288173109314
3240,0.9814128163968152
3250,0.9891875207936813
3260,0.9906250098190914
3270,0.9903047358962340
3280,0.9861725468797524
3290,0.9899241871020190
3300,0.9903983250401747
3310,0.9869539136707111
3320,0.9971447679103203
3330,0.9892365921585415
3340,0.9897913220368603
3350,0.9972328395990785
3360,0.9973735882331735
3370,0.9892557424162038
3380,0.9998943347352264
3390,0.9910447717108914
3400,0.9884812981017996
3420,0.9934323760797461
3430,0.9947814686716526
3440,0.9877210210110683
3450,0.9853924116600815
3460,0.9882154078486366
3470,0.9931956521037887
3480,0.9831458143232054
3490,0.9858014636991917
3500,0.9880856179659818
3510,0.9819533440375185
3520,0.9887347066776968
3530,0.9884202068541267
3540,0.9792257277030103
3550,0.9774368817465486
3560,0.9747467084071371
3570,0.9826089974025954
3580,0.9735441499824997
3590,0.9764081918426111
3600,0.9741768308481845
3610,0.9695459307878967
3620,0.9509405256556901
3630,0.9511512251507864
3640,0.9521044153555782
3650,0.9592256615144167
3660,0.9560174642586912
3670,0.9544157142987728
3680,0.9500608297348312
3690,0.9587328858773240
3700,0.9518234257087151
3710,0.9604769700081697
3720,0.9819490526521147
3730,0.9762672690874150
3740,0.9783653297630772
3750,0.9767565010480599
3760,0.9743734526666206
3770,0.9800182544448159
3780,0.9787195009364597
3790,0.9781818434605897
3800,0.9895407777905032
3810,0.9862485982025443
3820,0.9816595747252356
3830,0.9893357212128321
3840,0.9901831308048166
3850,0.9936539505180104
3870,0.9909884444742342
3880,0.9906626649226495
3890,0.9868749359173495
3920,0.9922416864872201
3930,0.9910650836603497
3940,0.9909062545212496
3950,0.9941126181023141
3960,0.9931179460679534
3970,0.9980064649808112
3980,0.9960266412605215
3990,0.9897401254437493
4000,0.9916491084781650
4010,0.9907815696744294
4020,0.9907089997872398
4030,0.9857131555403139
4040,0.9888652310027667
4050,0.9919488716696596
4060,0.9853817188864974
4070,0.9855368931989998
4080,0.9885711350234844
4090,0.9887840524054931
4100,0.9810914264806282
4110,0.9864448714275227
4120,0.9788391134159762
4130,0.9837704867530864
4140,0.9836937161140016
4150,0.9814125378265882
4160,0.9820329916407156
4170,0.9773535256935677
4180,0.9778025384890657
4190,0.9722428728086826
4200,0.9623769530265307
4210,0.9526040016301048
4220,0.9494224328493185
4230,0.9470406476234733
4240,0.9340802964765924
4260,0.9397536141333600
4270,0.9472394583757463
4280,0.9486411065862779
4290,0.9575048217267765
