0,0.9373784913665023
10,0.9420511348048353
20,0.9400250028582046
30,0.9369158472276499
40,0.9392224151376368
50,0.9409439783113246
60,0.9365788165937274
70,0.9481942186294905
100,0.9590365079079575
110,0.9669336069785027
120,0.9652377309075773
130,0.9728934307498591
140,0.9707899184523709
150,0.9719568291091778
160,0.9775307391057839
170,0.9746372330698967
180,0.9762276601924519
190,0.9797561952397303
200,0.9781509656053824
210,0.9789556203135134
220,0.9817267344272398
230,0.9782245710548549
240,0.9811659214782347
250,0.9867270299740255
260,0.9892912392791516
270,0.9884126605797940
280,0.9889288837006468
290,0.9937283480819631
300,0.9908696012456678
310,0.9941398027311013
320,0.9920472316100377
330,0.9944318177311506
340,0.9923172015325620
350,0.9997923118060938
360,1.0000000000000000
370,0.9955244521458047
380,0.9964291749554677
390,0.9917004098693721
400,0.9871824471981392
410,0.9865972762269838
420,0.9869941387089007
430,0.9911950964066738
440,0.9896414214448601
450,0.9894318298722570
460,0.9881045429703322
470,0.9853147948138046
480,0.9817903239285805
490,0.9771631644264936
500,0.9744918283137604
510,0.9735576928240748
520,0.9820943862582945
530,0.9739798273086142
540,0.9748990253999893
550,0.9716823725590652
560,0.9713141648397646
570,0.9729593129967331
580,0.9648294767103583
590,0.9662620929737413
600,0.9660459490886990
610,0.9605751539517385
620,0.9633446110722959
630,0.9471541427681232
640,0.9503925787657297
650,0.9458615920665738
660,0.9483239370236469
670,0.9501511181880966
680,0.9553365079042629
690,0.9497796190207000
700,0.9521600482547655
710,0.9553497598333530
720,0.9510895659308205
730,0.9517335645904085
740,0.9654150921399998
750,0.9689741625438960
760,0.9672055685776497
770,0.9724560067314790
780,0.9630090182577281
790,0.9685050334948728
800,0.9660551427237071
810,0.9685343349279969
820,0.9777813534674538
830,0.9806954091022033
840,0.9775101179023521
910,0.9853484567656831
920,0.9831982206295180
930,0.9887262691906545
940,0.9884112331663844
950,0.9901155478390390
960,0.9917746336164039
1020,0.9945307974544059
1030,0.9880840649505864
1040,0.9955692416749017
1050,0.9966558410772099
1060,0.9942761757120984
1070,0.9859106476806399
1080,0.9861237172748357
1090,0.9930591958510495
1100,0.9863354504839101
1110,0.9834686653744098
1120,0.9810032573199950
1130,0.9773442408426105
1140,0.9808668451554436
1150,0.9853946921725492
1160,0.9745021531794078
1170,0.9782894228241213
1180,0.9710037055629036
1190,0.9748611841659860
1200,0.9745850938415275
1210,0.9718836773444384
1220,0.9693226381631375
1230,0.9636772483404213
1240,0.9714352073355442
1250,0.9663426802808424
1260,0.9696928371321331
1270,0.9584182404170238
1280,0.9482355757470911
1290,0.9456154246414455
1300,0.9372229426750944
1310,0.9319208819487280
1320,0.9312058071787728
1330,0.9402115264770341
1340,0.9409374667497764
1350,0.9407794672799950
1360,0.9449195321840341
1370,0.9506249277427858
1380,0.9572838069253411
1390,0.9669362068714451
1400,0.9663419818715052
1410,0.9626015077745501
1420,0.9639426071290209
1430,0.9642336970917522
1440,0.9746656231145424
1450,0.9723574060131260
1460,0.9751336806725924
1470,0.9800053009177356
1480,0.9816376678252386
1490,0.9716482330056031
1500,0.9817114919135197
1510,0.9849355417722099
1520,0.9854140587082082
1530,0.9809654675185189
1590,0.9863040325211571
1600,0.9969989833366865
1610,0.9930698474222130
1620,0.9900269313262730
1630,0.9912735898488014
1640,0.9912097049886739
1650,0.9915651052338426
1660,0.9998448376210857
1670,0.9895234788723825
1680,0.9916535591240474
1800,0.9835939769860563
1810,0.9727990502216550
1820,0.9758473436780085
1830,0.9734906639799482
1840,0.9781002285811471
1850,0.9720902423366219
1860,0.9670161257527368
1870,0.9641158478416707
1880,0.9692459147819742
1890,0.9632385626398243
1900,0.9621868160899582
1910,0.9693150636518298
1920,0.9578601876184760
1930,0.9508768017242972
1940,0.9556148554288673
1950,0.9537557755823547
1960,0.9554364171707088
1970,0.9544839634671800
1980,0.9493834272210548
1990,0.9504724728973951
2020,0.9484805630094539
2030,0.9531698946384106
2040,0.9644722727609277
2050,0.9637898352929248
2060,0.9706540451027071
2070,0.9693537044690986
2080,0.9701019700639957
2150,0.9805958834648071
2160,0.9827195696003083
2190,0.9887856388536048
2200,0.9890690005545248
2210,0.9841545692882816
2220,0.9951545883454748
2230,0.9874217324047998
2240,0.9887382993222887
2250,0.9947002784027462
2260,0.9945548342430702
2270,0.9895288757832890
2280,0.9966376584861810
2290,0.9915773847630721
2300,0.9967580301385526
2310,0.9940531579839323
2320,0.9890649373013879
2330,0.9924689814337088
2340,0.9876629333740755
2350,0.9974086561350350
2360,0.9867600594590599
2370,0.9941519930640468
2380,0.9907566244789010
2390,0.9859054352701404
2400,0.9866015398343548
2410,0.9887402794203499
2420,0.9804125906016999
2430,0.9829046150057789
2440,0.9845204588974196
2450,0.9808929611647760
2460,0.9743110101396513
2470,0.9735779268151039
2480,0.9745744660778679
2490,0.9780262291447067
2500,0.9723555421000731
2510,0.9653845140905343
2520,0.9716257355263983
2530,0.9688980217112416
2540,0.9702022798738394
2550,0.9660438109149764
2560,0.9657966421168602
2570,0.9567439861477839
2580,0.9510125135396047
2590,0.9439624077831519
2600,0.9390152772055514
2610,0.9353841153096102
2620,0.9322962363866946
2630,0.9346996670581793
2670,0.9534288200310833
2680,0.9590998978660142
2690,0.9583458141688461
2700,0.9681522629015885
2710,0.9670889717426553
2720,0.9703841647010060
2730,0.9637506441789200
2740,0.9665963689752035
2750,0.9712320074190806
2760,0.9789213855116792
2770,0.9738797389782663
2780,0.9743234993944770
2790,0.9820683288386788
2800,0.9775321318715732
2810,0.9775229408337232
2820,0.9828201888194573
2830,0.9801439578091169
2840,0.9889379750106395
2850,0.9902540046433311
2860,0.9861201917958862
2870,0.9925429493731037
2880,0.9930605332278374
2890,0.9872845610288631
2900,0.9901346330051921
2910,0.9976364081578013
2920,0.9928074724204696
2930,0.9892297550718964
2940,0.9948325739405041
2950,0.9920158270905570
2960,0.9961466944181782
2970,0.9882150391327861
2980,0.9917186934569587
2990,0.9970436514048270
3000,0.9940660164188756
3010,0.9927509204238483
3020,0.9848271511218392
3030,0.9835741124541970
3040,0.9864873519954737
3050,0.9858238457777673
3060,0.9856814285886004
3070,0.9881798047595608
3080,0.9835328723290967
3090,0.9826944595204794
3100,0.9758654954582501
3110,0.9729066819228493
3120,0.9805395889832736
3130,0.9747216588946798
3140,0.9772932562221569
3150,0.9678869905371233
3160,0.9692830541943671
3170,0.9675309266092099
3180,0.9651313053622753
3190,0.9703515163689007
3200,0.9681304406226128
3210,0.9624839232695551
3220,0.9602053256606243
3230,0.9447897387834221
3240,0.9456412285332005
3250,0.9533120737644241
3260,0.9548703793735790
3270,0.9445855131855299
3280,0.9527592174281254
3290,0.9483716096871678
3300,0.9486413258321500
3310,0.9460161346608245
3320,0.9464265935108355
3330,0.9647264614777291
3340,0.9600127276093243
3350,0.9597336261385404
3360,0.9630811477969410
3370,0.9634628716536824
3380,0.9661627007006404
3390,0.9740203715580016
3400,0.9748787033002294
3410,0.9758031521896978
3420,0.9798374636188770
3430,0.9815002500411963
3440,0.9836283056380727
3450,0.9775526303411609
3460,0.9866091099592037
3470,0.9873995541429486
3480,0.9885182315892332
3490,0.9860917567940525
3500,0.9815830291990010
3510,0.9926735586477115
3520,0.9851538202758831
3530,0.9867390788279630
3540,0.9930191841418495
3550,0.9950536889791476
3560,0.9987629773846978
3570,0.9932868883391371
3580,0.9937763843064166
3590,0.9962207764718070
3600,0.9970705466694463
3610,0.9920950721355739
3620,0.9906200314617988
3630,0.9977564729766834
3640,0.9984177726444380
3650,0.9937669221288077
3660,0.9890250422402856
3670,0.9956271235502138
3680,0.9835742747972196
3690,0.9859093569766433
3700,0.9852507318034450
3710,0.9802160051195191
3720,0.9800842906034894
3730,0.9859703945327042
3740,0.9792053517478584
3750,0.9759424021721590
3760,0.9725787659122846
3770,0.9776241531507746
3780,0.9770296790721298
3790,0.9729811434366525
3800,0.9665863276625111
3810,0.9660681044713904
3820,0.9653890193634287
3830,0.9710373127542750
3840,0.9641704117229722
3850,0.9686491835160086
3860,0.9581140636228607
3870,0.9498907339482580
3880,0.9438452204046828
3890,0.9375772908348299
3900,0.9395651867618869
3910,0.9311754620977848
3980,0.9678856430606231
3990,0.9665218217748743
4000,0.9599176171792723
4010,0.9650825040702939
4020,0.9634686954538926
4030,0.9648926540067372
4040,0.9752560690318333
4050,0.9681533966349416
4060,0.9777938515500539
4070,0.9724529782643762
4080,0.9770194091439888
4090,0.9760783170014435
4100,0.9838096364813048
4110,0.9787483282062700
4120,0.9787390217016910
4130,0.9796159283794499
4140,0.9817442681910771
4150,0.9840893716616864
4160,0.9921220259901385
4170,0.9859731328792091
4180,0.9948273285631721
4190,0.9892261089807975
4200,0.9941387392801125
4210,0.9888720888657587
4220,0.9988671372911127
4230,0.9948918499108400
4240,0.9952657853271969
4250,0.9972380185615413
4260,0.9977158110302776
4270,0.9929904350257417
