0,0.9849050516290863
10,0.9837184895419882
20,0.9804675886741384
30,0.9798416091399925
40,0.9837042143069359
50,0.9788837935492239
60,0.9802816413247876
70,0.9806047285297659
80,0.9814599645257124
90,0.9753763985124975
100,0.9817734987595321
110,0.9802825690812355
120,0.9547783762600112
130,0.9478616374524649
140,0.9486850445295388
150,0.9445134813607375
160,0.9432337572087716
170,0.9352669400336202
180,0.9395342475189361
190,0.9378094738142345
250,0.9790450762806147
260,0.9834987868297390
270,0.9772314404887269
280,0.9785300037023900
290,0.9797770568689106
300,0.9818048391889607
310,0.9865799881343125
330,0.9808744095397240
340,0.9876925829607400
350,0.9918693372000724
360,0.9896912293668163
370,0.9917238778701412
380,0.9923257593038511
390,0.9860793628462104
400,0.9951204146815471
410,0.9931121565355988
420,0.9901163172428598
430,0.9998417117445875
440,0.9948316536967187
450,0.9964043468326996
520,0.9925956335529689
530,0.9966270169003052
540,0.9864957085546686
550,0.9935037323423553
640,0.9844820913739465
650,0.9842245655950466
660,0.9837283554886048
670,0.9845993578576515
680,0.9745411286866067
690,0.9730990818285022
700,0.9658396696829841
710,0.9536886466622975
720,0.9547324726964688
730,0.9604847445191631
740,0.9506141552287813
750,0.9602681675264095
760,0.9602771121103142
770,0.9498210582486276
780,0.9605384250661013
790,0.9513170021932155
800,0.9671676158790055
810,0.9726308111755981
820,0.9756918882608598
830,0.9746929255011418
840,0.9792737455816384
850,0.9837130023087562
860,0.9783438253273626
870,0.9783399138548341
880,0.9858282889686059
890,0.9898029089057383
900,0.9840613406368327
910,0.9823345192236815
920,0.9873935877185713
940,0.9928957534152083
950,0.9937285355557652
960,0.9857085474093458
970,0.9960089987415524
980,0.9945999645714457
990,0.9972159383908543
1000,0.9888726080036464
1010,0.9977836455109350
1020,0.9972361929150412
1030,0.9969610622721352
1040,0.9903105416808504
1050,0.9970058757093829
1060,0.9934621970942666
1070,0.9945227915155413
1080,0.9959407315748507
1090,0.9984286909809169
1100,0.9889340422722758
1110,0.9905375662753702
1120,0.9966470490838703
1130,0.9962283923465127
1140,0.9931317487521636
1150,0.9852642519545924
1160,0.9868832972009300
1170,0.9826983976383250
1180,0.9915079277080860
1190,0.9835703657364055
1200,0.9822275907445717
1210,0.9802810557944446
1220,0.9790910952067903
1230,0.9809766090600610
1240,0.9770450679823569
1250,0.9785469180921361
1260,0.9785798978038270
1270,0.9811127999533310
1280,0.9717906866597270
1290,0.9649070900943867
1300,0.9453138084576302
1310,0.9412983823556427
1320,0.9404105514218396
1330,0.9422721565152454
1340,0.9438932385328400
1350,0.9444294892977513
1360,0.9422779386900275
1370,0.9520182171742124
1380,0.9535845673308327
1430,0.9774129435146480
1440,0.9822734111191868
1450,0.9801363823499665
1460,0.9865336509331284
1470,0.9870640465874030
1480,0.9834795930209493
1490,0.9907650694272506
1500,0.9845827086541813
1510,0.9935760561465654
1520,0.9864951347941994
1530,0.9861582085319033
1590,0.9979214873044538
1770,0.9853414666601733
1780,0.9877914318811416
1790,0.9818856900583061
1800,0.9789683648433815
1810,0.9763489206603646
1820,0.9795820686638509
1830,0.9796786821787135
1840,0.9815098112102603
1850,0.9770975433837158
1860,0.9729814223508186
1870,0.9654588922497301
2000,0.9827716618804710
2010,0.9802448111372571
2020,0.9829566508096848
2030,0.9849211253683002
2040,0.9837996231868770
2050,0.9832552322999442
2060,0.9819020285335704
2070,0.9828950799409580
2080,0.9912774809617920
2090,0.9824385319019030
2100,0.9844908410478926
2110,0.9831034048239553
2120,0.9918467950694601
2140,0.9884590539719570
2150,0.9932263444780913
2160,0.9898917931214687
2170,0.9980152320174792
2200,0.9916856092796114
2210,0.9980609244965981
2220,0.9903590684210948
2230,0.9892806589327612
2240,0.9929085785437666
2250,0.9904982502234337
2270,0.9898872980279974
2280,0.9952897173095455
2370,0.9890675775339404
2480,0.9419654650529150
2490,0.9473937218932442
2500,0.9385002826712366
2510,0.9419755937356008
2520,0.9389843936381235
2530,0.9398286832584021
2540,0.9450708089271286
2550,0.9604605277059843
2560,0.9752409988562817
2570,0.9791515559149219
2580,0.9758617372907129
2590,0.9833175420078945
2600,0.9794005067725978
2610,0.9829718989167375
2620,0.9830838637366929
2630,0.9829134897867995
2640,0.9843804418337320
2650,0.9862372526618745
2670,0.9861009699860505
2680,0.9925964979491254
2690,0.9876738044795537
2700,0.9931785899720965
2880,0.9922130768552586
2890,0.9863044561014485
2900,0.9908505747908860
2910,0.9833556460730356
2920,0.9892539395240274
2930,0.9893010279828296
2940,0.9890682698618642
2950,0.9855190182410394
2960,0.9886422101745310
2970,0.9800981490330799
2980,0.9798934989751353
2990,0.9849234052190186
3000,0.9816737388597657
3010,0.9744567469473523
3020,0.9740561059158553
3030,0.9826366804054230
3040,0.9646913604039111
3050,0.9562718657747322
3060,0.9524444180385792
3110,0.9536376112402164
3120,0.9524525691949216
3130,0.9564990919067745
3140,0.9562550472572294
3150,0.9745670948196761
3160,0.9788958285178607
3170,0.9830051132345835
3180,0.9799346720306461
3190,0.9824234834517266
3200,0.9828845183878718
3260,0.9816153551263811
3270,0.9926028010111303
3280,0.9945757724153649
3290,0.9943277809405837
3300,0.9941363198484710
3310,0.9973437939700622
3320,0.9876989043265492
3330,0.9881721546378958
3340,0.9968659481889136
3350,0.9951561861953079
3360,0.9982712851247295
3370,0.9943066262075871
3380,0.9935483164232000
3390,0.9923201524558963
3400,0.9915574138075968
3410,0.9955705333142514
3420,0.9983152379843088
3550,0.9882697609334629
3560,0.9818695819293660
3570,0.9818145998899100
3580,0.9749349840416701
3590,0.9771297955853264
3600,0.9800581395061081
3610,0.9726185470121661
3620,0.9784739563026579
3630,0.9719652983532885
3640,0.9503045571892749
3650,0.9450522230502010
3660,0.9441993029080544
3670,0.9381868412142876
3680,0.9418078940796611
3690,0.9383443313121099
3700,0.9368977824504280
3710,0.9469937429046289
3720,0.9520922076001463
3730,0.9766306368219613
3740,0.9762512344859141
3750,0.9790629853513960
3760,0.9797251374142425
3770,0.9760985782778211
3780,0.9811738421433294
3790,0.9831974138047160
3800,0.9775510026208697
3810,0.9850598385435558
3820,0.9843872145228217
3830,0.9833253621825857
3840,0.9858558938476560
3850,0.9884712489546895
3860,0.9930849168542375
3870,0.9877378475150911
3880,0.9853822819421788
3890,0.9867912030539587
3900,0.9878895749861487
3910,0.9867278818714618
3920,0.9908445723869037
3930,0.9961726541287842
3940,0.9895121384846950
3950,0.9940335909228022
3960,0.9898704037749659
3970,0.9985140853477487
3980,0.9968973766642515
3990,0.9990202983220338
4000,0.9945463558242876
4010,0.9953716135703893
4020,0.9890687685315718
4030,0.9898415655257361
4040,0.9913535940265957
4050,0.9854300362666993
4060,0.9923138946532293
4080,0.9829611361200431
4090,0.9869376595936389
4100,0.9898453146247042
4110,0.9868108260190109
4120,0.9897842268286858
4150,0.9825716297147113
4160,0.9819734218400896
4170,0.9806508118668869
4180,0.9787379944264590
4190,0.9731857421807047
4200,0.9772956960766800
4210,0.9751641065215291
4220,0.9581519445385622
4230,0.9513486081467314
4240,0.9601049318811800
4250,0.9502016232218734
4260,0.9562536859460179
4270,0.9597105949240173
4280,0.9546831555931701
4290,0.9500386470511684
4300,0.9601387259128781
4310,0.9616134012516425
4320,0.9755592169740112
