0,0.9723426924055454
10,0.9794303138561309
40,0.9845420523773664
50,0.9806611603506969
60,0.9816219241922598
70,0.9802537294211550
330,0.9798505000918648
340,0.9841800718671804
350,0.9783925889067024
360,0.9789882558859950
370,0.9779096505708467
380,0.9728523060498923
390,0.9784777009790618
400,0.9740782656684157
450,0.9555952064240366
460,0.9448665663860401
470,0.9443172081022174
480,0.9462908043160121
490,0.9370961481034198
500,0.9381462857614192
510,0.9424688809367708
520,0.9486550467945636
610,0.9739502067499272
620,0.9798658817010630
630,0.9779665480440716
640,0.9815609789279613
650,0.9860738299867140
660,0.9817332325399954
670,0.9906073577286419
820,0.9972326986310384
830,0.9974443156757765
840,0.9963074269969505
850,0.9903775453763519
860,0.9889137998476375
870,0.9918847264565115
880,0.9880886513005421
890,0.9904449256095293
900,0.9824750861975710
910,0.9893689374943605
920,0.9797978432454697
930,0.9770957840527529
940,0.9808120470311197
950,0.9819518156720579
960,0.9822980198295235
970,0.9769930999286298
980,0.9812251866573812
990,0.9788488074376822
1000,0.9686678192698713
1010,0.9735669845549363
1020,0.9675960550844721
1030,0.9512306153446511
1040,0.9551482326430533
1050,0.9510674006036119
1060,0.9589493966619634
1070,0.9525086734807110
1080,0.9568391639837692
1090,0.9575293177256835
1100,0.9544220504824612
1110,0.9557028422187365
1120,0.9531726981826315
1240,0.9906611729138450
1250,0.9887356825424192
1260,0.9825669692076056
1270,0.9936276873125821
1280,0.9900339879039920
1290,0.9920134533114547
1300,0.9893758045043006
1310,0.9948191363408990
1320,0.9982546296571787
1360,0.9983744744087011
1370,0.9897965480147400
1380,0.9975458955579921
1390,0.9956481219799116
1410,0.9913282960119343
1420,0.9880492111331985
1430,0.9948600809657794
1440,0.9957329639656614
1450,0.9849802615621289
1460,0.9882683250007537
1470,0.9905365584427871
1480,0.9917234820174630
1490,0.9838168216822861
1500,0.9825431358580973
1510,0.9866903221707077
1520,0.9804925295927926
1530,0.9833069209899867
1540,0.9739377723761651
1550,0.9732591561993107
1570,0.9789872218846922
1580,0.9704023931223971
1590,0.9783725616176229
1600,0.9744471290263731
1610,0.9654580860837215
1620,0.9500987726110596
1630,0.9435500111860784
1640,0.9457854373531666
1650,0.9402102743301238
1660,0.9385830065648850
1670,0.9415554077712778
1680,0.9479442515594403
1690,0.9443843294894212
1700,0.9579990249622926
1710,0.9711465573288740
1860,0.9922654702522777
1870,0.9909227275002388
1880,0.9920448761047532
1890,0.9888217682726943
1900,0.9927238501052223
1910,0.9878250448899679
1920,0.9969460801196294
1930,1.0000000000000000
1940,0.9970105960164866
1950,0.9916997695656534
2050,0.9911792936636096
2060,0.9911395709071129
2070,0.9885008399397920
2080,0.9816571106781233
2090,0.9794584238490929
2100,0.9770813044780269
2110,0.9766406909621995
2120,0.9813813542188121
2130,0.9832751898064006
2140,0.9778745226717293
2150,0.9714048075391888
2160,0.9796455996774016
2170,0.9790012083992562
2180,0.9770242122053429
2190,0.9723598604943572
2200,0.9615276342538042
2210,0.9593332854646421
2220,0.9562037708727272
2230,0.9557441031373728
2240,0.9561188692495222
2270,0.9607059423229952
2280,0.9500824034125346
2290,0.9511145582801616
2300,0.9740706220510642
2310,0.9698366882295134
2320,0.9771147509495650
2330,0.9790822996575395
2340,0.9776977998221134
2350,0.9722727958635786
2360,0.9737439844227368
2370,0.9844676576320192
2380,0.9759816892760946
2390,0.9876134779374961
2400,0.9800494265681735
2410,0.9904059839029308
2420,0.9828967148380369
2430,0.9825017041014811
2440,0.9847719547096297
2450,0.9857305382162075
2460,0.9929745685610536
2470,0.9926939208017127
2480,0.9942895352211747
2490,0.9917750889428507
2500,0.9893492866078583
2510,0.9961189265622403
2520,0.9961991638059825
2530,0.9931112823934708
2540,0.9937081374440415
2550,0.9938557261795454
2670,0.9825248634925778
2680,0.9819704604672105
2690,0.9813582121318182
2700,0.9840875599452681
2710,0.9819600218859539
2720,0.9807512791712134
2730,0.9717400953887089
2740,0.9776492074991311
2880,0.9699714471763603
2890,0.9767930434274138
2910,0.9732214835087523
3010,0.9876091257102226
3020,0.9869887055596163
3030,0.9941670477993441
3040,0.9873016546571444
3050,0.9901593222404609
3060,0.9976623325730724
3070,0.9951975055030431
3270,0.9817268739322340
3460,0.9552947363777347
3470,0.9750973646239328
3480,0.9781546513627247
3490,0.9732476435326497
3500,0.9778317020106255
3510,0.9753007401904091
3520,0.9776891826572783
3530,0.9726227888070699
3540,0.9742953407047357
3550,0.9831394943787355
3560,0.9881835983164357
3570,0.9836051937833701
3580,0.9863367530647510
3590,0.9908935348984579
3600,0.9877964727834038
3610,0.9834747720749107
3620,0.9873453276025959
3630,0.9927105318840562
3750,0.9881635851459648
3760,0.9955058910980346
3770,0.9932613460781343
3780,0.9915376028347996
3790,0.9886255569257448
3800,0.9918043856564615
3810,0.9831038041656850
3820,0.9917458571792035
3830,0.9853463002729156
3840,0.9806317742867046
3850,0.9772279068612711
3860,0.9828178772186515
3870,0.9836615706611341
3880,0.9778583506046111
3890,0.9797634507430232
3900,0.9806344578635950
3910,0.9741602323818157
3920,0.9709702208615619
3930,0.9749131952434158
3940,0.9726740049085717
3950,0.9705785155982164
3960,0.9576517529870828
4190,0.9923331250109301
4200,0.9915069283060122
4210,0.9957134776749702
4220,0.9917882870332817
4290,0.9921982891738291
4300,0.9982256015886520
4310,0.9977332307621051
