0,0.9729797157756681
10,0.9778491156386748
20,0.9872022217148139
30,0.9876832133295936
40,0.9857453111569829
50,0.9853515189167745
60,0.9829708788765716
70,0.9896701926357370
80,0.9840043935224796
90,0.9866794266912344
100,0.9886681428651247
110,0.9928701756966821
120,0.9885456222832305
130,0.9887793637765262
140,0.9854714464150821
150,0.9957910634408867
160,0.9896900820803273
170,0.9949543396469764
180,0.9903778260835970
280,0.9924401465382141
290,0.9899127994488247
300,0.9960490176289779
310,0.9926350520867859
320,0.9881750754309864
330,0.9952484463897733
340,0.9879289652024155
350,0.9926238133507449
360,0.9929408821250723
370,0.9883540806830490
380,0.9848484216782181
390,0.9915924084333083
400,0.9866454290012139
410,0.9891313810097017
420,0.9906063339513781
430,0.9859225674043844
440,0.9884486265723905
450,0.9896634757936075
460,0.9790996171286279
470,0.9833178490517454
480,0.9867763659048927
610,0.9877237888814374
620,0.9898727230761271
630,0.9825011805118832
640,0.9809200863962789
650,0.9818323136058617
660,0.9819620169374448
670,0.9907355972437205
680,0.9861792654727849
690,0.9854076139008744
700,0.9837674038180597
710,0.9878465448855727
720,0.9911221055139916
730,0.9855648526920897
740,0.9972971981363480
750,0.9877675734838973
760,0.9885840222438789
770,0.9876059796892660
780,0.9953366897131225
790,0.9927068846951941
800,0.9988352014150917
810,0.9981442333765240
820,0.9949139800925152
830,0.9926211804026513
840,0.9930570881650532
850,0.9884756811096406
880,0.9910030183884262
920,0.9969679620830255
930,0.9929842520886205
940,0.9901134020159600
950,0.9955203701351967
960,0.9879993118078086
970,0.9900215262080796
980,0.9878270979523280
990,0.9913015561518307
1000,0.9833823402050034
1010,0.9869104714659349
1020,0.9892316386367845
1030,0.9838423785060558
1040,0.9820664706154847
1050,0.9866198089780401
1060,0.9806726767833178
1070,0.9754229271943949
1080,0.9710563178394960
1090,0.9594039377419133
1100,0.9536970585821475
1110,0.9553534226379645
1120,0.9497358636049131
1130,0.9525452401685687
1140,0.9453631873120364
1150,0.9550084306234667
1160,0.9602156806875126
1170,0.9650162909512532
1180,0.9844691777953637
1190,0.9858938994136479
1200,0.9812654207475239
1210,0.9849808293177326
1220,0.9813311566827645
1230,0.9900270027682878
1240,0.9808094190597545
1250,0.9924402805367648
1260,0.9860630780925300
1270,0.9878639720563460
1280,0.9917848487987745
1290,0.9865335612508301
1300,0.9856753793950492
1310,0.9900456346524497
1320,0.9956622612888603
1330,0.9925812058537746
1340,0.9922165362950912
1520,0.9924528322320028
1530,0.9951166677880749
1540,0.9842600394546209
1550,0.9880101266854663
1620,0.9810545178312342
1630,0.9787630609909685
1640,0.9875210634505371
1650,0.9883877498616932
1660,0.9691716550164509
1670,0.9662301886114472
1680,0.9610637566982541
1690,0.9656783694827131
1700,0.9671058672520033
1710,0.9624601565700159
1720,0.9566805247519817
1730,0.9638615772039624
1740,0.9651321223464462
1750,0.9641116848826654
1760,0.9699952413190677
1770,0.9862287345052437
1780,0.9863474107744785
1790,0.9814901116064230
1800,0.9863964278697051
1810,0.9840837538321145
1830,0.9848797778916830
1840,0.9831725812024582
1850,0.9917921121367520
1860,0.9941233656383066
1870,0.9870483907338922
1880,0.9879122356466726
1890,0.9953029287489359
1900,0.9912052004759928
1910,0.9913093349490891
1920,0.9973879949430909
1930,0.9880247899695447
2030,0.9887626058558081
2040,0.9988619237244741
2050,0.9919335392663756
2060,0.9871615916211360
2070,0.9952128692470339
2080,0.9956251457092231
2090,0.9922089997009347
2100,0.9856162428670879
2110,0.9892554377622315
2120,0.9892484738719246
2130,0.9908197951389093
2140,0.9889329920840382
2150,0.9929471701246475
2160,0.9873240387181332
2170,0.9868785857988426
2180,0.9910270199413348
2190,0.9907623297397625
2200,0.9857019143159463
2210,0.9905763748383524
2220,0.9786904044791382
2230,0.9850849198583482
2240,0.9876713134531536
2250,0.9652791550030037
2260,0.9626726876667191
2270,0.9530942601703349
2280,0.9451601316800463
2290,0.9530343020483854
2300,0.9529305704597582
2310,0.9532223199348916
2320,0.9501924679818571
2330,0.9558818062809918
2340,0.9713773784538562
2350,0.9811815376368794
2430,0.9887788373123291
2440,0.9916166463100492
2450,0.9853025912316729
2460,0.9879865529643393
2470,0.9959673708295821
2530,0.9884925979104845
2540,0.9950617364668334
2550,0.9951381180400939
2560,0.9939994516036900
2570,0.9976155426589124
2580,0.9977941726281744
2590,0.9903912449461381
2600,0.9963735931084851
2610,0.9892266458360036
2620,0.9935388100615447
2630,0.9952579631259825
2640,0.9915167789168515
2650,0.9975861158035647
2660,0.9871900446142551
2690,0.9931115279653673
2700,0.9924191582093936
2710,0.9843353028001995
2720,0.9920748643440170
2730,0.9909688170828620
2740,0.9839545467434907
2750,0.9882017670452033
2760,0.9922851293604810
2770,0.9870979225092824
2780,0.9858115210890591
2790,0.9903397023163504
2800,0.9840733743812724
2810,0.9873569550443706
2820,0.9861690625542859
2830,0.9750666763914942
2840,0.9655328319967769
2850,0.9644929219131709
2860,0.9592953765037092
2870,0.9579991205982185
2880,0.9614498677406444
2890,0.9657508684442532
2900,0.9586039045624111
2910,0.9575969490711436
2920,0.9665364648607896
2930,0.9647578089070162
2940,0.9835288778172047
2950,0.9786935999806122
2960,0.9799029463431217
2970,0.9838524226738959
2980,0.9833399982945598
2990,0.9856676029574858
3000,0.9822614456436550
3010,0.9909960433532942
3130,0.9941637399646079
3140,0.9957741524528857
3150,0.9942271057066119
3160,0.9952356092948946
3170,0.9933443883997864
3180,0.9900875310405380
3190,0.9936713422290010
3200,0.9936835663624158
3210,0.9879519423380331
3220,0.9973001630337537
3230,0.9989863072606412
3240,0.9907741881771184
3250,0.9886170925853530
3260,0.9860922048249248
3270,0.9909711493909480
3280,0.9927149934844720
3290,0.9859918222564031
3300,0.9946905950732049
3310,0.9916545115003584
3320,0.9915142702301831
3330,0.9911976721378596
3340,0.9821817649238562
3350,0.9818698637747544
3360,0.9835980925788242
3370,0.9823996134834029
3380,0.9839566271009410
3390,0.9852527065449909
3400,0.9863672617979126
3410,0.9865397034554052
3420,0.9674683535455547
3430,0.9544686881207427
3440,0.9503461904768480
3450,0.9540633436540746
3460,0.9486398098723690
3470,0.9440314999667828
3480,0.9537788449164205
3490,0.9538344210628227
3500,0.9563455428966254
3510,0.9676406008557210
3520,0.9777074174624304
3530,0.9831410786635782
3540,0.9839320466752099
3580,0.9848752033677894
3590,0.9904108985184734
3600,0.9830455416052682
3610,0.9867561091344641
3620,0.9940871705264058
3630,0.9858277126359279
3640,0.9889261417621007
3650,0.9912813249928712
3660,0.9932470332957229
3670,0.9867486395569565
3680,0.9883344572439311
3690,0.9956339727428739
3700,0.9898486890732996
3710,0.9989016623125525
3720,0.9910895143691992
3730,0.9896518817180456
3740,0.9977557581421173
3750,0.9919930100590229
3760,0.9888720503874181
3770,0.9963565412266018
3780,0.9919688914164047
3790,0.9927030551574572
3800,0.9948586790721508
3810,0.9878307500850153
3820,0.9982123675966784
3830,0.9938507822051698
3840,0.9917676828470756
3850,0.9933645442243789
3870,0.9892894377083249
3880,0.9845904838747686
3890,0.9843131557259182
3970,0.9808820998445069
3980,0.9813708163607802
3990,0.9780724584750160
4000,0.9746678874715876
4010,0.9623756535334448
4020,0.9674511392230010
4030,0.9637350447673179
4040,0.9673128936155192
4050,0.9618954302033799
4060,0.9565469965578541
4070,0.9566670119305088
4080,0.9617937328754719
4090,0.9658909800497399
4100,0.9615039483411190
4110,0.9846293840432531
4120,0.9826318749109830
4130,0.9869344815514796
4140,0.9871036044536167
4150,0.9828321294974436
4160,0.9860624817507569
4170,0.9850805017205381
4180,0.9883650601140893
4190,0.9929352311657023
4200,0.9932104476777313
4210,0.9852765637907072
4220,0.9876141647508241
4230,0.9950550295011926
4240,0.9892477975099997
4280,0.9919626319633400
4290,0.9897723610906282
4300,0.9921854005370826
