40,0.9966872271062107
50,0.9947427676758024
60,0.9967866893163747
70,0.9896851763443915
80,0.9948785106699727
90,0.9884520219155516
100,0.9973591157621829
110,0.9941077801341235
120,0.9901931663054124
130,0.9869850038143902
140,0.9868515978561072
150,0.9921614400277619
160,0.9915264097584117
170,0.9832657831692734
180,0.9872519030272404
190,0.9868845238435283
200,0.9825690886765104
210,0.9868312706731950
220,0.9796456835662481
230,0.9856047500769066
240,0.9793461901565531
250,0.9861109246897433
260,0.9772137377458715
270,0.9776181068666238
280,0.9802184248938802
290,0.9688563976023329
300,0.9583490616582323
310,0.9484771302353562
320,0.9538707660421870
330,0.9437652221434676
340,0.9485076059427993
350,0.9480221351040857
360,0.9510658889825068
370,0.9494510440954984
380,0.9603737521891536
390,0.9786739719501547
400,0.9845284670782358
410,0.9869935600003200
420,0.9870431755918216
430,0.9797833815614319
440,0.9846070861803281
450,0.9822258069203961
460,0.9887818451127454
470,0.9868470584210827
480,0.9853955549093234
490,0.9873832551844232
500,0.9905057793859442
510,0.9875914992158902
520,0.9947470598869633
530,0.9870727293098945
540,0.9883769295893358
550,0.9894176094421298
560,0.9870361742554489
570,0.9874097090358850
580,0.9957046174242125
590,0.9980119761821522
600,0.9945912447283363
610,0.9880718856615252
620,0.9920016632193525
630,0.9891115763403279
640,0.9967070598382416
650,0.9883115321217978
660,0.9921467856498227
670,0.9970629977516661
680,0.9882891680894805
690,0.9945882843461092
700,0.9924211697989535
710,0.9879656258578771
720,0.9930665035409888
730,0.9860867418432258
740,0.9930992603351342
750,0.9921279294951658
760,0.9907171534902232
770,0.9918770408883092
780,0.9864527818508037
790,0.9851023338807371
800,0.9866397387805647
810,0.9878758568199792
820,0.9865342078718555
830,0.9837153505437543
840,0.9772408300093268
850,0.9850016753312743
860,0.9803665411420975
930,0.9570488231686136
940,0.9621514956749870
950,0.9616151220736878
960,0.9625976766319940
970,0.9566861621612829
980,0.9823956686394780
990,0.9841033382965735
1000,0.9862546753508937
1010,0.9778359799036206
1020,0.9804239410985985
1030,0.9813492031166157
1040,0.9813450372436807
1050,0.9828497793416288
1060,0.9861676296238235
1070,0.9893671880699457
1080,0.9833519303653677
1090,0.9882905698449320
1100,0.9839160078155176
1110,0.9863709350845878
1120,0.9937415032708253
1130,0.9935064647535093
1140,0.9972737226302626
1150,0.9923750799172082
1160,0.9926298209947838
1170,0.9941044884542047
1180,0.9922514228664372
1190,0.9993116738206502
1200,0.9982729405186506
1210,0.9944774065170798
1220,0.9949370704907652
1230,0.9903930513115674
1240,0.9992381965480820
1250,0.9925149466291024
1260,0.9905769409505456
1270,0.9973443092780110
1280,0.9946389791714328
1290,0.9869400813635834
1300,0.9942416141635688
1310,0.9861391834380625
1320,0.9901629557153276
1330,0.9900656668159130
1340,0.9904797995192702
1350,0.9924818931494487
1360,0.9899634709989440
1370,0.9903906884062712
1380,0.9876962369322814
1390,0.9834251654774714
1400,0.9812118889493471
1410,0.9807390180024981
1420,0.9804070655618690
1430,0.9811903978925187
1440,0.9805161123407610
1450,0.9837786029513250
1460,0.9763093820683209
1470,0.9576337180991520
1480,0.9539838368292767
1490,0.9490389278913791
1500,0.9476213909902231
1510,0.9470033677134452
1520,0.9524313830796796
1530,0.9486503598255303
1540,0.9573042421229687
1550,0.9584747491784694
1560,0.9721545515800777
1570,0.9836340946551562
1580,0.9766438619124496
1590,0.9809141127419951
1600,0.9834379258946150
1610,0.9877181114604038
1620,0.9828085906436624
1630,0.9788910575227746
1640,0.9830578887202399
1650,0.9872035706115061
1660,0.9819781611284367
1670,0.9885346299283351
1680,0.9928221105940641
1690,0.9930302866548030
1700,0.9879455376193290
1710,0.9881772700013347
1720,0.9894016483875762
1730,0.9911374368648695
1740,0.9961015418500911
1750,0.9968697243594343
1760,0.9932864418075400
1770,0.9891304344341256
1780,0.9882395056622382
1790,0.9942388420801194
1800,0.9896770630763615
1810,0.9921229421866277
1820,0.9988595659828606
1830,0.9886293253021204
1840,0.9942101466604668
1850,0.9924899737582470
1860,0.9926543685341866
1870,0.9869386805847207
1880,0.9885320669844497
1900,0.9890616690315928
1910,0.9895619575734967
1920,0.9874506562109079
1930,0.9827702974511504
1940,0.9824847604774488
1960,0.9803411031656852
2040,0.9773715181543955
2050,0.9581112265972758
2070,0.9649558730886404
2080,0.9659618797342635
2090,0.9640454303954498
2100,0.9660292755738514
2110,0.9644498147160567
2120,0.9633609142181234
2130,0.9657829049967727
2140,0.9618413134725178
2150,0.9751364734028637
2160,0.9787512532342212
2170,0.9856984541702536
2180,0.9814429567909669
2190,0.9777678654962390
2200,0.9807511947530543
2210,0.9811069126718384
2220,0.9808354051113265
2230,0.9880098824652543
2240,0.9889418577989695
2250,0.9898601544406296
2260,0.9925809488740693
2270,0.9924480409511163
2280,0.9868439957124384
2290,0.9906882412784314
2300,0.9909124284723876
2310,0.9972408487574715
2320,0.9902820296733257
2330,0.9960141033489438
2340,0.9936636760548645
2350,0.9898365836469974
2360,0.9953262520591306
2400,0.9919607260063703
2410,0.9998927380166348
2420,0.9946611926722652
2430,0.9969210775929874
2440,0.9873225932809090
2450,0.9955332582364397
2460,0.9910433318730972
2470,0.9864117532284120
2480,0.9888292954775902
2490,0.9846726393324939
2500,0.9897845047740892
2510,0.9860476249894653
2520,0.9827329164880955
2530,0.9871799573286328
2540,0.9809367657092531
2550,0.9832667481276769
2560,0.9874461441529540
2570,0.9867479057037231
2580,0.9832965898379401
2590,0.9783223271192339
2600,0.9771601574416592
2610,0.9858218501425636
2620,0.9806685595585680
2630,0.9721236737967857
2640,0.9645315211298189
2710,0.9529108158384464
2720,0.9591830959347297
2730,0.9681844214754357
2740,0.9749540559313842
2750,0.9770949534769167
2760,0.9804924943017556
2770,0.9836723231536755
2800,0.9862567670166139
2810,0.9895538524698776
2820,0.9854661966034850
2830,0.9891283477910385
2840,0.9881642368030437
2850,0.9940478252460861
2860,0.9946306203544569
2870,0.9887138697818452
2880,0.9933411189918576
2890,0.9862485360006208
2900,0.9978845278592203
2910,0.9972159293390394
2920,0.9984255706799379
2930,0.9980417922613253
2940,0.9928752969389760
2950,0.9933423370960640
2960,0.9939654050300392
2970,0.9972792637393738
2980,0.9930241404963159
2990,0.9914980559581855
3000,0.9889529958874983
3010,0.9896567711434888
3020,0.9928087581953083
3030,0.9920512780584143
3040,0.9916147110751325
3050,0.9892507559309731
3060,0.9970068900649310
3070,0.9934113155051586
3080,0.9943944034810033
3090,0.9868880439359595
3100,0.9829324859031270
3110,0.9855062192783240
3120,0.9825528921612425
3130,0.9829924020355588
3140,0.9798642098748932
3150,0.9838341362930300
3160,0.9801495412308482
3170,0.9812327768765311
3180,0.9835663175140426
3190,0.9759134427751271
3200,0.9837539088789882
3210,0.9804713433837139
3220,0.9593467625535889
3230,0.9641558672647011
3240,0.9630942456301207
3250,0.9606256351876191
3260,0.9643268002604355
3270,0.9592777669837503
3280,0.9582642969277432
3290,0.9573566638617682
3300,0.9644577754361792
3310,0.9623478046814189
3320,0.9741671867766900
3330,0.9849744749941995
3340,0.9842056647491521
3350,0.9792939310340614
3360,0.9792630639514643
3370,0.9844780962693621
3380,0.9862413695871731
3390,0.9885299553378170
3400,0.9797552461340125
3410,0.9832495461042867
3420,0.9820199684729829
3430,0.9913979154036856
3440,0.9860275241438171
3450,0.9909636918106790
3460,0.9943949245031504
3470,0.9851146427129513
3480,0.9926946933474318
3490,0.9882870328913465
3500,0.9874144404617859
3510,0.9952471058877570
3520,0.9914399131931524
3530,0.9995425029277935
3540,0.9912334659281891
3550,0.9888906247379409
3560,0.9995999547842402
3570,0.9897894725504164
3580,0.9941489359770580
3590,0.9974456104071181
3620,0.9967102419366799
3650,0.9884949679131024
3660,0.9935423000631635
3670,0.9858821445839719
3680,0.9883466157410524
3690,0.9900554118930048
3700,0.9923094390610593
3710,0.9825689325649345
3720,0.9900603742025681
3730,0.9848903404981026
3740,0.9884200695646699
3750,0.9833394463702251
3760,0.9831530734705195
3770,0.9821456684883656
3780,0.9826461875451022
3790,0.9801297906302459
3810,0.9608832717924094
3890,0.9596448245173202
3900,0.9709160025362543
3910,0.9804472297895909
3920,0.9829929533257790
3930,0.9863542096267471
3940,0.9829095693606323
3950,0.9806301795324281
3960,0.9869399289179415
3970,0.9829735265879156
3980,0.9872080226607153
3990,0.9894452088293244
4000,0.9835998195800728
4010,0.9917039271332906
4020,0.9830986945895339
4030,0.9871823034550163
4040,0.9915118854932672
4050,0.9900289613096931
4060,0.9965481017447567
4070,0.9939354967092725
4080,0.9954993284911750
4090,0.9936825311205955
4100,0.9953358379061616
4110,0.9991145586034617
4160,0.9996026788325002
4170,0.9890279725443094
4180,0.9951426602714660
4240,0.9955990813552759
4250,0.9939201625922146
4260,0.9939180008628549
4270,0.9828328183778794
4280,0.9853013056222645
4290,0.9856731945810921
4300,0.9913445430089449
4310,0.9836311763664075
4320,0.9849947515248821
