0,0.9924990391787514
10,0.9911573679424402
20,0.9894724143976115
30,0.9897257900163221
40,0.9866661016435226
50,0.9765645128651157
60,0.9842351252356639
70,0.9737556395993739
80,0.9727134757700728
90,0.9702386513612310
100,0.9737846106642628
110,0.9649591942899693
120,0.9664973652865335
130,0.9634074613093030
140,0.9644551559883383
150,0.9650657007598471
160,0.9575227222394594
170,0.9624412218836604
180,0.9487465228549525
190,0.9517913470376956
200,0.9412957160355730
210,0.9472789486504276
220,0.9467973577406440
230,0.9419706189071140
240,0.9443451919332956
250,0.9503172409680072
260,0.9502299599173457
270,0.9435769875661373
280,0.9588479878151118
290,0.9655327753946393
300,0.9688987772825142
310,0.9604932069074830
320,0.9648186653523507
330,0.9699062963289043
340,0.9681977736834868
350,0.9670647465674523
360,0.9684668083973327
370,0.9751146531139216
380,0.9827102699064237
390,0.9794056997958289
400,0.9874124942003172
410,0.9868365547648549
420,0.9824259386273410
430,0.9874179697779472
520,0.9904239743009172
550,0.9899553858712126
560,0.9971868795997993
610,0.9882422115069651
620,0.9885649913080884
630,0.9849547278964546
640,0.9851980486836447
650,0.9834308602661354
660,0.9779708508461652
670,0.9709072003093390
680,0.9777453602532513
690,0.9726985825383716
700,0.9728353280679116
750,0.9604623631120296
760,0.9626799010512085
770,0.9421210137159148
780,0.9397707499188721
790,0.9302067623193073
800,0.9272843954578697
810,0.9299415160556359
820,0.9368484363931494
830,0.9278779682421312
840,0.9338224726597441
850,0.9434832005166331
860,0.9486193997491689
870,0.9603040305752381
880,0.9618411345683189
890,0.9681587961004554
900,0.9667652609055160
910,0.9645732317063919
920,0.9696981605811293
930,0.9678601243130711
940,0.9765475513777967
950,0.9762565141534048
960,0.9753276579091058
970,0.9740114744874991
980,0.9753396895267951
990,0.9794508950829562
1000,0.9832845749006611
1010,0.9878492845620125
1020,0.9857875439129210
1030,0.9842009096100693
1040,0.9882065507525425
1050,0.9896989386014869
1060,0.9908981140068889
1070,0.9879909149483888
1080,0.9889940249979983
1090,0.9965348965730080
1100,0.9914080535587305
1110,0.9969111983347344
1120,0.9965104099854551
1130,0.9982817056231846
1140,0.9954760922202498
1150,0.9924091685736536
1160,0.9871361454340226
1170,0.9918045281415727
1180,0.9935416840565672
1190,0.9917616539691844
1200,0.9890197800783306
1210,0.9846491316006990
1220,0.9860512913102077
1230,0.9818580252492635
1240,0.9767890072325275
1250,0.9808470253109705
1270,0.9729188851414609
1280,0.9653314524623554
1290,0.9691165751103500
1340,0.9649995250483329
1350,0.9499088352183523
1360,0.9440578232695190
1370,0.9519380643621850
1380,0.9423411638941233
1390,0.9432399825903326
1400,0.9421901302026636
1410,0.9444505074487795
1420,0.9435207934119677
1430,0.9444549805187559
1440,0.9446191614543350
1450,0.9593253451608130
1460,0.9607306692241567
1470,0.9654337902314076
1480,0.9701831907964638
1490,0.9706534729782665
1500,0.9725565014023868
1510,0.9658163653272833
1520,0.9766075375760006
1530,0.9719212812159146
1540,0.9791468842405855
1550,0.9801154551853704
1560,0.9849906817603922
1570,0.9814722961156030
1580,0.9890454380361914
1590,0.9795348282542478
1600,0.9890250913406300
1610,0.9889338739222976
1620,0.9939438507184769
1630,0.9949367811465033
1640,0.9935032944909833
1650,0.9899563030769841
1660,0.9955242252542924
1670,0.9945090240588148
1680,0.9921371095654408
1690,0.9949524747638473
1700,0.9920990173505702
1710,0.9987101313623088
1720,0.9924006022748488
1730,0.9952450878926710
1740,0.9914211119245785
1750,0.9940560012650153
1760,0.9896433535743667
1770,0.9867702809008678
1780,0.9885143901862447
1790,0.9798449545766235
1800,0.9835790840185998
1810,0.9858331131269956
1820,0.9817827633651531
1830,0.9722782701747191
1840,0.9795061642083682
1850,0.9714096529450227
1860,0.9754476408316820
1870,0.9664551475225082
1880,0.9646459643824297
1890,0.9609245905405239
1900,0.9606401832421828
1910,0.9650151491492394
1920,0.9663970833128293
1930,0.9580072951730000
1940,0.9474464430337838
1950,0.9398911394111669
1960,0.9338230264511928
1970,0.9343996062789430
1980,0.9299971397596072
1990,0.9367163850936524
2000,0.9374023311066622
2010,0.9336891524382850
2020,0.9424721734673592
2030,0.9547765152537337
2040,0.9606605860698372
2050,0.9621607275180710
2060,0.9695473574736277
2070,0.9687710702313328
2080,0.9681580638627858
2090,0.9648276921508022
2100,0.9666260954526641
2110,0.9734976934298080
2120,0.9731886560597962
2130,0.9721102108752609
2140,0.9727380145349451
2170,0.9860993282428915
2180,0.9825348662499845
2190,0.9841701866578613
2200,0.9837601892859913
2210,0.9957646166059688
2220,0.9958020593391452
2230,0.9903146354018538
2240,0.9886098424081021
2250,0.9956281241409357
2260,0.9911346324521142
2270,0.9943515746741707
2280,0.9969511376816438
2290,0.9908121967686756
2300,0.9914235715230735
2310,0.9960477772907262
2320,0.9883287078090388
2330,0.9862747916644871
2340,0.9862362058370603
2350,0.9852007852071810
2360,0.9909046296549948
2370,0.9913029959638475
2380,0.9799879667812437
2390,0.9797549246904104
2400,0.9777490265308214
2410,0.9760323393530212
2420,0.9818017575726619
2430,0.9693136566292428
2440,0.9691899364991426
2450,0.9688820074926511
2460,0.9639434437344471
2470,0.9697432753671479
2480,0.9605878167458756
2490,0.9662393434457895
2500,0.9666461655177042
2510,0.9578811929289605
2520,0.9466118058810762
2530,0.9464653935373402
2540,0.9471167059743039
2550,0.9457330422547578
2590,0.9432991619452290
2600,0.9449025406448081
2610,0.9459126342586043
2620,0.9514464666517555
2630,0.9669109734617019
2640,0.9583017055349925
2650,0.9606268505766197
2660,0.9636905125158978
2670,0.9723599957417246
2680,0.9740541077642083
2690,0.9752941958861396
2700,0.9702786079244399
2710,0.9715471099868184
2720,0.9811354740818033
2730,0.9750558175215215
2740,0.9800754136688218
2750,0.9770570086862551
2760,0.9849052771191910
2770,0.9885510683462696
2780,0.9926300314975411
2790,0.9908756857732690
2800,0.9891924802341231
2810,0.9892980001827052
2820,0.9930051697527447
2830,0.9927008168458675
2840,0.9884735359984451
2850,0.9987105905861753
2860,0.9920612672990234
2870,0.9943110541239316
2880,0.9879853587018163
2890,0.9963595410498810
2900,0.9872510785056683
2910,0.9938066439572165
2920,0.9868621252664503
2930,0.9948223330332209
2940,0.9923004951463973
2950,0.9866831161257210
2960,0.9834150872264498
2970,0.9872158239292032
2980,0.9808119536600870
2990,0.9796028744056814
3000,0.9818278674211474
3010,0.9717567012276062
3020,0.9746247997971536
3030,0.9765176848409446
3040,0.9696373463033946
3050,0.9726988556257499
3060,0.9612631750924556
3070,0.9646091763438511
3080,0.9623484923671243
3090,0.9679790704869516
3100,0.9620044546511313
3110,0.9500563386688534
3120,0.9366515308543506
3130,0.9315501929424753
3140,0.9342074349555124
3170,0.9299946073580626
3180,0.9384205090877304
3190,0.9431006387940886
3200,0.9532598983969507
3210,0.9605343948307353
3220,0.9606724778364945
3230,0.9615965512503256
3240,0.9713067863005631
3250,0.9643199012389080
3260,0.9719260676973197
3270,0.9694194447060841
3280,0.9730076271146929
3290,0.9731086975502459
3300,0.9791044064591428
3310,0.9834450537448127
3320,0.9761466989919154
3330,0.9809036362833762
3340,0.9783763618695309
3350,0.9795172988922108
3360,0.9906582498270184
3370,0.9850557831650052
3380,0.9885887896940071
3390,0.9941265222144503
3400,0.9935904630458152
3410,0.9984624463398302
3420,0.9952155680721451
3430,0.9999999999999999
3440,0.9972612429089945
3450,0.9944241349322722
3460,0.9919568100872896
3470,0.9964600761820599
3480,0.9962591384482808
3490,0.9894760522054441
3500,0.9919672304439124
3510,0.9880298912302404
3520,0.9860725361066901
3530,0.9922296095686989
3540,0.9897612264192093
3550,0.9829833038692735
3560,0.9777911420293215
3570,0.9806224552842607
3580,0.9821702455796589
3590,0.9753998983542181
3600,0.9725375084470650
3610,0.9707364018120467
3620,0.9698061250118115
3630,0.9707870202686560
3640,0.9698605624750370
3650,0.9643754660691931
3660,0.9673211875482862
3670,0.9647224036095907
3680,0.9666484268085951
3690,0.9538769488392087
3700,0.9462726334027173
3710,0.9516904729383371
3720,0.9427749852909673
3730,0.9473864795358129
3740,0.9513898243796336
3750,0.9479919982509869
3760,0.9513119176529277
3770,0.9485450089536357
3780,0.9420789634416109
3790,0.9496317515178807
3800,0.9654839070185010
3810,0.9593328159516380
3820,0.9623258399643189
3830,0.9701158391807189
3840,0.9679183938069283
3850,0.9738408539712378
3860,0.9762767824723484
3870,0.9700082444018451
3880,0.9788684149942330
3890,0.9771386396970707
3900,0.9751122569221929
3910,0.9819390238963808
3920,0.9875005508132494
4000,0.9978586727974201
4010,0.9934867485258089
4020,0.9971519369691196
4030,0.9983442541524891
4040,0.9889197106612438
4050,0.9920974174864644
4060,0.9927240290475077
4070,0.9871381110683894
4080,0.9927560062182160
4090,0.9908599850877559
4100,0.9905574991095880
4110,0.9922848398559213
4120,0.9900182801262341
4130,0.9791216262536044
4140,0.9824447658292964
4240,0.9627531313185621
4250,0.9661060662500051
4260,0.9581692056880865
4270,0.9624368330683016
4280,0.9431533821908873
4290,0.9371336555127040
4300,0.9368428720918148
4310,0.9339428213234974
4320,0.9333818430178632
