180,0.9762281166144936
300,0.9919182489907554
310,0.9912597663885572
660,0.9860332944719680
670,0.9820724843982840
680,0.9795627762235465
690,0.9554825531836915
700,0.9494323987302679
710,0.9424454650697175
720,0.9451934461868265
730,0.9404915753495713
740,0.9466069128534237
750,0.9481574944839009
760,0.9467215480292359
1100,0.9960747395105550
1130,0.9973917692966134
1140,0.9964382603066023
1320,0.9746438429143160
1330,0.9746474294135671
1340,0.9557299384555559
1350,0.9531666266764790
1360,0.9519183020498599
1370,0.9513188968475189
1380,0.9572285616395004
1390,0.9575978567999734
1400,0.9611923856763758
1410,0.9592363808115399
1420,0.9527026013770730
1820,0.9928272247605906
1830,0.9858133806300161
1840,0.9856831343595431
1850,0.9921771198180688
1860,0.9930214736128051
1870,0.9856697211962285
1880,0.9868954734819284
1890,0.9793056983067353
2040,0.9441960270186935
2050,0.9385619190046333
2060,0.9484652661135540
2070,0.9532698685932937
2080,0.9669078595202323
2090,0.9764619568467924
2100,0.9818554493165700
2110,0.9868041256790334
2120,0.9865295329634231
2130,0.9785370411980694
2140,0.9800610904309272
2150,0.9796987206064287
2160,0.9813270312973982
2170,0.9842580476676891
2180,0.9830069156886467
2190,0.9807696917006387
2200,0.9867750914091321
2210,0.9826822983299812
2220,0.9939330598038737
2250,0.9920018394189932
2260,0.9925906286958294
2270,0.9891500422692288
2280,0.9892181374884658
2290,0.9933235394961358
2300,0.9875342033866341
2310,0.9979465439304618
2320,0.9966873237627487
2470,0.9930011951261236
2480,0.9842425979598608
2490,0.9828780237738182
2500,0.9850980058851583
2510,0.9868204924193125
2520,0.9902176039114686
2680,0.9592041648615875
2690,0.9593771622276425
2700,0.9620119489763529
2710,0.9588102302131860
2720,0.9583484174030562
2730,0.9648842899038865
2740,0.9820792129010857
2750,0.9770312004825004
2760,0.9844123610563233
2770,0.9782654379273422
2780,0.9812665566127418
3160,0.9921884174724633
3170,0.9829752011132213
3180,0.9842700418162339
3190,0.9803080127292213
3200,0.9852678245363278
3210,0.9877005418383217
3220,0.9876111541671170
3230,0.9825134625825391
3240,0.9762203287916595
3250,0.9837401815655321
3260,0.9847966585909804
3270,0.9801462561229036
3280,0.9621020746321042
3290,0.9545042824783927
3300,0.9457615253047971
3310,0.9428063379015709
3320,0.9433901613241557
3330,0.9427873608074613
3490,0.9878550302616170
3500,0.9825608510878604
3510,0.9823270745027813
3520,0.9834739649518054
3530,0.9945959805506233
3540,0.9929997470553064
3550,0.9919740800066341
3560,0.9900686915492131
3570,0.9892172671016458
3580,0.9976158239597871
3590,0.9931505256560774
3600,0.9938588300518797
3610,0.9978249528676824
3620,0.9955889132244907
3630,0.9918086808864255
3640,0.9959749935665112
3740,0.9939328808638414
3870,0.9792612850168750
4100,0.9865828954997903
4110,0.9896548313664973
4120,0.9859221159732836
4130,0.9911160482595827
4140,0.9823516011203294
