10,0.9880010252208967
20,0.9887254383738825
30,0.9833752527869928
40,0.9825894137470467
50,0.9839630645726978
60,0.9903193199469954
70,0.9871823854834314
80,0.9871579793823143
90,0.9918966414293653
100,0.9982372438929460
110,0.9879970109312672
120,0.9890875894716362
130,0.9986604608056258
140,0.9920190746104668
150,0.9923963869496727
160,0.9973612420646004
170,0.9922659664833678
180,0.9931810238243117
190,0.9944277049899551
200,0.9932971586344753
210,0.9840813032599133
220,0.9916551789583470
230,0.9888072901271879
240,0.9814483633549376
250,0.9812951720251486
260,0.9887648626519847
270,0.9807810043107646
280,0.9757033383895254
290,0.9752875701637139
300,0.9774092917719389
310,0.9734242811759526
320,0.9807200418083533
330,0.9765141875996545
340,0.9734047503646689
350,0.9686447490426002
360,0.9755716371206753
370,0.9742017897106915
380,0.9660967389630244
390,0.9730101774322127
400,0.9635726212742239
410,0.9531325536825955
420,0.9521662345007524
430,0.9460683182078202
440,0.9490241042044092
450,0.9493322194315642
460,0.9553009173651632
470,0.9507640812236006
480,0.9481528122519977
490,0.9471541583795882
500,0.9559465013270259
510,0.9464360368202022
520,0.9562373003458577
530,0.9690684759621596
540,0.9754512673176960
550,0.9810189505239322
560,0.9747471938418715
570,0.9766672404439617
580,0.9734479281582438
590,0.9830981724441890
600,0.9804612261584114
610,0.9828087954885825
620,0.9873250000401447
630,0.9893026093473084
640,0.9835850529341662
650,0.9817490720329846
660,0.9832021761605352
670,0.9912095124552551
680,0.9942738082965170
690,0.9919706300697189
700,0.9869738205291056
710,0.9876379523532839
720,0.9931760746729122
730,0.9917968728182043
740,0.9892215989154937
750,0.9877444057360637
760,0.9917796147739470
770,0.9921233109022823
780,0.9958479647858032
790,0.9895050865665642
800,0.9890977045782507
810,0.9882903117409487
820,0.9959607772650896
830,0.9928869398301690
840,0.9959609854111120
850,0.9938841201681617
860,0.9978936994979057
870,0.9937907773551404
880,0.9914168562559309
890,0.9917893317354776
900,0.9950998087700946
910,0.9955307418202927
920,0.9908908067922552
930,0.9941194687982242
940,0.9911584930185653
950,0.9913493532220959
960,0.9936012241507061
970,0.9867510281706977
980,0.9867385996086748
990,0.9887376356224169
1000,0.9869038864018435
1010,0.9920465256316213
1020,0.9885462931272169
1030,0.9848736208943896
1040,0.9835210692389901
1050,0.9890677779404106
1060,0.9900522936852622
1070,0.9892068447187895
1080,0.9847074524722913
1090,0.9804409115201040
1100,0.9771200622937204
1110,0.9804521350339100
1120,0.9779771415571522
1130,0.9847145140748962
1140,0.9775360669006234
1150,0.9799747744512132
1160,0.9780366074755243
1170,0.9520651768794228
1180,0.9486036876591394
1190,0.9339224601579036
1200,0.9297947316266845
1210,0.9291647913016712
1220,0.9366906169937522
1230,0.9391581715172770
1240,0.9433603249353855
1250,0.9431390410579830
1260,0.9549421113033231
1270,0.9679871679487091
1280,0.9693311314280554
1290,0.9681534846736995
1300,0.9656232065136460
1310,0.9687641469363796
1320,0.9629253628844945
1330,0.9658609078011307
1340,0.9665843832581543
1350,0.9666024950045154
1360,0.9748785134791432
1370,0.9706891266929565
1380,0.9785520216031454
1390,0.9755789488965654
1400,0.9820683232806950
1410,0.9864333175317421
1420,0.9862381602833689
1430,0.9807432717624386
1440,0.9872719089187716
1500,0.9980574234797659
1510,0.9996020301020129
1520,0.9891968130595207
1530,0.9884544034666337
1540,0.9936607454264946
1550,0.9906436074887141
1580,0.9854666490766396
1590,0.9827759983967065
1600,0.9814788533244510
1690,0.9718641315909418
1700,0.9713714083089695
1710,0.9657896520531672
1720,0.9661213729625097
1730,0.9647291141107577
1740,0.9735578020302295
1750,0.9679450834409222
1760,0.9674619036701796
1820,0.9557459195726186
1830,0.9521258055814883
1840,0.9536902653550740
1850,0.9519034016211789
1900,0.9881349940294096
1910,0.9829218713306982
1920,0.9852858092311242
1930,0.9866175223043080
1940,0.9942708946383813
1950,0.9940203358438215
1960,0.9959992627574467
1970,0.9867351191102067
1980,0.9975218309715208
1990,0.9915005241994534
2000,0.9945042578840088
2010,0.9984620927718266
2020,0.9943692227376331
2030,0.9928645458220019
2040,0.9931484596501489
2050,0.9959032513764241
2060,0.9950072547658477
2070,0.9970558029466116
2080,0.9954739230825295
2090,1.0000000000000000
2100,0.9903625910154903
2110,0.9996802615986046
2120,0.9928877791188017
2180,0.9968668936683980
2190,0.9896981115953564
2200,0.9917598956894972
2210,0.9959419998280397
2220,0.9978351354698278
2230,0.9970426430130608
2240,0.9963993531572976
2250,0.9968112380062311
2260,0.9909907224850275
2270,0.9920290348983769
2280,0.9910949825111022
2290,0.9889218305443408
2300,0.9959384371019409
2310,0.9948839440350783
2320,0.9954264235943243
2370,0.9882568979559732
2380,0.9856228942475448
2390,0.9948873909387694
2400,0.9866580855797855
2410,0.9901346902665107
2420,0.9871225085123498
2430,0.9914947100372369
2440,0.9928403586162019
2450,0.9918520793070946
2460,0.9868185161592304
2470,0.9918398205388452
2480,0.9935268735604584
2490,0.9919036263779545
2500,0.9924110346807877
2510,0.9841707925217842
2520,0.9865306430090548
2530,0.9764112242569644
2540,0.9500654881829618
2550,0.9433365142720342
2560,0.9390189187680011
2570,0.9313403795991690
2580,0.9326281643238061
2610,0.9364795879163255
2630,0.9727961453160737
2640,0.9713792632337093
2650,0.9758532082220179
2660,0.9693095578768136
2670,0.9699272848163600
2680,0.9702236656177088
2690,0.9756702150351778
2700,0.9741102575049227
2710,0.9699443514489422
2720,0.9684501978645137
2730,0.9642666633882693
2740,0.9624691100177647
2750,0.9668471620878718
2760,0.9634915566603653
2770,0.9709554264956095
2780,0.9763495478552433
2790,0.9766154101021430
2800,0.9722010056518259
2810,0.9731099974716760
2820,0.9786175026887536
2840,0.9771431482774663
2850,0.9810345585481458
2860,0.9831015618217405
2870,0.9861115379419266
2880,0.9954952289124985
2890,0.9925896472590540
2900,0.9990259942901337
2910,0.9988459814201338
2920,0.9932734003491369
2930,0.9937184199484940
2940,0.9870966718601789
2950,0.9884300623376553
2960,0.9937033515368606
2970,0.9845986752932777
3030,0.9663909556117292
3040,0.9704706840909962
3050,0.9684984976277865
3060,0.9684701759193530
3070,0.9728893990882406
3090,0.9668466017042463
3100,0.9687450669645415
3110,0.9740118749883624
3120,0.9752252703394954
3130,0.9776460028856399
3140,0.9551775349746602
3150,0.9538279223463549
3160,0.9470980759844216
3170,0.9480723359827637
3230,0.9513905464259227
3240,0.9535005714426331
3250,0.9754725380612914
3260,0.9915330097463675
3270,0.9944598720564614
3280,0.9984754171429642
3290,0.9962916402385705
3300,0.9952117399372598
3310,0.9924343940327980
3320,0.9885678705938054
3330,0.9879762904031223
3340,0.9855230428019418
3350,0.9901554444713613
3360,0.9864371578306491
3370,0.9832711271620121
3380,0.9855752340415287
3390,0.9733313305640433
3400,0.9766611507890675
3410,0.9729470966754273
3420,0.9743970136391796
3430,0.9726741446072106
3440,0.9672198942387926
3450,0.9680965779282601
3460,0.9662268114259158
3470,0.9739389334280941
3480,0.9711524552830632
3490,0.9639131826020908
3500,0.9627240045189803
3510,0.9684656479958524
3520,0.9742986781262472
3530,0.9695168960630691
3540,0.9697908256715624
3550,0.9785099204061301
3560,0.9760399791309127
3570,0.9832203277238794
3620,0.9938974242677354
3630,0.9947723636158265
3640,0.9889083599078261
3650,0.9982071717066394
3660,0.9912026799848632
3670,0.9911517668307548
3680,0.9997819590775822
3690,0.9933335117127053
3700,0.9976184040468761
3710,0.9872753043095313
3720,0.9848086861797205
3730,0.9846505951024345
3740,0.9894052128054556
3750,0.9845147405912071
3760,0.9767510440771981
3770,0.9704825924451426
3960,0.9371301558165180
3970,0.9346796940220128
3980,0.9496023025010958
3990,0.9643370042107288
4000,0.9802915746430649
4010,0.9870041993414433
4020,0.9874339815041306
4030,0.9991422934662620
4040,0.9940392319360800
4050,0.9993653952051291
4060,0.9901354935207010
4070,0.9994005869146728
4080,0.9925718403943600
4090,0.9884876043375501
4100,0.9894219767482526
4110,0.9957403373441459
4120,0.9920676257583343
4130,0.9871709629481973
4140,0.9908261091123164
4150,0.9940544893311990
4160,0.9907930466392468
4260,0.9913797638751846
4270,0.9821530968215049
4280,0.9910271454503699
4290,0.9871011880819732
4300,0.9890449374317988
4310,0.9825868976975056
4320,0.9863022216780056
