0,0.9471375556377170
10,0.9585215829217077
20,0.9658891458088544
30,0.9728850518237978
40,0.9710067238702255
50,0.9700420835233942
60,0.9736923684202028
70,0.9773276971205869
80,0.9812819893341295
90,0.9806096459648370
100,0.9832169710363788
110,0.9812576364291232
120,0.9806004498347314
130,0.9876651106302426
140,0.9869445344292296
150,0.9812788900961300
160,0.9842576276979171
170,0.9905290532611395
180,0.9952934512933895
190,0.9949784667474333
200,0.9970683843011353
210,0.9961775118165535
220,0.9967053108506368
230,0.9905551687367072
240,0.9962803798375290
250,0.9959541404920941
260,0.9951123709024995
270,0.9940898828570667
280,0.9901230865673847
290,0.9914295068101365
300,0.9874521673871496
310,0.9955001836505715
320,0.9883303870040010
330,0.9913254504587297
340,0.9857227839908967
350,0.9848615556265931
360,0.9914238467087514
370,0.9884650053869396
380,0.9847656004836128
390,0.9790867578116108
400,0.9836207377653616
410,0.9755710648274935
420,0.9802626133617540
450,0.9731690826019439
460,0.9780264354236344
470,0.9685334900433240
480,0.9670701185048728
490,0.9733240772205253
500,0.9676693566820532
510,0.9709218541034761
520,0.9732273284622888
530,0.9664721934148260
540,0.9645877279079604
550,0.9712072651508591
560,0.9658889038251168
620,0.9518997067741503
630,0.9512561629099094
640,0.9581398124291496
650,0.9558349245102447
660,0.9549327696366097
670,0.9573871237541368
680,0.9569882651880980
690,0.9690738072792813
700,0.9746159266293822
710,0.9746566090836408
720,0.9782184143458353
730,0.9746611837115298
860,0.9873940671990619
870,0.9824455128248556
880,0.9887913413828945
890,0.9897962562663236
900,0.9829668756306469
910,0.9871845358577448
920,0.9911829797100979
930,0.9893955252621063
940,0.9896574437710702
950,0.9943446923636130
960,0.9954938700354860
970,0.9861898321811923
980,0.9883435306805330
990,0.9976022401443908
1000,0.9988292974242323
1010,0.9993490767502530
1020,0.9899836080610975
1030,0.9987856326635727
1040,0.9973557036011962
1050,0.9969539314647483
1060,0.9904850706809494
1070,0.9936722628625154
1080,0.9909425954361559
1090,0.9924087961627455
1100,0.9940670820066632
1110,0.9906768090274062
1120,0.9939047184945089
1130,0.9945656318281306
1140,0.9914030910518941
1150,0.9958555081625473
1160,0.9952590636394321
1170,0.9859618771107163
1180,0.9826967798128301
1190,0.9826568993872621
1200,0.9808777239343702
1210,0.9808731376232059
1220,0.9872720580213680
1230,0.9780436380531375
1240,0.9752042080603160
1250,0.9748877099496143
1260,0.9789247546408268
1280,0.9496150826569407
1290,0.9440686787186845
1300,0.9409134187796757
1310,0.9437034018343696
1320,0.9348721975103087
1330,0.9363278777464831
1340,0.9486501501685347
1350,0.9483080410555015
1360,0.9545454673270205
1370,0.9656700419902616
1380,0.9675662190837084
1390,0.9704617709769336
1400,0.9706903124341166
1410,0.9674518767176172
1420,0.9720437598107596
1430,0.9748425240797985
1440,0.9761852088299851
1450,0.9841575944877708
1460,0.9813902308539659
1470,0.9802093840704337
1480,0.9829931530836094
1490,0.9895096173024511
1500,0.9925713716714976
1510,0.9953984409378859
1520,0.9970923681747192
1530,0.9891922513840298
1540,0.9910297385364255
1550,0.9884609872487160
1560,0.9980537947705247
1570,0.9888849806052823
1580,0.9914047670232123
1590,0.9923076634978339
1600,0.9897785146323553
1610,0.9927547332925781
1620,0.9936418120525711
1630,0.9918060547870898
1640,0.9899225100671019
1650,0.9852078737229301
1660,0.9827085207231753
1670,0.9797629813021764
1680,0.9783827237795293
1690,0.9796800197482032
1700,0.9822508225741420
1710,0.9708990275070185
1720,0.9691478970939816
1730,0.9780354355893074
1750,0.9673381910673969
1760,0.9656235282674983
1770,0.9718047980142236
1780,0.9726262807938925
1790,0.9640768910865716
1800,0.9650038998607865
1810,0.9688143298133916
1820,0.9670907800038226
1830,0.9689839156672290
1840,0.9717837134201169
1850,0.9719453144567525
1860,0.9685337063300189
1870,0.9710554086210068
1880,0.9629406759024790
1890,0.9663921375556448
1950,0.9540335830680212
1960,0.9578225558633188
1970,0.9484491093199939
1980,0.9512018220088476
1990,0.9524307111122257
2000,0.9571226700140854
2010,0.9522438681457482
2020,0.9535622595906145
2030,0.9585118219812149
2040,0.9714411117707286
2050,0.9742238231996585
2060,0.9655462590796430
2070,0.9729578320062331
2080,0.9736032417141877
2090,0.9762207807738241
2100,0.9709354422647468
2110,0.9759301933827274
2120,0.9732358087620511
2130,0.9723921725082609
2140,0.9695583691323445
2150,0.9707750726347167
2160,0.9764538613437310
2170,0.9752009922703345
2180,0.9788623952446937
2190,0.9779720626047774
2200,0.9799585968618241
2210,0.9766378724788449
2220,0.9775970452657612
2250,0.9747228807432932
2260,0.9744163349878954
2270,0.9750266716806677
2280,0.9807863174772478
2290,0.9801781244869221
2300,0.9891227608408013
2310,0.9826806225960817
2320,0.9880697398615168
2330,0.9855027096848415
2340,0.9882583698752775
2350,0.9890760713372085
2360,0.9857464959725700
2370,0.9843367840365034
2380,0.9902886414396942
2390,0.9902127508018036
2400,0.9933225197845387
2410,0.9936764893745950
2420,0.9960475378996266
2430,0.9969394526040652
2440,0.9983362974367449
2450,0.9901085813043181
2460,0.9918426663112145
2470,0.9945745003726992
2480,0.9989495753035550
2490,0.9888564902193147
2500,0.9908234028148878
2510,0.9928475663069304
2520,0.9914415067313436
2530,0.9936725507633821
2540,0.9867209822318279
2550,0.9834013326024956
2560,0.9882814095887802
2570,0.9815629981018404
2580,0.9838492860325044
2590,0.9799878096637951
2600,0.9769438922320226
2610,0.9722739687026605
2620,0.9673366611086975
2630,0.9510838547684105
2640,0.9499035841344571
2650,0.9437939266812261
2660,0.9388111391610333
2670,0.9370915767476511
2680,0.9439796907331792
2690,0.9401611742151760
2700,0.9395154453561987
2710,0.9519159456367402
2720,0.9672187030190378
2730,0.9677143441244512
2740,0.9746677746643776
2750,0.9698405745826241
2760,0.9753108661081993
2770,0.9781068372088129
2780,0.9793622126346621
2790,0.9885441080923734
2800,0.9873520287239019
2810,0.9830289263117601
2820,0.9914677276435624
2830,0.9899559739374570
2840,0.9891591002500554
2850,0.9866108979904108
2860,0.9946942231195711
2870,0.9932325009018849
2880,0.9948800471970454
2890,0.9935083557545411
2900,0.9913797852062740
2910,0.9901586587413702
2920,0.9954274122948252
2930,0.9870836283887482
2940,0.9882972521333784
2950,0.9906465289774646
2960,0.9925055284112283
2970,0.9914342798928903
2980,0.9871279497079027
2990,0.9841511097989349
3000,0.9825428335031482
3010,0.9808751717877471
3020,0.9774231445020349
3030,0.9794776375271446
3040,0.9810284200387982
3050,0.9739739095438876
3060,0.9761626740046123
3070,0.9814380569122301
3080,0.9735648363135043
3090,0.9703069720120722
3100,0.9770090280005472
3110,0.9729486715449425
3120,0.9756663782645602
3130,0.9739474879740803
3140,0.9711151065418421
3150,0.9679202967053335
3160,0.9650490119100189
3170,0.9710340496742881
3180,0.9662036952915652
3190,0.9716077598281077
3200,0.9659519642972096
3210,0.9718269177747206
3220,0.9701596831643839
3230,0.9657559199145729
3240,0.9722305792227007
3250,0.9671120214885872
3260,0.9668352582697785
3270,0.9590957410079830
3280,0.9507975190493290
3290,0.9517875883063656
3300,0.9494412684440164
3310,0.9591236163017588
3320,0.9581287370059786
3330,0.9501345310103931
3340,0.9518205485857211
3350,0.9534283603906064
3360,0.9489961803097610
3370,0.9536199371310059
3380,0.9623934535068128
3390,0.9634613895176463
3400,0.9614086792754623
3410,0.9715827974338351
3420,0.9684781054961736
3430,0.9671937789557954
3440,0.9705704506260171
3450,0.9631814867945230
3460,0.9730904842293873
3470,0.9645311166645729
3480,0.9730610213215020
3490,0.9708021907178228
3500,0.9685001109000908
3510,0.9674997614387627
3520,0.9722777600417124
3530,0.9690217671307062
3540,0.9696078165762166
3550,0.9704587323557629
3560,0.9765778154836141
3570,0.9700218488643522
3580,0.9806227356575414
3590,0.9800236445816268
3600,0.9792553148995775
3610,0.9800108133448404
3690,0.9899827366901697
3700,0.9903634484787103
3710,0.9842379045430943
3720,0.9858484221673548
3730,0.9867729161288743
3740,0.9895414205476184
3750,0.9965304093675604
3760,0.9933076756356831
3770,0.9974986088173845
3780,1.0000000000000000
3790,0.9942651575064910
3800,0.9966899891071801
3810,0.9956978649201256
3820,0.9873906496391625
3830,0.9942614852520220
3840,0.9858291246211246
3850,0.9843636518481630
3860,0.9933055088601018
3870,0.9815393081049859
3880,0.9840508530399915
3890,0.9806754346893078
3900,0.9799745751141243
3910,0.9842524826489489
3920,0.9776794368712775
3930,0.9769858938183439
3940,0.9771079308585500
3950,0.9769370433748642
3960,0.9703015337709968
3970,0.9702708823599405
3980,0.9627711784660178
3990,0.9466703806540038
4000,0.9395419079530418
4010,0.9450682577378277
4020,0.9413095734560211
4030,0.9420867359799399
4040,0.9384140564936320
4050,0.9383124025756387
4060,0.9478832382170151
4070,0.9606284624944640
4080,0.9665422967281746
4090,0.9680555581709225
4100,0.9761978903724843
4110,0.9809985547141490
4120,0.9810144674722431
4130,0.9822647271856885
4140,0.9775176176825998
4150,0.9879978480673289
4160,0.9807696841839467
4170,0.9923733068821691
4180,0.9854231992678816
4190,0.9939392389160988
4200,0.9917518714408088
4210,0.9898481266906907
4220,0.9943183706485330
4230,0.9953730853152342
4240,0.9942554186340650
4250,0.9946435238681589
4260,0.9891650473659656
4270,0.9889504384719363
4280,0.9917118499821527
4290,0.9938059950402034
4300,0.9947679696006417
4310,0.9889932788430914
4320,0.9885903517369942
