30,0.9951574351762320
40,0.9916559010909435
50,0.9891025910940511
60,0.9916768678045437
70,0.9977989184984117
80,0.9931039369429782
90,0.9974521915859503
100,0.9911732007427008
110,0.9890954597293232
120,0.9954466462045134
130,0.9840349529929674
140,0.9915543513567231
150,0.9889306034524518
180,0.9832102987614707
190,0.9817126137460819
200,0.9796940672385260
210,0.9740258838187144
220,0.9798423147317358
230,0.9703849474770676
240,0.9719786745132927
250,0.9731613220021967
260,0.9775012329195438
270,0.9701590750193840
280,0.9757563606584004
290,0.9681513915296504
300,0.9626841196200069
310,0.9508871533824643
320,0.9499266139336801
330,0.9500311094660622
340,0.9470067998771665
350,0.9476594129413033
360,0.9511203740818173
370,0.9498151376750229
380,0.9498526746187456
390,0.9518593731665910
400,0.9507464715356125
410,0.9615449994674251
420,0.9661137182157907
430,0.9691432245567445
440,0.9693925224646117
450,0.9705353848675412
460,0.9742557639243955
470,0.9739829997673630
480,0.9830266309992141
490,0.9817874823575772
500,0.9801359090615968
510,0.9859925491577560
520,0.9885711199326181
530,0.9824069820410070
540,0.9892115409751037
550,0.9837068372852072
560,0.9870662232897947
570,0.9924401169864455
580,0.9902394003333261
590,0.9955724652453868
600,0.9952285955604411
610,0.9896883387485587
620,0.9987973242036481
640,0.9902739615741273
650,0.9888174153489161
660,0.9998003876802531
670,0.9884684095470707
680,0.9892173192842507
690,0.9995536768018334
700,0.9959698390215019
710,0.9975762137519610
720,0.9900498794214888
730,0.9905431178707788
740,0.9898523603114469
780,0.9905258467068284
790,0.9935953497367601
800,0.9938094526756394
810,0.9849428767267071
820,0.9816799907003503
830,0.9916195356350992
840,0.9811331351216481
850,0.9904706775367215
890,0.9858753530788557
900,0.9750082038212324
910,0.9818350073504730
920,0.9823999403681988
930,0.9826372379739347
940,0.9750704157358663
950,0.9805168016474187
960,0.9761880014971340
1040,0.9331009351348791
1050,0.9318547901117800
1060,0.9348937265920053
1070,0.9299890101496476
1080,0.9354864436773886
1090,0.9440435907109266
1100,0.9550378051992621
1110,0.9654948454840904
1120,0.9654191143875399
1130,0.9681656611656361
1140,0.9678745184757573
1150,0.9699389171569244
1160,0.9690829857955254
1170,0.9710249356033308
1180,0.9662830630068903
1190,0.9742941590219200
1200,0.9772984422943369
1210,0.9791399479976828
1220,0.9813395135071101
1230,0.9809976247389122
1240,0.9792159721399135
1250,0.9769370878255782
1260,0.9803761887111899
1270,0.9870539223693051
1280,0.9810843019772020
1290,0.9903680231183459
1300,0.9917848506448470
1310,0.9919403028193718
1320,0.9956633220584006
1330,0.9904005599955756
1340,0.9902013034089927
1350,0.9918826656501237
1360,0.9950290001226649
1370,0.9982504568187884
1380,0.9977901637133354
1390,0.9971005105443209
1400,0.9886633673555975
1410,0.9896551168113155
1420,0.9940409955432173
1430,0.9850898495874197
1440,0.9858592478513993
1450,0.9855814085183562
1460,0.9885166621880558
1470,0.9806886808256774
1480,0.9843054269915390
1490,0.9754874831751550
1500,0.9768291265380863
1510,0.9760333676045779
1520,0.9756896553455149
1530,0.9712760967729969
1540,0.9728669928473701
1550,0.9742858970737894
1560,0.9721408411908580
1570,0.9630965061253705
1580,0.9668450036675520
1590,0.9674277094468018
1600,0.9468378850423320
1610,0.9468929275360241
1620,0.9512965244625362
1630,0.9529158606320156
1640,0.9451003889386163
1650,0.9550050836350472
1660,0.9542122550788086
1670,0.9516630608583352
1680,0.9530041941669281
1690,0.9502361530172356
1700,0.9557566400975084
1710,0.9764902302506919
1720,0.9856549843388930
1730,0.9790373531311592
1740,0.9837624737205893
1750,0.9867523165298738
1760,0.9827488536345231
1770,0.9908072940932234
1780,0.9921449207853550
1790,0.9925890224712713
1800,0.9893871107798307
1810,0.9936782807141573
1820,0.9905485923451864
1830,0.9892296079581289
1840,0.9898293242041101
1850,0.9934389129744722
1860,0.9971144556969160
1870,0.9938426581165662
1880,0.9902663771727463
1890,0.9952953450189770
1900,0.9997142721000638
1910,0.9987305898711900
1920,0.9936346266843593
1930,0.9893484564372401
1940,0.9989149825624263
1950,0.9948556516874166
1960,0.9936385966228031
1970,0.9970644495667751
1980,0.9912656679721619
1990,0.9970901596661863
2000,0.9893264430681041
2010,0.9976528123588140
2020,0.9914979986350115
2030,0.9977366570520478
2040,0.9939522065114678
2050,0.9868817488346509
2060,0.9964549445203459
2070,0.9928287099866159
2080,0.9890202478772558
2090,0.9904355347013990
2100,0.9848145017810849
2110,0.9846184364835385
2120,0.9847023079103248
2130,0.9933348002013985
2140,0.9834556254486763
2150,0.9841674967040986
2160,0.9893698756832455
2170,0.9902519359242752
2210,0.9786440176404831
2220,0.9882147762491128
2230,0.9868586774893128
2240,0.9768661681730378
2250,0.9773502415577118
2260,0.9804853232186160
2270,0.9843080155741749
2280,0.9777154017606311
2290,0.9721355309814049
2300,0.9614946584495007
2310,0.9431465303845432
2320,0.9344679151550300
2330,0.9360124287818142
2340,0.9340553102739910
2350,0.9288449206547508
2360,0.9397115937600693
2370,0.9385575606155537
2380,0.9419672159311346
2390,0.9434681583508067
2400,0.9623501461280342
2410,0.9734470789280962
2420,0.9654686599138143
2430,0.9665560941480239
2440,0.9631021410741801
2450,0.9725125220784534
2460,0.9668041715819733
2470,0.9691887951062971
2480,0.9641180512633483
2490,0.9732232596759163
2500,0.9758412345534707
2510,0.9743557434841684
2520,0.9757165546816454
2530,0.9778500714574134
2540,0.9750576298642527
2550,0.9778889370569077
2560,0.9825162254257224
2570,0.9785734604386410
2580,0.9881483813721280
2590,0.9833937629507119
2600,0.9906974317895058
2610,0.9890924121377639
2620,0.9892726656348476
2630,0.9888087869360105
2640,0.9920170298860274
2650,0.9935290216687597
2660,1.0000000000000000
2670,0.9967880499063122
2680,0.9900385388790670
2690,0.9924003664498797
2700,0.9917728405263596
2710,0.9852534135771002
2720,0.9833059928995905
2730,0.9881535114814683
2740,0.9850906962027445
2750,0.9810852501868328
2760,0.9784989729505077
2770,0.9713945377672687
2780,0.9730734692871668
2790,0.9682244606565303
2800,0.9757092266819134
2810,0.9750623533158917
2820,0.9701647682063698
2830,0.9729821458112120
2840,0.9642749115673752
2850,0.9680029761626013
2860,0.9653450171910789
3010,0.9875226847578202
3020,0.9877102493951904
3030,0.9833224616510342
3040,0.9826196302910207
3050,0.9925914508059005
3060,0.9842978641204400
3070,0.9879475881754949
3080,0.9953646816240252
3090,0.9892269845781393
3100,0.9952303451191422
3110,0.9931595034353282
3120,0.9873672197171682
3130,0.9900428671768313
3140,0.9931000785401296
3170,0.9961261974946481
3180,0.9969940407920835
3190,0.9968105459401363
3220,0.9961579234053551
3230,0.9927489298270818
3240,0.9883567632668459
3250,0.9886458552997657
3260,0.9995348938278902
3270,0.9894189618130053
3280,0.9984533674158400
3290,0.9898757196374014
3300,0.9977752806903308
3310,0.9966802453718330
3320,0.9989838511745702
3330,0.9970621665191934
3340,0.9994672560573232
3350,0.9889610244029633
3360,0.9973936514928248
3370,0.9934056245838132
3380,0.9928755504845795
3390,0.9932869928530873
3400,0.9912581792770477
3410,0.9962053338435156
3420,0.9949149530795595
3440,0.9901895511611356
3450,0.9967963405033760
3460,0.9857216740327198
3470,0.9896313756233697
3480,0.9885192159992353
3490,0.9945698105144969
3500,0.9845333734233024
3510,0.9863412984173543
3520,0.9879320170884773
3530,0.9902920823529548
3540,0.9840724194673408
3570,0.9895189600124300
3580,0.9805742585789696
3590,0.9725091213634572
3600,0.9557845074527509
3610,0.9417508154791152
3620,0.9408788278244818
3630,0.9376802686436484
3640,0.9296256419734032
3650,0.9341792101515726
3660,0.9299121718272614
3670,0.9352266785940929
3680,0.9503241690832259
3690,0.9594742658720179
3700,0.9639300158415842
3710,0.9711347159058964
3720,0.9692792465467042
3730,0.9706185242904614
3740,0.9719607771118393
3750,0.9657801750312605
3760,0.9625396088298082
3770,0.9734302577997713
3810,0.9778871306566228
3840,0.9807827567807681
3850,0.9802330404517806
3860,0.9813610126828927
3870,0.9826767674423948
3880,0.9852747961523141
3890,0.9928076062281183
3900,0.9884176823658398
3910,0.9886186049057334
3920,0.9918756688514279
3930,0.9897517402746242
3940,0.9920876430427480
3950,0.9944520425249235
3960,0.9974608251440541
3990,0.9861301961568564
4000,0.9912249833794340
4010,0.9855166569115781
4020,0.9882984309142818
4030,0.9806610754369883
4040,0.9769800464954310
4050,0.9772886778157323
4060,0.9768247171674347
4070,0.9691257697184736
4080,0.9725094084333946
4090,0.9645608649801929
4100,0.9662519474861144
4110,0.9719150652330562
4120,0.9643364906607087
4130,0.9637295927293965
4140,0.9725030839357754
4150,0.9689404291334510
4160,0.9717979706256732
4170,0.9633506565440498
4180,0.9688658813737292
4190,0.9450908400395442
4200,0.9554206891196815
4210,0.9510410636104573
4220,0.9460227946743143
4230,0.9545464124874525
4240,0.9467567569390241
4250,0.9458658537324629
4260,0.9473682441480333
4270,0.9497318651131421
4280,0.9549669817049051
4290,0.9715045332314552
4300,0.9859155144511994
4310,0.9834585700645351
4320,0.9847023544313150
