0,0.9845731058370896
30,0.9861098375252955
40,0.9851191002699320
260,0.9838916019460954
270,0.9782983916912356
280,0.9787322753069233
290,0.9865702408599506
300,0.9838339107458036
310,0.9808252321595785
320,0.9864360509195109
330,0.9850724300482484
440,0.9997046876451722
450,0.9914529615115496
460,0.9957623487389639
470,0.9897194236825240
480,0.9947292459312038
490,0.9909897963931922
500,0.9884804772708849
510,0.9882191253337593
520,0.9935129891907760
530,0.9942235926031223
540,0.9949020882594861
550,0.9864853249679609
630,0.9930071811004395
640,0.9835230579627841
650,0.9860043879618728
660,0.9819283718267228
670,0.9833686488562224
680,0.9813298276007245
690,0.9805437096878939
870,0.9815966483592091
880,0.9760896012493573
890,0.9796220013383190
900,0.9856666659185912
910,0.9776972726234665
920,0.9786037340566888
930,0.9567692132842132
940,0.9504026277318190
950,0.9426426687097953
960,0.9413114632130903
970,0.9402843960250249
980,0.9472102645834881
1000,0.9515969493423261
1230,0.9863386636732359
1240,0.9858804822776513
1250,0.9851395421702314
1260,0.9902022756342355
1270,0.9922517605868860
1450,0.9996663466727966
1460,0.9917396163359912
1470,0.9984776057544256
1480,0.9971396229214330
1490,0.9977982613882197
1500,0.9966048967234258
1510,0.9896131500116120
1520,0.9918090319140734
1530,0.9923301636701889
1540,0.9873713413379602
1550,0.9880771415328585
1560,0.9635816042940937
1570,0.9527697143271391
1580,0.9545098757005696
1590,0.9549443222810676
1620,0.9640754451508284
1630,0.9640075897418553
1730,0.9778974266601955
1740,0.9763829577126975
1750,0.9843012210175712
1760,0.9845360717876452
1770,0.9856556172530683
1780,0.9776912531980966
1790,0.9812848485223875
1800,0.9816064205978627
1810,0.9893393361205762
1820,0.9917029167093312
1830,0.9832473857771866
1840,0.9864136479590132
1850,0.9947123068821694
1860,0.9962601833864220
1870,0.9876997336136583
1880,0.9920516012067756
1890,0.9971265058464339
1900,0.9968580708869740
1910,0.9915417219798683
1920,0.9946137119691335
1970,0.9907012854478854
1980,0.9927874127601654
1990,0.9898496231655599
2000,0.9895808668555018
2010,0.9884863485723089
2020,0.9873936084235966
2030,0.9816013109451784
2040,0.9817485934834463
2050,0.9860997009559912
2060,0.9838998520886438
2070,0.9879299439790261
2080,0.9866412973061478
2090,0.9842833616781610
2100,0.9818265431970897
2110,0.9839591982606315
2120,0.9798630625216720
2130,0.9852367193209310
2140,0.9842158059986224
2200,0.9853176608996214
2210,0.9885814261511700
2220,0.9841583331233970
2230,0.9896616328654023
2240,0.9829303164648248
2250,0.9861951350369598
2260,0.9937871675478517
2270,0.9919023853847848
2280,0.9960444765650994
2290,0.9935936367399169
2300,0.9905296084343288
2310,0.9954656909440259
2320,0.9876793244961933
2330,0.9988566581384796
2340,0.9974713974216639
2350,0.9929357329861854
2360,0.9714207547812739
2370,0.9637764615318889
2380,0.9560239764523831
2390,0.9450700453091678
2400,0.9456346887821029
2410,0.9454688119301862
2420,0.9485376255779626
2430,0.9405711986968218
2440,0.9545134924831351
2450,0.9586944894256475
2460,0.9643478515068498
2470,0.9785289747718975
2480,0.9895758377470835
2490,0.9858037289031755
2500,0.9847074683745758
2510,0.9848642096955922
2520,0.9857364265605705
2530,0.9850672155330717
2540,0.9762930295230584
2550,0.9842346841289056
2560,0.9818635111120526
2570,0.9830873391388797
2580,0.9767586560481486
2590,0.9836319990199539
2600,0.9745187248582218
2610,0.9831025765277488
2620,0.9782183241009635
2630,0.9804151369584704
2640,0.9815742398196404
2650,0.9771806045724583
2660,0.9833187908935176
2670,0.9831452952160292
2680,0.9876425743472933
2690,0.9841063134487772
2700,0.9839451479636059
2710,0.9854667570896342
2720,0.9849831753547669
2730,0.9958954322021534
2740,0.9954402420443023
2750,0.9953111587564435
2760,0.9921166937283914
2880,0.9814916498794743
2890,0.9849984269394918
2900,0.9848695843521490
2910,0.9786959120614408
2920,0.9816410146078896
2930,0.9787389005558778
2940,0.9809925464461212
2950,0.9753234373363284
2960,0.9806228950669520
3160,1.0000000000000000
3170,0.9921590416439113
3180,0.9911046938162867
3190,0.9946679988944931
3210,0.9972294623342811
3250,0.9912310712292491
3260,0.9880634731543413
3270,0.9907731809763007
3280,0.9932034706839524
3290,0.9892104059154753
3300,0.9892944215681728
3310,0.9939942163891395
3320,0.9937146969130268
3330,0.9829232640883452
3340,0.9805730289255459
3350,0.9807976192451773
3360,0.9848036107963335
3370,0.9840001039677108
3380,0.9804026317811525
3390,0.9825440657939352
3400,0.9830366234997631
3430,0.9861090853725630
3440,0.9765114515859605
3450,0.9789726361994924
3460,0.9818232316127746
3470,0.9842656881281312
3480,0.9849035352751666
3490,0.9849104773975087
3500,0.9789525125483395
3510,0.9780433954336888
3520,0.9757951608409183
3530,0.9795461532278679
3540,0.9844750037247082
3550,0.9784916050793503
3780,0.9875971196884241
3790,0.9689164706199309
3800,0.9616691688903933
3810,0.9526965225538894
3820,0.9512633148776554
3830,0.9404092890381583
3840,0.9388824044699621
3850,0.9473002636069942
3860,0.9412298663547209
3870,0.9457629988690577
4250,0.9934057456434106
4260,0.9906404285773321
4270,0.9878013515679922
4280,0.9937829438936522
4290,0.9888436320307702
4300,0.9929157796698601
4310,0.9926813081072936
4320,0.9988234303432985
