0,0.9774066798367097
10,0.9717711313265498
20,0.9658170260313068
180,0.9744793188340419
190,0.9694344981309130
200,0.9723851340620343
290,0.9840357189449951
300,0.9874396091488421
310,0.9920120238693195
320,0.9919083923285336
330,0.9898701066276622
340,0.9889814931374695
350,0.9919716289049851
450,0.9965941921902659
460,0.9887708416991221
470,0.9908120977782061
480,0.9923320057502741
500,0.9851500856772161
510,0.9881397813253697
520,0.9806935064116473
530,0.9896319745012830
540,0.9864207566797423
550,0.9859575613780280
560,0.9797944737059666
570,0.9798369568934151
580,0.9784666619966536
590,0.9759671646337591
600,0.9745003463309743
610,0.9793256949594202
620,0.9710652706408708
630,0.9755896193194215
640,0.9718600603041965
650,0.9648540794348746
660,0.9752722671767009
670,0.9689393223957609
680,0.9643792599920729
690,0.9635672955625917
700,0.9694448076674480
710,0.9720855487812212
720,0.9654668456132484
730,0.9695776013092567
740,0.9552301594554725
750,0.9534666469656107
760,0.9534505967903079
770,0.9597956372152514
780,0.9565999179593225
790,0.9550217607750481
800,0.9597572866703000
810,0.9533790103681274
820,0.9503232063771306
830,0.9500765114217782
840,0.9550423852685891
850,0.9606461911252663
860,0.9696054498903911
870,0.9642852829827985
880,0.9727361634978088
890,0.9670714336098986
900,0.9721615455256263
920,0.9735404388926895
930,0.9682523147129409
940,0.9670272169243098
950,0.9764183510439379
960,0.9719404981863591
970,0.9737897536985085
980,0.9779571359921556
990,0.9766027644861448
1000,0.9723531521977943
1010,0.9795775475422510
1020,0.9753933589827466
1030,0.9876523203254362
1040,0.9785963240435954
1050,0.9805758430720298
1060,0.9914927217060433
1070,0.9920690333898871
1080,0.9897572709424181
1090,0.9923175848274557
1100,0.9870238168625116
1110,0.9932908256014257
1120,0.9943361138138649
1130,0.9911563333996735
1140,0.9926689745527243
1150,0.9987206552838559
1160,0.9991282459872961
1170,0.9894901223778481
1180,0.9925599818241055
1190,0.9892220446568927
1200,0.9943871315541630
1210,0.9949229228430991
1220,0.9941047306702079
1230,0.9923601807329854
1240,0.9900682834875681
1250,0.9838677357094769
1260,0.9875990405772588
1270,0.9858768664305322
1280,0.9815774501577478
1290,0.9859006325640752
1300,0.9797285794089009
1310,0.9783979687339539
1320,0.9777063409558168
1330,0.9689538030605198
1340,0.9694462554687869
1350,0.9633820107849858
1360,0.9630975166651858
1370,0.9651053300115179
1380,0.9565325153164898
1390,0.9427615165272271
1400,0.9413648540881661
1410,0.9466065495019153
1420,0.9442358039759506
1430,0.9376991710165655
1440,0.9467642589660547
1450,0.9430961528073528
1460,0.9594734051414333
1470,0.9659073339025680
1480,0.9668773889807961
1490,0.9784421178748157
1500,0.9728965229345614
1620,0.9896838193579762
1630,0.9976349054209450
1640,0.9934074053549645
1650,0.9887449181241212
1660,0.9960618848586642
1670,0.9986472301903903
1680,0.9985844618407382
1710,0.9936412856898833
1720,0.9970011234093984
1730,0.9879775774268409
1740,0.9920589483904155
1750,0.9950565560061695
1760,0.9878261825533039
1770,0.9868361304679103
1780,0.9939614621699617
1790,0.9921271618779383
1800,0.9875185672544499
1810,0.9875645799077654
1820,0.9883024747855123
1830,0.9890544067011541
1840,0.9882566348352805
1850,0.9863682132244398
1860,0.9818811872848592
1870,0.9872034533394812
1880,0.9792563229331200
1890,0.9823495896176752
1900,0.9826803420108066
1910,0.9854972144116039
2000,0.9717803140466204
2010,0.9705535764311874
2020,0.9735452546821189
2030,0.9653161551920004
2040,0.9645346068575005
2050,0.9671367348374482
2060,0.9510167548700428
2070,0.9537267611763504
2080,0.9537233163689285
2090,0.9536114685975767
2100,0.9594930427029380
2110,0.9563240386340383
2120,0.9517327552259643
2130,0.9592895603416476
2140,0.9525778652222384
2150,0.9573605287806306
2160,0.9605643421624677
2170,0.9626898429523311
2180,0.9636919224217106
2190,0.9622908358791942
2270,0.9718508135056894
2280,0.9781029987831303
2290,0.9756517060404380
2300,0.9722262254877477
2310,0.9735222069085554
2320,0.9801233464159381
2330,0.9778172263905922
2340,0.9803046751354010
2350,0.9849315637905799
2360,0.9843430415994607
2370,0.9860404298307639
2380,0.9833187398283788
2390,0.9945499804262171
2400,0.9914097048608356
2410,0.9871307062455476
2430,0.9953897618776806
2440,0.9904725340898253
2450,0.9910509535403300
2460,0.9968101332595515
2470,0.9894247657179712
2480,0.9904682024159696
2490,0.9954281293809655
2500,0.9910434027207914
2510,0.9921823752228807
2520,0.9874960664100901
2630,0.9659509691689394
2640,0.9742009895727178
2650,0.9678632960815233
2660,0.9647725946953610
2670,0.9655547738612019
2680,0.9677749335606320
2760,0.9411581908106362
2800,0.9680445523155502
2810,0.9706118062012437
2820,0.9770364817834249
2830,0.9711386937881532
2840,0.9802774196432215
2850,0.9817004468906630
2860,0.9718361866335550
2870,0.9761821097289113
2880,0.9758213174048967
2890,0.9823130297132455
2900,0.9862825744315843
2910,0.9889203934508701
2920,0.9852027699564480
2930,0.9851138629548215
2940,0.9849493879638292
2950,0.9903631434384996
2960,0.9846785656910297
3000,0.9984518828846461
3010,0.9936554691149190
3020,0.9910021752946595
3030,0.9969533404131868
3040,0.9954509314550144
3050,0.9887501230244552
3060,0.9921389664474405
3070,0.9931242948801992
3080,0.9949416026190405
3090,0.9877864404676424
3100,0.9902404625804647
3110,0.9877422636534812
3120,0.9910522167309895
3130,0.9901298182697147
3140,0.9895885510910377
3150,0.9856004262966889
3160,0.9815950646077397
3170,0.9817941569058749
3180,0.9822232936573214
3190,0.9854839912946721
3200,0.9880530528791026
3210,0.9783197451826975
3220,0.9756990432247218
3230,0.9811198160172342
3240,0.9718862614616046
3250,0.9790550223311509
3260,0.9795249998047573
3270,0.9793031276586787
3280,0.9719351516144229
3290,0.9740124181882195
3300,0.9712447969380326
3350,0.9655620563084626
3360,0.9640135526560674
3370,0.9527257988534310
3380,0.9582789908988825
3390,0.9513738155917153
3400,0.9534909780645457
3430,0.9554242627273921
3440,0.9537846300267911
3650,0.9827478762212559
3660,0.9835860313533322
3670,0.9823605514745605
3750,0.9938822596084178
3760,0.9968484001487954
3770,0.9905511782544768
3780,0.9962294045047437
3790,0.9920912160794856
3800,0.9969304808999279
3810,0.9948845811795736
3820,0.9883448280958582
3830,0.9928309835490202
3840,0.9870045713540974
3850,0.9870987304177568
3860,0.9869297046161801
3870,0.9930041312526389
3880,0.9905911397820575
3890,0.9893493400150226
3900,0.9889544329428708
3910,0.9849391951088926
3920,0.9844627038931755
3930,0.9755793539803960
3950,0.9731832858268584
3960,0.9694380149793220
3970,0.9737237532134326
3980,0.9680013011262260
3990,0.9714989220199434
4000,0.9633140830222628
4010,0.9518912806187998
4020,0.9487649703982034
4030,0.9429573027027253
4040,0.9442319372121787
4050,0.9463131449421653
4060,0.9437865970310464
4070,0.9488560486615125
4080,0.9469050842949431
4090,0.9534955643438384
4100,0.9599693427318798
4180,0.9842865623359719
4190,0.9807159805562735
4200,0.9800671225153215
4210,0.9845955493403572
4220,0.9886966374630465
4230,0.9913479389460820
4240,0.9945831926465416
4250,0.9858007451824298
4260,0.9868445739781351
4310,0.9941796893385579
4320,0.9974964232808013
