0,0.9714242484794268
10,0.9747035988682666
20,0.9779187837241436
30,0.9767707631843014
40,0.9786924948607610
50,0.9861385253132421
60,0.9834520443823767
70,0.9792850705501595
80,0.9900510568373014
90,0.9878491022678751
100,0.9899247605166921
110,0.9850211068885549
120,0.9859102016249840
130,0.9948917566371771
140,0.9859187063097721
150,0.9892212526903172
160,0.9941449483685405
170,0.9980202541456072
180,0.9921909691040807
190,0.9895159203806809
200,0.9996636516679408
210,0.9993604755084010
220,0.9941713535860510
280,0.9907474033215004
290,0.9923459796808983
300,0.9880694412630647
310,0.9944632897294107
320,0.9873662650729738
330,0.9919560088880763
340,0.9864793282651203
380,0.9806661482066753
390,0.9789102069729406
400,0.9796804316888191
410,0.9733008349031507
420,0.9723066703238964
430,0.9735807661496607
440,0.9766959442917217
450,0.9711263800488069
460,0.9755261535156941
470,0.9774693234782186
480,0.9767205340147123
490,0.9745192338801911
500,0.9748577951574491
510,0.9752522957552932
520,0.9716207693443418
530,0.9656295501871566
540,0.9580977284357324
550,0.9556252900770187
560,0.9414399811322700
570,0.9399944588753811
580,0.9468337174572212
590,0.9373738720088659
600,0.9463488390980244
610,0.9392092700227060
620,0.9447617288520384
630,0.9523396037580462
640,0.9541179245085436
650,0.9646401689443340
660,0.9778624480801446
670,0.9806747304272544
680,0.9842773413503042
690,0.9752269696189999
850,0.9961883069455567
860,0.9899878741523508
870,0.9885149094535826
880,0.9894288419618492
890,0.9954871450943410
900,0.9979222930426120
910,0.9943737510467726
920,0.9924175194282895
930,0.9965804244456252
940,0.9886159333318292
950,0.9976624673608204
960,0.9924048721574208
970,0.9926089334165772
980,0.9989266586991247
990,0.9972777790835293
1000,0.9971341209626663
1010,0.9889603280458198
1020,0.9897843694468069
1030,0.9944351396891242
1040,0.9900664459304319
1050,0.9991217712589527
1060,0.9910294341758940
1070,0.9935094432100685
1080,0.9937371832413815
1090,0.9995911499992156
1100,0.9981249214735117
1110,0.9905861204890074
1120,0.9897624021089015
1130,0.9895870101743035
1140,0.9979871759286225
1150,0.9941463550827604
1160,0.9952711981546801
1170,0.9911886978926039
1180,0.9954151764320908
1190,0.9947786416383420
1200,0.9891416572689135
1210,0.9848056071297442
1220,0.9945824871054816
1230,0.9834943063557994
1240,0.9895665246209825
1250,0.9814955889170781
1260,0.9902582370503519
1270,0.9860447537980233
1280,0.9803295216131248
1290,0.9560551324804758
1300,0.9587638657617967
1350,0.9508478630205986
1360,0.9620588003225738
1370,0.9521971273265285
1380,0.9665662214982930
1390,0.9719220330326203
1400,0.9696037561027688
1410,0.9747222442461980
1420,0.9681595273108441
1430,0.9737399409809184
1440,0.9772518756086646
1450,0.9750640410410855
1460,0.9708476247550377
1470,0.9759513125936583
1480,0.9735822062784953
1490,0.9790946716918761
1500,0.9777816533453518
1510,0.9868491149293348
1520,0.9854428495364234
1530,0.9837077637061666
1540,0.9885302479762620
1550,0.9914746458232222
1560,0.9905347899866556
1570,0.9983456667356145
1580,0.9958353860676235
1590,0.9959290838495459
1600,0.9943227534308631
1610,0.9991802789061365
1620,0.9970260716919149
1630,0.9910930844051621
1640,0.9900345317679722
1740,0.9735585462904685
1750,0.9738021821900696
1760,0.9763907931273819
1840,0.9754974494447075
1850,0.9788544038397600
1860,0.9712376316542590
1870,0.9783533421821053
1880,0.9758734972452814
1890,0.9801525797249482
1900,0.9799850810258133
1910,0.9747255503974281
1920,0.9756281989834719
1930,0.9719175202004314
1940,0.9582865236716921
1950,0.9575343184922708
1960,0.9508322184671704
1970,0.9390802397258571
1980,0.9355504602782829
2020,0.9473177989820590
2030,0.9600667036164954
2040,0.9612268236347041
2050,0.9824767862230576
2060,0.9923627131630556
2070,0.9991591620032961
2080,0.9925822174280847
2090,0.9953068604539089
2100,0.9916666469782172
2110,0.9913608876554085
2120,0.9999884228095771
2130,0.9990496663926758
2140,0.9965809374418890
2150,0.9906416407594547
2160,0.9993435676910709
2170,0.9970671763419267
2180,0.9941082849170038
2190,0.9912912928194654
2200,0.9886283527921967
2210,0.9955917021115442
2220,0.9929753153812325
2230,0.9952933920612315
2240,0.9970490014060653
2250,0.9910964126682307
2260,0.9872878237431778
2270,0.9947239949377844
2280,0.9951666025634898
2290,0.9961441825954442
2300,0.9927188234734213
2310,0.9943750025029259
2320,0.9896979084981782
2330,0.9882976154336771
2340,0.9884188228266488
2350,0.9909042031691075
2360,0.9898614152952994
2370,0.9896707222746083
2380,0.9920846156314619
2390,0.9884910131037552
2400,0.9909750977601958
2410,0.9927869203389647
2420,0.9865251685012496
2430,0.9856869998892347
2440,0.9905893921431002
2450,0.9856047717561449
2460,0.9932949804506295
2470,0.9899037414027180
2480,0.9933070868214796
2490,0.9938319327577511
2500,0.9935397048572272
2510,0.9941194715302869
2520,0.9965168989723159
2530,0.9963392306924856
2540,0.9872119333065372
2550,0.9863071633890025
2560,0.9927222759744501
2570,0.9937161115446348
2580,0.9960282449130489
2590,0.9927160551926573
2600,0.9878543846675331
2610,0.9889953966429420
2620,0.9887383771725285
2630,0.9888072142342268
2640,0.9933294164733522
2650,0.9925486562505011
2660,0.9860900380710085
2670,0.9873619830088119
2680,0.9855095368842862
2690,0.9690026781244226
2700,0.9552290788928094
2710,0.9598511319406307
2720,0.9565382381423596
2730,0.9603677188714607
2740,0.9586655649534168
2750,0.9510713055943645
2760,0.9569730604063643
2770,0.9613446467801423
2780,0.9600879071212026
2790,0.9854390584787188
2800,0.9884493178272094
2810,0.9795802023715842
2820,0.9833260890876195
2830,0.9791440472899592
2840,0.9823979987664956
2850,0.9841956654524248
2860,0.9764793810926828
2870,0.9720823902190802
2950,0.9672398224257921
2960,0.9704094174925902
2970,0.9771946900855093
2980,0.9689360564073028
2990,0.9675243733503126
3000,0.9770216764207430
3010,0.9800603654405460
3020,0.9770571066070768
3030,0.9713104768509186
3040,0.9818296600189904
3050,0.9819364785842777
3060,0.9745912011126611
3070,0.9845298898157665
3080,0.9795551494506380
3090,0.9890516470914203
3100,0.9885678897754676
3110,0.9902639198332218
3120,0.9858076641067570
3130,0.9913513087699970
3140,0.9913706057656084
3150,0.9973503114718751
3160,0.9919939348278854
3170,0.9978578210856696
3180,0.9952716334465777
3190,0.9978647047581939
3200,1.0000000000000000
3210,0.9974371118234363
3220,0.9903233612539700
3230,0.9930856174642290
3240,0.9850133139954872
3250,0.9910170463635682
3260,0.9869460753203432
3270,0.9843519616249192
3280,0.9783302973577429
3290,0.9738120166833001
3300,0.9788532881270726
3310,0.9802596950579976
3320,0.9701843886401698
3330,0.9670498400058520
3340,0.9515659203845287
3350,0.9484947354032290
3360,0.9405399091469265
3370,0.9464404009353171
3380,0.9432732798276194
3390,0.9408439034107609
3400,0.9436600322529773
3440,0.9659230403604173
3450,0.9762189759859059
3460,0.9928421354761907
3470,0.9973743688413833
3480,0.9932305937219020
3490,0.9912792908983662
3500,0.9888287829712438
3510,0.9923289684087115
3520,0.9910483582247492
3530,0.9902276730411276
3540,0.9914978491485210
3550,0.9911765518502937
3560,0.9977474095523232
3570,0.9943757033777236
3580,0.9861592837147481
3590,0.9819548842790291
3600,0.9910162899498846
3610,0.9904321441358466
3620,0.9833632765717538
3630,0.9811606094511722
3640,0.9752177553345850
3650,0.9830895508654525
3660,0.9754632991984828
3670,0.9782949524179313
3680,0.9729919003633341
3690,0.9764685489111563
3700,0.9745539928274397
3710,0.9756146522074669
3720,0.9767899692227813
3730,0.9725609025935830
3740,0.9748853731281417
3750,0.9738371379589760
3760,0.9776799079068302
3770,0.9749327142155217
3780,0.9764941062840830
3790,0.9759426301471523
3800,0.9849940665790891
3810,0.9847587210681753
3820,0.9817142841581931
3830,0.9839322168182401
3840,0.9939212045626820
3850,0.9921640684163077
3860,0.9938736602052514
3870,0.9954058189734292
3880,0.9967531439310631
3890,0.9959136045083089
3900,0.9902762009945189
3950,0.9822037766667567
3960,0.9836772885911773
3970,0.9808449636220675
3980,0.9846250507448572
3990,0.9797033010785560
4000,0.9790571710442825
4010,0.9690986286415069
4020,0.9741795964217315
4030,0.9728927282642944
4040,0.9667939632334670
4050,0.9723643535955183
4060,0.9722406520430723
4070,0.9723839567567607
4080,0.9711421737916629
4090,0.9769844063732215
4100,0.9608374865454619
4110,0.9595213374257036
4120,0.9566715623018551
4130,0.9547127753017153
4140,0.9590837403874725
4150,0.9611249650230000
4160,0.9535037238527868
4170,0.9566221874497390
4180,0.9533400877645960
4190,0.9769740330874507
4200,0.9964253605043631
4210,0.9893538552800516
4220,0.9922007580267072
4230,0.9907136380822803
4240,0.9900353153137000
4250,0.9905104641060132
4260,0.9984935713645814
4270,0.9967920853129496
4280,0.9896454901621851
4290,0.9959091508922957
4300,0.9919954097041844
4310,0.9907209142951657
4320,0.9974208359278517
