0,0.9830733494120544
10,0.9743582329080326
20,0.9801029265760381
30,0.9856327148241724
40,0.9824260477722834
50,0.9850574226441716
60,0.9805738325961626
70,0.9855469228472359
80,0.9837185753074503
90,0.9923922071831115
110,0.9891190901470298
120,0.9969455260809263
130,0.9976475227386904
140,0.9957462616992367
150,0.9995002722844776
160,0.9940650602408219
170,0.9978329822073387
180,0.9957494315347167
190,0.9886100063648466
200,0.9993919329390594
210,0.9906955801315082
220,0.9880846050065238
230,0.9955061773950989
240,0.9862291890053821
250,0.9871338885397779
260,0.9913599814063206
280,0.9893043042110404
290,0.9884472914292669
300,0.9863600611790225
310,0.9851126114146808
320,0.9830650747338280
330,0.9748893629830570
340,0.9807428232242597
350,0.9764598572119463
360,0.9793745372072977
370,0.9713913464055191
380,0.9797628890013308
390,0.9724614273050616
400,0.9697935179571258
410,0.9701634190940027
420,0.9691961198450670
430,0.9690701712196159
440,0.9676093068025795
450,0.9647718926516444
460,0.9531125016308948
470,0.9549974342681301
480,0.9504931635073822
490,0.9577238894688088
500,0.9543831880367832
510,0.9546003499867319
520,0.9537989842083220
530,0.9489657745862041
540,0.9579154938262361
550,0.9581426847447034
560,0.9580533146550709
570,0.9669519042248306
580,0.9713864523424177
590,0.9755489433221720
600,0.9721979696324150
610,0.9818819430994682
640,0.9846407502707498
650,0.9816683301519473
660,0.9872289380962663
670,0.9856770076930013
680,0.9852501764691632
690,0.9844246812660675
700,0.9882661924825765
710,0.9825375889268857
720,0.9865841619418396
730,0.9899709748525272
740,0.9851736704843573
750,0.9909024220296367
760,0.9956584723344220
770,0.9919833455088308
780,0.9896961517861870
790,0.9949972685602811
800,0.9876777049955291
810,0.9940436340018108
820,0.9893737363825781
830,0.9911272025059973
840,0.9880395844447803
850,0.9970872440685437
860,0.9879273067801514
870,0.9916836314350160
900,0.9897646289346183
910,0.9959201472717414
920,0.9960911992038932
930,0.9986248402146353
950,0.9941220432274418
960,0.9909793490592796
970,0.9904811591690361
980,0.9907451130506971
990,0.9981367045488161
1000,0.9906112397337578
1010,0.9940596585194819
1020,0.9970627881877533
1030,0.9876279566930368
1140,0.9853539612616115
1150,0.9881287287098295
1170,0.9760208484229825
1190,0.9774147185226846
1200,0.9597165298198791
1210,0.9543935271838786
1220,0.9477233727997433
1230,0.9405623197534867
1240,0.9404269234300333
1270,0.9410921621411557
1280,0.9477182601851217
1290,0.9524933388099991
1300,0.9654278498834088
1310,0.9690063997487190
1320,0.9674961144894598
1330,0.9744930914929917
1340,0.9695954976171716
1350,0.9753724147882652
1440,0.9793009516651845
1450,0.9811892390456227
1460,0.9920911296590236
1470,0.9850982769364237
1480,0.9898586341788738
1490,0.9970352728628490
1610,0.9902721617099222
1620,0.9835319417061409
1630,0.9821026542944563
1760,0.9732811699584146
1770,0.9682227721655868
1780,0.9676818556560576
1790,0.9729947253904589
1850,0.9537819281371149
1860,0.9521107335080273
1870,0.9542425690270478
1880,0.9555860302853111
1890,0.9529621751221493
1900,0.9539654464865112
1910,0.9541778929983368
1920,0.9542904437994337
1930,0.9676182928644760
2040,0.9954220815984900
2050,0.9925569799094894
2060,0.9907538781025486
2070,0.9966150981603926
2080,0.9869435735521715
2090,0.9880763354666553
2100,0.9881275653975443
2110,0.9915762021613586
2120,0.9922972620071957
2150,0.9982272895384150
2160,0.9991180341307733
2190,0.9915060689966779
2200,0.9903018640500001
2210,0.9888563517258491
2220,0.9961132688281501
2230,0.9968697900462095
2240,0.9906442493114408
2250,0.9890862027629622
2260,0.9930683691241228
2270,0.9975978978768957
2290,0.9940932489253458
2300,1.0000000000000000
2310,0.9989623951256411
2320,0.9918506237262135
2330,0.9926280008249261
2340,0.9987158821804323
2350,0.9943198836333836
2360,0.9985120010699792
2380,0.9907949867650865
2390,0.9954366907799955
2400,0.9987859693221675
2410,0.9906462879831633
2420,0.9884671469193744
2430,0.9913373558981009
2440,0.9957872885569979
2450,0.9889165315728661
2460,0.9913961014679101
2470,0.9935650132838646
2480,0.9920814230880500
2490,0.9866299941860894
2500,0.9968645717741841
2510,0.9943084826618220
2520,0.9858291320568379
2530,0.9901788180548603
2540,0.9943877036809555
2550,0.9926098858724222
2560,0.9803787238683069
2570,0.9540455794186919
2580,0.9432834560326325
2590,0.9404199792658235
2600,0.9433349951585955
2610,0.9383406227751768
2620,0.9423529171414089
2630,0.9436998555165718
2640,0.9411822597885173
2650,0.9534041580085074
2660,0.9736773620373175
2670,0.9730546088141666
2680,0.9707101636387069
2690,0.9684330871398669
2700,0.9702106936448417
2710,0.9749202147933375
2720,0.9745451759408170
2730,0.9665874143177998
2740,0.9706078338811973
2750,0.9667857464111745
2760,0.9755210027553033
2770,0.9755725844069474
2780,0.9761013962366117
2800,0.9733220974724149
2810,0.9817776595601815
2820,0.9842499582897226
2830,0.9914479332169196
2840,0.9834347775354918
2850,0.9840882909701872
2860,0.9946005463775808
2870,0.9899000176038329
2880,0.9892880681862602
2890,0.9961261189248718
2900,0.9994969004174297
2910,0.9971394385663355
2920,0.9956420196339770
2930,0.9902023533987825
2940,0.9892244991656199
2950,0.9915684037740655
2960,0.9891177411158930
2970,0.9791472946692855
2980,0.9856349689781371
2990,0.9808297551661768
3000,0.9705780641830848
3010,0.9740745525800395
3030,0.9705404410787732
3040,0.9647738279832556
3050,0.9751263356629780
3060,0.9729436826913016
3070,0.9693954915537792
3080,0.9748324694467561
3090,0.9762178767893908
3100,0.9665867933007324
3110,0.9697614958362769
3120,0.9777579703496969
3130,0.9734277032637928
3140,0.9726781395067078
3150,0.9780742700145497
3160,0.9867475803604298
3170,0.9830777305226277
3180,0.9627290086083190
3210,0.9557506940378486
3220,0.9553232959784279
3490,0.9770856656368961
3500,0.9714693049746896
3510,0.9787252913537422
3520,0.9718721918541071
3530,0.9711157401666454
3540,0.9739692642513331
3550,0.9767174200118898
3560,0.9666517394082671
3570,0.9771069694407004
3580,0.9662275620347803
3590,0.9666708745598054
3600,0.9716578603613286
3610,0.9643181182609709
3620,0.9722741386770447
3630,0.9744483028009175
3640,0.9663713858344186
3660,0.9747306891436811
3670,0.9663257145328364
3680,0.9756605708025803
3690,0.9703086519138840
3700,0.9740374972676565
3710,0.9685262970816162
3720,0.9755426267026054
3730,0.9804137911153652
3740,0.9774041501742382
3750,0.9757149755972594
3760,0.9770705481532822
3770,0.9821689758149338
3780,0.9751634414136251
3790,0.9821896411518531
3800,0.9815144107725444
3810,0.9871341947992960
3830,0.9851776836593642
3840,0.9906391909486870
3850,0.9915675557561098
3860,0.9868982957419236
3870,0.9902842576460704
3880,0.9921608799901347
3890,0.9966344179723648
3930,0.9716976920193211
3940,0.9586134424993026
3950,0.9444984413376482
3960,0.9371154786590744
3970,0.9407822995356037
3980,0.9360655191669103
3990,0.9458962915845764
4000,0.9486840080386754
4010,0.9579711149130226
4020,0.9661143657237954
4030,0.9831286705967058
4040,0.9826885120938574
4050,0.9782465185652373
4060,0.9778487151566311
4070,0.9744274956134996
4080,0.9792531794934332
4090,0.9749967854709020
4100,0.9802445803686990
4110,0.9745143282940602
4120,0.9673295682224085
4130,0.9717627868235210
4140,0.9718550389072005
4150,0.9676050588651047
4160,0.9695082371083752
4170,0.9655959902666194
4180,0.9758027880761834
4190,0.9671833166344294
4200,0.9730450332100202
4210,0.9766182373063841
4220,0.9811119769245626
4230,0.9766557821131844
4240,0.9862753875064524
4250,0.9886829935737125
4260,0.9895220202697425
4270,0.9935159663291292
