180,0.9749462909200326
190,0.9789570763319686
200,0.9737930863525806
1280,0.9679581482293599
1290,0.9763302607626515
1300,0.9799228762990243
1310,0.9747794671664392
1320,0.9773366667208790
1330,0.9793298495256685
1340,0.9757770257709762
1720,0.9987930225011079
1730,0.9927582570062636
1790,0.9964944750716253
1800,0.9894460362561511
1810,0.9880345186013911
1820,0.9922904395582897
1830,0.9964848992082481
1840,0.9803144851546417
1850,0.9605978000426760
1860,0.9513393273197540
1870,0.9487229648487222
1880,0.9574622913193954
1890,0.9500760765969581
1900,0.9503654514782378
1910,0.9506953360275060
1920,0.9518643939258129
1930,0.9556075914261993
1940,0.9581565386577982
1950,0.9643295752429115
2050,0.9800066624041149
2060,0.9760014089795717
2070,0.9764677267231561
2080,0.9786058622285240
2090,0.9838689465445263
2860,0.9349036642093030
2870,0.9446847462737729
2880,0.9421312881315225
2890,0.9581911280679867
3090,0.9939053082482326
3100,0.9982189907834668
3150,0.9895625273553696
3160,0.9935748296139356
3170,0.9960357074640261
3180,0.9973535144792272
3190,0.9925914889606920
3200,0.9957056599266053
3210,0.9913209925534999
3220,0.9916347383498368
3230,0.9861101785200670
3240,0.9873759146295473
3260,0.9811469374754291
3270,0.9870500564969620
3280,0.9804054728864720
3290,0.9790107255518811
3300,0.9760580113653534
3310,0.9821533818461238
3320,0.9753832273306684
3330,0.9807554699582868
3340,0.9744517135620683
3350,0.9769682572865133
3360,0.9736947078824651
3370,0.9828874546620511
3380,0.9768008167478622
3390,0.9751651861537944
3400,0.9796097549857312
3410,0.9744337566392856
3420,0.9783894570465586
3430,0.9807674211285583
3440,0.9814910041718723
3450,0.9799246676757369
3460,0.9826305157455124
3550,0.9562494241582657
3650,0.9923774429523082
4310,0.9881665342124503
4320,0.9812004579614805
