0,0.9533503196060089
10,0.9541475597389983
20,0.9559173745847500
30,0.9558817376812144
70,0.9585647700159333
110,0.9673962460916149
120,0.9642202868962719
130,0.9708749724026910
140,0.9652833750713287
150,0.9722301639041218
160,0.9686434963158773
170,0.9692744341611442
180,0.9722202449709773
190,0.9791308634611685
200,0.9755327587731343
210,0.9834984407930721
220,0.9785799514501798
230,0.9786389348648806
240,0.9817255060762501
250,0.9827513101757641
260,0.9877334779425661
270,0.9874450810384324
280,0.9921106938417621
290,0.9954563846341258
300,0.9930773067190422
310,0.9922646237863709
320,0.9893417831697088
330,0.9979891122507900
340,0.9963753114475106
350,0.9982290758427993
370,0.9891981803039177
380,0.9935322180692021
390,0.9890919004225829
400,0.9947311141890661
490,0.9866127838634171
500,0.9796377885633183
510,0.9838159014587275
520,0.9886016013845976
530,0.9822262289187208
540,0.9785153577836339
550,0.9844690771475418
560,0.9811587447356163
570,0.9785276540676532
580,0.9774205371415294
590,0.9703288146950740
610,0.9735080890416068
620,0.9682229121012746
630,0.9656183352683171
640,0.9679551166017825
650,0.9723019815876017
660,0.9643593698721838
670,0.9714668919913844
680,0.9634585373016163
690,0.9712026011658548
840,0.9626270888967288
850,0.9521901446133720
860,0.9434754685009376
870,0.9397535584828322
880,0.9399714379608031
890,0.9432544913870157
900,0.9343321356487905
910,0.9375604080653273
920,0.9352560198589316
930,0.9446269618683453
940,0.9426228925115346
950,0.9447808850607540
960,0.9526437055394936
970,0.9589093778307306
980,0.9711362831598792
990,0.9715544762578195
1000,0.9626008423687364
1150,0.9751862755405709
1160,0.9698408907737683
1170,0.9676678581484545
1180,0.9741675591304031
1190,0.9726520744166938
1200,0.9762137395266945
1210,0.9774012124717901
1220,0.9770321418320633
1230,0.9753952037739673
1240,0.9768265921226659
1250,0.9746122526898826
1260,0.9823763720922123
1270,0.9839323682114191
1280,0.9858705860861389
1290,0.9866902217271780
1300,0.9821798826692394
1310,0.9846127396290091
1320,0.9806832833381134
1330,0.9828567652606338
1340,0.9852248453873831
1350,0.9875619747383498
1360,0.9917782933395402
1370,0.9883779284473390
1380,0.9888036108185188
1390,0.9940964094891876
1400,0.9924192089659966
1410,0.9913730250872448
1420,0.9972340150012550
1430,0.9928522965998556
1440,0.9994792122989783
1450,0.9977188422512995
1460,0.9920786767453300
1470,0.9892656837456776
1650,0.9549999611843598
1660,0.9535604501844932
1670,0.9481903226189801
1680,0.9503551425989684
1690,0.9579468785225445
1700,0.9503529028510511
1710,0.9476944882659087
1890,0.9933231005502059
1900,1.0000000000000000
1910,0.9927987686951685
1920,0.9947270730083934
1930,0.9950577865625827
1940,0.9968630715064354
1950,0.9915180422640920
1960,0.9959274849992384
1970,0.9887762964074009
1980,0.9972455450691907
1990,0.9910560022833019
2000,0.9911565207908074
2010,0.9894358229047745
2020,0.9859131351817070
2030,0.9857306242201050
2040,0.9909562073749371
2050,0.9829231114749172
2060,0.9829558516803818
2070,0.9825325699364510
2080,0.9756693816752645
2090,0.9770885870304054
2100,0.9846360959463455
2110,0.9734933221134777
2120,0.9748832245131505
2130,0.9799237648485802
2140,0.9815446985734844
2150,0.9776768835320755
2160,0.9777691711446593
2170,0.9706940529261827
2180,0.9705163672825343
2190,0.9712004009442033
2200,0.9666962262033901
2210,0.9662717106737485
2220,0.9686914064589495
2230,0.9747346069652827
2240,0.9693434245040711
2250,0.9697482966875051
2360,0.9632086583292476
2370,0.9624464747701863
2380,0.9674251167788683
2390,0.9621745534027762
2400,0.9650466276849350
2410,0.9706371358173443
2420,0.9635734363161016
2450,0.9695642444363609
2460,0.9711326560755152
2470,0.9687054336143315
2510,0.9410011554016788
2520,0.9393626323554517
2590,0.9495426170948097
2600,0.9582077791766164
2610,0.9585878753508457
2620,0.9619200079827723
2630,0.9632416579322785
2660,0.9579403080049295
2670,0.9657885351750638
2680,0.9574023947754515
2690,0.9615669857006878
2700,0.9577585848836729
2710,0.9669671964223555
2720,0.9583476588926512
2730,0.9577031846450699
2740,0.9576157085794084
2750,0.9623220019485759
2760,0.9653579071329842
2770,0.9676384170387285
2780,0.9640422964878519
2790,0.9692547220184222
2800,0.9669844411688254
2810,0.9659764149682945
2820,0.9665143149258401
2830,0.9639964115607923
2840,0.9719796558289922
2850,0.9671578856462189
2860,0.9654474390210441
2870,0.9733184189914166
2880,0.9713860389087162
2890,0.9686457597732799
2900,0.9692037158569278
3160,0.9800470637868276
3170,0.9759215378210170
3180,0.9814662634614637
3190,0.9789725698675115
3200,0.9789168799117395
3210,0.9707508420771175
3220,0.9730844451259333
3260,0.9618233224876936
3340,0.9542254359288821
3350,0.9586733252648760
3360,0.9538842875922381
3370,0.9540750387203709
3380,0.9667982174049393
3390,0.9697607748187402
3400,0.9734912311318443
3410,0.9771720472212747
3420,0.9747575695759967
3430,0.9801814264865341
3440,0.9815975763906060
3450,0.9794059124300462
3460,0.9840687543616068
3470,0.9859544869743310
3480,0.9844466264309125
3490,0.9902058800319938
3500,0.9854807495348554
3510,0.9873773343856893
3520,0.9850384340492575
3530,0.9910011573431072
3540,0.9961832461994352
3550,0.9931312073080164
3560,0.9972965918108673
3570,0.9888644621041899
3580,0.9904644933329403
3590,0.9948530940321059
3600,0.9916997180034297
3610,0.9944927281957019
3620,0.9923527173184234
3630,0.9924883501711429
3640,0.9989133172758201
3650,0.9995734595851561
3660,0.9894216144720211
3670,0.9974015094545028
3680,0.9919726599296717
3690,0.9962198586094241
3700,0.9943227904428807
3710,0.9899242387712812
3720,0.9869480850583241
3730,0.9866262305404161
3740,0.9904629976009585
3750,0.9966711961083262
3760,0.9850341966753554
3770,0.9913903102417219
3780,0.9907953697540653
3850,0.9800141134926111
3860,0.9799405811950763
3890,0.9781193526356234
3900,0.9759758038805438
3910,0.9851101540326075
3920,0.9833539518901431
3980,0.9693656177605668
3990,0.9758425691720238
4000,0.9759370903909697
4010,0.9759908686795123
4020,0.9707060892719698
4030,0.9671727796033920
4040,0.9703311272551886
4050,0.9664529102957630
4060,0.9745469561840322
4070,0.9647475965659126
4080,0.9676929193607827
4090,0.9629142974987245
4100,0.9703862116111535
4110,0.9605523887830093
4120,0.9493320782203771
4130,0.9512107055973898
4140,0.9461890641716341
4150,0.9431224950982585
4160,0.9405171300668590
4170,0.9398917748820421
4180,0.9381067864135278
4190,0.9353597485327124
4200,0.9447716656275268
4210,0.9391848722008357
4220,0.9448613221845873
4230,0.9495660850651257
4240,0.9549715693495626
4250,0.9610196157796138
4260,0.9681367533022803
4270,0.9602473836449616
4280,0.9650001710181042
4290,0.9597407200540080
4300,0.9701104291513105
4310,0.9599834353581557
4320,0.9613702578280240
