30,0.9958972470576966
40,0.9977308586180641
50,0.9959037424167493
60,0.9963167053102994
70,0.9883330342056209
80,0.9874576472714862
90,0.9884696090416502
100,0.9900155120484109
240,0.9757506521601506
250,0.9723477521972421
260,0.9762338589526572
270,0.9708087509376676
280,0.9743994459322758
290,0.9727357371487106
310,0.9525443960243130
320,0.9571136794089344
330,0.9544600732312261
340,0.9561107453352290
350,0.9504011271549750
360,0.9567140213808725
370,0.9539576425584579
380,0.9544102791281738
390,0.9560306028576074
400,0.9506543011528245
410,0.9559561790349297
420,0.9694129332130558
430,0.9774502247970182
440,0.9735176033048943
450,0.9771762302200558
460,0.9722347571560980
470,0.9801321266985141
480,0.9819690971852394
490,0.9763223989605335
500,0.9784521769739251
510,0.9791049969333743
520,0.9766320400316886
530,0.9837996727947039
540,0.9817321526371194
550,0.9793116665905933
560,0.9838120475029158
570,0.9817003891845120
580,0.9896511326692302
590,0.9931163710948490
600,0.9908342827051571
610,0.9913173061235838
620,0.9866015926262842
630,0.9881481350802376
640,0.9912113900893446
650,0.9928070813169846
660,0.9965879308518063
670,0.9904151793020082
680,0.9982026000943366
690,0.9969247362418691
700,0.9943840900295546
710,0.9930046557129353
800,0.9936496519823245
810,0.9954617859033057
820,0.9878362928114689
830,0.9869860074988517
840,0.9845734543649410
850,0.9866898560430721
860,0.9842500941645886
870,0.9941733422364465
880,0.9893399898106275
890,0.9901214268232084
900,0.9843429937554617
910,0.9887798756676570
920,0.9882180071352926
930,0.9787014433510233
940,0.9871600072812780
950,0.9813092482245183
960,0.9858512008804169
970,0.9827891388512470
980,0.9827151711475952
990,0.9777579830778316
1000,0.9838760046195095
1010,0.9814965749240683
1020,0.9818995796304935
1030,0.9745967016042819
1040,0.9738296947201235
1050,0.9808651480220026
1060,0.9766423803911520
1070,0.9697470176076239
1080,0.9707024695573153
1090,0.9750441670759963
1100,0.9727853103356936
1110,0.9631299067948781
1120,0.9554384737246934
1130,0.9515565611260136
1140,0.9392082092413012
1150,0.9395421570303004
1160,0.9430578462739986
1170,0.9438471693102566
1180,0.9399358141176529
1190,0.9489180459545651
1200,0.9411905463665974
1390,0.9845573032252432
1400,0.9782340254624967
1410,0.9792505766803914
1420,0.9806513009517123
1430,0.9906231295372790
1440,0.9839248427428199
1450,0.9932796573570516
1460,0.9896200433821604
1570,0.9948907120744364
1580,0.9919067120451757
1590,0.9874287296388845
1600,0.9885378614870198
1610,0.9889607336353684
1620,0.9794719924848058
1630,0.9827021652083839
1640,0.9795332580818071
1650,0.9803897757568664
1660,0.9710304216897561
1670,0.9776009619642237
1870,0.9504678937947086
1880,0.9622471683635355
1890,0.9790728789138771
1900,0.9840437686067336
1910,0.9808584601970735
1920,0.9771596312738136
1930,0.9858135754891411
1940,0.9818961059870460
1950,0.9909318414492895
1960,0.9902789094795392
1970,0.9838464365060683
1980,0.9855692947713837
1990,0.9863776689394903
2000,0.9933727260315161
2010,0.9893431752054795
2020,0.9926819846427949
2030,0.9874483001209418
2040,0.9907695384356010
2050,0.9916248080648942
2060,0.9946634618411038
2070,0.9923344494472214
2180,0.9968311632559916
2190,0.9982483071769657
2200,0.9929701473828753
2210,0.9979988755772818
2220,0.9931196230184970
2230,0.9944386949410965
2240,0.9947313143833554
2250,0.9924646622708643
2260,0.9967754630058324
2270,0.9920254752912940
2280,0.9892796312294826
2290,0.9984960270337206
2300,0.9879632503550685
2470,0.9866972888882968
2480,0.9806577832099945
2490,0.9883584909248223
2500,0.9833824337887450
2510,0.9796552520011937
2520,0.9877136835248889
2530,0.9858721486285642
2580,0.9789771618727284
2590,0.9575429836093616
2600,0.9426537667358361
2610,0.9373779526812481
2620,0.9426531997061307
2630,0.9403441301594730
2690,0.9582494962740918
2700,0.9634144046301177
2710,0.9634788181579937
2720,0.9669329718810138
2730,0.9655859278766052
2820,0.9739035376809847
2830,0.9747734040987691
2840,0.9746412999636914
2850,0.9784965048066887
2860,0.9841473726029568
2870,0.9866820886320633
2880,0.9814222686030499
2890,0.9842705089184084
2900,0.9894846973068498
2910,0.9869846776998376
2920,0.9946295419348122
2930,0.9896558811763776
2940,0.9938108437992135
2950,0.9899005543238728
2960,0.9927492472651500
2970,0.9998564037267254
2980,0.9981559564149058
2990,0.9893901602982204
3000,0.9960486997737167
3010,0.9904875104590484
3020,0.9890189390845699
3030,0.9862590383147609
3040,0.9872680006622773
3050,0.9902920568170798
3060,0.9887850293598233
3070,0.9864275014709272
3080,0.9774402796774045
3090,0.9782150365382037
3100,0.9731095448844966
3110,0.9702855727967896
3120,0.9686349186964657
3130,0.9689146854426423
3140,0.9726126079343344
3240,0.9613155691156433
3250,0.9551723511452805
3260,0.9581931701232066
3330,0.9497517267793751
3340,0.9556827197970895
3350,0.9598709669874702
3360,0.9750508207193961
3370,0.9841458126107725
3380,0.9863374044812958
3390,0.9789017573054462
3400,0.9859776381054327
3410,0.9875271909860011
3420,0.9878275901130943
3430,0.9849022657368002
3440,0.9889807114102001
3520,0.9837758531383003
3530,0.9912562443272158
3540,0.9941640526962183
3550,0.9892846623866450
3560,0.9935805036210912
3570,0.9913692478842284
3610,0.9940695805239347
3620,0.9894271911941021
3630,0.9981302307491229
3640,0.9957662297027009
3650,0.9964452864512318
3660,0.9922106843459731
3670,0.9925406003944546
3680,0.9986158855301122
3690,0.9987713559883946
3700,0.9979799989023065
3760,0.9910397805673284
3770,0.9885048674834157
3780,0.9918469112815655
3820,0.9888778119232303
3830,0.9889447918028603
3840,0.9984748241756995
3850,0.9970970788536130
3860,0.9966689421049630
3870,0.9882826143480409
3880,0.9880521994028200
3890,0.9861378845743572
3900,0.9899474322548736
3910,0.9930464331847607
3920,0.9868577948599191
3930,0.9845367326497421
3940,0.9890085114344841
3950,0.9847114728341378
3960,0.9925499640997407
3970,0.9852921935234301
3980,0.9837274603970466
3990,0.9841140761760550
4000,0.9858058652438407
4010,0.9808902999880755
4020,0.9758896568543485
4030,0.9756641568773513
4040,0.9755540088511719
4050,0.9777183822018225
4060,0.9637721880820573
4070,0.9430937247829840
4080,0.9408052811099635
4090,0.9368557725379055
4100,0.9357579547497312
4110,0.9438341992352873
4290,0.9788273237797224
4300,0.9873758396411154
4310,0.9832418052838648
4320,0.9895834980878913
