0,0.9834355507796519
10,0.9748351199379547
110,0.9446362751612464
170,0.9460137724424116
180,0.9510442674813946
190,0.9526119810432330
200,0.9696790583340129
210,0.9649607708629377
220,0.9625513625017664
230,0.9751893633794735
240,0.9756927085474224
250,0.9783011259145097
260,0.9758604313882254
270,0.9813383765688817
280,0.9721752954525142
290,0.9806044983454483
300,0.9856538786226041
310,0.9790923819178308
320,0.9796913566974694
330,0.9882989907203108
340,0.9871285288497055
350,0.9932563018167522
360,0.9857195755578780
370,0.9936689923088112
380,0.9888197450905993
390,0.9916706878240885
400,0.9987773966625552
410,0.9913375989332809
420,0.9926824181438358
430,0.9925254474060381
440,0.9899727419909605
450,1.0000000000000000
460,0.9923362089975133
470,0.9920212319549050
480,0.9899087085406820
490,0.9983584336190566
500,0.9943635307666955
510,0.9899245713462859
520,0.9865021132845084
530,0.9877703372160181
540,0.9919689609142512
550,0.9836323364766226
560,0.9809784493391283
570,0.9867675023577798
580,0.9815873435715392
590,0.9802834722202165
600,0.9862519658354010
610,0.9850562548736653
620,0.9740887778999536
630,0.9823571673603670
640,0.9821248412312409
650,0.9772712225668992
660,0.9772266018583251
670,0.9742139906831869
680,0.9764669320561356
690,0.9734697575653490
700,0.9691521811060170
710,0.9661370041171642
720,0.9704072476124630
730,0.9705374787360603
740,0.9694113900387086
750,0.9705088802364562
760,0.9655579524906173
770,0.9638585248229909
780,0.9693590644627815
790,0.9661234320091285
800,0.9630334897457501
810,0.9662689356768198
820,0.9641056852360791
830,0.9612941029439680
840,0.9628339334358613
850,0.9660847900516671
860,0.9624757019437380
870,0.9619137208434653
880,0.9627229075491597
890,0.9583336365919780
900,0.9640362904081027
910,0.9522561967190191
920,0.9417969176023832
930,0.9347715820702650
940,0.9314433775373033
950,0.9325638097432160
960,0.9242427069174667
970,0.9330817024779787
980,0.9332178242924208
990,0.9375514524099958
1020,0.9580049101011870
1030,0.9621190591537149
1040,0.9624356246515721
1050,0.9685851395809258
1060,0.9643109341526176
1070,0.9601142723674787
1080,0.9702543452518911
1090,0.9613639117205741
1100,0.9607562262235871
1110,0.9688242158445219
1120,0.9663732178246282
1130,0.9618029159789060
1140,0.9659182020896302
1150,0.9724780239108157
1160,0.9725141964055016
1170,0.9706884715994262
1180,0.9754252327663608
1190,0.9667438930872257
1200,0.9746530017480094
1210,0.9760900534573533
1220,0.9700961214307008
1230,0.9712504626927709
1240,0.9704891308070310
1250,0.9743844294519253
1260,0.9748736419598559
1270,0.9833983145351698
1280,0.9828731858859028
1290,0.9810095456837814
1300,0.9863319633960128
1310,0.9876207164686045
1320,0.9891278493302957
1330,0.9847282024530554
1340,0.9912660140129370
1350,0.9845830846163469
1360,0.9889017818012210
1370,0.9890876481605139
1380,0.9918840635496814
1390,0.9906031224408973
1400,0.9949220868116636
1410,0.9969373933783802
1420,0.9943183167020473
1430,0.9897092817609631
1440,0.9979344371475330
1450,0.9981791631230401
1460,0.9895472991048770
1470,0.9950811652848817
1480,0.9920967547523051
1490,0.9881339956291566
1500,0.9908215836800378
1510,0.9878466003460564
1520,0.9856015223648984
1530,0.9722699410426954
1540,0.9703514117647909
1550,0.9673563014025510
1560,0.9588043773199791
1570,0.9489876434446176
1580,0.9448068388222189
1590,0.9519690916508237
1600,0.9492810752880005
1610,0.9452088147298945
1620,0.9507856224595463
1630,0.9486803827973920
1640,0.9425675544091950
1650,0.9482410143522274
1660,0.9530859689584853
1670,0.9710969855542900
1680,0.9709335990623322
1690,0.9785366916893358
1700,0.9736019768492217
1710,0.9836134453621833
1730,0.9821813558817714
1740,0.9834570432339504
1750,0.9932053135133426
1760,0.9927317947832556
1770,0.9881724925026107
1780,0.9992340008921552
1790,0.9960256894933068
1800,0.9939228426075130
1810,0.9928722423726795
1820,0.9951782779541468
1830,0.9953549556320689
1840,0.9949090702762686
1850,0.9851373910495718
1860,0.9927304598115694
1870,0.9823649230093967
1880,0.9878276009895987
1890,0.9836727466569997
1900,0.9822781692728675
1910,0.9810702226522307
1920,0.9774742493346866
1930,0.9800650699839583
1940,0.9747177946242436
1950,0.9781821485333669
1960,0.9764243273034006
1970,0.9721142039601045
1980,0.9680268475819359
1990,0.9640029930539813
2000,0.9645999811969680
2010,0.9664898163943271
2020,0.9642014671057140
2030,0.9643824431833468
2040,0.9675600456955221
2050,0.9592239844785712
2060,0.9660138819600527
2070,0.9657587126652967
2080,0.9688443606537910
2090,0.9576501503306579
2100,0.9676747900614274
2110,0.9648581161370914
2120,0.9615682807329002
2130,0.9645348570596892
2140,0.9629968701812516
2150,0.9599586246054111
2160,0.9587475487708950
2170,0.9692642928302203
2180,0.9600697106738608
2190,0.9635663923033255
2200,0.9629494411519929
2210,0.9647095801340446
2220,0.9701622096903025
2230,0.9649093382151425
2330,0.9756828998060306
2340,0.9764831832136106
2350,0.9729103308877027
2360,0.9663279100488015
2370,0.9593214988875191
2380,0.9456031728239520
2390,0.9367620503341997
2400,0.9385837943947772
2410,0.9288944574434930
2420,0.9263530096185275
2430,0.9208715916937011
2440,0.9304659403242105
2450,0.9365490027231070
2460,0.9351316729046880
2470,0.9420734405205206
2480,0.9502591545979445
2490,0.9715344587811648
2500,0.9676825325499655
2510,0.9759114498222476
2520,0.9697203845424893
2530,0.9680264742313061
2540,0.9689101437938974
2550,0.9721651668034448
2560,0.9762149452536977
2570,0.9686407124002113
2580,0.9689757115710740
2590,0.9761071824657157
2600,0.9749053231975675
2610,0.9762396957638655
2620,0.9742328621169285
2630,0.9701872240114774
2640,0.9748050793255473
2650,0.9717732109702407
2660,0.9694534642178750
2670,0.9697428328030525
2680,0.9663968813539087
2690,0.9723783559738672
2700,0.9746437449008517
2710,0.9734073796936807
2720,0.9712337683088297
2730,0.9727730638640870
2780,0.9741698135656666
2790,0.9730412849076671
2800,0.9730089939466757
2810,0.9721344452601939
2820,0.9735483697291480
2830,0.9769305019056232
2840,0.9779223737396678
2850,0.9758519380455067
2860,0.9792537222901793
2870,0.9748740621061402
2880,0.9834815944966337
2890,0.9845041605337504
2900,0.9785011605024426
2910,0.9858165023189918
2920,0.9861017875247325
2930,0.9811090491942021
2940,0.9845156475124108
2950,0.9933209191312027
2960,0.9838933063210002
2970,0.9893324959015641
2980,0.9903993376362477
2990,0.9969388954722438
3000,0.9954139226355121
3010,0.9970531671458231
3020,0.9967556101993954
3030,0.9876242916952611
3040,0.9573172823829741
3050,0.9459163040189618
3060,0.9447620184881119
3070,0.9491949113219974
3080,0.9473266803380397
3120,0.9498014739037585
3130,0.9528447322406152
3140,0.9801299257386649
3150,0.9844628901675881
3160,0.9736850631349779
3170,0.9715096037879998
3180,0.9705930831727018
3190,0.9760070472537278
3200,0.9644757862873893
3210,0.9702419135561452
3220,0.9699273596185871
3230,0.9593145088538719
3240,0.9627195610106480
3250,0.9573848012110333
3260,0.9593134065618901
3270,0.9666288885446723
3280,0.9622496779886780
3290,0.9678451927370759
3300,0.9729664145708216
3310,0.9660037796155544
3320,0.9768567250634315
3330,0.9783134942655846
3340,0.9764673813851188
3350,0.9835192095899822
3360,0.9921293958604627
3370,0.9870644719886807
3380,0.9925131320646429
3390,0.9941600228286613
3400,0.9973142460107053
3410,0.9899311507283753
3420,0.9912641684345056
3440,0.9926085605472488
3450,0.9867964862273856
3460,0.9848799191815536
3470,0.9835815518930937
3480,0.9766026107300732
3490,0.9749914594091207
3500,0.9709521683373237
3510,0.9747832304582066
3520,0.9740292556816397
3530,0.9695671114436993
3540,0.9636473167474203
3550,0.9670153351588010
3560,0.9603067736480645
3570,0.9595512475249768
3580,0.9606016826422994
3590,0.9621656849166458
3600,0.9634376673312860
3610,0.9716654465622864
3620,0.9715369072200298
3630,0.9746223416803574
3640,0.9745691597114418
3650,0.9799043171862934
3660,0.9784663922495089
3670,0.9778462836371443
3680,0.9895649342069166
3690,0.9862505985703134
3700,0.9834791327231388
3710,0.9923820745812398
3720,0.9949569687401144
3730,0.9888714282016439
3740,0.9977651825413244
3750,0.9979182868616726
3760,0.9968540762373485
3770,0.9911458257717110
3780,0.9904556974673581
3790,0.9839188391499513
3800,0.9871504365076933
3810,0.9803332339849615
3820,0.9775203146623076
3830,0.9784659219171274
3840,0.9560220318779724
3850,0.9407839871733770
3860,0.9367096840985761
3870,0.9374395474139070
3880,0.9317444245431656
3890,0.9297884191521366
3900,0.9248852689778611
3910,0.9337379613295159
3920,0.9342875626921573
3930,0.9298469447279774
3940,0.9354399921586799
3950,0.9465112303282847
3960,0.9623127483501442
3970,0.9803667561541554
3980,0.9747523028001495
3990,0.9801854431105170
4000,0.9814774484333677
4010,0.9883012331386616
4020,0.9932094290660749
4030,0.9900785865072662
4040,0.9961342962062588
4050,0.9936111193126934
4060,0.9964916265545275
4070,0.9966661850406967
4080,0.9953651459565594
4090,0.9898051152411772
4100,0.9884175918572621
4110,0.9927298112490817
4120,0.9938032051988421
4130,0.9883095015812497
4140,0.9796345092502052
4150,0.9856423288952764
4160,0.9754116222530059
4170,0.9775685001344507
4180,0.9694312748855692
4190,0.9731440316981900
4200,0.9657924039390846
4210,0.9692029665822874
4220,0.9704952210641390
4230,0.9613775349985935
4240,0.9682778829355589
4250,0.9687795379729531
4260,0.9576651519364567
4270,0.9663535132274401
