0,0.9811638605175510
10,0.9736231365999449
20,0.9813629081311370
30,0.9814612511980473
60,0.9871456963533777
70,0.9882229543301946
80,0.9923060231309340
90,0.9887212348479457
100,0.9916724248537981
110,0.9956915570945698
120,0.9896778429945505
130,0.9985143421180720
140,0.9890871702393406
150,0.9919111391986326
160,0.9929257708912564
170,0.9927680520561782
180,0.9889673229450530
190,0.9927900663750732
200,0.9949856328669548
210,0.9919363733147034
220,0.9949791965699478
230,0.9945862114463009
240,0.9923960125145349
250,0.9862178792999383
260,0.9824357595326919
270,0.9830216361137302
280,0.9798545338587077
290,0.9874686202046248
300,0.9807938441869866
310,0.9814450208788342
320,0.9755062569089502
330,0.9760167340424973
340,0.9792364971063139
350,0.9772754700753051
360,0.9781685858126460
370,0.9708909970894347
380,0.9726538039095650
390,0.9685211060651977
400,0.9692380754521462
410,0.9625276813576960
420,0.9682488176654761
430,0.9604865413016048
440,0.9627383934205909
450,0.9523538140228139
460,0.9516234666013706
470,0.9420246199894611
480,0.9407940085959879
490,0.9414374347790702
500,0.9467217023203968
510,0.9390734833191136
520,0.9428025533810992
530,0.9509279306503753
540,0.9582852952759325
550,0.9679107114021894
560,0.9644683689349138
570,0.9675079240188030
580,0.9738913929956685
590,0.9759784029945598
600,0.9692457635718176
610,0.9785511481533926
620,0.9820824729837132
630,0.9755003074329724
640,0.9789692798268550
650,0.9823184775895626
660,0.9793935675356561
670,0.9796280796025716
680,0.9839041348001607
690,0.9789652348596274
700,0.9849686643535412
710,0.9925953862710547
720,0.9844887831282209
730,0.9897829989244397
740,0.9904594791786695
750,0.9953462565222151
760,0.9969311563256751
770,0.9858969713232837
780,0.9878280480403775
840,0.9994271782476236
850,0.9891699166511386
860,0.9946394441631333
870,0.9934825383150915
880,0.9933644159887071
890,0.9927133911656486
920,0.9976578785602358
930,0.9906990431621635
940,0.9943003717562974
950,0.9868077040045121
960,0.9919482801756849
970,0.9921829280862772
980,0.9839273521694848
990,0.9837481541884822
1000,0.9876674403548681
1010,0.9873654584110660
1020,0.9775212249147791
1030,0.9851369394636799
1040,0.9824946269273858
1050,0.9839977061891505
1060,0.9779950982072342
1070,0.9709469300526518
1080,0.9776998384986040
1090,0.9774374560727550
1100,0.9659513250643701
1110,0.9606260816097065
1120,0.9538249002032654
1130,0.9554918755693705
1140,0.9595208832223525
1150,0.9553158788605168
1160,0.9547081993157771
1170,0.9510308542541513
1180,0.9506800588610107
1190,0.9530557067375317
1200,0.9581434389335819
1210,0.9609367715511318
1220,0.9713031915966596
1230,0.9620794007946357
1240,0.9634375835945638
1250,0.9704518354868896
1260,0.9754736965586445
1270,0.9697289085170272
1280,0.9729658629805950
1290,0.9777537759378353
1300,0.9760220458882128
1310,0.9761250992897247
1320,0.9830200445371766
1330,0.9866622521125665
1340,0.9828087093513557
1350,0.9873004748415556
1360,0.9855738123721772
1370,0.9869407056797920
1380,0.9901529058838984
1390,0.9981235522187053
1400,0.9962583207458404
1410,0.9884564801766855
1420,0.9911344744398243
1430,0.9959067543173831
1440,0.9995216139821318
1450,0.9959889409517972
1460,0.9909495365061260
1470,0.9932622876276483
1480,0.9960241284819318
1490,0.9858990812626823
1500,0.9885503749664115
1510,0.9860421716703824
1520,0.9868938134660289
1670,0.9654709538477850
1680,0.9643932756170912
1690,0.9613504218746672
1700,0.9621272212987529
1710,0.9666355752379820
1720,0.9527877808475994
1730,0.9537254449321380
1740,0.9480447520232982
1750,0.9428444909326154
1760,0.9461383925898558
1770,0.9407291993133965
1780,0.9425592136304742
1790,0.9392152428217073
1900,0.9684180628780521
1910,0.9779552673674642
1920,0.9710518732834935
2120,0.9890285409393170
2130,0.9968579949278150
2140,0.9966342935157693
2150,0.9947570187407190
2160,0.9997406592351299
2170,0.9885486562886389
2180,0.9973548679367342
2190,0.9926824433101612
2200,0.9888225664027058
2210,0.9889790768475615
2220,0.9917954570754556
2230,0.9926593621256580
2240,0.9848394894415142
2250,0.9906514820183843
2260,0.9892745287117868
2270,0.9790930239140080
2280,0.9871250961106561
2290,0.9831855247626461
2300,0.9777597974815141
2310,0.9778472809190631
2320,0.9734659053090428
2330,0.9701555094443221
2340,0.9732294457161526
2350,0.9673117799889631
2360,0.9659247472677822
2510,0.9703958680310377
2520,0.9673700776432780
2530,0.9768035643762604
2540,0.9745817287816103
2570,0.9823077177605521
2580,0.9871520950280039
2590,0.9882923440521422
2870,0.9750140327083525
2880,0.9777589026601464
2890,0.9810735081135589
2900,0.9737940042143652
2910,0.9793928431447503
2920,0.9777097456317244
2930,0.9770554043690811
3030,0.9457427942347411
3040,0.9475747914506061
3050,0.9425302069261406
3120,0.9685779995234955
3130,0.9741427708856923
3140,0.9740448229427427
3150,0.9704226795495912
3160,0.9744488402633070
3170,0.9796852558009695
3180,0.9715121620940214
3190,0.9731174595172998
3200,0.9773216328962113
3210,0.9804206911974559
3220,0.9807127280809026
3230,0.9791157534231728
3240,0.9872839905222385
3250,0.9903891978925409
3260,0.9842911700083761
3270,0.9879312334911020
3280,0.9935265230891084
3300,0.9941202835102962
3310,0.9881510319134523
3330,0.9965202210625282
3340,0.9961718686747512
3350,0.9878399917206204
3360,0.9953728457158080
3370,1.0000000000000000
3380,0.9883860334908818
3390,0.9964415616823564
3400,0.9885794071662698
3410,0.9887539671857133
3420,0.9981360149499193
3430,0.9937144087165195
3440,0.9944520824332781
3450,0.9923474502727284
3460,0.9904432819692809
3470,0.9885178979326481
3480,0.9938387454650920
3490,0.9894718087085255
3500,0.9947968083050445
3540,0.9802864329350007
3550,0.9821403979305661
3560,0.9845104591757418
3570,0.9760370248217013
3580,0.9779942890730525
3590,0.9766903213648108
3600,0.9720215188826001
3610,0.9709249240896163
3620,0.9726473230337284
3630,0.9753705200777847
3640,0.9668494898495152
3650,0.9657072936657636
3660,0.9658784727051933
3670,0.9521999554200100
3680,0.9551703494008175
3690,0.9567209688244678
3700,0.9515414376945702
3710,0.9606773875751182
3720,0.9577965898610101
3730,0.9512848702495953
3740,0.9516093688492611
3750,0.9529349912388038
3760,0.9608237461494693
3770,0.9623907860604909
3780,0.9612301202553046
3790,0.9721445130698920
3800,0.9649259904171306
3810,0.9650144614787936
3820,0.9728861271162685
3840,0.9694399499225782
3850,0.9814421612823678
3860,0.9749917421589681
3870,0.9830696149907718
3880,0.9756763039692521
3890,0.9877856540433587
3900,0.9878162815641566
3910,0.9876362189196066
3920,0.9885456978005115
3930,0.9869844302927420
3940,0.9919037915018765
3950,0.9935260719212808
3960,0.9967895848864636
3970,0.9892831542256688
3980,0.9928916051932923
3990,0.9924239518894513
4000,0.9991879997815828
4010,0.9992928825709763
4020,0.9919899690730276
4030,0.9921994365702769
4040,0.9947423235243080
4050,0.9951460888694479
4060,0.9922672703753846
4070,0.9932877703456904
4080,0.9882760957543405
4090,0.9897417323703979
4100,0.9830979198847956
4110,0.9775843283258762
4120,0.9816563925652559
4130,0.9843697029982850
4140,0.9795481790040931
4220,0.9703099187227523
4230,0.9678098823984972
