40,0.9981712262687623
50,0.9965336413661982
60,0.9984758688498896
70,0.9936410929344875
80,0.9964077290378300
110,0.9857665814836809
120,0.9907739175544337
130,0.9898321537186578
140,0.9910819759091711
150,0.9894683033952655
160,0.9879825079063846
170,0.9893709833432162
180,0.9913416062065069
190,0.9899489436100319
200,0.9873479658206427
210,0.9786010190349534
220,0.9787289515956055
230,0.9773614918756064
240,0.9776797205943093
250,0.9790751312678496
260,0.9773759693135128
270,0.9787862920647082
280,0.9767455539341388
290,0.9798813825194915
300,0.9759807230981657
310,0.9613528384533817
320,0.9589365040432504
330,0.9502526619174140
340,0.9469765620299068
350,0.9424349200606378
360,0.9435900642853399
370,0.9524369187397861
380,0.9503787012306016
390,0.9518508013631172
400,0.9582314144416045
410,0.9617388482225865
420,0.9780741887293015
430,0.9780940363546190
440,0.9826658508163578
450,0.9733059919171023
460,0.9789167219816219
470,0.9788945762487675
480,0.9824463400332016
490,0.9828543620624075
500,0.9776015534798490
510,0.9874505366630880
520,0.9806898540843583
530,0.9891868120856022
540,0.9870209773589701
550,0.9900503177119284
560,0.9877383636111562
570,0.9883278814525505
580,0.9871665660655358
590,0.9925383571739418
600,0.9881931466605539
610,0.9925254810204092
620,0.9943592283015908
630,0.9893490066857602
640,0.9944293754247620
650,0.9926452258463221
660,0.9882507893824296
670,0.9961960536081920
680,0.9971345003700678
690,0.9933395657240892
700,0.9956499582157328
710,0.9922809436727589
720,0.9901503941454786
870,0.9928642593172966
880,0.9896023524892479
1140,0.9659393348092868
1150,0.9579900723400753
1160,0.9596483376073097
1170,0.9775089411118180
1180,0.9760840698857424
1190,0.9744585034197681
1200,0.9761138309535886
1210,0.9748892363320879
1220,0.9791244294310998
1230,0.9719003483819791
1240,0.9807329722440881
1250,0.9738266377218948
1330,0.9899976074272940
1340,0.9894756725596606
1360,0.9868455217650861
1370,0.9945806847506332
1450,0.9985766018356305
1460,0.9951122354513267
1470,0.9986715574995129
1480,0.9984827976017969
1490,0.9971800212533383
1500,0.9957748461641502
1510,0.9913330863445582
1520,0.9903857583806640
1530,0.9892019892717554
1540,0.9953990194852692
1550,0.9871579720098909
1560,0.9911207925306978
1570,0.9859729617434785
1580,0.9814576336192999
1590,0.9877503686617277
1600,0.9814643805392014
1610,0.9815490623724328
1620,0.9786102845477623
1630,0.9793710873404002
1640,0.9755150630076254
1750,0.9463103005676421
1760,0.9455624311112490
1770,0.9439427560467267
1780,0.9517274592176047
1790,0.9555702170427964
1800,0.9555959162800020
1810,0.9641529560177590
1820,0.9758065438552570
1850,0.9829793687136682
1860,0.9844336509533534
1950,0.9952911198296860
1960,0.9868644037116163
1970,0.9939476131436061
1980,0.9932925429321969
1990,0.9937580819782796
2000,0.9959759863160362
2010,0.9926293569160732
2030,0.9949448485146534
2040,0.9884657701187468
2050,0.9948675944487552
2060,0.9999498846463468
2120,0.9914304682745180
2140,0.9977832081445773
2150,0.9975752152899106
2160,0.9935121114956105
2170,0.9933745797722917
2180,0.9940495273172525
2190,0.9864223408364986
2200,0.9914310633095991
2210,0.9965352800615380
2220,0.9864810140427982
2230,0.9904861819535131
2410,0.9852502330248035
2420,0.9818626568519702
2430,0.9811785539004243
2440,0.9853070315482756
2450,0.9837958752068852
2460,0.9732893016899575
2470,0.9664738752157241
2480,0.9549499416039274
2490,0.9567992185652326
2500,0.9649826244536528
2510,0.9661234425684578
2520,0.9574740358304005
2530,0.9567409822406039
2540,0.9599718057761560
2550,0.9582496517892715
2560,0.9552722226830860
2670,0.9711415673275418
2680,0.9715414047810441
2690,0.9782823832231828
2700,0.9799468781398338
2710,0.9748108330308786
2720,0.9744643459041783
2730,0.9797246717072610
2740,0.9851161180830155
2750,0.9790776881448611
2760,0.9877962754679104
2770,0.9822411950978360
2780,0.9844800961606375
2790,0.9919897648476987
2800,0.9920452564856959
2810,0.9961068417630449
2820,0.9951109540557408
2830,0.9968590939633297
2840,0.9936004238093918
2850,0.9877031572679061
2860,0.9933413154598340
2870,0.9932045111406593
2890,0.9967067633377455
2900,0.9937068534740555
2910,0.9914718390896748
2920,0.9943577109435976
2930,0.9873788538917768
2940,0.9947479683618226
2950,0.9860848282262553
2960,0.9896156787856611
2990,0.9790579976947547
3000,0.9867429646095354
3010,0.9819305179815180
3020,0.9837051111633902
3030,0.9759959334997529
3040,0.9735162827720099
3050,0.9780644986041758
3060,0.9706032667573922
3070,0.9744944144375463
3080,0.9763257496581037
3090,0.9763302081266301
3130,0.9637125217876684
3210,0.9611979572617432
3220,0.9613234472755527
3230,0.9775671195636033
3240,0.9881744144867347
3250,0.9852408581943325
3260,0.9851167791053361
3270,0.9829299942002264
3280,0.9898480580643770
3290,0.9932194254019963
3300,0.9877777515949365
3310,0.9927988671345558
3320,0.9972722745187891
3380,0.9947670545527002
3390,0.9999999999999999
3400,0.9984668027419467
3410,0.9948288619012040
3440,0.9919055865760513
3450,0.9955211841557651
3640,0.9876614449051626
3650,0.9911485019405070
3660,0.9867768560747332
3690,0.9950704282257147
3700,0.9950415958895944
3710,0.9852814726734951
3720,0.9868911323853242
3730,0.9910444037195221
3740,0.9944551918622420
3750,0.9928037570741750
3760,0.9849163539114565
3890,0.9571576133577467
3900,0.9605279597365237
3910,0.9625339367176639
3920,0.9653142416539414
3930,0.9581907556565784
3940,0.9613012411149515
3950,0.9610093361580363
3960,0.9619973769415687
3970,0.9621468844744822
3980,0.9737776896415754
3990,0.9794916059371775
4000,0.9757486735908883
4010,0.9761342297814577
4020,0.9742073420422890
4030,0.9757378935889727
4040,0.9734754670876558
4050,0.9773016752467204
4060,0.9714417366589759
4070,0.9736121594188925
4080,0.9732420216459280
4090,0.9809039227137984
4100,0.9762570960437397
4110,0.9737756847418999
4120,0.9773699973949007
4130,0.9809338276451756
4140,0.9734099606978716
4150,0.9810671381756054
4160,0.9823182827616030
4190,0.9798057070331696
4200,0.9919564565441692
4210,0.9913579520283944
4220,0.9933148116834331
4230,0.9885451753122543
4240,0.9919034350631429
4250,0.9900881507447503
4260,0.9930487550998803
4270,0.9975962056589013
4280,0.9903649898744301
4290,0.9957240693929346
4300,0.9916225426186330
4310,0.9930767696969414
4320,0.9973922737535487
