0,0.9515218480099793
10,0.9482520486421406
20,0.9533838248802572
30,0.9490841636396160
40,0.9566212594447585
50,0.9539427619219217
60,0.9541621202817983
70,0.9544426368102842
80,0.9743213259165149
90,0.9667286312456446
100,0.9655838340209801
110,0.9764205630031741
120,0.9758234651399733
130,0.9774212496893275
140,0.9811688279945038
150,0.9790908080409879
160,0.9833023673165268
170,0.9842080132949439
250,0.9958484502310913
260,0.9898641875858916
270,0.9932126453939895
280,0.9901395985126038
290,0.9921615540747444
300,0.9973727267554082
310,0.9945873801728228
320,0.9916008966514376
330,0.9898967814133565
340,0.9965224842313898
350,0.9952140422268045
360,0.9937484170640374
370,0.9911010521755976
380,0.9949436057487080
390,0.9849182312981936
400,0.9921022113909764
410,0.9897564757285409
420,0.9843045313311616
430,0.9882963773437466
440,0.9843094015071228
450,0.9860883028725370
460,0.9820355613810657
470,0.9759238050857125
480,0.9796747605660436
490,0.9827206360864532
500,0.9736237845270417
510,0.9768357370840707
520,0.9728108999037275
530,0.9741725910298473
540,0.9725329907390422
550,0.9672858652230457
560,0.9663608663149995
570,0.9694358430298268
580,0.9727972709703161
590,0.9688062870563010
640,0.9483686600649912
650,0.9412458138074526
670,0.9426826849957062
680,0.9383073771294131
700,0.9412549214882699
710,0.9511743355639768
780,0.9716937598230286
790,0.9772261832174588
800,0.9712173370797268
810,0.9770703165040175
820,0.9768506871345031
830,0.9742575697970607
840,0.9791855094504099
850,0.9793771453728264
860,0.9797158895199207
870,0.9837155017814541
880,0.9844140894541726
890,0.9894441370982060
900,0.9860926381488345
910,0.9899856740592504
920,0.9837784334125437
930,0.9850410300247222
940,0.9870550486168916
950,0.9860801472528833
960,0.9896575326833803
970,0.9914787156248469
980,0.9909528695317030
1020,0.9891429078201025
1030,0.9947246859463261
1040,1.0000000000000000
1130,0.9916690346338350
1140,0.9926599104649668
1150,0.9827169975974369
1160,0.9897919600150077
1170,0.9839605608792593
1180,0.9833995403851452
1190,0.9866322289564771
1200,0.9788202941569447
1210,0.9835644045589922
1220,0.9720826497778042
1230,0.9772262544749711
1240,0.9713811229700692
1250,0.9721608264235831
1260,0.9520751890918626
1270,0.9496287571336273
1280,0.9521677167948529
1290,0.9550787092411984
1300,0.9524286564338773
1310,0.9566399169560662
1320,0.9582607483293399
1330,0.9495708099089636
1340,0.9490516472824198
1350,0.9588235505413800
1360,0.9717724309059242
1370,0.9704251169991955
1380,0.9691530549557648
1390,0.9775053644119273
1400,0.9714371803841467
1440,0.9865785574424648
1450,0.9814607239423279
1460,0.9891735284590681
1470,0.9860829029269648
1480,0.9901213562705892
1490,0.9939876321997627
1500,0.9949563380183544
1510,0.9897588542773942
1520,0.9903904720879345
1530,0.9904092481668627
1540,0.9933033067735453
1550,0.9947881982924635
1560,0.9929066525608765
1570,0.9893035872425208
1580,0.9920025650551543
1590,0.9945670364013268
1600,0.9915260283083607
1610,0.9922752591156235
1620,0.9971465235729066
1720,0.9814224206316855
1730,0.9753548811564990
1740,0.9779935648711067
1750,0.9819735788195566
1760,0.9744282690368659
1770,0.9691675692132471
1780,0.9694095173606099
1790,0.9723170791822247
1800,0.9668458741426337
1810,0.9770143806936281
1820,0.9746196103318825
1830,0.9748500515361864
1840,0.9719770595407443
1850,0.9689418142775958
1860,0.9727656033681333
1870,0.9655498651161378
1880,0.9689077034659684
1890,0.9636825119529506
1900,0.9608411319704477
1910,0.9512708194984217
1920,0.9433270889261195
1930,0.9385609386075082
1940,0.9403129095544454
1950,0.9399579240243745
1960,0.9434535642747307
1970,0.9464893862691579
1980,0.9487712736690659
1990,0.9480812445951518
2040,0.9667173230003090
2050,0.9628668923239829
2060,0.9637050115756537
2070,0.9665533311167851
2080,0.9723423320459349
2090,0.9711784440839636
2100,0.9679562271708042
2110,0.9780188377757592
2120,0.9684246358911127
2130,0.9723842574110513
2140,0.9742166506452267
2220,0.9900971845558928
2230,0.9825119776663565
2240,0.9869502644197836
2250,0.9847557084568043
2260,0.9848977671246716
2290,0.9889493596789566
2300,0.9881918122942812
2310,0.9979545053278374
2320,0.9936574864482374
2330,0.9969327135905899
2340,0.9996502684714453
2350,0.9992498179049938
2360,0.9929475669102801
2370,0.9923529811404493
2380,0.9932324323984671
2390,0.9935526133028839
2400,0.9934893368213041
2410,0.9864486430283804
2420,0.9892206137351039
2430,0.9905937518776331
2440,0.9885380091098596
2530,0.9708793123753434
2540,0.9661747223604148
2550,0.9556824548989548
2560,0.9563369914468014
2570,0.9586973610067484
2580,0.9537610174516186
2590,0.9570136545410639
2600,0.9521701165638631
2610,0.9547320451385071
2650,0.9708447978538879
2660,0.9733739956832285
2670,0.9742184069379820
2680,0.9817960557182425
2690,0.9773996484466170
2700,0.9849021104247409
2710,0.9856732722035564
2720,0.9850888535484871
2730,0.9858810097147627
2740,0.9854658165461536
2750,0.9856192482283745
2760,0.9886203361447764
2770,0.9955655905674551
2780,0.9973275435970512
2790,0.9939716688851110
2800,0.9956462168439659
2810,0.9876942826586852
2820,0.9940958039350342
2830,0.9986759154184112
2840,0.9929881689481111
2850,0.9938367459824697
2860,0.9945579144575577
2870,0.9964897610657026
2880,0.9964412270067184
2890,0.9884913359942511
2900,0.9880624364164188
2910,0.9903838067539086
2920,0.9958811176059136
2930,0.9939327178401595
2940,0.9871258261472677
2950,0.9900778754613137
2960,0.9856547776444446
2970,0.9841685403945070
2980,0.9909662337568051
2990,0.9830971950237047
3000,0.9885974864040924
3010,0.9812021132724797
3020,0.9872440905088877
3030,0.9834868768051637
3040,0.9880073078453030
3050,0.9771488596413418
3060,0.9773388626959311
3070,0.9812475735141187
3080,0.9796981777437438
3090,0.9800351144812174
3130,0.9759656831413162
3140,0.9756921423249277
3150,0.9748027024862351
3160,0.9675334139788847
3170,0.9650657768834763
3180,0.9654434682619139
3190,0.9491184872430941
3200,0.9411488087683033
3210,0.9482722375871365
3220,0.9454461235476023
3230,0.9359378042137996
3240,0.9385025105834250
3250,0.9449312885997223
3260,0.9391526656911258
3270,0.9479615745041672
3280,0.9500392932649485
3290,0.9643402136345525
3300,0.9722806551203428
3310,0.9620576560977632
3320,0.9717419756579964
3330,0.9745764805302726
3340,0.9657154880617119
3350,0.9647325128838287
3360,0.9754291471732027
3370,0.9698033370220066
3380,0.9722500718311032
3390,0.9717341405068055
3400,0.9774804674575230
3410,0.9739675850537242
3420,0.9815932583931845
3430,0.9848942653725816
3440,0.9820910002202723
3450,0.9795260241995972
3460,0.9881429462610325
3470,0.9883337995629825
3480,0.9829473556000721
3490,0.9864900038097255
3500,0.9911849387350284
3510,0.9851380072186414
3520,0.9943966149396394
3530,0.9941964518807400
3540,0.9957276324888097
3560,0.9996140590467724
3570,0.9965792132855582
3580,0.9954931163949818
3590,0.9893037642440874
3600,0.9901105803364815
3610,0.9930975067236513
3620,0.9901960422228649
3630,0.9969653445391627
3640,0.9925232064435270
3650,0.9880164233023138
3660,0.9899314350705003
3690,0.9926719030099679
3700,0.9868824740379729
3710,0.9801059717518672
3720,0.9859568090930549
3730,0.9825525200882619
3740,0.9849303297724555
3750,0.9734529665461803
3760,0.9828215142083203
3770,0.9807790201428660
3780,0.9708430295845749
3790,0.9673781329801202
3800,0.9663478770107181
3810,0.9679227086034580
3820,0.9713400937577026
3830,0.9675797415150182
3840,0.9586820657603102
3850,0.9582389147164881
3860,0.9535452911697375
3870,0.9503546516068149
3880,0.9532355254947180
3890,0.9562850479202992
3900,0.9487943045793216
3910,0.9519043683283164
3920,0.9541883778029171
3930,0.9635861030468854
3940,0.9690267824591953
3950,0.9668230095629302
3960,0.9746359389572531
3970,0.9687278458988312
3980,0.9745190416839653
3990,0.9709988654827595
4000,0.9799401611280301
4010,0.9750627154267995
4100,0.9876425827873222
4110,0.9969992004368735
4120,0.9911678769843504
4130,0.9916995066069140
4140,0.9900222328929372
4150,0.9956066244660196
4160,0.9986118613695342
4170,0.9957811980925840
4180,0.9967026400112619
4190,0.9928823483384109
4200,0.9884232315340092
4210,0.9923487006898661
4220,0.9879792887300436
4230,0.9884491137119888
4240,0.9875549107095800
4250,0.9856198554471264
4260,0.9914589050403965
4270,0.9824166484965298
4280,0.9856242717701764
4290,0.9808056526915836
4300,0.9775538995198960
