0,0.9562585497218193
10,0.9458889715348154
20,0.9487648689207985
30,0.9426217917608726
40,0.9419035562614493
50,0.9515548014148703
60,0.9448882859268409
70,0.9486995211727096
80,0.9665590213592492
90,0.9690106372628954
100,0.9780886070775053
110,0.9853466333356788
120,0.9775577252962052
130,0.9863110226335134
140,0.9824611302168944
150,0.9854776820828764
160,0.9798179696101199
170,0.9859230518722304
180,0.9855808202503492
190,0.9876931352737938
200,0.9858064282418165
210,0.9838745852036643
220,0.9887651317378789
230,0.9866303142115898
240,0.9846061683935324
250,0.9864845099044166
260,0.9858951079923048
270,0.9878704649554292
280,0.9864588074677036
290,0.9905393901402547
300,0.9987362435655988
310,0.9893974050821732
320,0.9884813353311167
330,0.9917655179229540
340,0.9951306280900477
350,0.9906585075196815
360,0.9977662903400583
370,0.9925351984743984
380,0.9883672196218949
390,0.9931804764153658
400,0.9945723300649438
410,0.9955507966901115
420,0.9921008536903302
430,0.9952229151478416
440,0.9870335274189109
450,0.9905667229348437
460,0.9946346683111389
470,0.9886973451235118
480,0.9948897247686969
490,0.9853475916813796
500,0.9905257060053869
510,0.9833855417255764
520,0.9914159075674724
530,0.9900852113341934
540,0.9876762796249047
550,0.9900721752028429
560,0.9876948139129937
590,0.9849308584272234
600,0.9756571889802791
610,0.9764538467909232
620,0.9754724671061138
630,0.9775761879631610
640,0.9788550036962613
650,0.9784961301315526
660,0.9807399959296316
670,0.9794098179739813
680,0.9767227407667892
690,0.9726022556970412
700,0.9820005920721354
710,0.9625503172373612
740,0.9562187528296041
750,0.9551090405422004
760,0.9603306363706177
770,0.9657751054446003
780,0.9595552443297924
790,0.9554216464069343
800,0.9622434691362943
810,0.9598305933311901
820,0.9615985052957089
830,0.9771845877087934
840,0.9829021195986816
850,0.9794916582865413
860,0.9789152327930488
870,0.9885890715238549
880,0.9795061227477114
890,0.9879609101257912
900,0.9848175205157561
910,0.9838016073499734
920,0.9890411508769921
930,0.9896260052457250
940,0.9888077163204122
950,0.9833989635556385
960,0.9862704992866671
970,0.9937650680248110
980,0.9890276908659158
990,0.9848605702169917
1000,0.9941442826412256
1010,0.9842509044774733
1020,0.9855527005471932
1030,0.9857710165866893
1040,0.9878633108302092
1050,0.9922855161552939
1060,0.9954180870140191
1070,0.9954227167661051
1080,0.9936274885006908
1090,0.9896794440978472
1100,0.9941171323727663
1110,0.9965611504921523
1120,0.9926589568659214
1180,0.9923637388758872
1190,0.9901720029833855
1340,0.9865834834191034
1350,0.9867845897368460
1360,0.9822521044656018
1370,0.9854349195830892
1380,0.9834531067793012
1390,0.9914232982552740
1400,0.9839955272152626
1410,0.9873516224893377
1420,0.9844662241143695
1430,0.9678612164899199
1440,0.9518379113157650
1450,0.9462270265083976
1460,0.9432411704279081
1470,0.9501256732091440
1480,0.9518880962352400
1490,0.9495019996879136
1500,0.9505821588536935
1510,0.9614192042794493
1520,0.9709802574320346
1530,0.9791611341105499
1540,0.9789795726536445
1550,0.9817834975199236
1560,0.9775933641730056
1570,0.9831437506632739
1580,0.9769723873228364
1590,0.9793751268272728
1600,0.9795480702987946
1610,0.9818009365647381
1620,0.9770600133292372
1630,0.9830070296541614
1650,0.9884441362069042
1660,0.9824300205526680
1670,0.9894095456422261
1680,0.9918851185917461
1690,0.9905943598369895
1700,0.9852332911885128
1780,0.9887445856472099
1790,0.9894191660666072
1800,0.9948511659390845
1810,0.9933467267466043
1820,0.9958992334112734
1830,0.9938901964849471
1840,0.9874695216179797
1850,0.9962598253763724
1860,0.9917184761753647
1870,0.9846930517909445
1880,0.9837060956141378
1890,0.9832006314677212
1900,0.9859475529960132
1910,0.9845357911053439
1920,0.9820441365874067
1930,0.9837977269672956
1980,0.9826412633862998
1990,0.9810497802000111
2000,0.9775357389319045
2010,0.9740954385538027
2020,0.9804730184289437
2030,0.9785684208402692
2040,0.9816724285224170
2050,0.9794375727823584
2060,0.9833315975039506
2070,0.9829889377694011
2080,0.9803297884303195
2090,0.9806544018944560
2100,0.9765145685643646
2110,0.9826218923783973
2120,0.9802443837015596
2130,0.9803226946295147
2140,0.9781094226154162
2150,0.9586701071053794
2160,0.9573169130591233
2170,0.9659601201335061
2180,0.9597209792629938
2190,0.9634793411323115
2200,0.9641271748484853
2210,0.9599902226069049
2220,0.9626851870829292
2230,0.9559482076133471
2240,0.9596300833020516
2250,0.9598053959682451
2260,0.9715805506957097
2270,0.9882222269837926
2280,0.9893399734520123
2290,0.9908743924550111
2300,0.9834572264464650
2310,0.9909144620276250
2320,0.9949509789430552
2330,0.9844862920511076
2340,0.9934219153546527
2350,0.9948484494360736
2360,0.9897221936318847
2420,0.9920992036964515
2430,0.9954384998084825
2440,0.9908172122265499
2450,0.9874036430828698
2460,0.9963305646066432
2470,0.9945625211723033
2480,0.9978381819908049
2490,0.9957795909958722
2500,0.9963508236126130
2510,0.9882527176705862
2520,0.9909637800599927
2530,0.9878608405744326
2540,0.9961079501997537
2550,0.9924403090676589
2560,0.9917649609189196
2570,0.9995540833419103
2580,0.9992003552967647
2590,0.9943339491523426
2600,0.9990550241997300
2730,0.9891662946960287
2740,0.9992503886825271
2750,0.9943043558773101
2760,0.9898670235896762
2770,0.9882597628456479
2840,0.9960945066858801
2850,0.9919799685531594
2860,0.9763739434796714
2870,0.9645516220939937
2880,0.9512704337112954
2890,0.9525445541901610
2900,0.9502155759832958
2910,0.9450058719675341
2920,0.9505889400010457
2930,0.9547777517921164
2940,0.9487188224568357
2950,0.9647555829080061
2960,0.9740250418280599
2970,0.9855374579764362
2980,0.9756971745895014
3120,0.9772746362457321
3130,0.9784503610923093
3220,0.9909311883405572
3230,0.9919279183349513
3240,0.9970965874887563
3250,0.9948211280504795
3260,0.9940703912121492
3270,0.9916114433239177
3280,0.9928104748377768
3290,0.9981678385216932
3300,0.9976141351702086
3310,0.9956030916594946
3320,0.9854206284475499
3330,0.9830832578949669
3340,0.9902849788838283
3350,0.9817561942652845
3360,0.9906851404790561
3370,0.9883407077420290
3400,0.9828398465555541
3410,0.9822994300266793
3420,0.9830614231243119
3430,0.9747108993181341
3440,0.9813802631863868
3450,0.9768491838466196
3460,0.9781440214669891
3470,0.9818889390871199
3480,0.9728162844406418
3490,0.9828657068163253
3500,0.9738393796005265
3510,0.9804745443228484
3520,0.9817414087246357
3530,0.9864216093079121
3540,0.9774422430900297
3550,0.9853696708647829
3560,0.9841950421223489
3570,0.9876516250558586
3580,0.9653887431065020
3590,0.9605680145893483
3600,0.9600475332483190
3610,0.9658759449711680
3620,0.9552249242729345
3630,0.9633990294442499
3640,0.9635165063369943
3650,0.9575712365139430
3660,0.9569787998591535
3670,0.9613869595049627
3680,0.9545880189432977
3690,0.9775657542485485
3700,0.9937082088591325
3710,0.9973380321985701
3720,0.9998666749254792
3730,0.9882714663155658
3790,0.9932966084858029
3800,0.9968488680197634
3810,0.9879536733446025
3820,0.9879530952188168
3830,0.9845444537437046
3840,0.9885854580245471
3850,0.9854531200026702
3860,0.9845088461527979
3870,0.9846742572927821
3970,0.9760493561185384
4050,0.9810472531471097
4060,0.9807014521273979
4070,0.9722092609777602
4080,0.9823331147965791
4090,0.9778868700336885
4100,0.9779317788277448
4110,0.9804569731236552
4120,0.9745260325360648
4130,0.9782446001753250
4140,0.9782566208956449
4190,0.9861195567034945
4200,0.9835258603692409
4240,0.9812517012175413
4250,0.9783778263727279
4260,0.9813135229635561
4270,0.9791763076342038
4280,0.9783311327057834
4290,0.9812820862484269
4300,0.9716483935448084
4310,0.9536069898028652
4320,0.9484203128804671
