10,0.9951284889155115
20,0.9960499251343827
30,0.9910069125806475
40,0.9930361122400380
50,0.9994318233814280
60,0.9972956723695566
70,0.9966673841383089
80,0.9940451260450189
90,0.9935139702145105
100,0.9895047205324282
110,0.9958932011701741
120,0.9968710989992859
130,0.9917153907110041
140,0.9873108395960210
150,0.9861184961720290
160,0.9802046996443374
170,0.9794481523501584
240,0.9756151375953405
250,0.9662014627221703
260,0.9718320995021407
270,0.9717926214086392
280,0.9649497105873149
290,0.9620040218427682
300,0.9583893401899888
310,0.9592712892712519
320,0.9445173797949027
330,0.9456640019038840
340,0.9417985389519302
350,0.9350742853734064
360,0.9282867469131849
370,0.9295638152443175
380,0.9333634956596756
390,0.9296564478660058
400,0.9425252998400497
410,0.9370604109274325
420,0.9573669316473561
430,0.9673810237553271
440,0.9697817731356347
450,0.9641562332480290
460,0.9671689006380373
510,0.9767197328586195
520,0.9766580910829523
530,0.9807110203994958
540,0.9791907049906776
550,0.9787723252322366
560,0.9820671228493620
570,0.9877278195845903
580,0.9852929444755568
590,0.9893898317047014
600,0.9864241064472915
610,0.9896276016642546
620,0.9948710476392058
630,0.9920583380225990
640,0.9900339344979057
650,0.9918437213837382
660,0.9873196391722879
670,0.9982623040021752
680,0.9955912897397650
690,0.9925722473902173
700,0.9975439753210995
710,0.9943448645315293
720,0.9985465858637466
730,0.9947886842283481
740,0.9933714817236255
750,0.9891382415948374
760,0.9950605832485283
770,1.0000000000000000
780,0.9891796725933998
790,0.9986997364361644
800,0.9903696066086696
810,0.9907158733826680
820,0.9950542556562321
830,0.9896316552950400
840,0.9972512255510618
850,0.9950415749131911
860,0.9948667289912925
870,0.9927531066989563
880,0.9908930422609686
890,0.9871986085462894
900,0.9920190384493558
910,0.9913015621624859
920,0.9922331600947829
930,0.9800491924493436
940,0.9799176475403359
950,0.9825097321230286
960,0.9790061939087686
970,0.9827182724477076
980,0.9838258901943889
990,0.9784449534004241
1000,0.9805477480304386
1010,0.9791205566951341
1020,0.9786069056667772
1030,0.9751234700923237
1040,0.9734761045484139
1050,0.9711792472873332
1060,0.9775143124299339
1070,0.9672461344036426
1080,0.9693668708492482
1090,0.9666385604284717
1100,0.9567316673687077
1110,0.9465367057143246
1120,0.9509064542474120
1130,0.9430015098564927
1140,0.9444173594285359
1150,0.9482076061555964
1160,0.9510263354304677
1170,0.9541211536941346
1180,0.9435143140226273
1190,0.9440044167327760
1200,0.9565804628084655
1210,0.9603803685902105
1220,0.9591381509196951
1230,0.9642916227928753
1240,0.9671136221507104
1250,0.9671694464977731
1260,0.9661952046248686
1270,0.9632274611821063
1280,0.9676222933385084
1290,0.9696452331296938
1300,0.9740419744346671
1310,0.9692113494244244
1320,0.9713102493777129
1330,0.9735574793601731
1340,0.9831442053888119
1350,0.9748299753060699
1360,0.9843347289594210
1370,0.9829340739787321
1380,0.9907929435811693
1390,0.9900053477807151
1400,0.9958070487723598
1410,0.9903293066061170
1420,0.9964231915200379
1430,0.9936597442843466
1440,0.9926858885999459
1450,0.9988187421327034
1460,0.9923871907131611
1470,0.9949451532572902
1480,0.9897306129403004
1490,0.9950290454366769
1500,0.9894542578745824
1510,0.9829292041969765
1520,0.9855411064607902
1570,0.9758365906703271
1580,0.9722306895786943
1590,0.9719552284695080
1600,0.9682652123301891
1610,0.9649731402761418
1620,0.9683634093712230
1630,0.9603000141680709
1640,0.9649161500034024
1650,0.9579169615640588
1660,0.9575218948189146
1670,0.9652257984113679
1680,0.9606712828859855
1690,0.9597566393233438
1700,0.9543882331312604
1710,0.9380082322868386
1720,0.9325753476434208
1730,0.9335908171998256
1740,0.9271682510692176
1750,0.9356083975372029
1760,0.9307661912353501
1790,0.9392294669552164
1800,0.9544521778804002
1810,0.9709062983396569
1820,0.9780320563330309
1830,0.9719860784252464
1840,0.9758804037522133
1850,0.9816366658638767
1860,0.9827064495758425
1870,0.9837455541053127
1880,0.9820291748069764
1890,0.9825109065959230
1900,0.9837174659972781
1910,0.9884333009140822
1920,0.9796681784640912
1930,0.9810225827279585
1940,0.9885165865615639
1950,0.9884595501152591
1960,0.9805340409241338
1970,0.9897189010374147
1980,0.9882027270054181
1990,0.9909232061464874
2000,0.9889752715120987
2010,0.9884721646094905
2020,0.9834942716950288
2030,0.9916237827401360
2040,0.9888225911015714
2050,0.9854080086416191
2100,0.9903881423154389
2110,0.9940729342984779
2120,0.9908240877446552
2130,0.9949008551878670
2140,0.9960660007236872
2150,0.9954243530420951
2160,0.9899597523678354
2170,0.9932360070353587
2180,0.9993244340948019
2190,0.9995758564229277
2200,0.9905138848800602
2210,0.9972034418999720
2220,0.9929311638935814
2230,0.9908536291287557
2240,0.9958987891931425
2250,0.9915925639882747
2260,0.9930585580659375
2270,0.9947119770456988
2280,0.9908354650802520
2310,0.9875237110223357
2320,0.9898747152450266
2330,0.9966272107917280
2340,0.9945521449916500
2350,0.9894541364075204
2360,0.9945671677066796
2370,0.9853153374814405
2380,0.9820960761109716
2390,0.9891682715705213
2400,0.9878607641642392
2410,0.9867261161157568
2420,0.9773260077548079
2430,0.9839620379497811
2440,0.9796983476243181
2450,0.9717947116199915
2490,0.9528595618369663
2500,0.9474960988841640
2510,0.9445242108001712
2520,0.9516538085400921
2530,0.9509879127736159
2540,0.9454684285408913
2550,0.9437567166310488
2560,0.9483040410423926
2570,0.9518867718743270
2580,0.9506330738222307
2590,0.9625286571523826
2600,0.9618287529151258
2610,0.9630396552152706
2810,0.9906921382100401
2820,0.9913653378547844
2830,0.9916798637939895
2840,0.9890227865791228
2850,0.9923180856449610
2860,0.9828908871942258
2870,0.9882993796880689
2880,0.9862608869245115
2890,0.9891204031674101
2900,0.9859553739033602
2910,0.9813972392385782
2920,0.9783219347703164
2930,0.9749589132521922
2940,0.9745612229376900
2950,0.9711177003721858
2960,0.9711033178260409
2970,0.9719443631534168
2980,0.9690963260126033
2990,0.9639033103968961
3000,0.9627354149208698
3010,0.9672279641957270
3020,0.9680341242753487
3030,0.9595418929072971
3040,0.9617895530887852
3050,0.9619102278832897
3060,0.9618402571762303
3070,0.9639724805126186
3080,0.9467292564657689
3090,0.9457898455358583
3100,0.9379667964399206
3110,0.9312503236178918
3120,0.9341072224852378
3130,0.9367019061818451
3170,0.9424913858387132
3180,0.9494527297732270
3190,0.9595811261570825
3200,0.9651707057674086
3210,0.9684493428896745
3220,0.9671000537301000
3230,0.9716109761413790
3240,0.9657948274789482
3250,0.9637563850313771
3260,0.9723718778463281
3270,0.9733545492655633
3280,0.9763443594006632
3290,0.9736887247408399
3300,0.9703793137357583
3310,0.9805828015884061
3320,0.9789135533461640
3330,0.9801256557072038
3340,0.9805315135062973
3350,0.9833583019425640
3360,0.9767696438603400
3370,0.9864197666724255
3380,0.9773380283870469
3390,0.9819583988205157
3400,0.9807598309722971
3410,0.9853573605287820
3420,0.9917163391923830
3430,0.9844366861969838
3440,0.9900243791301458
3450,0.9919779358419605
3460,0.9885494531989464
3470,0.9889261882728960
3480,0.9894972630454836
3490,0.9938955203495056
3500,0.9944064175464217
3510,0.9945016436443729
3520,0.9925300253071118
3530,0.9886873035952741
3540,0.9932597423094418
3550,0.9954933237015912
3560,0.9959925501630225
3570,0.9920072668249571
3580,0.9968172578424219
3590,0.9970890575316218
3600,0.9929513685838278
3610,0.9917026934253569
3620,0.9945148474552277
3630,0.9905631632293765
3640,0.9883783010230978
3650,0.9950944279687850
3660,0.9919788842629330
3670,0.9844788777510715
3680,0.9892430626129015
3690,0.9826345377589092
3700,0.9834557380336415
3710,0.9761749926713443
3720,0.9809751805383711
3730,0.9819041639176538
3740,0.9827399166435903
3750,0.9755777425559174
3760,0.9708480732164056
3770,0.9758837796241991
3780,0.9723901955610416
3790,0.9746033964602293
3800,0.9696295733902377
3810,0.9671381905713892
3820,0.9706819765674725
3860,0.9470097373174774
3870,0.9498412192670155
3880,0.9510232350400237
3890,0.9432695271840845
3900,0.9464126563658543
3910,0.9466178743244608
3920,0.9535449565826257
3930,0.9509058204345731
3940,0.9520012225830741
3950,0.9465676632620194
3960,0.9492654216311347
3970,0.9678894840906741
3980,0.9676275966390959
3990,0.9686731456265232
4000,0.9621938839620771
4010,0.9635499362842996
4020,0.9657329375589498
4030,0.9634794445689675
4040,0.9728454510629926
4050,0.9757281809336315
4060,0.9737411517123441
4070,0.9805951182570548
4080,0.9785599290778741
4090,0.9821965643402487
4100,0.9790930141140390
4110,0.9802991175408707
4120,0.9887571630693687
4130,0.9886056011558242
4140,0.9818977072080851
4150,0.9828324468445991
4160,0.9956914219924403
4170,0.9857605776248457
4180,0.9896419959867955
4190,0.9953795596472856
4200,0.9946658559313594
4210,0.9894230288681128
4220,0.9932342609969863
4230,0.9981115367720932
4240,0.9925246194290115
4250,0.9979807432061587
4260,0.9879474668090807
4270,0.9956431784845610
4280,0.9923934395496354
4290,0.9838438450210216
4300,0.9885187583312662
4310,0.9899312397701399
4320,0.9900514600521189
