160,0.9748716476097328
170,0.9668508098961998
180,0.9664739188314247
190,0.9627920829161546
200,0.9685427535752064
210,0.9672976302636894
220,0.9567014271468925
230,0.9482226248007535
240,0.9487863366708811
250,0.9422427978266970
260,0.9376805176777683
270,0.9372774584819694
280,0.9453640838233637
290,0.9459226288553967
300,0.9471643298323081
310,0.9537940313317278
320,0.9552137836405232
330,0.9617524035567717
340,0.9693780780336461
350,0.9657969194668546
360,0.9681593321750733
630,0.9934098311865538
1260,0.9844175272613194
1270,0.9942347569315193
1280,0.9900144413476271
1290,0.9943838689627471
1300,0.9990355735784147
1310,0.9957303451257912
1320,0.9888941315247747
1330,0.9881006400898098
1410,0.9816141503612300
1420,0.9857827812968148
1430,0.9822615083359486
1440,0.9772882793713468
1550,0.9550154056937752
1590,0.9372644666952161
1600,0.9349658686206750
1610,0.9449582030601501
1620,0.9380702842752002
1630,0.9465560193022243
1640,0.9466670784535322
1650,0.9623642136757652
1680,0.9744855082289774
1690,0.9759761513198169
1700,0.9748672426704098
1710,0.9723671326400969
1720,0.9735041939962813
1730,0.9751262963661577
1740,0.9827014147843344
1750,0.9772350666176033
1760,0.9877219372225469
1770,0.9807900741067586
1780,0.9894435152139585
1790,0.9891613671410759
1860,0.9914212980238299
2030,0.9917710980593324
2040,0.9916981737973687
2050,0.9967719776406420
2060,0.9968570955163475
2070,0.9941987570058816
2080,0.9924913225130972
3110,0.9783367168566349
3120,0.9790157332541213
3130,0.9787860958016460
3140,0.9897165076526482
3150,0.9854379107370382
3160,0.9935684338241666
3310,0.9946705014879339
3320,0.9952417213072116
3330,0.9921437437485511
3340,0.9886508967161219
3350,0.9895896723863149
3360,0.9906530551228860
3370,0.9888206343397006
3380,0.9872991010946777
3390,0.9815230904679221
3400,0.9873880459997416
3410,0.9814098157445852
3420,0.9894318253959347
3430,0.9808344032113855
3440,0.9769105789442462
3780,0.9634631477652796
3790,0.9705475061927052
3800,0.9745239551255062
3810,0.9777471887831999
3820,0.9687137053627441
3830,0.9696553846608408
3840,0.9805176131796628
3870,0.9821343390850803
3950,0.9900466558288075
3960,0.9936052948247565
3970,0.9922329389694725
3980,0.9967448375273520
3990,0.9970832651635181
4000,0.9895786607688676
4010,0.9991092313883643
4020,0.9943816799082542
4030,0.9872421105946598
4040,0.9878200686437462
4050,0.9942901358515828
4060,0.9875303005743840
4070,0.9799819245810112
4080,0.9824000216238397
4090,0.9853776756258998
4100,0.9843475970801395
4110,0.9767619415854739
4120,0.9800594272541107
4130,0.9724204753609286
4140,0.9760723131101088
4150,0.9643396728258493
4160,0.9703945310490590
4170,0.9700853592273413
4180,0.9697918492252798
4190,0.9680339760855409
4200,0.9595449186508745
4210,0.9530530662283517
4220,0.9438614617327893
4230,0.9401172197627391
4240,0.9376874716110922
4250,0.9413699986781054
4260,0.9405526188475239
