0,0.9959470046038905
10,0.9894923438717569
20,0.9937253334051160
30,0.9835607493554636
40,0.9880748545877985
50,0.9853758358872776
60,0.9849439212312482
70,0.9825395051710254
80,0.9776791376706533
90,0.9838131722097492
100,0.9824467329105937
110,0.9791783685598026
120,0.9760291433637547
130,0.9802058164806647
140,0.9781532224679907
150,0.9660230229844596
160,0.9508161285043145
170,0.9491213292461536
180,0.9482803426452322
190,0.9479681118633259
200,0.9484944349012980
210,0.9512468197768225
220,0.9491986818406213
230,0.9571985697133287
240,0.9635768212991174
250,0.9738378457078765
260,0.9782044598023892
270,0.9802325436709395
280,0.9746664663133945
290,0.9854795783957802
300,0.9754194425499845
310,0.9790699483111728
320,0.9776767349927656
330,0.9814952668485352
340,0.9835485946737021
350,0.9898364596116607
360,0.9908123696152332
370,0.9896167596231256
380,0.9925009617692558
390,0.9876326124460986
400,0.9941927085334714
410,0.9894451972528229
420,0.9899191497160401
430,0.9951800697022291
440,0.9897445617725144
450,0.9936489937222173
460,0.9987659973637404
480,0.9949773018953426
490,0.9897280522371611
500,0.9932709545866043
510,0.9925035464136334
520,0.9937728827634048
530,0.9900188426892127
540,0.9924899612071791
550,0.9885915232172334
560,0.9920593083828436
570,0.9972581942464823
580,0.9983434817138158
590,0.9889599118886990
600,0.9925558619504027
610,0.9876790069460865
620,0.9866106096417497
630,0.9950048526057157
640,0.9925636943590740
650,0.9931265297014589
690,0.9851673658733291
700,0.9798562277677569
710,0.9825907261755141
720,0.9795359845732242
730,0.9822152843674543
740,0.9853084802328029
820,0.9783200711369302
840,0.9822415095020839
850,0.9753155429936162
890,0.9754155770273530
900,0.9751542627193887
910,0.9776218163266932
920,0.9749166877794649
930,0.9674044981505058
940,0.9584877411826632
950,0.9575677172104401
960,0.9579099745044666
970,0.9603618143994426
980,0.9612162502609970
990,0.9562146259021599
1000,0.9601538365687431
1010,0.9562198202077117
1020,0.9559839348345305
1030,0.9551110409133038
1040,0.9634162059949690
1050,0.9773979528451060
1070,0.9727947410962854
1080,0.9723857219554356
1090,0.9742853217141997
1100,0.9748527814059929
1110,0.9747899932782154
1120,0.9723190452291286
1130,0.9822926261908669
1140,0.9830801074073940
1150,0.9805667861785879
1160,0.9802865440118652
1170,0.9847139296569560
1180,0.9810414794852895
1190,0.9796017385389736
1200,0.9790131234306069
1210,0.9812298601326231
1220,0.9886458006102603
1230,0.9806404703693464
1240,0.9879765567384325
1250,0.9826170576754404
1260,0.9902932601580638
1270,0.9832756277785276
1280,0.9912314009045516
1290,0.9906972645349055
1300,0.9864061666430860
1390,0.9911799500134668
1400,0.9906337924077404
1410,0.9976015637391678
1450,0.9907095248063423
1460,0.9932730368337642
1470,0.9914495831734490
1480,0.9839154654053777
1600,0.9516413961034844
1610,0.9461237685326120
1650,0.9794142935493019
1660,0.9854737986122852
1670,0.9838719676985197
1680,0.9782325440789876
1690,0.9844433194498592
1700,0.9847565144131033
1710,0.9839144883552763
1720,0.9842644602276736
1730,0.9899640939528377
1740,0.9933150389485992
1750,0.9965089073738852
1760,0.9973378313144732
1770,0.9891500658530660
1780,0.9901852368583423
1790,0.9942774938464560
1800,0.9913768442709170
1810,0.9898311994583200
1820,0.9949849349425440
1830,0.9982256897127090
1840,0.9901337741483430
1850,0.9947263899615867
1860,0.9863651955235858
1870,0.9895856197661277
1880,0.9879484225250653
1890,0.9940824478362267
1900,0.9832281162758619
1910,0.9892121486341294
1920,0.9831559977260491
1930,0.9845055744857997
1940,0.9867872662948106
1950,0.9835620234602576
1960,0.9788578432207430
1970,0.9760724359191829
1980,0.9763834070989089
1990,0.9831843339295228
2000,0.9786054965750250
2010,0.9731022133385159
2020,0.9730941522612130
2030,0.9762103712030729
2040,0.9748640329707992
2050,0.9708777009941224
2060,0.9776468394530609
2070,0.9772411204177902
2080,0.9717974029292533
2090,0.9744626765225035
2100,0.9770750923874839
2110,0.9728501966620499
2120,0.9798255214647846
2130,0.9757711879511606
2140,0.9764495327698525
2150,0.9770146108057982
2160,0.9773744222597631
2170,0.9826830027367656
2180,0.9802108491160939
2190,0.9829883774297717
2200,0.9756195086575107
2210,0.9829310159353268
2220,0.9794008113511745
2230,0.9863949307777407
2240,0.9830661468187769
2250,0.9834466159631128
2260,0.9794475367588302
2270,0.9829724077382066
2280,0.9805174161002539
2290,0.9847841390792849
2300,0.9854982976017314
2310,0.9890699054246540
2320,0.9761529985500417
2330,0.9614224133088227
2340,0.9657881901662925
2350,0.9618789580453818
2360,0.9577472297013219
2370,0.9630076762795258
2380,0.9603553109494487
2390,0.9563096729943016
2400,0.9636665091383816
2540,0.9905650691037063
2560,0.9908657440631280
2570,0.9913303674800027
2580,0.9904736590578559
2590,0.9869831156211712
2600,0.9872154489827236
2610,0.9940867914050652
2620,0.9841045140986251
2790,0.9931839688983432
2800,0.9920305801866410
2890,0.9992176039349261
2900,1.0000000000000000
2910,0.9920871622923090
2920,0.9965892866858647
2930,0.9992588612773994
3010,0.9471457906074621
3020,0.9502277338739827
3030,0.9547609143830030
3040,0.9721807187704329
3050,0.9835961109068619
3100,0.9886032242313757
3110,0.9875282921980649
3460,0.9996733856142307
3470,0.9932758149662936
3480,0.9914251105636228
3490,0.9906615470273635
3500,0.9988507395366355
3510,0.9959248356595924
3520,0.9923559166303731
3530,0.9904326536891745
3540,0.9930750647827437
3550,0.9816042653825454
3560,0.9846315322955524
3570,0.9797361320407073
3580,0.9825760298988051
3590,0.9747325294534420
3600,0.9756750537125474
3610,0.9745196626539412
3620,0.9821332802153331
3630,0.9748728028528463
3640,0.9725650822397600
3680,0.9803026246892390
3690,0.9799373378745690
3700,0.9744300348767061
3710,0.9753254043911005
3720,0.9809723912135816
3730,0.9660132204268297
3740,0.9560653138803569
3750,0.9573167301788480
3760,0.9652087477229393
3770,0.9643191166307747
3780,0.9562331375653330
3840,0.9719651153144319
3890,0.9953182191998686
3900,0.9957023360684977
3910,0.9906597029473840
3920,0.9890003747066491
3930,0.9975675217068303
3940,0.9925054425080270
3950,0.9873344721741777
3960,0.9914448021762254
3970,0.9889874050241385
3980,0.9877035550836804
3990,0.9931200403200839
4000,0.9888695084821361
4010,0.9874341718934636
4020,0.9825060478244406
4030,0.9884518501679314
4040,0.9810203404857495
4050,0.9890128739324736
4060,0.9850424173706882
4070,0.9854380838565688
4080,0.9769342660216521
4090,0.9826119259645433
4100,0.9764603569777790
4110,0.9762709257458693
4120,0.9763278959335077
4130,0.9745379608023895
4140,0.9795576744378145
4150,0.9723665950874155
4160,0.9739119636139356
4170,0.9749330575642721
4180,0.9728098066314090
4190,0.9817285971055990
