0,0.9661451002889544
10,0.9680224737992142
20,0.9688152903528002
30,0.9571407542764014
40,0.9520925040895801
50,0.9560193412045629
60,0.9465509061298171
70,0.9517673256693659
80,0.9519971686091852
90,0.9507189898770881
100,0.9463157723691143
110,0.9504099558526456
120,0.9499618430135248
130,0.9650697691795347
140,0.9613438098854266
150,0.9675044645968954
160,0.9686586857833094
170,0.9686185685774708
180,0.9732385015250918
190,0.9748196176686438
200,0.9732112864750737
210,0.9794109314274145
220,0.9827053439288298
230,0.9755509312734298
240,0.9764798811780224
250,0.9795869858377555
260,0.9807524191035952
270,0.9835940564726343
280,0.9880824057133535
290,0.9868011071961639
300,0.9854429858723347
310,0.9943417492732706
320,0.9980671348083765
330,0.9975627381800790
340,0.9883977485851905
350,0.9923281965421132
360,0.9963332336512633
370,0.9931034511794187
380,0.9885258206766636
390,0.9985028182699097
400,0.9899522862531752
410,0.9875911504700392
420,0.9913255231511355
430,0.9886410771106050
440,0.9947658465721284
450,0.9874835867748181
460,0.9890961941645933
470,0.9831511694841910
480,0.9896799786806602
490,0.9805809916107080
500,0.9823050631392479
510,0.9867075119835631
520,0.9782634288899831
530,0.9835726933522073
540,0.9759152979850108
550,0.9725720769757052
560,0.9731891962907897
570,0.9798660182742551
580,0.9702159386697685
590,0.9751762648807856
600,0.9723798822123437
610,0.9708312670987563
620,0.9658149997165815
630,0.9726658843586793
640,0.9663161804546141
650,0.9668356737050497
660,0.9694701261335761
670,0.9668598082342087
680,0.9654646096621421
690,0.9608970227760544
700,0.9611910856349418
710,0.9632885543947745
720,0.9573063178576517
730,0.9407997159827926
740,0.9459012786797830
750,0.9409544812613985
760,0.9373698071018223
770,0.9333301242558275
780,0.9373949136255710
790,0.9375064683223996
800,0.9361463142898809
810,0.9400398532131635
830,0.9617101187502639
840,0.9657209951462934
850,0.9673138265080717
860,0.9726682825131677
870,0.9698300470750394
880,0.9630593040073373
890,0.9636945764264533
900,0.9658233885124166
910,0.9651106694318760
920,0.9711914430451932
930,0.9760471834236358
940,0.9778169864659800
950,0.9746301256920213
960,0.9776303214838638
970,0.9793443631078889
980,0.9718499683288518
990,0.9719791275882576
1000,0.9766920564980659
1010,0.9816328941796988
1020,0.9819970645034789
1030,0.9833420924751197
1040,0.9797087805450290
1050,0.9839840457086164
1060,0.9838296721314724
1120,0.9933711193949373
1130,0.9963780572829959
1140,0.9891727201834044
1160,0.9898559500560047
1170,1.0000000000000000
1180,0.9914427561322163
1190,0.9962876358976762
1230,0.9936107836399612
1240,0.9856797542882294
1250,0.9896750258420386
1260,0.9887584769690518
1270,0.9806058701963180
1280,0.9886525442939741
1290,0.9768697739608170
1300,0.9768145679850448
1310,0.9726551644728898
1320,0.9717740562146335
1330,0.9695739383841598
1340,0.9759102460424272
1350,0.9725823930725379
1360,0.9677611375542875
1380,0.9538329011505605
1390,0.9517477276076191
1400,0.9499359147279514
1410,0.9498221937273693
1420,0.9507946417410557
1430,0.9554619354284837
1440,0.9567261712805120
1450,0.9477791423188231
1460,0.9495720550547528
1470,0.9634459744493312
1480,0.9744377502166660
1490,0.9737102795427487
1500,0.9759917429884510
1510,0.9717317443949486
1520,0.9840123529981312
1530,0.9813347041556930
1570,0.9867135790200093
1580,0.9898577529717217
1590,0.9882466931534524
1600,0.9894071422316970
1610,0.9875611971897709
1620,0.9975922716684602
1630,0.9972062092853482
1640,0.9995302565208283
1650,0.9971120545117187
1660,0.9934402120096246
1670,0.9995004984185689
1680,0.9879246975731480
1690,0.9942730833235225
1720,0.9873343975679092
1730,0.9959382528244989
1740,0.9903158186109545
1750,0.9910687905091798
1760,0.9842335752922881
1770,0.9856372557767088
1780,0.9816155026559210
1790,0.9868048546173128
1800,0.9826946666510630
1810,0.9890057396482559
1820,0.9832684055793834
1830,0.9797066228092808
1840,0.9755832691013028
1850,0.9845449562275197
1860,0.9813666305947524
1870,0.9787420876907462
1880,0.9727574596195028
1890,0.9725913805753368
1900,0.9731256114107915
1910,0.9760939294527622
1920,0.9695857755563253
1930,0.9746055409584820
1940,0.9680348801116460
1950,0.9758629250046742
1960,0.9766677213888596
1970,0.9725898782873880
1980,0.9709499676622451
1990,0.9654930984318362
2000,0.9724314677834075
2010,0.9659149635315085
2020,0.9673558027886356
2030,0.9675430595650818
2040,0.9659184293539774
2050,0.9607146754144633
2060,0.9547958655104929
2070,0.9401521291439707
2080,0.9388591537388358
2090,0.9368969937180335
2100,0.9320407433803994
2110,0.9381084096472724
2120,0.9339663329289172
2130,0.9349400429879829
2140,0.9456336493260952
2150,0.9504586019981355
2160,0.9467433912137286
2170,0.9628339191740061
2180,0.9659489223855836
2190,0.9590596262455763
2200,0.9588650388445140
2210,0.9684483081936701
2220,0.9602337613018533
2230,0.9699490059659591
2240,0.9627191221284351
2250,0.9670922456632266
2260,0.9688858114495157
2270,0.9667331272424194
2280,0.9726448800296114
2290,0.9671680011047447
2300,0.9742860850661502
2310,0.9691637323560649
2320,0.9735768216978766
2330,0.9680579160029684
2340,0.9782162404419115
2350,0.9798043153588507
2360,0.9774521563280749
2370,0.9841100372950142
2380,0.9867455868965022
2390,0.9870143621515687
2400,0.9834454732073691
2410,0.9841995734287816
2420,0.9846431667283984
2430,0.9918482249710309
2440,0.9883264100580164
2450,0.9907133413250473
2460,0.9875213125471857
2470,0.9962859049649864
2480,0.9998383657529361
2580,0.9866678689027053
2590,0.9783443159205086
2600,0.9865465049908896
2610,0.9785005449640091
2620,0.9785658184955807
2630,0.9714673188155586
2640,0.9732209808201847
2650,0.9663023519329438
2660,0.9678995185165989
2670,0.9674357050336808
2680,0.9630082040857325
2690,0.9673654165371983
2700,0.9622710562365847
2710,0.9560871326493501
2720,0.9486918789848100
2730,0.9564176061680013
2740,0.9573519953555812
2750,0.9518275418376779
2760,0.9479396604156944
2770,0.9518247165062581
2780,0.9525083093990497
2790,0.9530638604221360
2800,0.9556063430769890
2810,0.9641761734785128
2870,0.9770917970306114
2880,0.9777489390019342
2890,0.9830903099501525
2900,0.9884462393954774
2910,0.9885965847052363
2920,0.9920809954557268
2930,0.9917725181781699
2940,0.9894425282119718
2950,0.9839946528557688
2960,0.9933811824975745
2970,0.9965202400871245
2980,0.9928568939817316
2990,0.9927623678008280
3000,0.9939293727643925
3010,0.9927452233881605
3020,0.9997471861359100
3030,0.9987293368537494
3040,0.9982101815902903
3050,0.9915283269610397
3060,0.9889176193395958
3070,0.9923971963647038
3080,0.9886845195421327
3090,0.9946610334946192
3100,0.9964036238681939
3110,0.9877317575357055
3120,0.9964079054933236
3130,0.9862585103332869
3140,0.9955144131029344
3150,0.9877525397133557
3160,0.9940046097978339
3170,0.9849016214724843
3180,0.9856349863338045
3190,0.9842531404853290
3200,0.9815995422522950
3210,0.9818950386904607
3220,0.9867725542189013
3230,0.9859237910353355
3240,0.9822972525298842
3250,0.9841806600804364
3260,0.9822914775046516
3270,0.9826518290374036
3280,0.9796456044945793
3290,0.9762582229661280
3300,0.9770872366299407
3310,0.9737456847228068
3320,0.9743075783679850
3330,0.9766979563478925
3340,0.9753501063188800
3350,0.9687514092279628
3360,0.9719841694878240
3370,0.9722568430851752
3380,0.9615471290693502
3390,0.9542755311474964
3400,0.9525610450435392
3410,0.9454044928115048
3420,0.9426233727327443
3430,0.9431764791027050
3440,0.9405569872143849
3450,0.9365859440233230
3460,0.9443641282512806
3470,0.9354804959420715
3480,0.9395669416694470
3490,0.9491106117534411
3500,0.9540058355110991
3510,0.9613522095996175
3520,0.9651949262797461
3530,0.9611664164467166
3540,0.9669559035152501
3550,0.9697603604848052
3560,0.9722926147185093
3570,0.9654258238113725
3580,0.9717020094205895
3590,0.9687946045352143
3600,0.9790567801439003
3610,0.9712504160960960
3620,0.9759309389851064
3630,0.9720507990047019
3640,0.9735047950365094
3650,0.9799500243938842
3660,0.9844724580195574
3670,0.9789841442652406
3680,0.9813238571865549
3690,0.9799019292247364
3700,0.9898131816409137
3710,0.9827916379983727
3720,0.9833703981665057
3730,0.9886245508725046
3740,0.9915644196852889
3750,0.9961112474257423
3760,0.9929104183020230
3770,0.9908627786986303
3780,0.9881622680561056
3790,0.9903346838089753
3800,0.9968047958767629
3810,0.9906562731879364
3820,0.9940919249120016
3830,0.9999155646131530
3840,0.9965993120150015
3850,0.9990956619086186
3860,0.9868064747570385
3870,0.9972158095662240
3880,0.9934043906547236
3890,0.9902856828310433
3900,0.9862717158328701
3910,0.9913935996635227
3920,0.9859143436940541
3930,0.9852025758759353
3940,0.9837011304944375
3950,0.9849564753144340
3960,0.9798571138229671
3970,0.9745128257103118
3980,0.9827386723177234
3990,0.9800962806362468
4000,0.9788616414762020
4010,0.9762176161692732
4020,0.9758101569911505
4030,0.9716410956331392
4040,0.9643568528483185
4050,0.9552654045188189
4060,0.9506231279544685
4070,0.9536631782535748
4160,0.9635961476938697
4170,0.9684458831479134
4180,0.9703488953896299
4190,0.9667974237273006
4200,0.9761215086329275
4210,0.9734748425394882
4220,0.9779783560512012
4230,0.9757546966494214
4240,0.9850201373711002
4250,0.9835569247463506
4260,0.9868770228719480
4270,0.9872630281633253
4280,0.9904200828274158
4290,0.9834701838515879
4300,0.9885403912983720
4310,0.9852861855893473
4320,0.9906868536810017
