0,0.9930512196811371
60,0.9894393860843820
70,0.9981113350447859
110,0.9926380563069904
120,0.9923711870706085
130,0.9972652763121930
140,0.9885415806061204
240,0.9837692935956341
250,0.9896062920511949
260,0.9837548197985528
270,0.9838144895369076
280,0.9821043656100423
290,0.9788848768651204
300,0.9783817899184547
310,0.9819203264541588
320,0.9727263391391358
330,0.9802417324313251
340,0.9763181316355259
350,0.9748308012839895
360,0.9776999862808632
370,0.9691200214791909
380,0.9551710143850316
390,0.9536274558999326
400,0.9449107516463936
410,0.9474570044302306
420,0.9540570903825695
430,0.9498703363483421
440,0.9552873198726971
450,0.9474794981795022
460,0.9486643173595368
470,0.9481630178503786
480,0.9506539910197832
490,0.9604178790317727
500,0.9800461138321032
510,0.9793495664121272
520,0.9832014765230185
530,0.9832234559513893
540,0.9781283613120310
550,0.9847225232009703
600,0.9800452182691262
610,0.9915669276252325
620,0.9848644526721801
630,0.9884238344026257
640,0.9831160895689391
650,0.9919987221909079
660,0.9897909806010496
670,0.9860195838402879
680,0.9864238924439751
690,0.9914556512438278
700,0.9877162267630125
710,0.9964675964482912
720,0.9940252499305121
730,0.9897515473177380
740,0.9918613754533770
750,0.9894358815597990
760,0.9957213811389540
770,0.9920479801970319
780,1.0000000000000000
790,0.9916780172789428
800,0.9979750744319789
810,0.9916413762087071
820,0.9902570392222563
830,0.9989317443345727
840,0.9967495605102253
850,0.9912547148148820
860,0.9976211857924892
870,0.9913562830269415
880,0.9953029405617827
890,0.9935916159969936
900,0.9901702991267911
910,0.9884338835636765
920,0.9926509362925745
930,0.9866441510217566
940,0.9871044050651836
950,0.9892338068470307
960,0.9839882914956576
970,0.9826279869320793
980,0.9928460038142125
1110,0.9841111584956354
1120,0.9771094746433948
1180,0.9640845535316253
1190,0.9443500620388742
1200,0.9404731162308554
1210,0.9333243023707856
1220,0.9326702307067940
1230,0.9344723598927682
1240,0.9382542351426008
1270,0.9471902508620083
1280,0.9565761367962925
1290,0.9674134205461592
1300,0.9725279393083617
1340,0.9723842891307548
1350,0.9718646654058415
1360,0.9772027282562790
1370,0.9724845021228898
1380,0.9778750768847292
1390,0.9781387900963817
1400,0.9715413000416344
1410,0.9828300086825199
1420,0.9760762272760120
1430,0.9801335142209063
1440,0.9803390335212050
1450,0.9835957287504716
1460,0.9869764263209404
1470,0.9880785008343941
1480,0.9848920332127828
1490,0.9820154965292947
1500,0.9874865315060479
1510,0.9871660163328408
1520,0.9876100312314696
1530,0.9861911276562568
1540,0.9863934764586016
1550,0.9884634729476048
1560,0.9899894520186399
1570,0.9919915604512354
1580,0.9968416697593250
1590,0.9996031783740459
1600,0.9953406255510878
1610,0.9898640796533598
1620,0.9889551883947463
1820,0.9708629508755428
1830,0.9681550239239931
1840,0.9540055196394411
1860,0.9470510307635857
1870,0.9540266515113298
1880,0.9516765105968203
1890,0.9487933890410262
1900,0.9504371702251472
1910,0.9469214934700166
1920,0.9518925528606192
1930,0.9445986109996596
1940,0.9531354724632437
1950,0.9645458819859356
1960,0.9800594877118082
1970,0.9888876276198958
1980,0.9867679404107801
1990,0.9846355273276634
2000,0.9845004774423850
2010,0.9941637986417293
2020,0.9909947210354408
2030,0.9890774953080375
2040,0.9919801218468275
2050,0.9915249526282182
2060,0.9912500491829415
2070,0.9913127628866303
2080,0.9925440583030823
2090,0.9996121856496422
2100,0.9894528538133625
2110,0.9937088928223808
2120,0.9974205551273599
2130,0.9953328951848676
2140,0.9953515467057887
2150,0.9909802603053297
2160,0.9888268984928954
2170,0.9939533972795297
2180,0.9965139467395367
2190,0.9946011269467596
2200,0.9959042434608409
2210,0.9931378545403602
2220,0.9871887520695370
2230,0.9879453037747630
2240,0.9907350867581849
2250,0.9908548016675864
2260,0.9894942564111268
2270,0.9815171430141646
2480,0.9754880631058225
2560,0.9748178378985944
2570,0.9703669798047533
2580,0.9733593777372509
2590,0.9787461700493796
2600,0.9738537276793481
2610,0.9714666374403024
2620,0.9765421293387312
2630,0.9767158397049541
2640,0.9691928528590225
2650,0.9558284617536507
2660,0.9455411134642054
2670,0.9343236170928055
2680,0.9332431526291852
2690,0.9305957384476321
2700,0.9283901356982979
2710,0.9314682048326042
2720,0.9438543471951298
2730,0.9424929118138081
2740,0.9495796676813876
2750,0.9678342037080553
2760,0.9759502515318228
2810,0.9753109655703667
2820,0.9679972170613153
2830,0.9684889530524496
2840,0.9762553507001637
2850,0.9724611486321753
2860,0.9717536741303275
2870,0.9720363683140232
2880,0.9705808505418700
2890,0.9736666268235968
2950,0.9807877293330125
2960,0.9801076679114531
2970,0.9811994171011799
2980,0.9751605518946287
2990,0.9812421316538584
3000,0.9744962241089534
3010,0.9746605287839020
3030,0.9850061678034103
3040,0.9873708707506800
3050,0.9825735694597383
3060,0.9882095033635225
3070,0.9878135898302841
3080,0.9827117828857196
3090,0.9935986397226504
3100,0.9880313139376475
3110,0.9873771357472886
3120,0.9957955195230099
3130,0.9913003768412881
3140,0.9972190954591609
3150,0.9888542950835461
3160,0.9890977370710879
3170,0.9912505435875332
3180,0.9939286955537859
3190,0.9912078919260033
3200,0.9912185795093592
3210,0.9921880156756673
3220,0.9896595596698047
3230,0.9923356660743792
3240,0.9874908996725184
3250,0.9883439139012589
3280,0.9835681342978294
3290,0.9899410471468617
3300,0.9675707081833612
3310,0.9448971905152427
3320,0.9456170643499637
3330,0.9553163882429240
3340,0.9454758882121107
3350,0.9532899937491722
3390,0.9517461220459726
3400,0.9462118420834912
3410,0.9547807211361473
3420,0.9774014971086962
3430,0.9742970516114071
3440,0.9811221655803410
3450,0.9829890470437290
3460,0.9809133593120505
3470,0.9862942587441741
3480,0.9861028897420965
3490,0.9867388328226739
3500,0.9844370178501766
3510,0.9850085740843463
3520,0.9902681771988929
3530,0.9943285395341617
3540,0.9964478303291436
3550,0.9900704298767217
3560,0.9937085195265313
3830,0.9728628984437384
3850,0.9732343022780845
3860,0.9755397411908132
3870,0.9766265091197016
3880,0.9704807788584913
3890,0.9756187081756077
3900,0.9816960167066126
3910,0.9756866555265431
3920,0.9842349933820328
3930,0.9790189894129876
3940,0.9850938662447873
3950,0.9869137016015337
3960,0.9844903263999089
3970,0.9912573080718216
3980,0.9928720302466023
3990,0.9897870603858329
4000,0.9912477877106206
4010,0.9886298553166942
4020,0.9864503461243307
4030,0.9945717377811867
4040,0.9898387690818271
4050,0.9946615829484273
4060,0.9991242567236824
4080,0.9897963451560374
4090,0.9897346364105735
4100,0.9878241131503880
4110,0.9703277119746035
4120,0.9459044558885229
4130,0.9454709935626348
4140,0.9371963753667154
4150,0.9311494574207846
4160,0.9298231420359143
4170,0.9337456792504284
4180,0.9413402134076412
4190,0.9441774013429441
4200,0.9559809657934606
4210,0.9707581910782567
4220,0.9830697121782292
4310,0.9689602966113796
4320,0.9787214151008731
