0,0.9913608960397398
10,0.9925563235112578
20,0.9968058351423374
30,0.9984958203762487
40,0.9917031459362503
50,0.9924772930455587
60,0.9990424640190535
70,0.9975694965480183
80,0.9920479155337067
90,0.9970134672138314
100,0.9909685828971150
180,0.9818085646678097
390,0.9571435550597533
400,0.9760548353937416
410,0.9809336886814028
420,0.9805326782669033
430,0.9865066208258373
480,0.9927013882345589
490,0.9865892687424763
500,0.9915090959050371
510,0.9950223237062075
520,0.9941333459099486
530,0.9948087175003837
540,0.9870330579882125
550,0.9888527052777246
560,0.9869594891806482
570,0.9879929088993341
580,0.9972577055436883
590,0.9944353300222603
600,0.9935990882529753
610,0.9953670743873266
620,0.9942159772406918
630,0.9934154463205541
640,0.9948628266002654
650,0.9912198623225481
660,0.9906327737726578
670,0.9960544222574993
680,0.9910768374983738
690,0.9998543772961886
700,0.9995175730730367
710,0.9895520897218383
720,0.9902691108347547
730,0.9940477806938837
740,0.9894156651994959
780,0.9861975288413162
790,0.9963347032688354
800,0.9886935794731255
810,0.9916012902290491
820,0.9866325751637135
830,0.9879936179150225
840,0.9935753895563462
850,0.9827006671712777
860,0.9913227879617138
870,0.9935041640068045
880,0.9855958957709962
890,0.9906681679680449
900,0.9879428026891084
910,0.9845885664507038
1010,0.9842361735749849
1020,0.9817632335206304
1030,0.9782470507244190
1040,0.9789521823662709
1050,0.9758981766485280
1060,0.9780370915458837
1070,0.9845391991054526
1080,0.9791895264678863
1090,0.9646518942114487
1100,0.9582534125352459
1110,0.9565091268345970
1120,0.9435609320027274
1130,0.9443455480988440
1140,0.9509100771674457
1150,0.9472563840385497
1160,0.9537866410030702
1340,0.9803453966655938
1350,0.9789507578856621
1360,0.9835218205305356
1370,0.9897000799523130
1380,0.9848822982471555
1390,0.9884170500846570
1400,0.9884072430474565
1410,0.9893390245338403
1420,0.9868194668948054
1430,0.9899962140103366
1440,0.9936204049835359
1450,0.9936009926225280
1460,0.9954094962094854
1470,0.9927272097042684
1480,0.9940990416068206
1490,0.9931188746612667
1500,0.9968070940435330
1510,0.9973657877368211
1520,0.9967973200072089
1530,0.9919428328963255
1540,0.9999672261489597
1550,0.9973628423636435
1560,0.9899600705852235
1570,0.9889063877351912
1580,0.9940908669132111
1590,0.9930349970384336
1600,0.9926783367159094
1610,0.9856404884628734
1620,0.9840728501322367
1740,0.9572764857155124
1750,0.9554362493191577
1860,0.9924041394516969
1870,0.9966021071020088
1880,0.9894441373440884
1890,0.9921402510809795
1900,0.9986151099942853
1910,0.9953371359001675
1920,0.9890880996035951
1930,0.9963892255212369
1940,1.0000000000000000
2120,0.9788803233995488
2130,0.9763288654870952
2140,0.9788745964799900
2150,0.9784953333860230
2160,0.9771088246269547
2170,0.9797793599602787
2180,0.9786582543342526
2190,0.9801414690200587
2200,0.9837909150621204
2210,0.9764168302922553
2220,0.9820667167261840
2230,0.9836076666130873
2240,0.9796040455007039
2250,0.9867779861718917
2260,0.9782483848372004
2270,0.9798698867819360
2280,0.9859828396092273
2290,0.9857567867224155
2300,0.9832703167004505
2310,0.9851884273618036
2320,0.9833062681228112
2330,0.9831540011575137
2340,0.9837281937806103
2350,0.9890177038810976
2420,0.9907944099112167
2430,0.9939796733242836
2440,0.9967974483858727
2450,0.9904676382840893
2490,0.9706909551075829
2500,0.9587991609718530
2510,0.9531099686274855
2520,0.9515110921996334
2530,0.9481947733319898
2540,0.9423346285892924
2550,0.9426748791287065
2560,0.9497275342768932
2570,0.9563487946369514
2580,0.9697172481903161
2590,0.9796482198649579
2600,0.9834167898902615
2610,0.9826391104399677
2620,0.9787397301291761
2630,0.9808298588489091
2640,0.9855445065774121
2650,0.9755236505761938
2660,0.9744151952170791
2670,0.9745513053383520
2680,0.9775255690518968
2690,0.9745846641061278
2700,0.9819150465025666
2710,0.9811246080050536
2720,0.9779517248607008
2730,0.9883981238403011
2740,0.9830070951702922
2750,0.9815905553049683
2760,0.9888843982234619
2770,0.9875039222285158
2780,0.9888026546177495
2790,0.9869916465306282
2800,0.9893478162694895
2810,0.9975893114450861
2820,0.9922459291771792
2830,0.9942897261267793
2840,0.9957712229104277
2850,0.9905805627708669
2860,0.9990981928730384
2870,0.9967447556839714
2880,0.9919795005056238
2890,0.9839397416645305
2900,0.9925089207304190
2910,0.9896439096250187
2920,0.9819420469727685
2930,0.9776028340803921
2940,0.9797893210891812
2950,0.9792110557611452
2960,0.9765952843708413
2970,0.9756701140277225
2980,0.9737964665615387
2990,0.9770189724852694
3000,0.9813668644291047
3010,0.9841460371456014
3060,0.9833226704204812
3070,0.9890482040577074
3080,0.9865012074798732
3090,0.9679571732288390
3100,0.9609422275221230
3110,0.9667189860440167
3120,0.9597791614202513
3130,0.9653161085322747
3140,0.9621953042677328
3150,0.9577245054696393
3160,0.9568183256463021
3170,0.9652785671657256
3180,0.9588077496837866
3190,0.9780055833155182
3200,0.9980324365186656
3210,0.9974542161653126
3220,0.9922970251114753
3230,0.9950886975406519
3240,0.9915570448119725
3250,0.9974804309044594
3260,0.9932046498405417
3270,0.9896528241252868
3280,0.9942612924564728
3290,0.9935088551091139
3300,0.9962747652644078
3310,0.9878808392372229
3320,0.9912056405029914
3330,0.9908235708461058
3340,0.9868615552665920
3350,0.9842247262613369
3360,0.9827865220711925
3370,0.9887410279151513
3380,0.9879981981596005
3390,0.9783319828357016
3400,0.9779242145825954
3410,0.9753834258150991
3420,0.9815070196140571
3430,0.9772807286017673
3440,0.9764163116210773
3450,0.9771550056529761
3460,0.9769984506710788
3470,0.9816725014502660
3480,0.9846652817211936
3490,0.9794605391523672
3500,0.9835519549327968
3510,0.9798763652364761
3520,0.9780022783027478
3530,0.9851855696534260
3540,0.9859541627535039
3550,0.9784624359806472
3560,0.9846425418705095
3570,0.9796613099528442
3580,0.9838557570818737
3590,0.9900978404605922
3600,0.9850848407359256
3610,0.9851459941525451
3620,0.9893109985793337
3630,0.9924913304557649
3640,0.9871382200981552
3650,0.9887117523956207
3660,0.9976792667160436
3670,0.9925943181677550
3680,0.9985696006438055
3690,0.9987284551614534
3700,0.9950098203448242
3710,0.9966063547621816
3720,0.9990015517642543
3730,0.9919046296678494
3740,0.9956320696721317
3750,0.9884132526479010
3760,0.9927282093046285
3770,0.9903285843531848
3780,0.9933041036383603
3790,0.9820416375587451
3800,0.9808457264603387
3810,0.9842754046859677
3990,0.9835425652583939
4000,0.9869841188428429
4010,0.9890598571677438
4020,0.9868338311704810
4030,0.9911452906429443
4040,0.9905756041260927
4050,0.9874759314875866
4060,0.9956068416980632
4070,0.9907908544682027
4080,0.9954331685054686
4090,0.9981188557946761
4100,0.9957073654625441
4110,0.9958378547876745
4120,0.9990714967131953
4130,0.9966095084770217
4140,0.9921281386098340
4150,0.9915455284412098
4160,0.9878100628974085
4170,0.9916774277759272
4180,0.9935604492196120
4190,0.9936495824168733
4200,0.9858891349322367
4250,0.9822819708816566
4260,0.9860813168855234
4270,0.9898777761343616
4280,0.9848672012261129
4290,0.9916211902328813
4300,0.9880228203770688
4310,0.9855318438777533
4320,0.9880334436042614
