0,0.9912969247852939
10,0.9924895361259120
20,0.9880940113977142
30,0.9993547086723358
40,0.9944678152906969
50,0.9965385672375887
60,1.0000000000000000
70,0.9952261341873387
80,0.9966973028061483
90,0.9909176688744111
100,0.9983381399991663
110,0.9887994084262188
120,0.9952037475419891
140,0.9859226067798579
150,0.9917615216496214
160,0.9913827764401808
170,0.9843566935082743
180,0.9858097602056494
280,0.9716486439075969
290,0.9761246436421898
300,0.9638946533917815
310,0.9603910372132654
320,0.9586330286946542
330,0.9575208346636898
340,0.9524321274475563
350,0.9580453643853284
360,0.9493289039097346
370,0.9599396945747547
380,0.9501622069456939
390,0.9604660517346464
400,0.9509075020566314
410,0.9640339236819123
420,0.9712542676132501
430,0.9760910751355372
440,0.9760816839609324
450,0.9743952536159878
460,0.9731296047156844
470,0.9750567398583267
480,0.9804428998424455
490,0.9833495229216791
500,0.9761256759342262
510,0.9853654452385684
530,0.9885137515225828
540,0.9904433358987493
550,0.9906388456646780
560,0.9860391406468981
570,0.9843813373871522
580,0.9911958995243888
590,0.9853644585663084
600,0.9895234909437399
610,0.9883939504157850
620,0.9930977375472760
630,0.9881375607848154
640,0.9899257244364574
650,0.9956006261554405
660,0.9890095721090146
670,0.9917097419568978
680,0.9941363281084821
690,0.9905041382931890
700,0.9980066944716589
720,0.9974137057541165
730,0.9916153750071193
740,0.9956254087483413
750,0.9888030642547169
760,0.9938694741656451
780,0.9947438232051088
850,0.9817268429604579
860,0.9862498794108794
870,0.9800995921081648
880,0.9856780194204575
890,0.9823636421888956
900,0.9816216734612655
910,0.9730234240580680
920,0.9760841084400412
930,0.9763524314477990
940,0.9798558368578367
950,0.9695830383595165
960,0.9745934937741074
970,0.9662849274524263
980,0.9523045042658198
990,0.9527785816125988
1000,0.9484952145194875
1010,0.9436498757466135
1020,0.9387287379538249
1030,0.9410074131838401
1040,0.9428469625141270
1050,0.9409274257734160
1060,0.9434894260115468
1070,0.9519640201659811
1080,0.9679185023736286
1090,0.9729893957933788
1100,0.9664058652849378
1110,0.9727940743008699
1120,0.9717817173540552
1130,0.9675066598822611
1140,0.9726508622392662
1150,0.9755114651905052
1160,0.9708201367377011
1170,0.9776219850028488
1180,0.9787337684538978
1190,0.9796951753406026
1200,0.9810263624535231
1210,0.9814481872754539
1220,0.9824803116698654
1230,0.9867083432717489
1240,0.9877247300637249
1250,0.9917292633052363
1260,0.9842877842879051
1270,0.9862290439683601
1280,0.9976553482317503
1290,0.9941404771422377
1300,0.9994264784147666
1310,0.9999626186434664
1320,0.9937729364531658
1330,0.9970538003097715
1340,0.9968263341293946
1350,0.9904972929035002
1360,0.9970431126400047
1370,0.9929602202639317
1380,0.9875196195044207
1390,0.9906602202348826
1400,0.9906557343963148
1410,0.9923552726726060
1420,0.9868909240249386
1430,0.9784570231439282
1440,0.9781451983238822
1450,0.9811125845114286
1460,0.9760631795247038
1470,0.9767431717613935
1480,0.9772497171219389
1490,0.9777890152529212
1500,0.9701562577289049
1510,0.9706424542841856
1520,0.9731683835102762
1530,0.9669232722622710
1540,0.9671545690874045
1550,0.9681549088166536
1560,0.9653300966655317
1570,0.9558471437425036
1580,0.9564921207384274
1590,0.9520941525342649
1600,0.9547355916718713
1610,0.9605969850327459
1620,0.9541136343206061
1630,0.9569387304253295
1640,0.9582280208766345
1650,0.9493576552422582
1660,0.9581248052508310
1670,0.9647498610345016
1680,0.9758443466212953
1690,0.9750045856361159
1700,0.9767778363956651
1710,0.9734571813282110
1720,0.9840287808289024
1730,0.9813385163173814
1740,0.9774512872758390
1750,0.9843235890037104
1760,0.9795401109747084
1770,0.9821381348903756
1780,0.9891718113520146
1790,0.9827146979804314
1800,0.9913681558048687
1810,0.9908952381612042
1820,0.9851487398870327
1830,0.9949301391429334
1840,0.9887267885126527
1850,0.9938503332486619
1860,0.9946367362358499
1870,0.9893717351041212
1880,0.9935309011400009
1890,0.9958448977946457
1900,0.9992273882358448
1910,0.9958929757305524
1920,0.9880390479247227
1930,0.9922470101858943
1940,0.9946532009603071
1950,0.9955749636141433
1960,0.9900292696445492
2070,0.9946623271085022
2080,0.9935317176928113
2090,0.9955441079858429
2100,0.9903262612112121
2110,0.9882131747856113
2120,0.9832461539314762
2130,0.9831096091451624
2140,0.9864488640380371
2150,0.9877919378819141
2160,0.9787573403399412
2170,0.9863937221103960
2180,0.9755828880924269
2190,0.9761367240312266
2250,0.9509787912196329
2260,0.9395862034700865
2270,0.9420320803154910
2280,0.9449429812813658
2290,0.9458015796487388
2300,0.9450811525034313
2310,0.9475733654791807
2320,0.9448277390882479
2330,0.9603123192040590
2340,0.9634250797793705
2390,0.9728163756351632
2400,0.9794159842455493
2410,0.9801445760651284
2420,0.9778363704572843
2430,0.9766004658640135
2440,0.9858608466735107
2450,0.9857376995842426
2460,0.9886397339528007
2470,0.9803123545456998
2480,0.9921813578367703
2490,0.9846559830751426
2500,0.9932565675599907
2510,0.9913852939633362
2520,0.9979128369532346
2530,0.9896697757005876
2540,0.9993572123866140
2550,0.9967291002863899
2560,0.9972012698760823
2570,0.9906770867000865
2580,0.9971023209781963
2590,0.9921385207328148
2600,0.9942902539666149
2610,0.9907516191470991
2620,0.9862039453791230
2630,0.9939925316727367
2640,0.9901732021771289
2650,0.9867312154498840
2660,0.9858470104454198
2670,0.9844921052062439
2680,0.9849009581279867
2690,0.9830792219756022
2700,0.9811040110565542
2710,0.9780615180223974
2720,0.9800659573567740
2730,0.9758406761961764
2740,0.9788005751251776
2750,0.9673806453882537
2760,0.9761510129888110
2770,0.9696581734856008
2780,0.9756044402026725
2790,0.9676487745393867
2800,0.9649711184725465
2810,0.9650327617716098
2820,0.9648701944649934
2830,0.9608817890136354
2840,0.9551570291943772
2850,0.9582549452481365
2870,0.9502479495460849
2880,0.9591691859037653
2890,0.9528117640626894
2900,0.9558462734948623
2910,0.9555640245228744
2920,0.9512580086078478
2930,0.9625790311630512
2960,0.9718760941923090
2970,0.9693060879452414
2980,0.9696345668052337
2990,0.9705003510925071
3000,0.9772109623879880
3010,0.9804444104131949
3020,0.9739596243375256
3030,0.9821311932301519
3040,0.9793850274254577
3050,0.9821379219005368
3060,0.9872239770685687
3070,0.9868927384375829
3080,0.9891216518366194
3090,0.9886162211258627
3100,0.9896920634555754
3110,0.9896240083241686
3120,0.9825564890339880
3130,0.9885648797938309
3140,0.9864726415763924
3150,0.9864694902544386
3160,0.9955239336151326
3170,0.9958926955166654
3180,0.9900182703198556
3190,0.9882249842291979
3200,0.9932366517747877
3210,0.9968090416474045
3220,0.9910869596210364
3230,0.9890275037692768
3240,0.9996401414948309
3250,0.9886874177898914
3260,0.9901289331469316
3270,0.9921782702169158
3280,0.9942539068245884
3290,0.9929214279270495
3300,0.9900621199419000
3310,0.9928755392191149
3320,0.9932007726300028
3330,0.9929357344921901
3340,0.9894360700157425
3350,0.9928318438158287
3360,0.9889841756636334
3370,0.9831738952099216
3380,0.9822902256906849
3390,0.9862825924177985
3400,0.9856094821398501
3410,0.9798763833319158
3420,0.9855680396652718
3430,0.9797663177716398
3440,0.9747172045819499
3450,0.9775802370577471
3460,0.9772888498553242
3470,0.9741220821785576
3480,0.9706237248551076
3490,0.9724358358750013
3500,0.9601958448298543
3510,0.9466012601369308
3520,0.9486008214746067
3530,0.9388581448418838
3540,0.9395349158335237
3560,0.9383317435838913
3570,0.9440961805049174
3580,0.9517348481062406
3590,0.9571492192309787
3600,0.9678232406567941
3610,0.9683334474866452
3620,0.9732920180741301
3630,0.9687162728110300
3640,0.9778547567702376
3650,0.9800975542665397
3660,0.9785146148621719
3670,0.9785915717417595
3680,0.9800811869187364
3690,0.9781068362842548
3700,0.9873456754004015
3710,0.9897248618583745
3720,0.9817024458889084
3730,0.9881323706411722
3740,0.9858256946985230
3750,0.9921790910437058
3760,0.9885790909121345
3770,0.9904649563664522
3780,0.9977258027888850
3790,0.9876986903030401
3800,0.9893224394190366
3810,0.9988851100647509
3820,0.9892319906211812
3830,0.9909895530324336
3840,0.9952648578117477
3850,0.9956696092776230
3860,0.9934643783827726
3870,0.9882883791260706
3880,0.9957498078298078
3890,0.9948199919885984
3950,0.9862745730405580
3960,0.9788068561387069
3970,0.9873682576453029
4020,0.9776818583535826
4030,0.9778982798421981
4040,0.9744077067818019
4050,0.9732213084332032
4060,0.9723010574728493
4070,0.9712137848435093
4080,0.9757000290853870
4090,0.9618327840367266
4100,0.9503956413937588
4110,0.9547628328394375
4150,0.9604350217450840
4160,0.9500406469146068
4260,0.9747076432306586
4270,0.9839476622506337
4280,0.9837703564970055
4290,0.9866021548046874
4300,0.9852071628188976
4310,0.9828286929594786
4320,0.9892283239202315
