0,0.9894106766162668
10,0.9980893920609577
20,0.9905707350923849
30,0.9887086191787938
40,0.9879319552996897
50,0.9950889873980483
60,0.9936028576180104
70,0.9909398805155469
80,0.9827031715336240
90,0.9869457143889087
100,0.9817043543612541
110,0.9799146583750473
120,0.9885362326630838
130,0.9863142926291015
140,0.9800482824345119
150,0.9828552613329921
160,0.9782653154292631
170,0.9796260562849878
180,0.9757116874025716
210,0.9732305271179891
220,0.9676521854273973
230,0.9635455453951230
240,0.9519655969877141
250,0.9518555175832584
260,0.9394294634735068
270,0.9363480476568911
310,0.9414045021675028
420,0.9744141663952502
430,0.9819127422502260
440,0.9790710083498707
450,0.9792818502213800
460,0.9873958311880966
470,0.9851205448176448
480,0.9818554271027337
490,0.9848009384605370
500,0.9901021946804840
510,0.9884741026590351
520,0.9964766948670589
530,0.9862460702785115
540,0.9882517624402617
550,0.9975733212801384
560,0.9979056772002277
590,0.9944952633063577
600,0.9973777692619351
610,0.9949758552185936
620,0.9895858159153725
630,0.9887020613382180
650,0.9952334455380620
660,0.9992445151876163
670,0.9920843375967245
680,0.9983255493631750
690,0.9916527600666113
700,0.9886446239917109
710,0.9967707431666631
720,0.9954051710957826
730,0.9866767178243573
740,0.9912767080103861
750,0.9899871467166619
760,0.9932606036691040
830,0.9798596115251835
840,0.9804487839381935
850,0.9794937514921940
860,0.9817330105375625
870,0.9768763962433096
880,0.9749474755160765
890,0.9811840721952041
980,0.9745288098215372
990,0.9638437047490422
1000,0.9521251368816893
1010,0.9583485265375177
1020,0.9503419478732614
1030,0.9537765914637474
1040,0.9505481437121489
1050,0.9479908218271520
1060,0.9535646945980363
1070,0.9504517495407795
1080,0.9573326728179545
1090,0.9549342095882243
1100,0.9634459373644650
1110,0.9714929212264323
1120,0.9679544618786055
1130,0.9702882261750061
1140,0.9629343182846865
1150,0.9620060173456294
1160,0.9665965834888849
1270,0.9792665155137259
1280,0.9828045938012727
1290,0.9836957921833749
1300,0.9832953800074480
1310,0.9833933776964928
1320,0.9915167122704232
1330,0.9944809143089397
1340,0.9908643259722879
1350,0.9891874347917994
1360,1.0000000000000000
1370,0.9997585020232566
1380,0.9910168102656138
1390,0.9894279629297411
1400,0.9950851578218588
1410,0.9927924817967659
1420,0.9915321558138556
1430,0.9957291962538074
1440,0.9889192825001809
1450,0.9825247590306775
1460,0.9851251645854761
1470,0.9779236732384862
1480,0.9840259464712199
1490,0.9808304623884957
1500,0.9798252223213622
1510,0.9775393983239297
1520,0.9704213444090073
1530,0.9687320008629613
1540,0.9704131825300458
1550,0.9706681048908303
1560,0.9697407459810441
1570,0.9676087300405143
1580,0.9635412613712353
1590,0.9660272369899228
1600,0.9556021825995281
1610,0.9487656432816148
1620,0.9372770635525182
1630,0.9401900380485554
1640,0.9350270642174212
1650,0.9349862010755844
1660,0.9405463502790505
1670,0.9426967721971394
1680,0.9487783946504058
1860,0.9914634022753426
1870,0.9978967950741456
1880,0.9988086347253418
1890,0.9950727554277892
1900,0.9971241346701626
1910,0.9915464545808786
1920,0.9915612679316648
1930,0.9946542186547196
1940,0.9963229129731623
1950,0.9975208292019930
1960,0.9933369109331500
1970,0.9904137925840425
1980,0.9928714711823852
1990,0.9888245871234969
2000,0.9988589068580301
2010,0.9900530403438642
2020,0.9962885761994354
2030,0.9884720450538355
2040,0.9889173777658126
2050,0.9963017884196823
2060,0.9909919741247605
2070,0.9951642402939995
2090,0.9985011194115404
2100,0.9981860849201991
2110,0.9962235276494146
2120,0.9879145731107989
2130,0.9909490380086804
2140,0.9886039836042377
2150,0.9922374541480440
2160,0.9959459347580467
2170,0.9957684954987999
2180,0.9916764187745850
2200,0.9899048233068418
2210,0.9923976738497989
2220,0.9857093468584718
2230,0.9918973770133033
2240,0.9893589913679480
2250,0.9884540148512194
2260,0.9870012853194877
2270,0.9888525369539013
2280,0.9856863139755651
2290,0.9887661121813622
2300,0.9806365145625330
2310,0.9778945096667542
2320,0.9819224945203170
2330,0.9856159509053709
2340,0.9774947339973575
2350,0.9642394775854225
2360,0.9524354068496362
2370,0.9538023790372442
2380,0.9487339322493851
2390,0.9562893415451155
2400,0.9532598360743757
2410,0.9545961302305760
2420,0.9530499782789484
2430,0.9580011096462959
2440,0.9585062963432213
2450,0.9570263037667855
2520,0.9689695168676848
2530,0.9645365878211383
2540,0.9662527714337741
2550,0.9652088365574278
2560,0.9665239266587883
2570,0.9701461782194297
2580,0.9798249393893158
2590,0.9797299380414531
2600,0.9808803941238264
2610,0.9835962527997141
2620,0.9873256352609026
2630,0.9794849067128653
2740,0.9944436079971081
2750,0.9955233950490254
2760,0.9884006572814255
2770,0.9936754877610411
2780,0.9840267273002896
2790,0.9864970350890926
2860,0.9698464736225377
2870,0.9733321548418190
2880,0.9654598177236927
2890,0.9698641811296005
2900,0.9726209832608266
2910,0.9684998327858799
2920,0.9715207917429673
2930,0.9645120618351459
2940,0.9694979439108650
2950,0.9654502730720566
2960,0.9569179605351605
2970,0.9422434441518984
2980,0.9379534091253227
2990,0.9414102018950227
3000,0.9388745367329867
3010,0.9336812888774506
3020,0.9429835186505862
3030,0.9376650877880005
3040,0.9458632611959535
3130,0.9881516496304803
3140,0.9783597937599651
3150,0.9860884994817348
3160,0.9864909139939551
3170,0.9870979224007117
3180,0.9841169948336558
3190,0.9818624720955161
3200,0.9900643292817647
3210,0.9878010142462643
3220,0.9848958744933352
3330,0.9879733709223436
3340,0.9971274932591377
3350,0.9968696079292558
3360,0.9928380607009388
3370,0.9893920650908442
3380,0.9973927162862052
3390,0.9897146221475203
3400,0.9980952435443697
3410,0.9946210801847545
3420,0.9942038064360962
3430,0.9894535518972547
3440,0.9898868928188889
3450,0.9891186930519817
3460,0.9919630337580149
3470,0.9974696331845359
3480,0.9995317084737176
3490,0.9971669147870565
3500,0.9986375390041685
3510,0.9935174684099130
3520,0.9884294268375510
3530,0.9869149294634825
3540,0.9864036546501028
3550,0.9903010286296201
3560,0.9862066270682265
3570,0.9952996810268363
3580,0.9856889640347825
3590,0.9899522962029771
3600,0.9896082340707315
3610,0.9901881183910460
3620,0.9844306117611094
3630,0.9842082381054336
3640,0.9872639547429476
3650,0.9795174130451130
3660,0.9740494867885986
3670,0.9784512481917017
3680,0.9811135170130222
3690,0.9738763809660883
3700,0.9771852964461359
3710,0.9625906098495572
3720,0.9579140117023057
3730,0.9542956277140344
3740,0.9572035903354261
3750,0.9505946304029048
3760,0.9566459263915706
3770,0.9540737923720706
3940,0.9815347043773018
4090,0.9946230562013224
4100,0.9871232163208462
4110,0.9913614126109132
4120,0.9950424602317527
4140,0.9928514867548497
4150,0.9840973102766973
4160,0.9868182741299066
4170,0.9787812588322110
4180,0.9823870531883647
4190,0.9845942792828526
4200,0.9767757828171105
4210,0.9785954561590317
4220,0.9817275853897043
4230,0.9766647182013316
4240,0.9763523203959086
4250,0.9738461673477443
