400,0.9851557835699042
410,0.9832918094048229
420,0.9850093565945042
430,0.9808429394901833
440,0.9910653573650299
450,0.9899058326362011
940,0.9956444628646741
950,0.9958660735931332
960,0.9966777839443526
1020,0.9877329874284575
1030,0.9957293447555429
1280,0.9495012914790202
1290,0.9549859672743918
1300,0.9518276424972641
1310,0.9543773287986803
1320,0.9521363537522438
1420,0.9801613699797785
1430,0.9804682138279242
1760,0.9727943506544128
1900,0.9731778513508218
1910,0.9721970464553815
1920,0.9699229110705548
1930,0.9490410580944952
1940,0.9480216084183433
1950,0.9457119774197369
1960,0.9400110793049169
1970,0.9401450515603055
1980,0.9423219282319240
1990,0.9331647704782891
2000,0.9399659225877394
2010,0.9521399804456315
2020,0.9567275542380282
2030,0.9680351692842460
2040,0.9822361298401188
2050,0.9734136278847914
2060,0.9820444947229565
2070,0.9751119831740132
2080,0.9812754733855480
2090,0.9770920306250204
2320,0.9846119159949575
2330,0.9937803230672996
2340,0.9905500563588400
2350,0.9883651306364339
2400,0.9930554957960172
2410,0.9903078981805975
2420,0.9938248020820225
2430,0.9967323032922643
2440,0.9970016554266851
2800,0.9928115237598758
2810,0.9926980090407483
2820,0.9965419411353620
2830,0.9898387041815266
2840,0.9875003532073641
2850,0.9982350876535617
2860,0.9887382265589900
3010,0.9725679137154949
3020,0.9767572589188208
3030,0.9731711782962724
3040,0.9781724272025528
3100,0.9743741787992306
3110,0.9685828925608386
3170,0.9788447218415783
3180,0.9780521086422682
3190,0.9722562786206593
3200,0.9732286748142670
3210,0.9849211419357424
3240,0.9434808587027375
3250,0.9448928019456859
3260,0.9427163951322889
3270,0.9442990493967225
3280,0.9347840449547176
3290,0.9375286311490593
3300,0.9377451717559792
3310,0.9531857770836093
3320,0.9570565943347180
3330,0.9800878316374479
3340,0.9857835301334464
3350,0.9903533201905206
3390,0.9942397118605937
3400,0.9886467795985001
3410,0.9895487855002798
3670,0.9891701888227521
3810,0.9977664399177880
3820,0.9909860364065671
3830,0.9887599661671376
3840,0.9948627408491278
4070,0.9715653029869178
4170,0.9834271517459033
4180,0.9830322465967670
4190,0.9911512384823354
