30,0.9285699646405210
40,0.9321029615783708
50,0.9314472658707238
60,0.9359730399980742
70,0.9408368203783312
80,0.9585664546260763
90,0.9659425435091857
680,0.9574085917496903
690,0.9619313951595917
700,0.9594596280073262
710,0.9546687811354108
720,0.9428361776073034
730,0.9511232455287324
740,0.9452729766995277
750,0.9455604219694430
760,0.9473116580635930
770,0.9506135300015188
780,0.9490556474645782
790,0.9506780665136777
800,0.9480812933781467
810,0.9504921457469765
820,0.9475781648472353
830,0.9514697917067606
840,0.9598413827168581
850,0.9624186535040988
860,0.9680564394605735
870,0.9616818226392743
880,0.9714834708369920
890,0.9692961964941937
900,0.9642513611173186
910,0.9644225141938451
920,0.9710913806152849
930,0.9641934334211126
940,0.9733271316568782
950,0.9757389659567315
960,0.9726265095178265
970,0.9688029436618136
980,0.9723898545883186
990,0.9745657513346724
1000,0.9696454584890180
1010,0.9742250655508266
1150,0.9906300844949690
1160,0.9896297950932468
1170,0.9917271200195044
1180,0.9919708011658469
1190,0.9952432520929489
1210,0.9927142907174439
1220,0.9895375407858064
1230,0.9913468056333882
1240,0.9993535932997671
1250,0.9896252483677610
1260,0.9932145140162768
1270,0.9944951428480093
1280,0.9931387812855582
1290,0.9930284415700119
1300,0.9883933513803106
1540,0.9672176290335606
1560,0.9721159055237556
1570,0.9718972479343611
1580,0.9720576181830985
1590,0.9843826322565361
1600,0.9847032710583562
1610,0.9799676670522025
1620,0.9821932234799837
1630,0.9860819828113828
1640,0.9912693057676661
1650,0.9939559860798475
1660,0.9967109220641546
1670,0.9939352340406854
1680,0.9929605412339185
1690,0.9974506304225977
1700,0.9965788684901746
1710,0.9998314314990548
1720,0.9892123859361487
1730,0.9969457008072160
1740,0.9965144971311658
1750,0.9841179279827472
1760,0.9868780436648074
1770,0.9868541985471125
1780,0.9835135115123852
1790,0.9843823150104914
1800,0.9848898044446988
1810,0.9760537117396535
1820,0.9751582110293532
1830,0.9783455703656284
1860,0.9678883663426651
1870,0.9695950896108210
1880,0.9697386720560305
1890,0.9672757400010354
1900,0.9658883633246340
1910,0.9714735642956102
1920,0.9612105258719715
1930,0.9668742810621613
1940,0.9663573428084288
1950,0.9683805692586480
1960,0.9682866374407441
1970,0.9657463094297094
1980,0.9646118931399813
2040,0.9645666135194452
2050,0.9564584265175102
2060,0.9567518652778821
2070,0.9631111501461541
2080,0.9647350856438186
2090,0.9566353208222618
2100,0.9559806944130338
2110,0.9595383319190450
2120,0.9599614380819568
2130,0.9647650206768018
2140,0.9645095491755220
2150,0.9511518574801583
2160,0.9468787372115278
2170,0.9455146145419040
2180,0.9451425869284444
2190,0.9510104889586162
2200,0.9488342278629708
2210,0.9494051344684529
2220,0.9496043163049618
2230,0.9422692943502283
2400,0.9637956887618723
2410,0.9574241958475143
2420,0.9573237688473332
2430,0.9606699123490119
2440,0.9581164012181320
2450,0.9629560464662992
2460,0.9630237316554785
2470,0.9623591869207908
2480,0.9705379029449787
2490,0.9716201064111625
2500,0.9729703966215749
2510,0.9680473177566423
2520,0.9699096239769963
2540,0.9740797304551729
2550,0.9713883113321070
2560,0.9803218390199671
2570,0.9729908867359787
2580,0.9774634555797700
2590,0.9807617316435717
2600,0.9853673248240765
2610,0.9864450576887375
2620,0.9800079049189595
2630,0.9861535311653080
2640,0.9841111336854093
2650,0.9917002510350338
2660,0.9858842954355374
2670,0.9883188342665775
2680,0.9888774128256009
2690,0.9915874609250264
2700,0.9969672534776539
2780,0.9815240158082771
2790,0.9796244258769196
2800,0.9840265941663736
2860,0.9642738205072557
2950,0.9405858876518477
2960,0.9421741635466713
2970,0.9629258822419053
2980,0.9762848924236465
3070,0.9945823276234378
3080,0.9981447242241523
3090,0.9883450684315855
3100,0.9974714409725380
3110,0.9976162514901458
3120,0.9929309818528812
3130,0.9886395600190746
3140,0.9936170844190064
3150,0.9885470683667209
3160,0.9983794042053381
3170,0.9903688933372559
3210,0.9947982627360153
3220,0.9830656881843169
3230,0.9921633900509645
3240,0.9834760215580342
3250,0.9851755253104427
3260,0.9822044734127816
3340,0.9758332993566957
3350,0.9730409430650607
3360,0.9724814381437819
3370,0.9758673194664387
3510,0.9668701064897561
3520,0.9720846207616588
3530,0.9645553714617291
3540,0.9681437879009003
3640,0.9529164089680363
3650,0.9425132866473708
3660,0.9469512558556028
3670,0.9455036495428728
3680,0.9471986719359163
3690,0.9511453170207548
3700,0.9482031524237670
3710,0.9578977645269857
3720,0.9571292249564483
3730,0.9549603602242954
3740,0.9649358813170464
3750,0.9660526074747205
3780,0.9587896480605408
3900,0.9665814507098008
3910,0.9741678227664324
3920,0.9713512085257117
4020,0.9885194498329029
4030,0.9949585488876302
4060,0.9919358063141417
4070,0.9951701079985544
4320,0.9553384320081332
