0,0.9919550344365594
10,0.9925995354586102
20,0.9867828388207883
30,0.9926067172990637
40,0.9864202952255970
50,0.9906800000167723
60,0.9810023939664820
120,0.9807827142540452
130,0.9743682078577585
140,0.9726308040355464
150,0.9652041716420001
160,0.9715206318872964
170,0.9728187451503123
180,0.9622595683591695
190,0.9673948199679905
200,0.9567260080474579
210,0.9461984187549233
220,0.9383969306096898
230,0.9358362918787355
240,0.9405254229090039
250,0.9395734905447883
260,0.9319554003326839
270,0.9377558332619076
340,0.9665631341730673
350,0.9707634584945729
360,0.9680726427583317
370,0.9777106125096844
380,0.9782684130453470
390,0.9769784511423313
400,0.9781841805737038
410,0.9851784952110250
420,0.9833563591021310
430,0.9874040342565839
440,0.9820299413896868
450,0.9868141735255994
460,0.9869388957444363
470,0.9906002144006295
480,0.9896272314525836
490,0.9935253602958715
550,0.9936463252705809
560,0.9995853743385601
570,0.9923631772599010
580,0.9903691745200258
590,0.9994415154277614
600,0.9970707938844172
610,0.9931244034497939
620,0.9920220385709951
630,0.9914559260116853
640,0.9893062200777651
650,0.9915133860110116
720,0.9848794223129143
730,0.9804060845102842
740,0.9752776445158577
750,0.9834052632847421
760,0.9802449682103249
770,0.9796395776011125
780,0.9771904027953203
790,0.9734837033204606
800,0.9764642661023351
810,0.9713382764005990
820,0.9703954612563761
830,0.9695626074756568
840,0.9745829423077316
850,0.9730834818911834
860,0.9727775721529716
870,0.9720969381772777
880,0.9638977217838893
890,0.9486804144697867
900,0.9463991068447235
910,0.9488373210450940
920,0.9506025082587164
930,0.9474394019815733
940,0.9527931200537915
950,0.9485375275172765
960,0.9543718359683478
970,0.9543098254453821
980,0.9521404504491554
990,0.9559386501435423
1000,0.9585942286976490
1010,0.9584506111308443
1150,0.9802174539447035
1160,0.9824787997053667
1190,0.9834824730697633
1200,0.9912013866868842
1210,0.9917131637509329
1440,0.9709824366958978
1450,0.9678959521013192
1460,0.9638319525165260
1470,0.9618414353988274
1480,0.9587874776778627
1490,0.9452123352488118
1500,0.9395208648426708
1510,0.9429936329564628
1520,0.9354082326489882
1530,0.9369827580695924
1540,0.9360721203926613
1550,0.9416076042054007
1560,0.9425018985178328
1570,0.9462729012944445
1580,0.9576051221596888
1590,0.9701046351090730
1600,0.9757344743383185
1610,0.9780972801599778
1620,0.9777426873605887
1630,0.9759684944635445
1640,0.9758037819673362
1650,0.9808583844937396
1660,0.9747655040768151
1670,0.9818644175475005
1680,0.9823105490456873
1690,0.9890020013002558
1700,0.9858985428256568
1710,0.9822666923348025
1720,0.9813772474124640
1730,0.9896641764757927
1740,0.9873048826902867
1750,0.9881667474997888
1760,0.9922591865748683
1770,0.9865898413084699
1780,0.9961794568864423
1790,0.9923207278362384
1800,0.9980181894487005
1810,0.9943987032669858
1820,0.9929309032190106
1830,0.9993028304713532
1840,0.9887943036729477
1850,0.9957305880099792
1860,0.9956322588356203
1870,0.9931492174603205
1880,0.9958552523732975
1890,0.9990446095260094
1900,0.9945930147904326
1910,0.9977701060514035
1920,0.9892679553733185
2010,0.9840009489902126
2020,0.9893234413710178
2030,0.9888568347434081
2040,0.9849990417502379
2050,0.9846365048666259
2060,0.9796420227413229
2070,0.9849066983907230
2080,0.9795548747616385
2090,0.9723660787024635
2100,0.9788808412365723
2230,0.9527890547895415
2240,0.9459814082397087
2250,0.9524929915665684
2260,0.9543727273592368
2270,0.9609988729277062
2280,0.9627753797081858
2290,0.9693367771124086
2300,0.9643298579975440
2310,0.9708352054909665
2320,0.9717504140310891
2330,0.9734498645951397
2340,0.9727210025296318
2350,0.9710121736464329
2360,0.9793312794803197
2370,0.9784913912536770
2380,0.9780817317714128
2390,0.9827449389124654
2400,0.9784904112144933
2410,0.9837937841371415
2420,0.9834314505715778
2430,0.9904478438752832
2440,0.9905033930634729
2450,0.9920349058202793
2460,0.9944096104628649
2470,0.9881102952472743
2480,0.9944592768425059
2490,0.9882449555610828
2500,0.9999999999999999
2510,0.9921233557684347
2520,0.9899657095396259
2530,0.9891052307251454
2540,0.9938547794937561
2550,0.9916730555245646
2560,0.9888257958420618
2570,0.9869326002769619
2580,0.9931302549900228
2590,0.9938000620818387
2600,0.9837630705633231
2610,0.9840077271974841
2660,0.9810671546749133
2710,0.9656859514007672
2720,0.9703610795297199
2730,0.9622231374667103
2740,0.9613747644905225
2750,0.9694896458033767
2760,0.9617434281493008
2770,0.9434294828619878
2780,0.9440716752641194
2790,0.9390178009968080
2800,0.9358672999185340
2810,0.9418534656674944
2820,0.9413779119847280
2830,0.9382703402873060
2840,0.9360007996128104
2850,0.9447515630337600
2860,0.9568171508540886
2870,0.9635786397818727
2880,0.9615546571366307
2890,0.9686505141604720
2900,0.9703688458601499
2910,0.9748587236805474
2920,0.9734692249244840
2930,0.9711824804557089
2940,0.9739331797255548
2950,0.9771322164361524
2960,0.9819650200275306
2970,0.9749499688692366
2980,0.9777969910494193
2990,0.9836391164492330
3000,0.9804978463549511
3010,0.9796534359678699
3080,0.9961193634820730
3090,0.9954265689855143
3100,0.9909474733071011
3540,0.9548127586676945
3550,0.9601984337646514
3560,0.9603009250229867
3570,0.9695596158200896
3580,0.9702813969019586
3690,0.9856448176480554
3700,0.9774257330370562
3710,0.9841509312953663
3720,0.9866307410383945
3730,0.9846035361546251
3740,0.9934153442552688
3750,0.9909012968760997
3760,0.9894483292089704
3780,0.9877969969677519
3790,0.9989649112409785
3800,0.9913283250322272
3810,0.9891115083267765
3820,0.9913709840279329
3830,0.9920627353916114
3840,0.9932028175571230
3850,0.9947492652744807
3860,0.9958738791713228
3870,0.9884786778669025
3880,0.9937947816158499
3890,0.9917232676440758
3900,0.9868506509366275
3910,0.9914929195933008
3920,0.9792495153101589
3930,0.9861690098118066
3940,0.9788314678455462
3950,0.9778882822936196
3960,0.9762114121221850
3970,0.9746338580959915
3980,0.9716294668496128
3990,0.9744723535249907
4000,0.9639131470280209
4010,0.9679507470909795
4020,0.9638907263385834
4070,0.9395769513496346
4080,0.9356028385470148
4090,0.9407778322240089
4100,0.9339769863453905
4110,0.9360464457252099
4120,0.9417075902651073
4130,0.9418326626800786
4140,0.9617581458438436
4200,0.9720641682970591
4210,0.9829936455660265
4220,0.9761147579722597
4230,0.9778621845112643
4280,0.9866081684026838
4290,0.9950933426395703
4300,0.9950913484236513
4310,0.9957704868239241
4320,0.9863891433946727
