0,0.9758538865176383
10,0.9751682202636877
360,0.9778588544943295
370,0.9756125074983131
380,0.9689843016898412
390,0.9745936141712193
550,0.9522102072618366
560,0.9480558744012328
570,0.9433460012012130
580,0.9494460714897733
590,0.9519513605001985
600,0.9420568930744568
610,0.9492987267311386
620,0.9488796197650645
630,0.9443392286277363
640,0.9485850432006184
650,0.9689257301876880
660,0.9614271618147479
670,0.9680734997138535
940,0.9918395813709869
950,0.9982952245592899
960,0.9934871176989331
970,0.9935047068760362
980,0.9927152359458681
1330,0.9567942101766895
1410,0.9410615410196322
1420,0.9394776342991179
1430,0.9611490279963780
1440,0.9581279660379295
1450,0.9589872472136780
1860,0.9664946006323882
1870,0.9649466230688951
1880,0.9662786047642904
1890,0.9677389520790368
1900,0.9653937548000157
1910,0.9594780404007197
1920,0.9635654678300848
1930,0.9626064993613817
1940,0.9549066711081410
1950,0.9603539791495139
2150,0.9678770430964226
2160,0.9609768499190520
2170,0.9659821405685116
2180,0.9635998819858045
2190,0.9642477641824134
2200,0.9659699376526283
2300,0.9750229295286182
2310,0.9742516374180764
2320,0.9766291381867775
2330,0.9819370304554224
2340,0.9782233892086596
2350,0.9769009721729176
2360,0.9821291107234509
2370,0.9835813643024843
2380,0.9785018726222526
2390,0.9831488864225193
2400,0.9841145902000156
2410,0.9810539719049484
2420,0.9790911877964035
2430,0.9838304086575996
2440,0.9835938493181370
2450,0.9903390014217645
2460,0.9849648078198562
2470,0.9893047878300444
2480,0.9934867587179259
2490,0.9892897382796130
2500,0.9877841602497041
2510,0.9932648865949886
2520,0.9959899179057923
2530,0.9925993616933029
2540,0.9952972391983633
2550,0.9900674051706154
2620,0.9970135613268841
2630,0.9892965689188729
2950,0.9675483865011510
2960,0.9666863906049474
2970,0.9715772492344503
2980,0.9731049866136097
2990,0.9704306812825962
3000,0.9779539102962154
3010,0.9737774790604584
3020,0.9765688095744418
3030,0.9875879874705679
3270,0.9892388097823559
3290,0.9806721811348695
3300,0.9776371915170463
3410,0.9639079083857717
3420,0.9623439150157915
3430,0.9722050637553926
3440,0.9687088092753612
3450,0.9672418138131442
3810,0.9806532621737761
3820,0.9795604956286517
3830,0.9800329606002680
3840,0.9850188611786582
3850,0.9810138903729979
3860,0.9813945303546401
3930,0.9902420679869991
3940,0.9951890572517748
3950,0.9932319321876809
3960,0.9988488031485100
3970,0.9904759635820003
3980,0.9944864767209145
3990,0.9910629191331248
4000,0.9964407635344413
4270,0.9670624877377302
4280,0.9706951928351526
4290,0.9630457073056711
