0,0.9934584770660373
10,0.9966636203457897
50,0.9884741240131704
60,0.9914078958263721
70,0.9913426415996016
200,0.9729084552950985
210,0.9807237778931701
290,0.9556656687492269
300,0.9568129564307329
310,0.9590134957610909
320,0.9558283158266371
330,0.9530961906218415
340,0.9608696336414972
350,0.9569350316870813
360,0.9612106923214541
370,0.9626682656667740
410,0.9675496647538503
420,0.9698156488481675
430,0.9694069897784049
440,0.9692153960150525
450,0.9732743895341193
460,0.9769765017349550
470,0.9737949565784291
480,0.9768324908621594
490,0.9752772664786882
500,0.9852878713726850
510,0.9793003332506744
520,0.9819411787587825
530,0.9890800152245017
540,0.9853336342781541
550,0.9886818817526296
560,0.9825951289430387
570,0.9924400890036348
580,0.9922674165796899
590,0.9876317016445315
600,0.9886818202710996
800,0.9914477250159266
810,0.9945550672038977
820,0.9896992667363474
830,0.9907009651933456
840,0.9860096375435916
850,0.9935371666914203
860,0.9859526508078571
870,0.9895806452687638
960,0.9765960696236073
970,0.9776381910600468
1140,0.9474473513166697
1150,0.9474850664538514
1160,0.9661381020094971
1170,0.9648197475385969
1180,0.9637712432542175
1190,0.9694370216756902
1330,0.9845699860661903
1340,0.9874373556594004
1350,0.9867279527125370
1360,0.9874374632304969
1370,0.9901990615802216
1380,0.9889848050456898
1440,0.9980227294719226
1450,0.9958766614399528
1460,0.9992098865739267
1470,0.9936750096504797
1480,0.9982292492395768
1490,0.9952966934632005
1500,0.9877432511737567
1510,0.9875911150544374
1520,0.9875938237760850
1530,0.9934976428538222
1540,0.9880308802714025
1550,0.9880550600254941
1560,0.9884073579874577
1570,0.9808888533082573
1580,0.9856077661657480
1590,0.9760014950548845
1600,0.9771263376710477
1610,0.9800608995297559
1620,0.9758445030487422
1630,0.9765433762967607
1640,0.9666859591732692
1650,0.9715729094058335
1660,0.9689181600095781
1670,0.9738152653615146
1680,0.9666692058986193
1780,0.9621605953934664
1790,0.9586846483742726
1800,0.9557291564930480
1810,0.9527300596881995
1820,0.9680308124466430
1830,0.9719711513989662
1900,0.9861694731168988
1910,0.9838353868602352
1920,0.9826113253126424
1930,0.9854191027429990
1940,0.9833380624382776
1950,0.9817491929815679
1970,0.9846747357945752
1980,0.9931695591928541
1990,0.9933778678970417
2000,0.9930427565487439
2010,0.9942814735550370
2020,0.9854804660089077
2030,0.9893162730481878
2040,0.9919170370509329
2050,0.9960822592774710
2060,0.9885080732870171
2070,0.9875779291306409
2080,0.9958085206016041
2090,0.9956421525023956
2100,0.9981453401592223
2110,0.9946633180286251
2120,0.9996505437993911
2430,0.9762598365367827
2440,0.9783466385885308
2450,0.9732072418934582
2460,0.9749596319131343
2470,0.9743382148120827
2480,0.9760209158505312
2490,0.9535301759300754
2500,0.9571033196119304
2510,0.9431620765352222
2520,0.9501094569119848
2530,0.9465140867516729
2540,0.9465707677510807
2550,0.9489345458444148
2560,0.9477674349519531
2570,0.9549126579600000
2580,0.9509413917137336
2590,0.9679693280003041
2600,0.9633825459226923
2610,0.9667486001302900
2620,0.9717262067384473
2640,0.9664577842789577
2650,0.9786330645192409
2660,0.9756152918985145
2670,0.9775391274876736
2680,0.9768858764085453
2690,0.9816426812678639
2700,0.9758705370334909
2710,0.9776347801636578
2720,0.9835861602028213
2730,0.9875045471025585
2740,0.9820983339916080
2750,0.9825077476819277
2760,0.9910598979489167
2770,0.9852073598107383
2780,0.9910596435321971
2790,0.9902514035531369
2800,0.9894037600342528
2810,0.9893472930356315
2820,0.9915987947302125
2830,0.9938698192132138
2840,0.9906475872359352
2850,0.9990006490079962
2860,0.9963117466365095
2870,0.9945236694828420
2880,0.9895588853165159
2890,0.9979550483899651
2900,0.9872929588358635
2910,0.9962026697399339
2920,0.9928218891561587
2930,0.9857169360956414
2940,0.9938936065136930
2950,0.9903998231496277
2960,0.9823264009155040
2970,0.9844491828056465
2980,0.9875228039451014
2990,0.9850415368555672
3000,0.9814839990546065
3010,0.9788211888803748
3020,0.9772425599870037
3030,0.9765710701160439
3040,0.9748257701072910
3050,0.9730311669896325
3060,0.9697824187556937
3070,0.9792326750180571
3080,0.9693695195074394
3090,0.9713639377827671
3100,0.9710107463085081
3110,0.9704697796189488
3210,0.9534022791391388
3220,0.9618528325048392
3230,0.9558586583277495
3240,0.9626728046936616
3250,0.9673767662006301
3260,0.9705124356155407
3270,0.9761515989742643
3280,0.9726404354362226
3290,0.9721147594639586
3300,0.9723874538551839
3310,0.9795666078011723
3320,0.9735242723351533
3330,0.9703760080589579
3340,0.9821408886827605
3350,0.9776242475380488
3360,0.9760864387230773
3370,0.9790441016278314
3380,0.9805960534570873
3390,0.9856489483391778
3400,0.9861490206458617
3410,0.9892267560765651
3420,0.9895756777884234
3430,0.9901160732987556
3440,0.9857343631393849
3450,0.9921064737580104
3460,0.9835829313364445
3470,0.9902884046794069
3480,0.9904731979813219
3490,0.9865675231982544
3500,0.9926200973107202
3510,0.9939026204834017
3520,0.9981416840023412
3530,0.9953691037421276
3540,0.9896157510588971
3550,0.9960292736974906
3560,0.9952974533599445
3570,0.9963694774442734
3580,0.9912584192913185
3590,0.9910669263731462
3600,0.9926646604211249
3610,0.9912840525874472
3620,0.9973561711423441
3630,0.9926556977161115
3640,0.9945704799660767
3650,0.9909347017739284
3660,0.9972475929872116
3670,0.9926968884730895
3680,0.9878095434343825
3690,0.9904208751560104
3700,0.9940418048224631
3710,0.9834505019555759
3750,0.9845686317303844
3760,0.9880542327662590
3770,0.9864310203691593
3780,0.9787215054038908
3790,0.9850241364495702
3800,0.9775601823266233
3810,0.9751628836798618
3820,0.9726525665056437
3830,0.9792112951094367
3840,0.9702275157436685
3850,0.9689312382991865
3860,0.9720273197026602
3870,0.9713050551388077
3880,0.9719664844354220
3890,0.9739675458474161
3900,0.9704472453851207
3910,0.9699167372671416
3920,0.9534164145105974
3930,0.9475531159191520
3940,0.9490810996779460
3950,0.9494194031267964
3960,0.9466017999574946
3970,0.9495858005978206
3980,0.9432817906898165
3990,0.9454068132208036
4000,0.9532042722315284
4010,0.9619606668007785
4020,0.9721100167404865
4030,0.9682443293763746
4040,0.9680247050346859
4050,0.9736365603061171
4060,0.9759110662894844
4070,0.9737282851821600
4080,0.9701843873924432
4090,0.9765090532266339
4100,0.9750956035355451
4110,0.9730311064872074
4120,0.9800470621272260
4130,0.9837132379457637
4140,0.9855565123429698
4190,0.9870480646839300
4200,0.9913332534142187
4210,0.9926942710071073
4220,0.9845457405774944
4230,0.9881290342913447
4240,0.9875632373864358
4250,0.9967871916774755
4260,0.9882336064209083
4270,0.9986596173234934
4280,0.9984652707733694
4290,0.9901504212389842
4300,0.9914238703167785
4310,0.9923504746176030
