0,0.9704146776143174
70,0.9742293285665169
80,0.9837355857164222
90,0.9864110339606795
100,0.9813208195038949
110,0.9860962654396951
120,0.9906566986803179
130,0.9885467497420459
500,0.9544614828228479
510,0.9611096000583413
520,0.9618327413961435
530,0.9570060029911067
540,0.9431457176222070
550,0.9398477242614734
560,0.9287595665194083
570,0.9272166347290856
580,0.9252569761823950
590,0.9265195463763455
600,0.9256989486205168
610,0.9235503314554578
620,0.9346383547471090
630,0.9349882621601435
720,0.9747994472429370
730,0.9699734990589131
740,0.9739249796723792
750,0.9740213844869414
760,0.9815277115470920
770,0.9761635073147671
780,0.9819863179957935
790,0.9789898538268957
820,0.9808725626822880
830,0.9877668989185682
840,0.9816169337457165
850,0.9904515749858849
940,0.9918493295597288
950,0.9954879724713624
960,0.9878933783469622
970,0.9873354394601697
980,0.9904431212290544
990,0.9945046046364298
1000,0.9921259641502005
1150,0.9937317146018919
1160,0.9947940873817276
1170,0.9928444913113098
1190,0.9936380443849030
1200,0.9904859293862884
1260,0.9830737580586446
1270,0.9857150887654293
1280,0.9906662095372555
1290,0.9825259712156329
1300,0.9837838967138496
1310,0.9846648570498263
1320,0.9761115587813954
1330,0.9756068321920485
1340,0.9657498491067021
1350,0.9463163824451115
1640,0.9973928773165545
1650,0.9995942842654455
1660,0.9882104479472539
1750,0.9764847190140907
1970,0.9592277003542360
1980,0.9637325917488623
1990,0.9677213297797844
2000,0.9546444140871235
2010,0.9438230526396242
2020,0.9351890608122941
2030,0.9306781209209367
2040,0.9320908147570819
2050,0.9302503917061284
2060,0.9231819590392318
2070,0.9271205897900417
2080,0.9259875406064759
2090,0.9321537599049298
2100,0.9418122199183554
2110,0.9524495231832778
2120,0.9671131018093169
2130,0.9777842169390999
2210,0.9808434278282717
2220,0.9764624553714873
2230,0.9809769780592532
2240,0.9750343321550684
2250,0.9823474470730147
2330,0.9793757734260069
2340,0.9827150802500989
2350,0.9756651898226026
2360,0.9828300215936608
2370,0.9823861344281137
2380,0.9830812708202497
2410,0.9841768501650906
2420,0.9739405473536689
2430,0.9772927887796722
2440,0.9829403418710996
2450,0.9755305166208310
2590,0.9878894746285969
2600,0.9846152360291350
2610,0.9937621666138042
2620,0.9923933226800279
2630,0.9915640248238479
2640,0.9889983663077214
2650,0.9974523360818316
2660,0.9949165571071331
2670,0.9905376845213093
2680,0.9942273743528263
2690,0.9980313537214525
2700,0.9889582854686457
2710,0.9976625089814110
2820,0.9498358055025991
2830,0.9433083251285114
2840,0.9500387689220954
2850,0.9403293228458394
2860,0.9477581628207521
2900,0.9408269490691809
2910,0.9477137660722670
2920,0.9556782759586874
2930,0.9578272096013819
2940,0.9554859215133557
2950,0.9656879063596939
2960,0.9600101840170563
2970,0.9690902717134358
2980,0.9742084974086120
2990,0.9719302042080972
3000,0.9729462649441371
3010,0.9773540643409300
3020,0.9781912012891227
3030,0.9880733498763992
3040,0.9855524074977940
3050,0.9903003601940392
3090,0.9916806649472267
3100,0.9987752937653668
3110,0.9913016068745114
3120,0.9903995602446996
3130,0.9835552513701060
3140,0.9893633385986460
3150,0.9868592132232152
3160,0.9781850643265272
3170,0.9806872785554529
3220,0.9700508885711068
3230,0.9651076487832545
3250,0.9649011625861104
3260,0.9641325133141996
3270,0.9648901000448691
3280,0.9626722271940579
3290,0.9576719952652299
3300,0.9544621905869494
3310,0.9605272871956575
3320,0.9597150444651577
3330,0.9544522275983132
3340,0.9560515386257071
3710,0.9733409654013815
3720,0.9725370619285851
3730,0.9712087661055624
3740,0.9790284331253792
3750,0.9730863784584418
3760,0.9733644766465509
4180,0.9961137483407423
4190,0.9899336717501716
4200,0.9958098895727375
4210,0.9888066145000499
4220,0.9932626056475805
4230,0.9978054017592509
4290,0.9605380351627633
4300,0.9486087734641675
4310,0.9424082496588524
4320,0.9439303103749140
