0,0.9485166109283459
10,0.9565019905496321
20,0.9757168245918206
30,0.9768987612802789
40,0.9789989718170394
50,0.9808933831906608
60,0.9817444576575494
70,0.9793865199995700
80,0.9775510818226530
90,0.9867452971675397
100,0.9811050488370473
110,0.9827629905196155
120,0.9827034579189711
130,0.9820992783398658
140,0.9839199422197212
150,0.9875155481708513
160,0.9944948136740490
170,0.9849454723128519
180,0.9848370698333910
190,0.9957560909624621
200,0.9877225556753850
210,0.9925311720860851
220,0.9939676344691525
230,0.9890457006643754
240,0.9894351189756505
250,0.9942155071485392
260,0.9911962708471062
270,0.9993353397560534
280,0.9979640981007644
290,0.9891032349860517
300,0.9975357304351931
310,0.9963852596454941
320,0.9973089759212316
330,0.9914255802067204
340,0.9939949100590937
350,0.9917498330609140
360,0.9932605187953951
370,0.9886065364974747
380,0.9897668316896010
390,0.9963377256885433
400,0.9912938972973511
410,0.9850735422685294
420,0.9868906947656698
430,0.9830245505614792
440,0.9866603035276084
450,0.9876141873932195
530,0.9756272702910399
540,0.9834608233608754
550,0.9785494317140262
560,0.9826347044380588
570,0.9822105248926679
580,0.9754194989619505
590,0.9844892930584858
600,0.9751161055222952
630,0.9845103934085059
640,0.9741761697036340
650,0.9586951883976156
660,0.9595789196425822
670,0.9647867176188256
680,0.9559052901323198
710,0.9654870057753688
720,0.9641018218947149
730,0.9628103253878939
740,0.9572630507988121
750,0.9652460924407202
760,0.9640609272180816
770,0.9847254820385302
780,0.9841428510393249
790,0.9854155005291909
800,0.9862613173177249
810,0.9796146735664897
820,0.9843250597059804
830,0.9881305419526902
840,0.9863903812170571
850,0.9876123093991138
860,0.9888344059344057
870,0.9903624110945114
880,0.9932578252839230
890,0.9850626908774361
900,0.9851487990519913
910,0.9930890826272807
920,0.9934297513223038
930,0.9889656091812081
940,0.9899630134995615
950,0.9951655961686794
960,0.9968190390329582
970,0.9932474781759152
980,0.9882853901300805
990,0.9969728155737609
1000,0.9935910893965706
1010,0.9976560664886136
1020,0.9944439485180716
1030,0.9903663659268146
1040,0.9987850165984808
1050,0.9981146550133947
1060,0.9906150387164974
1070,0.9950505816726668
1080,0.9935981592627565
1090,0.9922263595610255
1100,0.9958355584082843
1110,0.9992053498063721
1120,0.9950262569553822
1130,0.9906406527859167
1140,0.9944211261811774
1150,0.9900492773630587
1180,0.9895044628846679
1190,0.9923023121477116
1200,0.9987831409110997
1210,0.9906155283078211
1220,0.9992438262407607
1230,0.9937282280729712
1240,0.9916231844353580
1250,0.9915313353920047
1260,0.9913523118829379
1270,0.9901017970653702
1280,0.9916598758667794
1290,0.9921447738544674
1300,0.9876938226897933
1310,0.9937904498027115
1320,0.9850727660539561
1330,0.9868941393844256
1340,0.9907571614876145
1350,0.9931742197464040
1360,0.9886912625465631
1370,0.9829871566969933
1380,0.9828976514342769
1390,0.9897250329068130
1400,0.9888461232232933
1590,0.9845554103788398
1600,0.9785658687485116
1610,0.9830669370383854
1620,0.9828909398575706
1630,0.9777544057709802
1640,0.9842851324057214
1650,0.9828821892767803
1660,0.9858438716028873
1670,0.9884527114398478
1680,0.9785554337828033
1690,0.9869986273853105
1700,0.9898763828561249
1710,0.9827643522088829
1720,0.9898020669992353
1730,0.9843593018354903
1740,0.9868812650040734
1750,0.9922745871880077
1920,0.9871781348868610
1930,0.9810947487286442
1940,0.9859045905216716
1950,0.9831848755680073
1960,0.9871711934564985
1970,0.9878063679122741
1980,0.9795147616667492
1990,0.9845106013415943
2000,0.9759528906435839
2010,0.9848989850081726
2020,0.9796032080708168
2030,0.9735942711543799
2040,0.9775280069629690
2120,0.9828468555960940
2130,0.9853598125203519
2140,0.9841339563787097
2160,0.9548588763820679
2170,0.9614367415739826
2180,0.9591372476426022
2190,0.9625296818953869
2200,0.9564524475754720
2210,0.9615167126652150
2220,0.9550407969435075
2230,0.9643777912504174
2240,0.9545455016517256
2250,0.9618696850312641
2260,0.9689433419356759
2270,0.9918106708145742
2280,0.9951579098882263
2290,0.9982611000662478
2300,0.9993978820278359
2310,0.9953709126927779
2320,0.9951103868407022
2330,0.9936625762532215
2340,0.9950638897101139
2350,0.9987077782911679
2360,0.9883986084828021
2370,0.9968160526886028
2380,0.9943838668197391
2390,0.9961272437015641
2400,0.9985407094070601
2410,0.9879437901128109
2420,0.9878227160358305
2430,0.9979052131326971
2440,0.9945448871801180
2450,0.9907186452425607
2460,0.9852526117996282
2470,0.9853931952863666
2480,0.9923142360649502
2500,0.9888182585556340
2510,0.9852340595684805
2520,0.9825967606928305
2530,0.9920352472386148
2540,0.9874011404816579
2550,0.9879250439166177
2560,0.9857025295176955
2570,0.9848935527426402
2580,0.9788334039079604
2590,0.9875852269850025
2600,0.9837775206088049
2610,0.9862420834203232
2620,0.9824521301628416
2630,0.9775330082026615
2640,0.9827088880345280
2650,0.9834561795082248
2660,0.9794956217236713
2670,0.9763748269984716
2680,0.9842550215261602
2690,0.9766631885229607
2700,0.9777714926497806
2710,0.9741187967266105
2720,0.9746981463896091
2730,0.9780253518142487
2740,0.9824796655231015
2750,0.9818589928574030
2760,0.9844934166467801
2770,0.9780515756565323
2780,0.9749271238551743
2790,0.9732385021345243
2800,0.9776997179298014
2810,0.9833730988621676
2820,0.9740517686342417
2830,0.9750689457434747
2840,0.9829066075672845
2850,0.9739486297076508
2860,0.9797900085860782
2870,0.9735622721628600
2880,0.9759643361404292
2890,0.9776553605599125
2900,0.9753985096567099
2910,0.9837465831328192
2920,0.9779189722290947
2930,0.9633837020267375
2940,0.9606565524735694
2950,0.9555693111157645
2960,0.9455151751235004
2970,0.9501052056295187
2980,0.9421150154500988
2990,0.9438970770014969
3000,0.9490249481810858
3010,0.9540037856532053
3020,0.9688095110067203
3030,0.9735417560695028
3040,0.9733075540621721
3050,0.9794526057846109
3060,0.9837002741326027
3070,0.9730763115386543
3080,0.9752410213948972
3160,0.9789658333834326
3170,0.9833464476593772
3180,0.9758341978320804
3190,0.9748030701273597
3200,0.9748332973899921
3210,0.9738969548578696
3220,0.9745616687238415
3230,0.9847127711337704
3240,0.9822098129337763
3250,0.9812919190190864
3260,0.9752733871257275
3270,0.9834857197227560
3280,0.9826717085933170
3290,0.9758015486703601
3300,0.9774796107168758
3310,0.9846212946650498
3320,0.9817038409104407
3330,0.9834489756724549
3340,0.9868913566952748
3350,0.9867290403077004
3360,0.9842457199080997
3370,0.9844759628251941
3380,0.9873888219884779
3390,0.9883545986840803
3400,0.9804960479928164
3410,0.9882094070823304
3420,0.9869693151832064
3430,0.9890551204163426
3440,0.9932220835561720
3450,0.9900685867492637
3460,0.9883812832909886
3470,0.9922305180403470
3480,0.9870520119276157
3490,0.9969862685470353
3500,0.9895896938644000
3510,0.9973109520230256
3520,0.9930665478674109
3530,0.9982724110845801
3540,0.9890673293552318
3550,0.9899051011595850
3560,0.9888751671264469
3570,0.9925786252145714
3580,0.9921046914383694
3590,0.9932771630778846
3600,0.9950248039458388
3610,0.9987998395064858
3620,0.9956559224943209
3630,0.9961653659743668
3640,0.9866209690727828
3650,0.9638703365711997
3660,0.9557332845912060
3670,0.9549646752446141
3680,0.9614054965251663
3690,0.9615234573777062
3700,0.9626580621153139
3710,0.9587215634271118
3730,0.9615810181473677
3770,0.9835506627934426
3780,0.9819214004440655
3790,0.9812682262446447
3810,0.9802274395597194
3820,0.9868568010913970
3830,0.9852457980683328
3840,0.9774024415544470
3850,0.9792907376206066
3860,0.9775142487253691
3870,0.9756165020018800
3880,0.9814871774065278
3890,0.9756996615662771
3900,0.9755521289807990
3910,0.9748772731323181
3920,0.9748550935764476
3930,0.9810521233488745
3950,0.9841819045467015
3960,0.9842597423776958
3970,0.9884310396355278
3980,0.9788976256000601
3990,0.9824958655445384
4000,0.9897863147533156
4010,0.9845045677191306
4020,0.9920585168382219
4030,0.9836879372552909
4040,0.9846496241180646
4050,0.9966688053316651
4060,0.9964170640878599
4070,0.9884962337312119
4080,0.9968625626717562
4090,0.9939758585866736
4100,0.9945245380588305
4110,0.9996978403101123
4120,0.9890053503177034
4130,0.9914374030938733
4140,0.9916758158474561
4150,0.9970977469886543
4160,0.9978433301530623
4170,0.9939021680033695
4180,0.9949403849416298
4190,0.9847807406878307
4200,0.9861155183743797
4210,0.9906071938370374
4260,0.9881875524306521
4270,0.9849427626543200
4280,0.9803674813137079
4290,0.9802764827230227
4300,0.9750997463591682
4310,0.9805566473676834
4320,0.9807963092354223
