0,0.9294444686252009
10,0.9301151250958873
20,0.9290596653513182
30,0.9364985955882520
40,0.9454458030928699
50,0.9635081272439556
60,0.9601749637998019
240,0.9909860267025036
250,0.9872676887812584
260,0.9966995175252702
270,0.9875781103797936
280,0.9917932078038316
290,0.9948433505331612
300,0.9965598607794340
310,0.9954733085906482
320,0.9891031079556185
330,0.9905766745947144
340,0.9884150484098917
350,0.9949021959371523
360,0.9933970168201112
370,0.9943261188386735
380,0.9870486424160554
390,0.9902524338227562
400,0.9907148145610976
410,0.9919362472981738
420,0.9862428797171270
430,0.9804486473835090
440,0.9828647421471312
450,0.9784466186678407
460,0.9797554868503364
470,0.9813908664822453
480,0.9818905498656090
490,0.9705653345956619
500,0.9750719624128626
510,0.9749562797080148
540,0.9731818830201596
550,0.9629064027940399
560,0.9664930290473280
570,0.9629918820223392
580,0.9682864893670992
800,0.9506237598258601
810,0.9487971345238096
820,0.9457656916697391
830,0.9527040188596755
840,0.9579246083229586
850,0.9638436226714968
860,0.9721815555436232
870,0.9635279430331978
880,0.9725486355566363
890,0.9701721326812210
930,0.9671508900235034
940,0.9684984581369842
950,0.9708630587437683
960,0.9698502833839791
970,0.9760849033661525
980,0.9812048370638363
990,0.9802195082971221
1000,0.9795774691995085
1010,0.9785819647711508
1020,0.9802212490330049
1030,0.9784982720979285
1040,0.9829683638388806
1050,0.9836846211210961
1060,0.9767756963191488
1070,0.9813416580797800
1080,0.9848813866407014
1090,0.9836801398331051
1100,0.9805134379243874
1110,0.9830584318799716
1120,0.9897659407517089
1130,0.9916391494872095
1140,0.9855637581419228
1150,0.9817862891145029
1160,0.9920012992731637
1170,0.9936215778092461
1180,0.9867509910097322
1190,0.9932043534009393
1200,0.9930420787754174
1280,0.9911175473595787
1290,0.9884330120497343
1300,0.9954195225206238
1310,0.9894112387348809
1320,0.9953014969076883
1330,0.9941733924558995
1340,0.9926611327930434
1350,0.9963983790994853
1380,0.9974528655570197
1390,0.9933413350907583
1400,0.9942963745748112
1420,0.9894329646073450
1430,0.9907665222802523
1470,0.9838250607699894
1480,0.9720777760509591
1490,0.9742560430596109
1500,0.9737703527716719
1510,0.9673067717663678
1520,0.9535460414812861
1530,0.9366688155114795
1540,0.9356621237313356
1550,0.9240734604725769
1560,0.9235560656102310
1570,0.9329704494821753
1580,0.9307573829776534
1590,0.9335017776296015
1600,0.9383899413991810
1610,0.9482110770420050
1620,0.9622081797288303
1630,0.9660221120426803
1640,0.9650489936849761
1650,0.9684672431409508
1660,0.9723972337216379
1670,0.9632897099121350
1680,0.9724085247924334
1690,0.9753649017940866
1700,0.9792107824019135
1710,0.9748930275830974
1720,0.9822980373828847
1730,0.9807761874861066
1740,0.9829279079764801
1750,0.9923997863694467
1760,0.9941750563341197
1770,0.9962057288319092
1780,0.9903521624740972
1790,0.9953078562957007
1800,0.9964989298409153
1810,0.9887520630208073
1820,0.9976394591926442
1830,0.9897736177569235
1840,0.9899333964597520
1850,0.9941260589747474
1860,0.9877362644473048
1870,0.9878432534620863
1880,0.9893744404850761
1890,0.9910021873620337
1900,0.9818963921406386
1910,0.9814557550234416
1920,0.9874813554951779
1930,0.9767965271613075
1940,0.9779736099656594
1950,0.9727590257306100
1960,0.9738186961909084
1970,0.9789192095287212
1980,0.9687844141378573
1990,0.9681743940399177
2000,0.9696476434042782
2010,0.9628953763337615
2020,0.9715788939612732
2030,0.9673366281426711
2040,0.9686557575951162
2050,0.9587526838273785
2060,0.9590109107654763
2070,0.9626111266118714
2080,0.9633091381642997
2090,0.9602849467067881
2100,0.9664483432591157
2110,0.9572668818736207
2120,0.9554718034955715
2130,0.9611221123068944
2140,0.9633121869790536
2150,0.9646303673375136
2160,0.9553892155325421
2170,0.9584617858370993
2180,0.9580882781256730
2190,0.9630210595051985
2200,0.9627319306449343
2210,0.9592881640239350
2220,0.9560258775162832
2230,0.9601647975718979
2240,0.9572450912058286
2250,0.9592801552544200
2260,0.9578281732515956
2270,0.9590334630557877
2280,0.9439595093937394
2290,0.9435228488353378
2300,0.9408998096330998
2310,0.9437705077436249
2320,0.9485001924763681
2330,0.9506091815305180
2340,0.9415909265702552
2350,0.9418374735632700
2360,0.9480673044794553
2370,0.9444234802516479
2380,0.9444346240798736
2390,0.9439697289312785
2400,0.9622495783157770
2410,0.9583927939606726
2420,0.9591465359599145
2430,0.9648196352438503
2440,0.9692264400308436
2450,0.9660461755281783
2460,0.9700584935156061
2470,0.9601252440213416
2480,0.9676553909577803
2490,0.9624320387871499
2500,0.9683604713893296
2510,0.9631477719704042
2520,0.9641305729705946
2530,0.9713157169654763
2540,0.9684285506282742
2550,0.9716730304217184
2560,0.9680590061455829
2570,0.9613594622262407
2580,0.9676596855650049
2630,0.9689488450695151
2640,0.9669869880026176
2650,0.9710983562933551
2730,0.9776701857438493
2740,0.9742485017591425
2750,0.9777515046379766
2760,0.9751022387376318
2770,0.9818577646563621
2780,0.9819464301916287
2790,0.9826015784576410
2800,0.9836782407477486
2810,0.9859404361652832
2820,0.9798859005107954
2890,0.9913528616117563
2900,0.9968003766943049
2910,0.9916604947947242
2920,0.9997811808023619
2930,0.9936551555220803
2940,0.9968418280588074
2950,0.9939007032318421
2960,0.9918060156801484
2970,0.9958701359322066
2980,0.9907824581447723
2990,0.9840700827689677
3000,0.9847367390564311
3010,0.9820604111769538
3020,0.9886440212679908
3030,0.9817859844653254
3040,0.9815786027303322
3050,0.9771031984039110
3060,0.9786436151667296
3070,0.9747132296684793
3080,0.9622903040446484
3090,0.9479926964704026
3100,0.9323076593888661
3110,0.9315621075606658
3120,0.9315032063137210
3130,0.9239112275992313
3140,0.9251320932639311
3150,0.9265187259888984
3160,0.9369999755101979
3170,0.9418077299041796
3180,0.9521421604100267
3190,0.9668540438019900
3200,0.9659700653838306
3210,0.9738364285533688
3220,0.9665671885188304
3230,0.9765999234964040
3240,0.9738621939044902
3250,0.9828349883805132
3260,0.9788505819575564
3270,0.9816240031514983
3280,0.9877627652469723
3290,0.9862136563567875
3300,0.9889532308796114
3310,0.9921387547444923
3320,0.9927013346887761
3330,0.9965318759255691
3340,0.9923281379645470
3350,1.0000000000000000
3360,0.9964778921466146
3370,0.9946554913794023
3380,0.9883035880986217
3390,0.9953562927354545
3400,0.9955288318865331
3410,0.9941687988454594
3420,0.9896744000844360
3430,0.9818100418131052
3440,0.9848333037858619
3450,0.9893320998325880
3460,0.9830026953914202
3470,0.9795274720447432
3480,0.9759342359754803
3490,0.9743510434520364
3510,0.9710201513021226
3520,0.9756862366160611
3530,0.9776250750652912
3540,0.9656669305259450
3550,0.9722141908517291
3560,0.9657167067228666
3570,0.9648920047186978
3580,0.9694592917784571
3590,0.9688254065099944
3600,0.9659656490528944
3610,0.9670157070432642
3620,0.9653274326567015
3630,0.9689432543719786
3690,0.9653915196234178
3700,0.9604793505572657
3710,0.9609862654144623
3720,0.9665369702543509
3730,0.9623050758099547
3740,0.9556909912459872
3750,0.9586376189733211
3760,0.9583686030402844
3770,0.9624696252679964
3780,0.9550712110781433
3790,0.9620450253670132
3800,0.9557488429791751
3810,0.9596558988672810
3820,0.9584304230834395
3830,0.9610282131050245
3840,0.9464780753726760
3850,0.9488172108299108
3910,0.9415329668077952
3920,0.9485204052629441
3930,0.9420205583146073
3940,0.9442875153970616
3950,0.9475252007029975
3960,0.9611746308768266
3970,0.9612200447430129
3980,0.9584417942386710
3990,0.9588599531852823
4000,0.9604452512854178
4010,0.9652208945638900
4020,0.9583694125783807
4030,0.9633307781172756
4040,0.9597025487022317
4050,0.9604778225023489
4060,0.9665754447841843
4070,0.9646052644334385
4080,0.9650891981355396
4090,0.9635014893114073
4100,0.9586733005738582
4110,0.9655648693570541
4120,0.9666792691598703
4130,0.9644470654826595
4140,0.9622453473304522
4150,0.9652811222690455
4160,0.9594359095786982
4170,0.9640434381241060
4180,0.9596127825425370
4190,0.9711922972098262
4200,0.9641748031729833
4210,0.9715929217318025
4220,0.9700150603143228
4230,0.9699636962765392
4240,0.9731506561877769
4250,0.9645297255731303
4260,0.9699649202874677
4270,0.9770282592906253
4280,0.9726356502074908
4290,0.9753921329235182
4300,0.9749084839927511
4310,0.9726706487649337
4320,0.9798718471258646
