30,0.9850126085555976
40,0.9897545974036774
50,0.9900343100051615
60,0.9909135546710208
70,0.9942372710990647
80,0.9911334514746845
90,0.9979801392904951
100,0.9901036510781075
110,0.9914596141858236
120,0.9909777777077162
130,0.9903245820955165
140,0.9991359404856553
150,0.9894966818562028
160,0.9917332071933967
170,0.9895930743310216
180,0.9950405613728607
190,0.9899123930826765
200,0.9869237964306891
220,0.9818325298595684
230,0.9910452428691058
240,0.9801367694981703
250,0.9816201287815431
260,0.9802292443222256
270,0.9828280157410748
280,0.9799298445621376
290,0.9823166269472947
300,0.9809664765282625
310,0.9696982116375999
320,0.9706748673723414
330,0.9786630658363036
340,0.9741170691071360
350,0.9739155289896648
360,0.9757307712888533
370,0.9731320821265459
380,0.9680317796480774
390,0.9555942851786787
400,0.9500804911953248
410,0.9459317459624051
420,0.9493566075762822
430,0.9397368692313001
440,0.9410428109693475
450,0.9398115269978756
460,0.9510035136761138
470,0.9469137494587283
480,0.9530175464474073
490,0.9717892752256219
500,0.9739871067606980
510,0.9744201108043963
520,0.9765917747159204
530,0.9806667451590148
540,0.9796290152455089
550,0.9785764133621142
560,0.9786819543012141
570,0.9852977086057401
580,0.9762623629335678
590,0.9862312846908425
600,0.9835419316745186
610,0.9803106749878575
620,0.9836283337398394
630,0.9833773433421873
640,0.9925092627631371
650,0.9895326164457868
660,0.9875136262099822
670,0.9847455386380684
680,0.9918714392744257
690,0.9908922725400335
700,0.9906730834277172
710,0.9958285414909422
720,0.9911709010659617
730,0.9950128820683924
740,0.9966723022761881
750,0.9901715368300656
760,0.9958273578906185
770,0.9964702152739676
780,1.0000000000000000
790,0.9953799528169102
800,0.9900006876972595
810,0.9966840133303474
820,0.9981895355302497
830,0.9965126843982399
840,0.9944062050289346
850,0.9933824576943771
860,0.9923521228937220
870,0.9916109107595464
880,0.9929672044905271
900,0.9853807908688922
910,0.9880102100385207
920,0.9828089329396693
930,0.9869987413290040
940,0.9890954778835256
950,0.9867690943320067
960,0.9866574163317691
970,0.9872684977757580
980,0.9759695640051800
990,0.9803301415947796
1000,0.9747475402569206
1010,0.9747657778129912
1020,0.9719823124562388
1030,0.9804986602214123
1040,0.9803246017248914
1050,0.9734865668995302
1060,0.9575133997713628
1070,0.9522120662906353
1080,0.9545981435560994
1090,0.9609875489979348
1100,0.9581687509773430
1110,0.9577328367745002
1120,0.9581729296750532
1150,0.9524931097571062
1160,0.9632206818720931
1170,0.9672367533147710
1180,0.9713491688338017
1190,0.9694535664281930
1200,0.9741610575185838
1210,0.9715888874447480
1220,0.9747615014996927
1230,0.9799657137832026
1240,0.9780651972541277
1250,0.9749448901093891
1260,0.9801769083349928
1270,0.9759659379600583
1280,0.9853029487427173
1290,0.9880089992308106
1300,0.9851524065183602
1330,0.9956111209364137
1340,0.9950207977401363
1350,0.9911070492551257
1360,0.9966357532835662
1370,0.9883697585097846
1380,0.9921936765245241
1390,0.9912423992366887
1400,0.9909524203641935
1410,0.9956817841202863
1420,0.9948252355720517
1430,0.9955066600250716
1440,0.9904500624599168
1450,0.9861428606262774
1460,0.9944475535555025
1470,0.9906610063719092
1480,0.9887019423556707
1490,0.9887162935186902
1500,0.9811085358636411
1510,0.9830980566618943
1540,0.9815680372501675
1550,0.9773860866636478
1560,0.9748482382714388
1570,0.9681607727779477
1580,0.9673424753687903
1590,0.9686334495076165
1600,0.9736004263188280
1610,0.9643293654924915
1620,0.9723263634220187
1630,0.9635208723240994
1640,0.9691317107968924
1650,0.9669709952838325
1660,0.9559359606406052
1670,0.9493729230768568
1680,0.9436469091296468
1690,0.9419853859836789
1700,0.9391398109309657
1710,0.9423721119687806
1720,0.9413368864332097
1730,0.9426199997900232
1740,0.9504093493034165
1750,0.9553092771590053
1760,0.9607367236504901
1770,0.9697258156723880
1780,0.9781325127502810
1790,0.9702537730339009
1800,0.9790889402817825
1810,0.9725221966929828
1820,0.9798068425768731
1830,0.9815494389439547
1840,0.9843806557385661
1850,0.9750507344941003
1860,0.9854373578495794
1870,0.9840497262879219
1880,0.9809213600466888
1890,0.9852401025534945
1900,0.9869270121601021
1910,0.9835734741564451
1920,0.9824819650731069
1930,0.9857368784966599
1940,0.9879552466394085
1950,0.9923307563183934
1960,0.9925129852783735
1970,0.9845762362489797
1980,0.9932147939779700
1990,0.9852161164007188
2000,0.9905357826841527
2010,0.9954742494233909
2020,0.9972992224912555
2030,0.9978130814900817
2040,0.9950268340947968
2050,0.9953566921552409
2060,0.9903537463866419
2070,0.9897449924247234
2080,0.9964621852787977
2090,0.9951166791049200
2100,0.9920026018129975
2110,0.9933932062167973
2120,0.9918652229983724
2130,0.9985724151827556
2140,0.9942243405012929
2150,0.9994122942351995
2160,0.9873747007456315
2170,0.9911938783285894
2180,0.9968694638745127
2190,0.9859636445511911
2200,0.9860845419626916
2210,0.9862055530695891
2220,0.9834069632377741
2230,0.9926717080823961
2240,0.9875894623611090
2250,0.9829917000107985
2260,0.9786621337842805
2270,0.9876560996769673
2280,0.9855195490757843
2290,0.9808514336473058
2300,0.9817912956629040
2310,0.9797077948607283
2320,0.9714872205482569
2330,0.9662286266989309
2340,0.9581865432142879
2350,0.9549211363865400
2360,0.9612141951611642
2370,0.9529771088303404
2380,0.9622799052028935
2390,0.9550465092796081
2400,0.9610231367229300
2410,0.9601667135847537
2420,0.9518984224109094
2430,0.9544172815979154
2440,0.9700700045921526
2450,0.9715312302941395
2460,0.9658732969540115
2470,0.9712259724310737
2480,0.9700112963146261
2490,0.9729760100542001
2500,0.9824682523282064
2510,0.9779148496081019
2520,0.9775439078315815
2530,0.9839988224042022
2540,0.9794454800030002
2550,0.9873582998708748
2560,0.9818323093858673
2570,0.9896803552506177
2580,0.9910571517438667
2590,0.9886213372431555
2600,0.9878799212610793
2610,0.9916183416520159
2620,0.9945202658588852
2630,0.9987932650127391
2640,0.9910712703131620
2650,0.9950776159269240
2660,0.9937166326637960
2670,0.9947184162267788
2680,0.9929100850326722
2690,0.9979968295900593
2700,0.9911611579521111
2710,0.9874388566814166
2720,0.9877982201208390
2730,0.9912583763473405
2740,0.9879058152890198
2800,0.9752966386698547
2810,0.9794437530965274
2820,0.9822260024618036
2830,0.9817743021189050
2840,0.9810688311808594
2850,0.9706877664227109
2860,0.9714787317811342
2870,0.9674056306499111
2880,0.9746860607682787
2890,0.9723312418638466
2900,0.9744020212585652
2910,0.9694905333754353
2920,0.9666159267019139
2930,0.9685841682330263
2940,0.9546121020847982
2950,0.9464727845318737
2960,0.9507582973377956
2970,0.9492275834898495
2980,0.9475550759852657
2990,0.9419958813879984
3000,0.9473329909159107
3010,0.9495725322453766
3020,0.9475505794998231
3030,0.9503409773405707
3040,0.9674032638664795
3050,0.9673853505787362
3060,0.9707904996582982
3070,0.9684249456509048
3080,0.9746240014509852
3090,0.9680414408421535
3100,0.9699495282359928
3110,0.9709903172876211
3120,0.9694387953705785
3130,0.9762372189435280
3140,0.9757550734462335
3150,0.9812258336174277
3160,0.9822387685098881
3170,0.9847155910986843
3180,0.9756618122819835
3190,0.9827503762431308
3200,0.9874529677116534
3210,0.9901074504235962
3220,0.9818064141939647
3230,0.9823188940677318
3240,0.9822851309915477
3250,0.9846135058467397
3260,0.9928107482817338
3270,0.9955037601732059
3280,0.9891636363093942
3290,0.9965023097718777
3300,0.9896706379135342
3310,0.9949855725732581
3320,0.9945441473515619
3330,0.9971867683715678
3340,0.9885398973707373
3350,0.9934643108130270
3360,0.9950095995481451
3370,0.9912101045313360
3380,0.9955620718542301
3390,0.9954948738980837
3400,0.9965752236509910
3410,0.9906816542470632
3420,0.9931478134206186
3430,0.9863553621239082
3440,0.9952192803250773
3450,0.9874892166191591
3460,0.9870664828157764
3470,0.9922350829948039
3510,0.9760119097001446
3520,0.9806876625204832
3530,0.9764699024708251
3540,0.9760268635250087
3550,0.9746204398932734
3560,0.9803024581450057
3570,0.9740149260523335
3580,0.9708292498480727
3590,0.9766261561770615
3600,0.9694733842038550
3610,0.9623326491923500
3620,0.9586796430492404
3630,0.9537187589430470
3640,0.9574922802144461
3650,0.9611205589817420
3660,0.9516857221231459
3670,0.9525008757400336
3680,0.9582683058753553
3690,0.9569658304497650
3700,0.9583770659070278
3710,0.9546298934229163
3720,0.9733810858301044
3730,0.9694564210997014
3740,0.9666751388515511
3750,0.9693494980278519
3760,0.9713011851885210
3770,0.9704209604660760
3780,0.9787298324437780
3790,0.9818614211346318
3800,0.9772280458459980
3810,0.9817218817443679
3820,0.9805182228428355
3830,0.9885139020326010
3840,0.9902159549903780
3850,0.9841991976216392
3860,0.9896030406188101
3870,0.9906646350996418
3880,0.9881964810050392
3890,0.9900298490017494
3900,0.9928774030129247
3910,0.9927419521630223
3920,0.9957077979680291
3930,0.9983095952309866
3940,0.9992173511920921
3950,0.9922557412256691
3960,0.9994415155741060
3970,0.9944966132880513
3980,0.9986137764691418
3990,0.9893884399618565
4000,0.9950763818867447
4010,0.9916411874782574
4020,0.9879431631419068
4030,0.9883360389823638
4040,0.9876396166201877
4050,0.9925679577160462
4060,0.9910366931498944
4070,0.9844188689351118
4080,0.9830836176842987
4090,0.9834272297691971
4100,0.9775003987480781
4110,0.9825783162818041
4120,0.9732162634564936
4130,0.9726711096622911
4140,0.9766924493987013
4150,0.9713017969994296
4160,0.9715899159751819
4170,0.9693086019514882
4180,0.9731887713318041
4190,0.9752150381770305
4200,0.9688950174442882
4210,0.9659299928348645
4220,0.9563539723388762
4230,0.9518684052910659
4240,0.9485943774952960
4250,0.9407829118294274
4260,0.9440848105223280
4270,0.9424394655748697
4280,0.9424883174453204
4290,0.9449224953000765
4300,0.9523135381097810
4310,0.9640909048175111
4320,0.9752397281191900
