10,0.9932903590969644
40,0.9871873010658707
50,0.9876456022248381
60,0.9797935671536173
70,0.9760831337905705
80,0.9770003506456302
90,0.9715229808856372
100,0.9752943410371291
110,0.9739563091787085
120,0.9706508330366712
130,0.9695198100356891
140,0.9730244898079629
150,0.9684978456900240
470,0.9919523017908769
480,0.9880908029514428
490,0.9909873020567050
500,0.9916995479349746
510,0.9881848798624333
520,0.9892387273490666
530,0.9887363255783184
540,0.9979522294227396
550,0.9967749644559731
560,0.9931759262852791
570,0.9969737629452812
580,0.9957748521609874
590,0.9969623641997205
600,0.9987324460986574
610,0.9951662939279345
620,0.9883971889629204
630,0.9885306202308840
640,0.9892885629785401
650,0.9934732677482383
660,0.9902941930460878
670,0.9877199036581557
680,0.9850347560048079
690,0.9937797880425696
700,0.9936637098886300
710,0.9885527674863771
720,0.9905722244640395
730,0.9852072858493907
740,0.9849797384808868
1020,0.9655214411181015
1030,0.9606654289244362
1040,0.9422941829384117
1050,0.9446281419229720
1060,0.9337769063214122
1070,0.9345691572946135
1080,0.9356156567827126
1090,0.9374069727471953
1100,0.9293794587786621
1110,0.9377787177877025
1130,0.9437600065067181
1140,0.9563983936398561
1150,0.9703113215315949
1160,0.9646189985703204
1170,0.9697995968605750
1180,0.9705815734602944
1430,0.9901956065325005
1440,0.9925949911737032
1450,0.9901124005027290
1940,0.9954923503154116
1950,0.9978941975578421
1960,0.9981945676980307
1970,0.9959699689871164
1980,0.9976054256457936
1990,0.9966238436524858
2000,0.9960284750098275
2180,0.9835389838932501
2190,0.9833820138527108
2200,0.9809843086922665
2210,0.9806591513854096
2220,0.9838012837587435
2230,0.9845201711195223
2240,0.9828838386699756
2250,0.9782853489613378
2260,0.9801084480720889
2270,0.9770260914833849
2280,0.9763371287519016
2290,0.9745234654792642
2300,0.9802452876257637
2310,0.9766688673683063
2320,0.9766392720748266
2330,0.9720873134680740
2340,0.9737011365500320
2350,0.9703854597459229
2360,0.9748036321368416
2370,0.9757789385429181
2380,0.9692414577477974
2390,0.9751131371752336
2400,0.9698877352029434
2410,0.9729313205166840
2420,0.9729993602559827
2440,0.9748411555740896
2450,0.9773141544101848
2460,0.9739254056876365
2490,0.9704223903074369
2500,0.9762299984214650
2510,0.9709984583759727
2520,0.9690254364083518
2530,0.9651845552619039
2540,0.9649779453408102
2550,0.9742800793577798
2560,0.9631317661266161
2570,0.9491819417509305
2620,0.9302133694074096
2630,0.9372753712373533
2640,0.9390445617094642
2650,0.9386060935707276
2660,0.9483918871871859
2670,0.9598470366029629
2680,0.9730904720765337
2690,0.9667947581575655
2700,0.9620843169868838
2710,0.9703123887598066
2720,0.9623321801080761
2730,0.9723393183830253
2740,0.9617440331428864
2750,0.9635442564297304
2760,0.9689152814944175
2770,0.9711510328333711
2780,0.9609307779132393
2790,0.9649100184236731
2800,0.9609386175030166
2810,0.9627209993792446
2820,0.9665717262464988
2830,0.9698602746516777
2840,0.9612860355245780
2850,0.9640267543953882
2860,0.9640245820082597
2870,0.9729609024940563
2880,0.9663834471624247
2890,0.9732164879326201
2960,0.9754025931205133
2970,0.9794625562528264
2980,0.9800836223593330
2990,0.9788063146669376
3000,0.9853342586694571
3010,0.9870263904435502
3020,0.9860544848050072
3150,0.9883827520244709
3160,0.9849998621055283
3170,0.9829045360507646
3180,0.9783782391629323
3190,0.9742259174709142
3200,0.9722302573964207
3210,0.9682935086479901
3220,0.9656229385610889
3230,0.9657130244412601
3240,0.9711203524901639
3250,0.9535719664914202
3260,0.9439054296319762
3270,0.9524177766377252
3280,0.9510582766893412
3290,0.9511234193402495
3300,0.9476585531923623
3310,0.9547647890669780
3320,0.9474869010220749
3330,0.9516151475482909
3340,0.9540012737003578
3350,0.9627129464629819
3360,0.9809140638540361
3430,0.9990050451189314
3440,0.9904937946253232
3450,0.9950727658230124
3460,0.9903357574326055
3470,0.9950364938173023
3540,0.9914097778568206
3550,0.9906637148506887
3560,0.9818279343878331
3570,0.9821063409824233
3930,0.9664977323502418
3940,0.9721930279726535
3950,0.9748024457652112
3960,0.9778782336659837
3970,0.9719017590058673
3980,0.9703966031112750
3990,0.9761687045766847
4000,0.9757732107113181
4080,0.9745171185261116
4090,0.9723057446244063
4100,0.9504657852474891
4110,0.9473713594015593
4120,0.9344036429609223
4130,0.9308226214781549
4140,0.9298146600158986
4150,0.9275757776844787
4160,0.9305572037786818
4260,0.9864343164551987
4270,0.9810962159838390
4280,0.9802538104145164
4290,0.9841093967749068
