0,0.9565332339794691
10,0.9483677937321793
20,0.9460381873788178
30,0.9565494561728753
40,0.9489230828221268
50,0.9471213539016987
60,0.9543510592003248
70,0.9526332612257061
80,0.9636161383278269
90,0.9704972268912584
100,0.9684444371839136
110,0.9667356366826058
120,0.9679418168124277
130,0.9780342920231735
140,0.9768819078438226
150,0.9783222403837881
160,0.9749097623473322
170,0.9806499506271621
180,0.9774938085426007
190,0.9796990101020981
200,0.9852697113332534
220,0.9847206804909463
230,0.9855358201830463
240,0.9910215949640664
250,0.9956812643378847
260,0.9887353522590905
270,0.9901745385759205
280,0.9910604336600696
290,0.9970694343276607
300,0.9937518515217000
310,0.9963619064513487
320,0.9955784205030321
330,0.9890081531385123
340,0.9881866718977674
350,0.9930318546021288
360,0.9916819633292349
370,0.9877240268983841
380,0.9888684312548791
390,0.9931689221861313
400,0.9843564408104067
410,0.9875134902451771
420,0.9813772192919504
430,0.9845471624504607
440,0.9834233084262095
450,0.9794194488318121
460,0.9835337424863233
470,0.9753480414469353
480,0.9817080518797916
490,0.9741888680286637
500,0.9745035672171833
510,0.9778704892141046
520,0.9722057606484255
700,0.9445082332675782
710,0.9356382921683903
720,0.9318773083493770
730,0.9338639231064730
740,0.9352961017158844
750,0.9388305306051814
760,0.9415508261377132
870,0.9710118381174808
980,0.9833178433119008
990,0.9872163964566086
1000,0.9876460076083954
1010,0.9892847860583619
1020,0.9905728959235484
1030,0.9831889317978164
1040,0.9907160355444895
1050,0.9849641142823730
1060,0.9834351941082621
1070,0.9855160196314312
1080,0.9854435579927217
1090,0.9941530912424427
1100,0.9936610538878938
1110,0.9971059062646099
1120,0.9943682719007290
1130,0.9879878734718340
1140,0.9970861883152042
1150,0.9889993827642348
1160,0.9881004494137290
1170,0.9991251786202433
1180,0.9970211406027844
1190,0.9956869780086360
1200,0.9936722360439911
1210,0.9887966778413660
1220,0.9891788938618015
1230,0.9958334864416529
1240,0.9935458935125645
1250,0.9870312576142151
1280,0.9907702314441443
1290,0.9903213242055164
1300,0.9793673687338200
1310,0.9798964970097187
1320,0.9821094425047034
1330,0.9848796584868715
1340,0.9746742287781752
1350,0.9722864492486382
1360,0.9675978220323280
1370,0.9550667941628020
1380,0.9502637954083545
1390,0.9465382056217705
1400,0.9547411289331341
1410,0.9557611984510308
1420,0.9529561815256461
1520,0.9711451928852287
1530,0.9834008698248378
1590,0.9939099398887890
1600,0.9927648229597121
1610,0.9874125448857338
1700,0.9878568062373669
1710,0.9873514326263430
1910,0.9684653317234635
1920,0.9664656118871613
1930,0.9648896740392826
1940,0.9693474476857007
1950,0.9621817567472170
1960,0.9701780961989891
1970,0.9694376544437531
2000,0.9628744496260581
2010,0.9612129152573496
2020,0.9601971563120243
2030,0.9683411722312678
2040,0.9609750992233349
2050,0.9548268015704754
2060,0.9453106812447145
2110,0.9350743691800587
2120,0.9382596533884503
2130,0.9425580166427022
2140,0.9359420603833404
2150,0.9490739088558717
2160,0.9505594355199005
2170,0.9651262454324075
2180,0.9636247049439525
2190,0.9676457660321980
2200,0.9632266636215209
2210,0.9680522776007935
2220,0.9666437325496510
2230,0.9683903805956546
2240,0.9718987594464472
2310,0.9695851540378214
2320,0.9667549632354234
2330,0.9706426951480988
2340,0.9738381043363474
2350,0.9661125503248363
2360,0.9732491534584949
2370,0.9744199164952254
2380,0.9754940424611066
2390,0.9712817980620485
2400,0.9748860158760562
2410,0.9721048278586476
2420,0.9760545741378760
2430,0.9800587444840088
2440,0.9764817183931880
2450,0.9809632245307399
2460,0.9748119075442435
2470,0.9775308333768213
2480,0.9827156827419535
2490,0.9808216174792761
2500,0.9870664422528626
2510,0.9846981649343332
2520,0.9908508749199688
2530,0.9848070481478290
2540,0.9918521480566257
2550,0.9951681813845248
2560,0.9923489627620550
2570,0.9944405641901579
2590,0.9973430812572838
2600,0.9994837761912690
2610,1.0000000000000000
2620,0.9902359212164047
2630,0.9934502782942229
2640,0.9915930620582109
2650,0.9945006373481844
2660,0.9927818260425432
2670,0.9916443242055282
2680,0.9812885390500721
2690,0.9797759632539267
2700,0.9844605298931071
2710,0.9810611046996002
2720,0.9781208617345389
2730,0.9795646884852204
2740,0.9592269864469350
2750,0.9495821971150499
2760,0.9556745932335635
2770,0.9548788602748393
2780,0.9511432594135801
2790,0.9514905960096497
2800,0.9495548416439141
2810,0.9476403578506531
2820,0.9522547018912136
2840,0.9611445253826515
2850,0.9685738396659758
2860,0.9727636769188320
2880,0.9847762685157481
2890,0.9805052770183359
2900,0.9852491242366903
2910,0.9849362354877608
2920,0.9923834023962635
2930,0.9866200323317781
2940,0.9953578978809486
2950,0.9947095004273782
2960,0.9896828860088459
2970,0.9908275238073280
2980,0.9961802336623451
2990,0.9914660621656749
3020,0.9881479580425504
3030,0.9942922402659835
3040,0.9949312600897415
3050,0.9852450920490076
3060,0.9881565472165054
3070,0.9803587229608716
3080,0.9846874471143353
3090,0.9891825387737829
3100,0.9781338958709652
3110,0.9840499084808092
3120,0.9795556793016903
3130,0.9792030526354193
3140,0.9777457164841714
3150,0.9745707810222650
3160,0.9765309006778082
3170,0.9720020196712473
3180,0.9756432706332880
3190,0.9745304004986979
3200,0.9707819656090201
3210,0.9659896021345763
3220,0.9646826143904087
3230,0.9683774824223177
3240,0.9650138895082174
3250,0.9707443164600024
3260,0.9726080635689363
3270,0.9692961531254157
3280,0.9645277108308755
3290,0.9672078074473432
3300,0.9649625862183919
3310,0.9681652389948079
3320,0.9695221095485055
3330,0.9664955183983559
3340,0.9623608898848972
3350,0.9700827755042457
3360,0.9629813048108099
3370,0.9709828126209339
3380,0.9671016241667200
3390,0.9650939272766303
3400,0.9667086773682315
3410,0.9665975698270468
3420,0.9666205110479725
3430,0.9529151491269158
3440,0.9405440144264424
3450,0.9396652175638911
3460,0.9417966020079545
3470,0.9346009535228310
3480,0.9412750230448194
3490,0.9397338303110803
3500,0.9420082499398589
3510,0.9427190158542349
3520,0.9460325667434930
3530,0.9468149325170155
3540,0.9623607397446033
3550,0.9599530794462733
3560,0.9703050349207949
3570,0.9679780883302571
3580,0.9641128717620979
3590,0.9616800117919670
3600,0.9673905150964797
3610,0.9686347008696212
3620,0.9686925609665539
3680,0.9713771130195756
3720,0.9732146981689592
3730,0.9733321562191372
3740,0.9647702352861425
3750,0.9751175342970820
3760,0.9673777346618215
3770,0.9729640953650481
3780,0.9725886077005776
3790,0.9779455951063183
3800,0.9716963505565956
3810,0.9802036538957766
3820,0.9723774814844077
3830,0.9805728451615375
3840,0.9807463208014323
3850,0.9762369667049108
3860,0.9803248793470897
3870,0.9892846964228279
3880,0.9856540328947681
3890,0.9917266737351785
3900,0.9874327985775103
3910,0.9951352004288322
3940,0.9912481039279459
3950,0.9915017854886413
3960,0.9955971755176366
3970,0.9918260862428953
3980,0.9910694034243953
3990,0.9919820357278768
4000,0.9919228777742006
4010,0.9936972312500596
4020,0.9931964839215784
4030,0.9884873916416617
4040,0.9824641950713651
4050,0.9878127141064297
4070,0.9831391530201818
4080,0.9777208344407923
4090,0.9769924605754017
4100,0.9704521087385652
4110,0.9744887593044521
4120,0.9582065943279575
4130,0.9547345887756952
4140,0.9560964156238717
4150,0.9559123290175801
4160,0.9508434354337678
4170,0.9523214126045806
4270,0.9865470012992050
