0,0.9907720852876569
10,0.9917195058285286
20,0.9897091885751339
30,0.9956843656331887
40,0.9941695724148284
50,0.9918344075296822
60,0.9890505148825431
70,0.9972462684380966
80,0.9944859948880703
90,0.9944866301018950
100,0.9914490513851493
110,0.9913307105158027
120,0.9895293246408612
130,0.9911582808653959
140,0.9943289471147890
150,0.9924712416640165
160,0.9865364997817547
170,0.9906323810455401
180,0.9903635030608189
190,0.9859696062527127
200,0.9856710987629695
210,0.9884901766030634
220,0.9883299186234463
230,0.9783155980696993
240,0.9853517847181609
250,0.9762718687402456
260,0.9788146543707814
270,0.9756904755589337
280,0.9727777687650760
430,0.9391066745547849
440,0.9455477364760160
450,0.9422883317401906
460,0.9479364404111480
470,0.9428942760682272
480,0.9467627313784988
490,0.9615594264877260
500,0.9710079130713862
510,0.9767576568606425
520,0.9782094074016845
530,0.9759049309502547
540,0.9705161566289432
550,0.9743437764357863
560,0.9744153460157207
570,0.9773145225628279
580,0.9853641804844272
590,0.9754548599374623
600,0.9846734849025056
610,0.9827388196002467
620,0.9845085644846352
630,0.9835255548689197
640,0.9845859523502130
650,0.9827404078841931
660,0.9904822788679433
670,0.9832919412445987
680,0.9888755430819444
690,0.9910807071697971
700,0.9941352173718295
710,0.9957495797743889
720,0.9903287044091844
730,0.9887227576267191
740,0.9910104303476293
750,0.9874008471223106
760,0.9934030601606592
770,0.9948886057842139
780,0.9915876158669030
790,0.9969199285418059
810,0.9911170680878822
820,0.9925077071410814
830,0.9966526261793576
870,0.9917211656574344
880,0.9897172508040022
890,0.9947181656805314
900,0.9881374008880746
910,0.9900333250461023
920,0.9948116784560240
930,0.9982810814589363
940,0.9891522976016730
950,0.9898541224556539
960,0.9888017595510415
970,0.9941331145732478
980,0.9949864041741094
990,0.9876778316647397
1000,0.9926735659270904
1010,0.9848557918606822
1020,0.9892082081604704
1030,0.9885346910735950
1040,0.9869608167797618
1050,0.9916796175486109
1060,0.9827808568362906
1070,0.9897468248307275
1080,0.9897604328065260
1090,0.9801047099727623
1100,0.9825235596553402
1110,0.9835138917724481
1120,0.9852914295745892
1130,0.9820489734685697
1140,0.9789805631773426
1150,0.9777341339343283
1160,0.9859973669062227
1170,0.9793003668333311
1180,0.9730762578601562
1190,0.9825699709757587
1200,0.9797135416036185
1210,0.9791952920679955
1320,0.9572732659674569
1330,0.9569042651848083
1340,0.9566298856319450
1350,0.9712000949951939
1360,0.9619418267899658
1370,0.9638578695351069
1380,0.9717348417455475
1390,0.9688041084946877
1400,0.9628110078234717
1410,0.9712109681796250
1420,0.9734949066369786
1430,0.9726525330683723
1440,0.9692554539411531
1450,0.9781022950381756
1460,0.9759600765019026
1470,0.9706513749694103
1480,0.9750871079807741
1490,0.9770058607356905
1500,0.9752686683911841
1510,0.9764155128291617
1520,0.9874985246511463
1530,0.9870588195996178
1540,0.9884992451969266
1550,0.9916573767299653
1560,0.9856320934142097
1570,0.9969902283053335
1580,0.9923256042137462
1590,0.9986002557789651
1600,0.9890455212442119
1610,0.9975347657477481
1620,0.9957983158086336
1630,0.9921600188599864
1640,0.9880449820950066
1650,0.9874774546868310
1660,0.9949105345359147
1670,0.9920606616353190
1680,0.9916567126246479
1690,0.9823528534985037
1700,0.9806733024204992
1710,0.9842773098569247
1720,0.9803885624046064
1730,0.9824527442626765
1740,0.9726522022057777
1750,0.9764885761110454
1760,0.9755976343161230
1770,0.9683888613259348
1780,0.9708905231205961
1790,0.9738438713451834
1800,0.9693052876821200
1810,0.9644214975451536
1820,0.9732426794819887
1830,0.9716008237645039
1840,0.9659704507579304
1850,0.9654978351084864
1860,0.9651125876341341
1870,0.9673660827645073
1880,0.9658157156158905
1890,0.9657629085186207
1900,0.9649080670777400
1910,0.9572944023350579
1920,0.9482179430623350
1930,0.9391453174099170
1940,0.9394163295436015
1950,0.9366720766158443
1960,0.9355426603990777
1970,0.9387498390626595
1980,0.9402867291327972
1990,0.9478738804152179
2000,0.9530812863141646
2010,0.9633181001884773
2020,0.9826183824980017
2030,0.9862948870383763
2040,0.9772068903480781
2050,0.9794735405752151
2060,0.9894544538988534
2070,0.9798792478848827
2080,0.9878793506908862
2090,0.9902998582737419
2100,0.9888256366047116
2110,0.9889406498337044
2120,0.9869311732956420
2130,0.9898273052086413
2140,0.9852613301265433
2150,0.9934665051166972
2160,0.9944279382657800
2170,0.9899340302072452
2180,0.9944361697745142
2190,0.9922449352364411
2200,0.9942709712913219
2210,0.9865092480655139
2220,0.9918373694439678
2230,0.9969533390408120
2240,0.9888540533988989
2250,0.9957102464266949
2260,0.9939128567655054
2270,0.9868697647269403
2280,0.9886549558269927
2290,0.9942283624447682
2300,0.9951444911626945
2310,0.9983286544404587
2320,0.9926502462101124
2330,0.9964280586968012
2340,0.9875362958221070
2350,0.9910809580312324
2360,0.9879786011050544
2370,0.9893624790700913
2380,0.9974990343254385
2390,0.9931806813813442
2400,0.9895388609519002
2410,0.9957063905659058
2420,0.9997131023490109
2430,0.9979572636741211
2440,0.9925911121153943
2450,0.9948281906666959
2460,0.9936338400026319
2470,0.9988991151089742
2480,0.9900754790367932
2490,0.9973287634552802
2500,0.9980686157268062
2510,0.9986453207835426
2520,0.9881145431702759
2530,0.9898852548471547
2540,0.9897532324897812
2550,0.9991487990954168
2560,0.9943970928162080
2570,0.9922769581833999
2580,0.9890186797830973
2590,0.9949818618631878
2600,0.9932974516809987
2610,0.9897574608712943
2620,0.9901209176347304
2630,0.9881741153384078
2640,0.9900411887683293
2650,0.9921728522896772
2660,0.9884503794758090
2670,0.9881001364102509
2680,0.9831537648897298
2690,0.9828458281119495
2700,0.9919079241654600
2710,0.9861478438805369
2720,0.9897334634365150
2730,0.9819195293531970
2740,0.9780840393981824
2750,0.9815824254913921
2760,0.9678942323614371
2770,0.9505916420122456
2780,0.9595072423942377
2790,0.9564957830134050
2800,0.9524357577230805
2970,0.9730735963945119
2980,0.9706997806572493
2990,0.9749857608583093
3000,0.9805416695705171
3010,0.9794949645273150
3020,0.9800629459993619
3030,0.9877099378257316
3040,0.9855106068756763
3050,0.9910291315571413
3060,0.9906004691160375
3070,0.9949107860657465
3080,0.9945201625723739
3090,0.9907042906272866
3100,0.9893604030950831
3110,1.0000000000000000
3120,0.9915349078772260
3130,0.9925922931621239
3140,0.9870892616539084
3150,0.9924592827872927
3160,0.9956403693218913
3170,0.9904463708528242
3180,0.9910274708854234
3190,0.9869961292228133
3200,0.9830108045038727
3210,0.9775423414537617
3220,0.9821121113432307
3230,0.9756093139212640
3240,0.9802528409948931
3250,0.9778486934410449
3260,0.9728677210944334
3270,0.9730672365484777
3280,0.9705427542971450
3290,0.9651420738599891
3320,0.9720336046055500
3330,0.9717788250191020
3340,0.9718306073307735
3350,0.9718184890370124
3360,0.9681818342124193
3370,0.9668261983958996
3380,0.9718976009634902
3390,0.9658648192859566
3400,0.9698163295663172
3410,0.9722601331376151
3420,0.9734024363883651
3430,0.9578644783611185
3440,0.9443686783232441
3450,0.9450537345712012
3460,0.9381279402482376
3470,0.9372729338516331
3480,0.9359131045269286
3490,0.9429851231704904
3500,0.9430711079154850
3510,0.9456942340320182
3520,0.9522809420788744
3530,0.9616428816315329
3540,0.9765542784822434
3550,0.9817134009592320
3560,0.9832293900229661
3570,0.9829789919992254
3580,0.9843889461524060
3590,0.9852783410385386
3600,0.9787470115922261
3610,0.9801750739044531
3620,0.9766923840510762
3630,0.9841187582768836
3640,0.9856051440172861
3650,0.9849248521018689
3660,0.9789896925960742
3670,0.9786909796893962
3680,0.9866535151140470
3690,0.9800668175214469
3700,0.9899189985755626
3710,0.9891192137589498
3720,0.9858134759174914
3730,0.9844582395027263
3740,0.9828745735004252
3750,0.9831210141098381
3760,0.9907243077590880
3770,0.9900616731265999
3780,0.9873264285945392
3790,0.9872536667386461
3800,0.9822000842689846
3810,0.9821377453606915
3820,0.9902952611784847
3830,0.9898064796955942
3840,0.9918296728732416
3850,0.9908916560112497
3860,0.9910463785189583
3870,0.9836390173427866
3890,0.9846047880133151
3900,0.9910195629194521
3910,0.9962433430285761
3920,0.9894435912317361
3930,0.9964347018091843
3940,0.9934970509657464
3950,0.9878173503762410
3960,0.9964773393247013
3970,0.9932279543549495
3980,0.9918226839529847
3990,0.9981344885698640
4000,0.9874277992840542
4010,0.9971526698033900
4020,0.9987221673533142
4030,0.9933733480463830
4040,0.9997156222794025
4050,0.9976207896347700
4060,0.9911171699241719
4070,0.9983356219475320
4080,0.9908373020244262
4090,0.9897853521475096
4100,0.9950944291062109
4110,0.9978167726170666
4120,0.9895554653940977
4130,0.9883462524734503
4140,0.9870589637027322
4160,0.9951825719647542
4170,0.9867670395337915
4180,0.9885819085219515
4190,0.9916999009935512
4200,0.9932796321136399
4210,0.9880740875016790
4220,0.9910982622247944
4230,0.9879045557135429
4240,0.9881504803144973
4250,0.9852451519104979
4260,0.9864510252968114
4270,0.9767853469956315
4280,0.9731308980250585
4290,0.9603609543829870
4300,0.9573946935303433
4310,0.9539310706163187
4320,0.9567472311504452
