0,0.9891408029677712
10,0.9867273627065289
20,0.9971079648167966
30,0.9911860879383525
40,0.9909654242719623
50,0.9922792408522513
60,0.9932002812370591
70,0.9885823707906393
80,0.9988361517546432
90,0.9952825562590357
100,0.9972531556067006
110,0.9901151323022001
120,0.9889994438596461
130,0.9900629697679472
140,0.9943038235716437
150,0.9877137100630367
160,0.9976969971445736
170,0.9974565395957136
180,0.9889889130116012
190,0.9871882440212498
200,0.9851288873171503
210,0.9945220213645866
220,0.9861139802360249
230,0.9834230558594621
240,0.9889038762781335
250,0.9894940529994587
260,0.9833644434571774
270,0.9871083718888912
280,0.9815085356881061
290,0.9813556089407514
300,0.9868449530646306
310,0.9838861098979876
320,0.9801913242297630
330,0.9839282091204312
340,0.9760997205045781
350,0.9803705441086916
360,0.9743647577091313
370,0.9646074991030672
380,0.9571351069851616
390,0.9518919077455582
400,0.9484716019048588
410,0.9499272656178539
420,0.9459011789837239
430,0.9465968466458968
440,0.9493107262189598
450,0.9571855975267884
460,0.9549094034916399
470,0.9691358061746475
480,0.9849073058243262
490,0.9767357233820344
500,0.9859660967452173
550,0.9901982671314786
560,0.9932067488623909
570,0.9918579554581569
580,0.9902500507760372
590,0.9857872732479257
600,0.9911445002698910
610,0.9863138668952528
620,0.9967606594751703
630,0.9932805347358764
640,0.9870091115441294
650,0.9915091385781941
660,0.9939884300073965
670,0.9900813896741232
680,0.9950645463619618
690,0.9948285580777546
700,0.9936773617690847
710,0.9998016612960418
720,0.9979648804768505
730,0.9948693572775175
740,0.9967972681195472
750,0.9935243043905416
760,0.9926198957930776
770,0.9987699501782937
780,0.9985464713884360
790,0.9954128232927330
800,0.9920083084639228
810,0.9881973025613048
820,0.9902566213061688
830,0.9922512700927721
840,0.9958498233739166
850,0.9974571264951060
860,0.9893529213261640
870,0.9953965226791961
880,0.9938577300830107
890,0.9914225415926153
900,0.9930898112589013
910,0.9910524367522578
920,0.9852872987569498
980,0.9880334066598645
990,0.9832797018504126
1000,0.9802339508130157
1010,0.9869938935220325
1020,0.9879401422005083
1030,0.9860656849411623
1040,0.9863796645404195
1050,0.9846405170350928
1060,0.9835002231854177
1070,0.9793592775309964
1080,0.9874947214414851
1090,0.9839425062484605
1100,0.9785983586544077
1110,0.9697968185663135
1120,0.9572638151330262
1130,0.9561594497531902
1140,0.9607966995094692
1150,0.9640218282775692
1160,0.9557697981303562
1170,0.9562047484354161
1180,0.9575573366094533
1190,0.9565199462870648
1200,0.9633611952810449
1210,0.9672103920878411
1220,0.9800579893986706
1230,0.9831028694449750
1240,0.9808680853194093
1250,0.9842187370319182
1260,0.9830660894314336
1270,0.9761004401754757
1280,0.9734293758376831
1290,0.9783302804583182
1300,0.9781384501421831
1310,0.9751831779128891
1320,0.9760749585935697
1330,0.9844743603842370
1340,0.9776281297477484
1350,0.9849588150281807
1360,0.9883306051635983
1370,0.9863617150673800
1380,0.9868518129665428
1390,0.9911095938981650
1400,0.9912281531748907
1420,0.9881649061850515
1430,0.9934682027680962
1440,0.9864156009350327
1450,0.9974992794988928
1460,0.9962321037818092
1470,0.9982218765005562
1480,0.9930970723459688
1490,1.0000000000000000
1500,0.9996175205507986
1510,0.9961189165319568
1520,0.9933159751576102
1530,0.9949887280920562
1540,0.9943452600254097
1570,0.9944710339461516
1580,0.9890123546090055
1590,0.9929541227665803
1600,0.9860619262280338
1610,0.9813845373084150
1620,0.9879576080413369
1630,0.9885209104760079
1640,0.9824501060881560
1650,0.9813020795493224
1660,0.9781604129236379
1670,0.9747927924196166
1680,0.9770640149947490
1690,0.9784998832902284
1700,0.9780913723025606
1710,0.9720691559281093
1720,0.9680922203310025
1730,0.9556231291429722
1740,0.9518366242653383
1750,0.9493355861549412
1760,0.9468579503220543
1810,0.9568997063400744
1820,0.9761280283710680
1830,0.9830599399023493
1840,0.9937424387162521
1850,0.9858949622886209
1860,0.9960631492582641
1870,0.9894721968725493
1880,0.9916281978154833
1890,0.9956270088572805
1900,0.9951014568936636
1910,0.9909672179448531
1920,0.9894981666537374
1930,0.9910699010161625
1940,0.9904260288088442
1950,0.9894261323019071
1960,0.9909231028291453
1970,0.9967835736286649
1980,0.9951542519048424
1990,0.9939360073108545
2000,0.9956837425873918
2010,0.9954537172691562
2020,0.9930787973415157
2030,0.9919145495848907
2040,0.9905974870516050
2050,0.9904981216787683
2060,0.9947158630043941
2070,0.9872044012232180
2080,0.9894932619640837
2090,0.9858132889654122
2100,0.9811262536543858
2110,0.9809457677947716
2120,0.9818505842929813
2200,0.9858178480426532
2210,0.9837440313203899
2220,0.9820999549352034
2230,0.9766981347313266
2240,0.9759095411422708
2250,0.9736391451186228
2260,0.9740487424290584
2270,0.9809027087378102
2280,0.9807443884424916
2290,0.9782050638978242
2300,0.9737615779555482
2310,0.9757620774874604
2320,0.9727489048066937
2330,0.9731086494319555
2340,0.9727446033083588
2350,0.9743117022715047
2360,0.9815284760882064
2370,0.9763791598582310
2380,0.9791785121865365
2390,0.9756779152814971
2400,0.9798096444806635
2410,0.9821585486204613
2420,0.9758300067339346
2430,0.9779891856265412
2440,0.9806543220955840
2450,0.9846055648619031
2460,0.9768878725080430
2470,0.9568933140992150
2540,0.9590812105259455
2550,0.9572429988583852
2560,0.9640392854760055
2570,0.9764533071167819
2660,0.9801767159719157
2670,0.9782604912176489
2680,0.9826472630248303
2690,0.9781113830157473
2700,0.9742486168423730
2710,0.9770011730555928
2720,0.9782641837283095
2730,0.9795400538941741
2740,0.9814059537566270
2750,0.9841359022005888
2760,0.9822444646707632
2770,0.9869917755290754
2780,0.9784314514040203
2790,0.9831999774086587
2800,0.9870273764937275
2810,0.9837220668058930
2820,0.9880347851771532
2830,0.9844589736241550
2840,0.9894906844963862
2850,0.9846478522566184
2860,0.9809335074902603
2870,0.9891877173910973
2880,0.9875734598539041
2890,0.9833628088556737
2900,0.9888152868688235
2910,0.9873291875729135
2920,0.9933222963439871
2930,0.9937934918760345
2940,0.9914432758724712
2950,0.9871548961671083
2960,0.9919473751545513
2970,0.9911434470485175
2980,0.9988209691424618
2990,0.9920163110018924
3000,0.9985504858209368
3010,0.9930955847973060
3020,0.9975522021337295
3030,0.9979025757360765
3040,0.9890566518613585
3050,0.9988254439343888
3060,0.9961936626272775
3070,0.9750071431180715
3080,0.9582749254383934
3090,0.9540198954894475
3100,0.9537273069357164
3110,0.9472994769179521
3120,0.9481378928776045
3130,0.9455183816623561
3140,0.9472890666436663
3180,0.9861824349045575
3220,0.9848722513126540
3230,0.9831703522226467
3240,0.9791393775045983
3250,0.9820526631468559
3260,0.9732488441554442
3270,0.9835665060994855
3280,0.9774051885881958
3290,0.9827950153981820
3300,0.9744309960581641
3310,0.9812157147324894
3320,0.9774469718228125
3330,0.9800430441756627
3340,0.9795965848965241
3350,0.9785318553572745
3360,0.9863972666846166
3370,0.9811978442245463
3380,0.9811751025028220
3390,0.9933358842803608
3400,0.9941517345868670
3410,0.9921784430244407
3420,0.9890299290446235
3430,0.9973430622299632
3450,0.9939194891378842
3460,0.9943094460473780
3470,0.9906803115473757
3480,0.9902302955207857
3490,0.9973111208859010
3500,0.9933226596252200
3510,0.9899866124937394
3520,0.9948511035306458
3530,0.9959814269566444
3540,0.9880444583119473
3550,0.9896192443772861
3560,0.9868220490179944
3570,0.9856153546999263
3580,0.9792144093461388
3590,0.9830326791436850
3600,0.9854609024229170
3610,0.9792847749030714
3620,0.9863010677544812
3630,0.9797763990453897
3640,0.9832753153218590
3650,0.9808430989684410
3660,0.9809397077264865
3670,0.9795851327699355
3680,0.9755424380745581
3690,0.9746143255317298
3700,0.9754613167503203
3820,0.9691032597147443
3830,0.9568605990868865
3840,0.9574114279992977
3850,0.9636083835156178
3860,0.9598833062490638
3870,0.9628325743820468
3880,0.9593466577317974
3890,0.9559922196100721
3900,0.9633689720974458
3910,0.9560757124347032
3920,0.9728852983422271
3930,0.9988875096621871
3940,0.9945349739554327
3950,0.9964340765333796
3960,0.9887872523606692
3970,0.9947753581569836
3980,0.9979921213419846
3990,0.9946596076532659
4000,0.9961442686779711
4010,0.9888539351212930
4020,0.9927485176043620
4030,0.9992921943573694
4040,0.9964921375955064
4050,0.9999729302962433
4060,0.9995111549670065
4070,0.9967042946961222
4080,0.9937433084941979
4090,0.9906948415784469
4100,0.9941178331006190
4110,0.9883251417703940
4120,0.9887877431943930
4130,0.9892375531166869
4140,0.9971242270473156
4150,0.9989511616475109
4160,0.9990289848596735
4170,0.9900277215661669
4180,0.9905501855770181
4200,0.9986962646761097
4210,0.9954112705188485
4220,0.9933673149709790
4230,0.9968394515448952
4240,0.9908806646030831
4250,0.9948916257313404
4260,0.9888856931286485
4270,0.9977454937382845
4280,0.9946001081009567
4290,0.9949622511965124
4300,0.9889681930271350
4310,0.9886667509832088
4320,0.9884375291933893
