0,0.9952838197458448
10,0.9888926776978337
20,0.9934524592312831
30,0.9942296539878912
40,0.9868080305157958
50,0.9870128821317274
60,0.9842166633303420
70,0.9877222692301695
80,0.9901488506362379
110,0.9813675540626394
120,0.9876435660322932
130,0.9774841902557578
140,0.9813875896343665
150,0.9764674743025793
160,0.9779182559974523
170,0.9792206740541876
180,0.9795919979552778
190,0.9808662678920571
200,0.9707699619524929
210,0.9746346856794701
220,0.9572859586068936
230,0.9520907360852894
240,0.9425346074739727
250,0.9393115623920332
260,0.9422829012783707
270,0.9333665483661752
280,0.9351646129895110
290,0.9373264365823202
300,0.9474725838821099
310,0.9531095043198236
320,0.9664432639706840
330,0.9801435633077760
340,0.9731755233374355
350,0.9731070756888333
360,0.9765590549796035
370,0.9811293346259858
380,0.9810737476422207
390,0.9853264486442892
400,0.9865264758480402
410,0.9771799592134237
430,0.9783703850939854
460,0.9862660876584008
470,0.9843728752361145
480,0.9877967880129644
490,0.9956678968853704
500,0.9918022570161705
510,0.9868308605191057
520,0.9886546072080230
530,0.9969378847562326
540,0.9982317430055141
550,0.9945076172476566
560,0.9982924440124080
570,0.9997393178243351
580,0.9966123677706907
590,0.9934472387654233
600,0.9941364074719050
610,0.9914642293693602
620,0.9888886790134347
630,0.9942094894374310
640,0.9941853456162834
650,0.9896150007764681
660,0.9889821114190888
670,0.9931770975931223
680,0.9950790515237858
690,0.9949460154183793
700,0.9940559102703445
710,0.9892877910140128
720,0.9881197833715745
730,0.9926571117236856
740,0.9847235450036744
750,0.9854586722446550
760,0.9829444854556237
770,0.9918174106187589
780,0.9826934735598349
790,0.9871606982393551
800,0.9818097274134822
810,0.9894161487909089
820,0.9838463760862707
830,0.9795213137467889
840,0.9855130245085992
850,0.9839290061416165
860,0.9809792651254585
870,0.9828465295569571
880,0.9770460964223279
890,0.9796365672140277
1050,0.9715568943362944
1220,0.9499436444738683
1230,0.9570984675079984
1240,0.9614714858133612
1250,0.9712719656265124
1260,0.9767446947772307
1270,0.9766107688836634
1280,0.9717354115295966
1290,0.9688731682734796
1300,0.9786770322125108
1360,0.9809307968602454
1370,0.9735668204951444
1380,0.9733983354395701
1390,0.9784196887368642
1400,0.9751343337063957
1410,0.9820445906305665
1420,0.9800758188175728
1430,0.9769453416401993
1440,0.9841969726583631
1450,0.9790987927848745
1460,0.9811992021308279
1470,0.9826299930785575
1480,0.9835649917399018
1490,0.9786816453316368
1500,0.9871049780115312
1510,0.9889557431048493
1520,0.9829703336351644
1530,0.9813864687783181
1540,0.9919392531825346
1550,0.9935596213013883
1560,0.9862040004354804
1570,0.9915018320069566
1580,0.9905041169830582
1590,0.9881951410690634
1600,0.9897735658299538
1610,0.9907764691528526
1620,0.9898950161981321
1630,0.9949431828483486
1640,0.9994657182675454
1650,0.9936638149739524
1660,0.9946612530980289
1670,0.9907907883606655
1680,0.9880907831175142
1690,0.9990776971937035
1700,0.9982818832663055
1710,0.9930030833437978
1720,0.9894877283731518
1730,0.9936526271543289
1740,0.9842198359416940
1750,0.9896675162729565
1760,0.9804530003463237
1770,0.9865792224954772
1780,0.9794628368789065
1790,0.9839547984886237
1800,0.9792660086137185
1810,0.9532564644539526
1820,0.9520594986131803
1830,0.9439427234761227
1840,0.9413669708446462
1850,0.9428701872990443
1860,0.9398625265764270
1870,0.9346187480805143
1880,0.9449083724289054
1890,0.9463369364278298
1900,0.9510142121497602
1910,0.9757042526610777
1920,0.9787989613399142
1930,0.9780037503114606
2130,0.9884416627107626
2140,0.9956139837274672
2150,0.9836880554948767
2160,0.9842703629480456
2170,0.9904076692531388
2180,0.9890455226077111
2190,0.9881818251618056
2200,0.9883385581611285
2210,0.9783175694937655
2220,0.9850367140567639
2230,0.9784047930626332
2240,0.9826565609329796
2250,0.9764300645923619
2260,0.9736273332585943
2270,0.9793803057828625
2280,0.9770820359865633
2290,0.9781242786964451
2300,0.9740820406797860
2310,0.9778469242459883
2320,0.9690844610881999
2330,0.9686376562386788
2340,0.9725002542097516
2350,0.9790492800800553
2360,0.9711292699114968
2370,0.9780408007944063
2380,0.9743684652242779
2390,0.9802058078003858
2400,0.9709282405254253
2410,0.9827783099176980
2420,0.9795245665533620
2430,0.9734095275520179
2440,0.9749950275943023
2450,0.9842133757810624
2460,0.9848954766403685
2470,0.9847732472925633
2480,0.9807327483202171
2490,0.9836062919323544
2500,0.9863592518519202
2510,0.9910564178909004
2520,0.9886604674141268
2530,0.9899675706579646
2540,0.9961173924591665
2550,0.9964061613513315
2560,0.9905842586078926
2570,0.9916348941945639
2580,0.9938236565490647
2590,0.9990616649913687
2600,0.9890896480987120
2610,0.9950390041479372
2620,0.9885371876389324
2630,0.9882484230808214
2640,0.9873901397219381
2650,0.9935999019839997
2660,0.9910800480083128
2670,0.9968625536427838
2680,0.9954219784432874
2690,0.9926574465972037
2700,0.9895242191612749
2710,0.9684980570290779
2720,0.9575784542441834
2730,0.9543067804939102
2740,0.9513254780849958
2750,0.9557760878812941
2760,0.9522804028990400
2770,0.9488897144590083
2780,0.9522216290568642
2790,0.9571073473413458
2800,0.9600512091472068
2810,0.9561413582320698
2820,0.9580471545318626
2830,0.9735400546026890
2840,0.9784673518037450
2850,0.9690739467038346
2860,0.9776801039314790
2870,0.9788205963981731
2880,0.9813815556268861
2890,0.9781418573495948
2900,0.9776196932556331
2910,0.9845005839914612
2920,0.9880223451058029
2930,0.9867112559921272
2940,0.9879796663965749
2950,0.9865755619228594
2960,0.9853630788471661
2970,0.9872333851480251
2980,0.9908732938557079
2990,0.9964230651650517
3000,0.9980731965531947
3010,0.9906303877969959
3020,0.9902940472096167
3030,0.9896136386999979
3040,0.9991883806041824
3050,0.9950790692101925
3060,0.9919501907942001
3070,0.9902987686423153
3080,0.9978700799597124
3090,0.9911762422760071
3100,0.9911277392829366
3110,0.9886470062346453
3120,0.9824746200061278
3130,0.9920986300769234
3140,0.9819654542079999
3150,0.9858813591322028
3260,0.9788370385820216
3270,0.9712808336144659
3280,0.9684183028053698
3290,0.9689721390898371
3300,0.9735066816564860
3310,0.9787208598250925
3320,0.9679858110139459
3330,0.9743622867970255
3340,0.9783260763412629
3350,0.9731409490897409
3360,0.9675818776372810
3370,0.9753510240522156
3380,0.9765232862547272
3390,0.9743601443784703
3400,0.9601365712668769
3410,0.9465713820971936
3420,0.9395689966988869
3430,0.9415735318609115
3440,0.9338007442596711
3450,0.9388176346187370
3460,0.9372475972982514
3470,0.9408771771887390
3480,0.9441119981420626
3490,0.9611870042904812
3500,0.9724477323155190
3510,0.9718047567679367
3520,0.9730329363723089
3590,0.9807070861174135
3600,0.9750504955948411
3610,0.9798509876852260
3620,0.9769582561694393
3630,0.9839742717665888
3640,0.9769680864826507
3650,0.9757399269588628
3660,0.9869762759049245
3670,0.9774664136075535
3680,0.9768116919727552
3690,0.9827934090632807
3700,0.9855274607010908
3710,0.9869794496352381
3720,0.9880861444052691
3730,0.9860450774494989
3740,0.9825757929810502
3750,0.9876958271174853
3760,0.9878413054988852
3770,0.9906121708513792
3780,0.9853806195574601
3790,0.9878929503758893
3800,0.9881234905894382
3810,0.9902524074588234
3820,0.9874161141589848
3830,0.9938503392781251
3840,0.9885561567474577
3850,0.9860971203644805
3860,0.9866171383284326
3870,0.9860933276433270
3880,0.9882997539647296
3890,0.9871061355805394
3900,0.9887616172976280
3910,0.9981578892421636
3920,0.9890069188256508
3930,0.9943552209280809
3940,0.9935703887149775
4050,0.9928173154980016
4060,0.9921869227852705
4070,0.9873933292766713
4080,0.9952618279402238
4090,0.9893430848928715
4100,0.9884592425749578
4110,0.9958675945978023
4120,0.9900942872490700
4130,0.9855242951826236
4140,0.9833178888037233
4150,0.9816981526214834
4160,0.9849614941174566
4170,0.9872118152673927
4180,0.9860666946447505
4190,0.9882029327251605
4200,0.9773449332995705
4210,0.9842367819683380
4220,0.9801411878532836
4230,0.9788087830434408
4240,0.9778559265113482
4250,0.9795596908297439
4260,0.9788935826318631
4270,0.9764399052736631
4310,0.9534622960635125
4320,0.9541815486812026
