0,0.9555479932926204
10,0.9509233617671806
20,0.9594845241466553
30,0.9500284700417360
40,0.9602358601652481
50,0.9512299565192033
60,0.9632660025779359
70,0.9711663316041848
80,0.9741592270230757
90,0.9666268924062936
100,0.9654662636378047
110,0.9722893974319642
120,0.9749652755593076
130,0.9750257139120205
140,0.9734812525395459
150,0.9720862250097997
160,0.9815653947278767
170,0.9831360497130704
180,0.9862898313462763
190,0.9850235037836118
200,0.9898608712215230
210,0.9810868224304118
220,0.9888791351546133
230,0.9848204690631227
240,0.9886361629166245
250,0.9842700437474687
260,0.9948823944643367
270,0.9883287514554885
280,0.9931524839207549
290,0.9975951305963665
300,0.9916553934295635
310,0.9933411646351218
320,0.9952909059901850
330,0.9960627286606365
340,0.9920323319079902
350,0.9991346509472462
360,0.9990950413106924
370,0.9886314021577696
380,0.9870935105155716
390,0.9964294399494668
400,0.9877110278263975
410,0.9886221648554361
420,0.9849236677386469
430,0.9846538119113367
440,0.9840373562940864
450,0.9829465308375527
460,0.9843506543423163
470,0.9889638653206775
480,0.9854601838854804
490,0.9778849392695291
500,0.9814002271516753
510,0.9815988758611909
520,0.9740494218073742
530,0.9744290093950456
540,0.9725209551588022
550,0.9715982650272151
560,0.9742839666176112
590,0.9684747726020883
600,0.9710131560796110
610,0.9692925429670435
730,0.9452639823951796
740,0.9460915007895681
750,0.9469165983442724
760,0.9483654543914716
770,0.9598499833924473
780,0.9662375804930620
790,0.9652418351040968
800,0.9696415228785302
810,0.9711728348132996
820,0.9689572892176974
830,0.9752882524733847
840,0.9763611662562145
850,0.9792073711856806
860,0.9730275432213584
870,0.9728082056172986
880,0.9745126173155740
890,0.9804909355285619
920,0.9761476024957508
930,0.9850696890461959
940,0.9793855348285387
950,0.9853717419503246
970,0.9810414174515026
980,0.9876514852127368
990,0.9831847899977070
1000,0.9892557186078769
1010,0.9930147002582278
1020,0.9874542198991474
1030,0.9844716066594726
1040,0.9867087394608269
1120,0.9886759281791656
1140,0.9900853692149226
1150,0.9884720300129872
1170,0.9969549556806759
1180,0.9976590472984628
1190,0.9904782706668680
1200,0.9872760574519011
1210,0.9923022689192816
1220,0.9868948904923383
1230,0.9846301765809573
1240,0.9877161167783116
1250,0.9894050198014366
1260,0.9897886782370813
1270,0.9790852661543628
1280,0.9804474795957879
1290,0.9797856242722194
1300,0.9830983363076068
1310,0.9815544221193209
1320,0.9699573160778612
1330,0.9693922437467167
1340,0.9687176851833115
1350,0.9755147112839768
1360,0.9755384180849936
1370,0.9590548487285631
1380,0.9610763543576853
1400,0.9504061137340810
1410,0.9572766035887602
1470,0.9567493314579877
1480,0.9668167632975884
1490,0.9661648151340904
1500,0.9751658822801472
1510,0.9677669551579644
1520,0.9793002227882126
1530,0.9782517745767589
1540,0.9709288025572494
1560,0.9857133537604843
1570,0.9838898814625729
1580,0.9875502385795809
1590,0.9836838414103929
1600,0.9805813726524208
1610,0.9843599224800660
1620,0.9932497094126552
1630,0.9911738177119950
1640,0.9964848602869174
1650,0.9927275602230108
1660,0.9960236590922324
1670,0.9888420920928203
1680,0.9882658377390955
1690,0.9945177988191115
1700,0.9996833014457898
1710,0.9981503276773794
1720,0.9960079548007905
1730,0.9915553617439034
1740,0.9882954876737522
1750,0.9953828725877699
1760,0.9945077993146135
1770,0.9922704989201812
1780,0.9858610428425105
1790,0.9894665899437827
1800,0.9916258951634940
1810,0.9927827236355254
1820,0.9841230607423600
1830,0.9811070598384877
1840,0.9878426914068252
1850,0.9863600051337739
1860,0.9817973116146462
1870,0.9820162612771970
1880,0.9843633770596255
1890,0.9757778422834696
1900,0.9805998833738317
1910,0.9766774473674151
1920,0.9799373555563171
1930,0.9772908542402493
1940,0.9772225531142751
1950,0.9748587516155984
1960,0.9686712085218789
1970,0.9700686359718428
1980,0.9729037749119338
1990,0.9751247958793453
2000,0.9693213242950426
2010,0.9723771905886488
2020,0.9693247167913431
2030,0.9673188201478031
2040,0.9701744214838732
2050,0.9715217936884422
2060,0.9644044210481089
2070,0.9592683010793592
2080,0.9574071659031226
2090,0.9434231290731612
2100,0.9486530032866595
2110,0.9467488991691362
2120,0.9391506284825097
2130,0.9479860611637286
2140,0.9400100208254200
2150,0.9440134973200440
2160,0.9465149795540146
2170,0.9500430861961577
2180,0.9600978360694546
2190,0.9707311323623469
2200,0.9649074978151819
2210,0.9627389176793013
2220,0.9616178763244386
2230,0.9627870209913074
2240,0.9739888349502890
2250,0.9683240310164644
2260,0.9698800617501350
2270,0.9726937777607302
2280,0.9691637324012349
2290,0.9735771636332398
2300,0.9704230159686428
2310,0.9728882330857669
2320,0.9736540414691646
2330,0.9760552525230760
2340,0.9762590831889613
2350,0.9795913167450968
2360,0.9762179743302256
2370,0.9808283283614795
2380,0.9782609440680418
2390,0.9794157792011675
2400,0.9877724944128087
2410,0.9808986622524876
2420,0.9879979051541443
2430,0.9853464644631481
2440,0.9881184065789722
2450,0.9953928432854215
2460,0.9921305165801211
2470,0.9884236196300127
2480,0.9918747864352183
2490,0.9931755386255025
2500,0.9884869251146924
2510,0.9941169952398370
2520,0.9895228113176561
2530,0.9986876309029045
2540,0.9977087867023247
2550,0.9892259144844043
2560,0.9961906599185165
2570,0.9912273183060900
2580,0.9905450832308521
2590,0.9911690769259109
2600,0.9902043254311127
2610,0.9931244465431367
2620,0.9838387474981793
2630,0.9841036284143393
2640,0.9873522321675465
2650,0.9860000788728902
2710,0.9767832526581033
2720,0.9757237663779668
2730,0.9678411188673987
2740,0.9736675654917417
2750,0.9653966417093760
2760,0.9695641250275471
2770,0.9649761680883419
2780,0.9684965815862842
2790,0.9503774399334622
2800,0.9598052161037189
2810,0.9604338118906032
2820,0.9567527726030408
2830,0.9563687422218116
2840,0.9543034994434085
2850,0.9511026248580052
2860,0.9551663186995005
2870,0.9532958476207887
2880,0.9593414169074594
2890,0.9677366985592487
2900,0.9762175535130302
2910,0.9701611716420737
2920,0.9733223286130133
2930,0.9770417883804275
2940,0.9708686814493305
2950,0.9785646830930734
2960,0.9816780018142656
2970,0.9803436507357062
2980,0.9788315644863749
2990,0.9819775370792994
3000,0.9797594956541495
3010,0.9821006952816808
3020,0.9842821497747776
3030,0.9861594438572354
3040,0.9859054913585416
3050,0.9872841737288580
3060,0.9928937230948424
3070,0.9950166777134670
3080,0.9965616124613634
3090,0.9889651427898117
3100,0.9900486292053564
3110,0.9937731753389133
3120,0.9898063898882044
3130,0.9973786679745745
3140,0.9916985373717646
3150,0.9903449770247732
3160,0.9957740426729547
3170,0.9885832606736192
3180,0.9900804606036545
3190,0.9936398201018841
3200,0.9969648841178895
3210,0.9922934868802854
3220,0.9962304108245089
3230,0.9856373840784424
3240,0.9920640361941567
3250,0.9860261147028717
3260,0.9887802155690247
3270,0.9889948208832456
3280,0.9847615541459743
3290,0.9898936670002173
3300,0.9876327975844532
3310,0.9864208453791778
3320,0.9814401547787455
3330,0.9826840456302857
3340,0.9798408491833450
3350,0.9754500992511594
3360,0.9746938287035598
3370,0.9804706803179221
3380,0.9717761659236682
3390,0.9804926351846192
3400,0.9745490593215066
3410,0.9756651837148429
3420,0.9770258655620415
3430,0.9704800026549421
3440,0.9726666591477620
3450,0.9665411828553959
3460,0.9637979394576828
3470,0.9672938679631971
3480,0.9590730012352633
3490,0.9484650860927571
3500,0.9501286425640874
3510,0.9495978393389751
3520,0.9470107992364603
3530,0.9399463685983519
3540,0.9474021016016850
3550,0.9391126010601039
3560,0.9434318665549581
3570,0.9484326842332432
3580,0.9499121630319993
3590,0.9633219363926626
3600,0.9633619015302797
3610,0.9724441826477939
3620,0.9664199561148480
3630,0.9753431535049737
3640,0.9718482216173190
3650,0.9667240928385367
3660,0.9702915540952531
3670,0.9733635189521476
3680,0.9787426884895752
3690,0.9791996541702227
3700,0.9732566591738776
3710,0.9723112781730225
3720,0.9818963147866877
3730,0.9824847768075956
3740,0.9820440468389402
3750,0.9782022456924873
3760,0.9887765194635305
3770,0.9838337504949913
3780,0.9876764179220882
3790,0.9805631427442371
3800,0.9880991404744436
3810,0.9917437329448527
3820,0.9862983051674340
3830,0.9843872091654395
3840,0.9892317549292997
3890,0.9972311153418084
3900,0.9954535631872989
3910,0.9943806047432590
3920,0.9983848598864243
3930,1.0000000000000000
3940,0.9930645205631492
3950,0.9937031366641991
3960,0.9886723982261226
3970,0.9905179622373396
3980,0.9968113655998018
3990,0.9900834841906334
4000,0.9870003617445493
4010,0.9945612703779836
4020,0.9857823328951988
4060,0.9906753039821112
4070,0.9823521789071653
4080,0.9799911899104160
4090,0.9777308518208996
4100,0.9861836324685040
4110,0.9768669168375631
4120,0.9779728030478066
4130,0.9746985646386486
4140,0.9733807187195721
4150,0.9771011644721999
4160,0.9744216665442794
4170,0.9697411576788393
4180,0.9750974863764009
4190,0.9653465277684810
4200,0.9567472537747799
4250,0.9523393168479258
4260,0.9599350920628728
4270,0.9567172221971784
4280,0.9593624530831837
4290,0.9519022537430594
4300,0.9691071744230444
4310,0.9652595819303736
4320,0.9698809052216932
