0,0.9561295347217608
10,0.9590495426872743
20,0.9580856609679672
30,0.9586606105486821
40,0.9519466220700389
50,0.9547021371841764
60,0.9588970220493843
70,0.9519394867008064
80,0.9621628660383157
90,0.9742088161265674
100,0.9648567773290389
120,0.9767185819657117
130,0.9684699712882749
140,0.9758894552685982
150,0.9788875800707705
200,0.9818122694994421
210,0.9812577302186991
220,0.9805917464599474
230,0.9902687008348863
240,0.9938371703014089
270,0.9868494447493600
290,0.9899668968280577
300,0.9969678682370207
310,0.9883605968709304
320,0.9999177609254832
330,0.9913163221200461
340,0.9969271107434504
350,0.9974430115152498
360,0.9887789276061755
370,0.9893243316473198
380,0.9880742105530594
390,0.9863323267394948
430,0.9861318422400331
440,0.9843715789120628
450,0.9808971151415361
460,0.9817556002751845
470,0.9845798894712288
480,0.9802097873814251
490,0.9815482186586569
500,0.9835252393970692
510,0.9786685851975789
520,0.9768829890949005
530,0.9743543927186784
540,0.9699387438367323
550,0.9741396606177855
560,0.9730909702054465
570,0.9674830455077674
580,0.9695416478706991
590,0.9731697320741655
600,0.9688543765600515
610,0.9742488742835347
620,0.9654455698180945
630,0.9703246496980940
640,0.9706715613365443
650,0.9688524292092250
660,0.9676081451148102
670,0.9514673848117535
680,0.9488365957745489
690,0.9460581061167205
700,0.9453533027714044
710,0.9456613431867497
720,0.9492216181369192
730,0.9478651448431099
740,0.9477104685682930
750,0.9425327494793416
760,0.9515901105157638
770,0.9591336950302112
780,0.9695044923804563
790,0.9700357282708997
800,0.9756509936995241
810,0.9688190747020821
820,0.9680592868225661
830,0.9751878010528697
840,0.9729624154517670
850,0.9719828880264366
860,0.9795987936784156
870,0.9817186294859619
880,0.9789214686128627
890,0.9795912165207609
900,0.9724657221400279
910,0.9815379744483060
920,0.9774460739949344
930,0.9775467819815484
1040,0.9958782087095274
1050,0.9939834102202169
1060,0.9873763970236857
1070,0.9974770382147703
1080,0.9933766857846884
1090,0.9930063440946209
1100,0.9909017226181609
1110,0.9993943040439106
1120,0.9985184845986007
1130,0.9977260123875368
1140,0.9914917603734585
1150,0.9911911667307792
1160,0.9946751137284807
1170,0.9940171139726854
1180,0.9963568814294990
1190,0.9878078283968350
1200,0.9881231887945586
1210,0.9855212535323674
1220,0.9827099702942240
1230,0.9821044770067068
1240,0.9842491489183759
1250,0.9793910852665101
1260,0.9847665923098275
1270,0.9797312170131199
1280,0.9772758221810195
1290,0.9750306312158465
1300,0.9756632442745534
1310,0.9733034144907462
1320,0.9704847115264259
1330,0.9611372527507689
1340,0.9543952227851956
1350,0.9572865086976229
1360,0.9622549265189604
1370,0.9519807881527135
1380,0.9627696431885006
1390,0.9543494150172099
1400,0.9556380472853078
1410,0.9570253599350793
1420,0.9582025092080586
1430,0.9666030662004862
1440,0.9682263937394372
1450,0.9727376392151679
1460,0.9724075337001793
1470,0.9725786334889749
1480,0.9826497344973781
1490,0.9788049392182312
1500,0.9832745982061852
1510,0.9865490044648172
1520,0.9852698564543295
1530,0.9933600131334765
1540,0.9950043395106098
1550,0.9865723624589483
1560,0.9924416809068067
1570,0.9875196123576644
1580,0.9953534823186981
1590,0.9950782183128319
1600,0.9950120612557556
1610,1.0000000000000000
1620,0.9958930674698984
1630,0.9917049143174919
1640,0.9896957977953993
1650,0.9926823001312718
1660,0.9918303374170243
1670,0.9881613961975241
1680,0.9856498451130025
1690,0.9853962594969344
1700,0.9863847375317248
1710,0.9841754230170784
1720,0.9850183591917603
1730,0.9905448289248098
1740,0.9887615072499143
1750,0.9851941207340491
1760,0.9888732782499871
1770,0.9878099859183727
1780,0.9858856149695000
1790,0.9801370413836022
1840,0.9811464884585488
1850,0.9808905479464959
1860,0.9761408044183395
1870,0.9752165964008817
1880,0.9763356531086106
1890,0.9728121545386368
1960,0.9679032041448933
1970,0.9691332692887319
1980,0.9638809685277816
1990,0.9687767857032786
2000,0.9563340377200019
2010,0.9511991823497133
2020,0.9432951761189050
2030,0.9412929115003259
2040,0.9486100081682503
2050,0.9442675848767038
2060,0.9484817032400644
2070,0.9423949865064093
2080,0.9519946361102072
2090,0.9512477462849565
2100,0.9522267838173157
2110,0.9658960013274910
2120,0.9642605511911896
2130,0.9632417142510618
2140,0.9637772259259855
2150,0.9652557178156005
2160,0.9690081660511711
2170,0.9719204499860440
2180,0.9667401118265337
2190,0.9645983372118916
2200,0.9670133042358331
2210,0.9684937638210687
2220,0.9685839991175494
2230,0.9718587917170112
2240,0.9776471394670426
2250,0.9776477089845544
2260,0.9704047852514296
2270,0.9742306472019963
2280,0.9716422658266882
2290,0.9756357594371147
2300,0.9760340419408853
2310,0.9763869993782895
2320,0.9771807575366568
2330,0.9855140847037965
2340,0.9778747648387738
2350,0.9860356426633453
2360,0.9917261554418499
2370,0.9892402195166344
2380,0.9929298776941520
2390,0.9876584458880530
2400,0.9896237903265589
2410,0.9960131201541689
2420,0.9930342035929854
2430,0.9898453334798863
2440,0.9890313984639137
2450,0.9938307905804558
2460,0.9905424216997967
2470,0.9959276387929287
2480,0.9890522611781581
2490,0.9936706080390645
2500,0.9861548727162499
2510,0.9876968626145683
2520,0.9836481181293337
2530,0.9844920472513333
2540,0.9888099337107862
2550,0.9788905251257534
2580,0.9811632319235531
2590,0.9763824113337087
2600,0.9797273618467474
2610,0.9772273931484764
2620,0.9763690977494909
2630,0.9665594808911157
2640,0.9698589218931659
2650,0.9627566820284025
2660,0.9589396816801785
2670,0.9624581398170028
2680,0.9564680634810745
2690,0.9574516835242929
2700,0.9534273471427213
2710,0.9548249055559348
2720,0.9550167332335039
2730,0.9623458725388510
2740,0.9532624708591840
2750,0.9522822578005512
2760,0.9663713849496745
2770,0.9777193922256218
2780,0.9756619129028834
2790,0.9722007558834813
2800,0.9787117312646259
2810,0.9781892914566294
2820,0.9848058748564452
2830,0.9843014385337147
2900,0.9907217627528562
2910,0.9911738541458999
2990,0.9891988274937196
3000,0.9995738573953715
3010,0.9907201604132684
3020,0.9957206320905205
3030,0.9880288287067354
3040,0.9929249965235346
3050,0.9978241326668493
3060,0.9973289490985505
3070,0.9912696663987067
3080,0.9960349571437060
3090,0.9901256974874912
3100,0.9847501362532084
3110,0.9837436548181803
3120,0.9928061718194435
3130,0.9817554741523223
3140,0.9879234390431603
3150,0.9870268542042233
3160,0.9825203270426133
3170,0.9791026146947598
3180,0.9808855097533206
3190,0.9817414645528659
3200,0.9757668409607936
3210,0.9757519340651143
3220,0.9757206278192889
3230,0.9770729404395119
3240,0.9723816748647984
3250,0.9810292984597558
3260,0.9758641210720315
3270,0.9727693624464463
3280,0.9747784053873055
3290,0.9782166451573380
3300,0.9733500355054886
3310,0.9757613791459879
3320,0.9728332133564276
3330,0.9640597115385482
3340,0.9543331334361170
3350,0.9530119261221275
3360,0.9505181620826412
3370,0.9450971057853874
3380,0.9488330836590960
3390,0.9411985369301294
3400,0.9453354355897176
3410,0.9449013039506364
3420,0.9501216319521864
3430,0.9553775487271288
3440,0.9599700589390708
3450,0.9655623271181819
3460,0.9677222573064818
3470,0.9679179420470196
3480,0.9688577519998524
3490,0.9693995083302483
3500,0.9758783066546376
3510,0.9669097252270789
3520,0.9769987146235790
3530,0.9734624850940471
3540,0.9728074242563405
3550,0.9724945760241469
3560,0.9732508373928667
3570,0.9839128364358040
3580,0.9829816507929481
3590,0.9790924715329148
3600,0.9802598477196580
3610,0.9831629428757296
3620,0.9887033860495432
3630,0.9811431207585203
3640,0.9906406746603880
3650,0.9829648851028249
3660,0.9857816238180410
3670,0.9879380225850427
3680,0.9886083793946929
3690,0.9948653542246618
3700,0.9958026866506193
3710,0.9980629579989044
3720,0.9979504839361124
3730,0.9920664882758885
3740,0.9986625738502775
3750,0.9986356420015198
3760,0.9888291552699245
3770,0.9989910527596125
3780,0.9949965665663836
3790,0.9958853470989248
3800,0.9978919869690893
3810,0.9977662948542088
3820,0.9956666473067475
3830,0.9893491612814240
3840,0.9909093488347473
3850,0.9886533886893764
3860,0.9819414208991369
3870,0.9840145011205411
3880,0.9887982677117840
3890,0.9833547823312525
3900,0.9862480998263715
3910,0.9868605111454936
3920,0.9799507936416163
3930,0.9807837573969757
3940,0.9715885292549430
3950,0.9706875389823080
3960,0.9760187873420613
3970,0.9712363332254448
3980,0.9678737048670111
3990,0.9652567234095912
4000,0.9584339762817442
4010,0.9561532517945720
4020,0.9574996940622972
4030,0.9568476833843480
4040,0.9590296701129195
4050,0.9566795201769566
4060,0.9594116104195938
4070,0.9525661808086054
4080,0.9522982624412052
4090,0.9646902530992749
4100,0.9712383852283609
4110,0.9735810194851181
4120,0.9683758648601715
4130,0.9724255435378000
4140,0.9779597987209984
4150,0.9788035015334521
4160,0.9795711794953190
4170,0.9819403224533334
4180,0.9838492270592856
4190,0.9845826854077296
4200,0.9787382756229487
4210,0.9845795781802154
4220,0.9887798200478128
4230,0.9886197345392074
4240,0.9897818677133411
4250,0.9853360030758237
4260,0.9876483588208745
4270,0.9876943580276114
4280,0.9978078397125325
4290,0.9951599258617505
4300,0.9939727606821409
4310,0.9885036893915161
4320,0.9981096685285935
