0,0.9800635018201607
30,0.9768785798608047
40,0.9860016719254544
50,0.9738086673791425
60,0.9738766590724790
70,0.9804429795778802
80,0.9646801177078359
90,0.9566904609982153
100,0.9561844383557433
110,0.9565133462518906
120,0.9530225623931831
130,0.9556460268393530
140,0.9511929551021889
160,0.9594006534836702
170,0.9547436490247330
180,0.9651342676524315
190,0.9784957790273381
200,0.9745049201051513
210,0.9815487455888662
220,0.9752702920768684
230,0.9748348496045534
240,0.9860438486135603
250,0.9815987443609594
260,0.9853735773564304
270,0.9878727257614180
280,0.9894312851843016
290,0.9848573539642157
300,0.9879911798222464
310,0.9833839223550495
320,0.9906173776898446
330,0.9938938501860484
340,0.9857021404515547
350,0.9924804322485739
360,0.9911145927295355
390,0.9945822615044712
400,0.9963954076962737
410,0.9895478094346140
420,0.9924887507766136
430,0.9894271775151608
440,0.9955098816461607
450,0.9934995618660306
460,0.9913319457979809
470,0.9889334091243857
480,0.9961009394064387
490,0.9991466370401769
500,0.9934618749990246
510,0.9892184288927680
520,0.9956375525193130
530,0.9918920461492186
540,0.9956297045853442
550,0.9966737803297340
560,0.9964064844145087
570,0.9901363698545009
580,0.9906602384696239
590,0.9855504940725636
600,0.9872565323507867
610,0.9929437408251804
620,0.9858138584267807
630,0.9863709282319452
640,0.9867151532148267
670,0.9821902792255138
680,0.9884471925248699
690,0.9800908527028740
750,0.9749207202044184
760,0.9794116314880306
770,0.9829391101750212
780,0.9772935369892335
790,0.9742552978826405
800,0.9785314080712700
810,0.9760339266564908
820,0.9811508195273074
830,0.9826426187035711
840,0.9731459283040732
850,0.9760323206062848
860,0.9759594829571604
870,0.9762336078465994
980,0.9436519734794360
990,0.9423650552329075
1000,0.9424536583254892
1010,0.9351508763724929
1020,0.9462308009549705
1030,0.9416456624346661
1040,0.9421535119498659
1050,0.9531626164339948
1060,0.9567762974798913
1070,0.9745731873673789
1080,0.9861124892391752
1120,0.9806216209180562
1130,0.9833797308263770
1140,0.9802520456151377
1150,0.9875159404386004
1160,0.9867018164118484
1170,0.9807497962704455
1180,0.9853320729590875
1190,0.9802747530893398
1200,0.9845950114192157
1210,0.9823854720335745
1220,0.9817960599171076
1230,0.9863884126492753
1240,0.9893029838538977
1250,0.9830193933178459
1260,0.9831827378954047
1270,0.9832844183903294
1280,0.9893408878692159
1290,0.9884475035493904
1300,0.9831482030439667
1310,0.9919407116611040
1320,0.9915335757786309
1330,0.9874356073564997
1340,0.9882158489127090
1350,0.9945091439999987
1360,0.9888306620965585
1370,0.9941393322661325
1380,0.9863295357504663
1390,0.9856782813726372
1400,0.9929770238770540
1410,0.9930745547106499
1420,0.9927413006655361
1430,0.9973263827719516
1440,0.9888354586469636
1450,0.9910959125599563
1460,0.9917412176470051
1470,0.9923644273399789
1480,0.9929857488816357
1490,0.9898624188617496
1500,0.9905253869071784
1510,0.9909225552146687
1520,0.9977736331282575
1530,0.9955493954120187
1550,0.9935471718617217
1560,0.9888293998568932
1570,0.9910600450412570
1580,0.9968268756426978
1590,0.9939159635578775
1600,0.9950507559086594
1610,0.9920575259621084
1620,0.9936287231251554
1630,0.9913737648451121
1640,0.9969614214878529
1650,0.9942940108390145
1660,0.9959778017736572
1670,0.9865821149061611
1680,0.9654130920895857
1690,0.9548900001247775
1700,0.9569135323913179
1710,0.9507533443895809
1720,0.9534505516013146
1730,0.9526339388351567
1740,0.9542098840849426
1750,0.9592034786562365
1760,0.9555654408236111
1770,0.9568918084944183
1780,0.9706884357013367
1790,0.9759800710376587
1800,0.9760473803804338
1810,0.9746874819314014
1820,0.9759409124727388
1830,0.9799589346334806
1840,0.9793993224486434
1850,0.9812799236057274
1860,0.9813608668854699
1870,0.9759442671108701
1880,0.9818041072280225
1890,0.9748175441416184
1900,0.9848271222573521
1910,0.9861609524161894
1920,0.9777274113964236
1930,0.9869108295814024
1940,0.9835681752745274
1950,0.9914582254563293
1960,0.9921223233882254
1970,0.9904101568477280
1980,0.9849521382275782
1990,0.9874998018199476
2000,0.9913469920720434
2010,0.9876570647971452
2020,0.9984164150199077
2030,0.9982691619592731
2040,0.9886904523256631
2050,0.9970656716702448
2060,0.9932192835633512
2080,0.9903627737952696
2090,0.9963435468035818
2100,0.9921025703259178
2110,0.9923965101654260
2120,0.9889635125539319
2130,0.9905562207372997
2140,0.9886490238949907
2150,0.9887766718982474
2160,0.9830296739986961
2170,0.9766695773042708
2230,0.9805809575437593
2240,0.9736022345830174
2250,0.9754673909890891
2260,0.9761163383543340
2270,0.9816920440533125
2280,0.9730261335182466
2290,0.9787914026575345
2300,0.9835446029506011
2310,0.9823398358589120
2320,0.9831715070186615
2330,0.9828092992398409
2340,0.9792981458386371
2350,0.9771125638875663
2360,0.9804530763379927
2370,0.9893746608276088
2380,0.9866161684515354
2390,0.9831489237413207
2400,0.9910585734389181
2410,0.9935049212972202
2420,0.9863298033782549
2430,0.9879496908165468
2440,0.9876084099606371
2450,0.9919697479368481
2530,0.9905771195957720
2540,0.9757309275505545
2550,0.9634422574468640
2560,0.9465192280301065
2570,0.9496897835383795
2580,0.9385952384869540
2590,0.9430671964407855
2600,0.9426597915901078
2610,0.9447586528556022
2620,0.9429000729487191
2630,0.9464284990475625
2640,0.9566809581245335
2650,0.9655188043741423
2660,0.9726203940281507
2690,0.9771506654214721
2700,0.9755407024586625
2710,0.9781859096969782
2720,0.9783173300792481
2730,0.9726476239343353
2740,0.9791928784573649
2750,0.9809576835888792
2760,0.9792056956320068
2770,0.9782991966334335
2780,0.9739574580398264
2790,0.9731384179116420
2800,0.9814509730027737
2810,0.9840792536244614
2820,0.9761386452844674
2830,0.9809618866006726
2840,0.9780489860823501
2850,0.9801125790807385
2860,0.9879194851792253
2870,0.9933596500526394
2880,0.9854245746633450
2890,0.9874522766177366
2900,0.9910866439869374
2910,0.9972239476913785
2920,0.9944735712717185
2930,0.9995396079515471
2940,0.9910368661339527
2950,0.9931071823093982
2960,0.9887010841070084
2970,0.9983081362335821
2980,0.9938593338184001
2990,0.9931099463747494
3000,0.9896776849518657
3010,0.9880352013721108
3020,0.9880964588899825
3030,0.9884044694335966
3040,0.9890559512767009
3050,0.9853506831230401
3060,0.9823974308569715
3070,0.9791826424505579
3080,0.9839472526643613
3090,0.9798144202498431
3100,0.9824882803723879
3110,0.9752649973557977
3120,0.9778734628526916
3130,0.9733896856563834
3140,0.9739932510523258
3150,0.9738014387272276
3160,0.9804315592040316
3170,0.9718270023123945
3190,0.9801183127755182
3200,0.9797908970482678
3210,0.9735031735431328
3220,0.9757759592996764
3230,0.9748216318838389
3280,0.9599828230914383
3290,0.9567102759180847
3300,0.9594023514369496
3310,0.9587591836586149
3320,0.9531037923406738
3330,0.9527684644213630
3340,0.9520070918011742
3350,0.9574878836674023
3360,0.9599523866618623
3370,0.9572920689462426
3380,0.9898462896286627
3390,0.9854244234941774
3400,0.9815515306882981
3410,0.9822257160178322
3420,0.9824198993286093
3430,0.9898328636586253
3440,0.9862395410012621
3450,0.9932926411431900
3460,0.9913855043551184
3470,0.9882819610459960
3480,0.9944630001099014
3490,0.9952193468919815
3500,0.9925164642808862
3510,0.9921100357600143
3520,0.9856521495380377
3530,0.9903158118411244
3540,0.9964550629090727
3550,0.9964847406442031
3560,0.9961676255208086
3570,0.9888903546691949
3580,0.9955655206143732
3590,0.9901520423808245
3600,0.9873692100941946
3610,0.9883406169627060
3620,0.9971663429307425
3630,0.9978461781294089
3640,0.9996477986215830
3650,0.9883730419333673
3660,0.9974470665892378
3670,0.9912876834136407
3680,0.9968191457487471
3690,0.9907664006848614
3700,0.9899782272000381
3840,0.9884177911104858
3850,0.9961615054058985
3860,0.9892112641305487
3870,0.9920743884862122
3880,0.9879216567741116
3890,0.9947867060837495
3900,0.9907826206487181
3910,0.9878675493390838
3920,0.9901321030281524
3930,0.9908966791158296
3940,0.9878395571400349
3950,0.9873885609104052
3960,0.9898000867562015
3970,0.9854329852327549
3980,0.9916901711553728
3990,0.9931144949864100
4000,0.9893280321890253
4010,0.9839154452967501
4020,0.9932204384655913
4030,0.9847042119801174
4040,0.9863172062284418
4050,0.9841791288288593
4060,0.9915463197597735
4070,0.9912536842311785
4080,0.9833489680031267
4090,0.9852083020054229
4100,0.9872789043551259
4110,0.9842463667933953
4120,0.9783085695742210
4130,0.9728109164165374
4140,0.9545677497883983
4150,0.9478100286087382
4160,0.9491263749897554
4170,0.9410529537594307
4180,0.9364000862816958
4190,0.9370629824748331
4200,0.9404945999273758
4210,0.9404806179178623
4220,0.9457614611845816
4230,0.9490458553923530
4240,0.9627590982195512
4250,0.9681369612507023
4260,0.9777844635446176
4270,0.9723568150643923
4280,0.9763910107910390
4290,0.9815513833470754
4300,0.9777679729129295
4310,0.9723246177544049
4320,0.9723403167691921
