0,0.9852819917796400
10,0.9888832321646176
80,0.9996959153933408
90,0.9941229882757496
100,0.9918529644574580
110,0.9928037636461067
120,0.9877772582736405
290,0.9733528688754625
390,0.9428231638302125
400,0.9455784141929188
410,0.9408329946008125
420,0.9417824311004095
430,0.9469443423861444
440,0.9417599780609173
450,0.9616289301888437
460,0.9743787152665377
470,0.9750208139183087
480,0.9768088290635113
510,0.9708329392768934
540,0.9824210353293200
550,0.9832950205938844
560,0.9848079175707611
570,0.9845371754059467
580,0.9813240656268757
590,0.9886757303128564
600,0.9829173480474961
610,0.9915769619552641
620,0.9835021088481350
630,0.9898414749831600
640,0.9927140251278732
650,0.9943128898414926
660,0.9966321991426962
670,0.9972096663938340
680,0.9935958478158562
690,0.9922858112792665
700,0.9987621684716264
710,0.9880946366451702
720,0.9949923045718357
730,0.9930461553219473
740,0.9921214949234548
750,0.9991206041542058
760,0.9907106314706595
770,0.9924081004383257
780,0.9949817148062230
820,0.9913648198940125
830,0.9919642103158620
840,0.9900823505891628
850,0.9852714534764581
860,0.9888793841790655
870,0.9840282398521476
880,0.9917999717044739
890,0.9860110877670993
900,0.9876347802649833
910,0.9825541917936860
920,0.9827621341236059
930,0.9901455297163789
940,0.9857208418639101
950,0.9796134776216445
960,0.9845319297913643
970,0.9822074862134303
980,0.9786013263448408
990,0.9772741948012860
1000,0.9784830313898277
1010,0.9742408848716577
1020,0.9795751611392962
1030,0.9825699131146031
1040,0.9801221251079776
1050,0.9726706245953823
1060,0.9708865469269049
1070,0.9725912302330449
1080,0.9714777974267715
1090,0.9687031985949385
1100,0.9640591860124350
1130,0.9347612765965376
1140,0.9272396616823365
1150,0.9256364382587853
1160,0.9289505734317371
1170,0.9256034528286213
1180,0.9372507388855231
1190,0.9380618039600311
1200,0.9606224925520294
1210,0.9640794117533055
1220,0.9626877695263748
1230,0.9682990976576040
1240,0.9631412931973644
1250,0.9635016866988685
1260,0.9683167346338254
1270,0.9593371459088306
1280,0.9678567190780418
1290,0.9638590846930285
1300,0.9704611326861068
1310,0.9712104132811881
1320,0.9688186684581851
1330,0.9795084602098149
1340,0.9802324619612459
1350,0.9741828435949728
1360,0.9808180738505259
1370,0.9768756954443175
1380,0.9853173550875265
1390,0.9911447451685357
1400,0.9831689115919816
1410,0.9958108888054124
1420,0.9954368875112757
1430,0.9951729573007511
1440,0.9893359506661974
1450,0.9920678136679025
1460,0.9920614884466090
1470,0.9962833095113940
1480,0.9943006093329567
1490,0.9957090958428300
1500,0.9896689205745235
1510,0.9908346684029931
1560,0.9796711952100516
1570,0.9760919991818541
1580,0.9771655464899127
1590,0.9754874520733272
1600,0.9649371331341382
1610,0.9680831724296105
1620,0.9638782085266849
1630,0.9594454493531278
1640,0.9595414649352826
1650,0.9648852889807989
1660,0.9634572744928925
1690,0.9617079991574863
1720,0.9447718655704029
1730,0.9459183521936103
1740,0.9491138608807638
1750,0.9515197246307154
1760,0.9452116249111052
1770,0.9504410957273630
1840,0.9834141416247093
1850,0.9863212277310992
1860,0.9878271883370308
1870,0.9904687435943488
1880,0.9857579558561489
1890,0.9940927336492680
1900,0.9848744156518534
1910,0.9890538287064391
1920,0.9884856839863122
1930,0.9929370735358470
1940,0.9963505450391773
1950,0.9950087335180499
1960,0.9974924018393795
1970,0.9886805607474307
1980,0.9886458408882013
1990,0.9963058183742263
2000,0.9932785274960698
2010,0.9907953518290936
2020,0.9893608849243823
2030,0.9982887074649304
2040,0.9972636677667372
2080,0.9913162653635454
2090,0.9920493522163996
2100,0.9925616015352811
2110,0.9897328147154938
2120,0.9990886352839717
2130,0.9922439108329699
2140,0.9905222339493202
2150,0.9962196324662554
2160,0.9950844955209404
2280,0.9913669778948760
2290,0.9894209920625817
2300,0.9976019525255821
2320,0.9871599371757787
2330,0.9960904420919475
2340,0.9919740936476261
2350,0.9871463314673530
2360,0.9864091377675598
2370,0.9900333172094261
2380,0.9871396673830661
2390,0.9882631505841490
2400,0.9885122172511591
2410,0.9909905730622579
2420,0.9802639652132054
2470,0.9502150676718896
2480,0.9419149224700614
2490,0.9277777492453673
2500,0.9323167738297006
2510,0.9206405591821190
2520,0.9248127646679243
2530,0.9319554297608428
2540,0.9384025694466306
2550,0.9419132552709030
2560,0.9477181188169191
2570,0.9706010627215771
2580,0.9623269848951678
2590,0.9632192316952595
2600,0.9684026374849241
2610,0.9611590634334997
2690,0.9658984875693898
2700,0.9780612894926444
2710,0.9811742648319186
2720,0.9797785393500174
2730,0.9867360550961080
2740,0.9902052125658022
2750,0.9911015921172975
2760,0.9858643706019701
2770,0.9856519140293030
2780,0.9875567709320733
2850,0.9915785436465782
2860,0.9911747473938226
2890,0.9761843598238377
2900,0.9711873127111040
2910,0.9733004571359155
2920,0.9701575128889777
2930,0.9656246205707679
2940,0.9637587422927476
2950,0.9664953134106137
2960,0.9683096204911753
2970,0.9612680193660426
2980,0.9597645414770807
2990,0.9655181970747622
3000,0.9644681815198693
3010,0.9606367552068251
3020,0.9600114199280022
3030,0.9658604584367517
3040,0.9672236769808589
3180,0.9811648117295818
3190,0.9918595950994447
3200,0.9870138535404007
3210,0.9893847749433544
3220,0.9937963401807590
3230,0.9863194314944438
3330,0.9958071270126452
3340,0.9983675557095496
3350,0.9961846975411528
3370,0.9944482907330714
3380,0.9941346558945686
3390,0.9898163102359713
3400,0.9949744328538699
3410,0.9955116797298720
3420,0.9922998234059361
3430,0.9903139031837109
3440,0.9891858264655764
3480,0.9910520829292724
3490,0.9963062861369422
3500,0.9959608864358058
3510,0.9916536002052365
3520,0.9880918464097986
3530,0.9943650487067447
3540,0.9911745093064186
3550,0.9941929748912677
3560,0.9918280484153916
3570,0.9978284600015870
3580,0.9919497225067965
3590,0.9973592896819721
3600,0.9925326799910662
3610,0.9910928247027135
3640,0.9972640001658823
3650,0.9952717609778231
3660,0.9930885104006661
3670,0.9927391577560609
3680,0.9958034978544567
3690,0.9944497528063040
3700,0.9873292049147369
3710,0.9926557935161378
3720,0.9917584554705366
3730,0.9969897683562742
3740,0.9900592844339544
3750,0.9874841774038645
3760,0.9899012155953857
3770,0.9886668727105150
3780,0.9847190244970460
3790,0.9906283510623463
3800,0.9832287038800095
3810,0.9876453939056736
3820,0.9849028724157405
3830,0.9660970379804689
3840,0.9467165963691129
3850,0.9334227813119472
3860,0.9347176853555615
3870,0.9252295129665313
3880,0.9313485806701363
3890,0.9297196800084109
3900,0.9328326338301565
3910,0.9418261439411925
3920,0.9441202598797069
3930,0.9602018673497683
3940,0.9677546736551458
3950,0.9646765444648399
3960,0.9686428656400159
3970,0.9605561903831585
3980,0.9593442615260394
3990,0.9593044138881700
4100,0.9790670532070437
4110,0.9819265529007755
4120,0.9869843636548477
4130,0.9852068102108404
4140,0.9938407020622290
4150,0.9915819771029483
4160,0.9899460635571227
4170,1.0000000000000000
4180,0.9897308320573005
4190,0.9985886533931175
4200,0.9892359333046910
4210,0.9926929366922933
4220,0.9927130452916928
4230,0.9875590237116968
4240,0.9865917267255134
4250,0.9837533295759656
4260,0.9807540057042978
4270,0.9703021529332452
4280,0.9724720820166439
4290,0.9707612488878122
4300,0.9684665767672829
4310,0.9670996776371239
4320,0.9604348523473263
