10,0.9916173880553019
20,0.9951072720307303
30,0.9939520707618164
40,0.9938981815552449
50,0.9863870343286347
60,0.9837007657775748
90,0.9824059115575451
100,0.9782681957562829
110,0.9765693276805949
120,0.9852852571707242
130,0.9748355120002692
140,0.9741273354719023
150,0.9807971219364812
160,0.9829675867938031
170,0.9818812231316044
180,0.9809776325169565
200,0.9556925057884653
210,0.9504746081170506
280,0.9558908554170398
290,0.9515635109563469
300,0.9681677467268449
310,0.9753392841678449
320,0.9727323091263291
360,0.9777260834850489
370,0.9842508158720589
380,0.9836350304127072
390,0.9853277209633473
400,0.9822145161187550
410,0.9891086750145955
420,0.9889956194165034
430,0.9921295966501948
440,0.9919903957848543
450,0.9922056992218136
460,0.9939358319189194
470,0.9842557147773048
480,0.9899990357699729
490,0.9893452977647781
500,0.9968258970696336
510,0.9977715867324107
520,0.9982505179614107
530,0.9897449522046254
540,0.9892968324604100
550,0.9944223902241280
560,0.9978798814210625
570,0.9931043376431226
650,0.9962792448375978
660,0.9871255598107963
670,0.9918009929865138
680,0.9888627821342515
690,0.9964734458849078
700,0.9865157600706643
710,0.9894785841737138
720,0.9930636206562848
730,0.9903587630297868
740,0.9852507940202319
750,0.9877768460260155
760,0.9916018258873488
770,0.9853677008986187
780,0.9809888700021205
790,0.9906808894166035
800,0.9794730001364943
820,0.9849279792859280
830,0.9865368758881615
840,0.9828623122872129
850,0.9803781311432698
860,0.9849106337615304
870,0.9790314196863615
880,0.9790365132404137
890,0.9811049974796514
900,0.9822068999646155
910,0.9832297470311918
920,0.9741938312418450
930,0.9799751510126072
940,0.9787882761188583
950,0.9763538038811899
960,0.9747676716179460
970,0.9713326131846824
980,0.9746205623981582
990,0.9807513719683606
1000,0.9750608362878488
1010,0.9768711791388944
1020,0.9723944616136015
1030,0.9801902619796499
1040,0.9732716249542968
1050,0.9755573041828369
1060,0.9758975873170690
1070,0.9699108484573377
1080,0.9776741927035872
1090,0.9703671280202549
1100,0.9774599743423301
1110,0.9768200780138893
1120,0.9724529326144211
1130,0.9727917004205751
1140,0.9651206493086852
1150,0.9547107660603374
1160,0.9415867886613722
1170,0.9454071471729815
1180,0.9388903119043838
1190,0.9380399705053664
1200,0.9443383174486555
1230,0.9472188143334187
1240,0.9524867522832757
1250,0.9629652992979786
1310,0.9753051636532016
1320,0.9737432226821606
1330,0.9756776206343407
1530,0.9870306726414544
1540,0.9816780736046862
1550,0.9821183117225042
1560,0.9839158250495729
1630,0.9914882979793687
1640,0.9919542757956709
1650,0.9888701796528820
1660,0.9899654229782360
1670,0.9982179664543240
1680,0.9937037370047946
1690,0.9968126832327204
1700,0.9892153405699899
1710,0.9964983801699848
1720,0.9981667390972720
1730,0.9925927443138581
1740,0.9952266628374663
1750,0.9867986155074712
1760,0.9888953290173829
1960,0.9825101401626110
1970,0.9823686772282836
1980,0.9786918500408432
1990,0.9793885117115685
2000,0.9846554821874737
2010,0.9802462653013896
2020,0.9913297886403566
2030,0.9874232302715812
2040,0.9907837955129106
2050,0.9931687433163605
2060,0.9886975998988705
2070,0.9875729772575688
2080,0.9980872921247934
2090,0.9953991033418602
2100,0.9992464219353885
2110,0.9903606255887207
2120,0.9959351970719362
2130,0.9958182588466447
2140,0.9963072749314086
2150,0.9876214771613119
2160,0.9959331416979474
2170,0.9897223436273067
2180,0.9917930579689161
2190,0.9908410855510870
2200,0.9916418811243179
2210,0.9864853230362901
2220,0.9816671068072430
2230,0.9814521436592198
2240,0.9785296250010527
2250,0.9795027367595862
2260,0.9772851874180983
2270,0.9824444864826412
2280,0.9783205250383316
2290,0.9786041905163269
2300,0.9706044012556790
2310,0.9781927684619324
2320,0.9768428422713599
2330,0.9693823204575325
2340,0.9702929188496712
2350,0.9755439149247174
2360,0.9691558702058957
2370,0.9738825135270400
2380,0.9741215561257349
2390,0.9763991915865882
2400,0.9733908757431964
2410,0.9837204353114845
2420,0.9813510818394099
2430,0.9838152744275734
2440,0.9789518266168999
2450,0.9815995236298279
2460,0.9830692290000758
2470,0.9846038119353124
2480,0.9813264498322174
2490,0.9819280274446092
2500,0.9844793239833184
2510,0.9913645080394393
2520,0.9913321005721509
2550,0.9981267430541939
2560,0.9984128472456868
2570,0.9922171252217105
2580,1.0000000000000000
2590,0.9921260049964729
2600,0.9984187486946771
2610,0.9990241880226237
2620,0.9943070619185609
2630,0.9958745351615758
2640,0.9933055668348352
2650,0.9955510739188379
2660,0.9934902621871988
2670,0.9815116684707862
2780,0.9445769761477543
2790,0.9489510387190701
2800,0.9461346791572488
2860,0.9537577047138298
2870,0.9682501596569775
2880,0.9777623872806073
2890,0.9886791702813462
2900,0.9886604011938191
2950,0.9897419234460483
2960,0.9946336238112845
2970,0.9972777943475885
2980,0.9993867276730887
2990,0.9933968260307495
3000,0.9992863899150453
3010,0.9970415100147607
3020,0.9971524929326316
3030,0.9931321846319511
3040,0.9879795221306783
3050,0.9983167127217758
3060,0.9925314537064870
3070,0.9945637143043096
3080,0.9849384887591601
3090,0.9853341387433220
3100,0.9933562159382883
3110,0.9926659248449144
3120,0.9891903892155199
3130,0.9830688647027948
3140,0.9811402481231439
3150,0.9787257100675444
3170,0.9873295360010736
3180,0.9860968933495659
3190,0.9833543353431130
3200,0.9748149980961176
3210,0.9743936595847483
3220,0.9836855106858986
3230,0.9757254211646712
3430,0.9743846303603644
3440,0.9763543330312663
3450,0.9553693387312315
3470,0.9523417420993009
3480,0.9559002912512803
3490,0.9587134625851705
3500,0.9580320521257930
3510,0.9541091158227867
3520,0.9547874778498875
3530,0.9542592488387678
3690,0.9794156588947549
3700,0.9704240955936656
3710,0.9723024493415373
3720,0.9712567850325624
3730,0.9712076025034949
3740,0.9747438337631006
3750,0.9807099681612798
3760,0.9790604403436209
3770,0.9796712086821682
3780,0.9752493091470259
3790,0.9788904661452165
3800,0.9765007514897912
3810,0.9800423763595405
3820,0.9735323809589030
3830,0.9798881246333837
3840,0.9790258317926819
3850,0.9812310505840827
3860,0.9795052921298215
3870,0.9836358924931120
3880,0.9784878034191822
3890,0.9847654909232632
3900,0.9829651115151442
3910,0.9814148009630143
3920,0.9856499821836030
3930,0.9894827552338490
3940,0.9849562761211588
3950,0.9818186307428026
3960,0.9873894397555627
3970,0.9913709294209576
3980,0.9839428710953525
3990,0.9866348333398056
4000,0.9941549156299241
4010,0.9857559675275525
4020,0.9948838860720484
4030,0.9940674692325546
4040,0.9922415651921243
4050,0.9928493481665647
4060,0.9967852778466656
4070,0.9896962163770274
4080,0.9892391476500342
4090,0.9994195633238854
4100,0.9936872914280345
4110,0.9946766412498208
4120,0.9996755305176156
4130,0.9919034982695857
4140,0.9999841108629585
4150,0.9910417046297310
4160,0.9918585539271897
4170,0.9928966982547193
4180,0.9936508088470897
4190,0.9882928909897292
4200,0.9959582548786994
4210,0.9931768645097867
4220,0.9899011951639010
4230,0.9942599192925969
4240,0.9827302284605784
4250,0.9886976387955243
4260,0.9885533027798710
4270,0.9822067651285576
4280,0.9846077089870421
4290,0.9784735283379442
4300,0.9868509175329589
4310,0.9761121243752737
4320,0.9792482440837317
