70,0.9991839784630119
200,0.9827337101291157
210,0.9841637821394286
220,0.9725054984887858
230,0.9760658066191841
240,0.9692670857366941
250,0.9705332241879904
260,0.9757960291041122
270,0.9700670836295464
280,0.9690134199564994
290,0.9691905622695337
300,0.9698255536476181
310,0.9665069109211212
320,0.9666088442443095
330,0.9685357843116152
340,0.9535422500322929
350,0.9470174728865729
360,0.9470280914719137
370,0.9460079610831246
380,0.9405760257827672
390,0.9405215485781141
400,0.9361120609319136
410,0.9416238379708153
420,0.9453262225749992
430,0.9505448399939461
440,0.9540056639729135
450,0.9683255594886959
460,0.9728201215054988
470,0.9708485309767756
480,0.9735038016793093
490,0.9737979870890238
500,0.9799015109828140
510,0.9821577814441771
520,0.9727436228476649
530,0.9834668688222503
540,0.9760210837154728
550,0.9806493780463020
560,0.9820105590359794
570,0.9779354528332558
580,0.9883508813112074
590,0.9913912553032340
600,0.9889084262677378
610,0.9834498054645049
620,0.9858587128689200
630,0.9883790934397185
640,0.9902181753948355
650,0.9910956129402231
660,0.9916648821108732
810,0.9925983901262363
820,0.9990746868371828
830,0.9955531374192650
840,0.9892866933614004
850,0.9903756929375273
860,0.9950655211055224
870,0.9896126225066448
880,0.9941235160749954
890,0.9947308421248807
900,0.9875674217745443
910,0.9940330520031131
920,0.9935715743485709
1130,0.9807261522307333
1200,0.9518740790096528
1210,0.9506631827977995
1220,0.9488757776191347
1230,0.9482061113003732
1250,0.9476768076439332
1260,0.9593391258612504
1270,0.9587150509051042
1280,0.9583442768147667
1290,0.9596993715635157
1300,0.9649734547009838
1310,0.9670927146941143
1320,0.9704091400416905
1330,0.9668482827136536
1340,0.9672356600221595
1350,0.9705585182672811
1360,0.9706649302922159
1370,0.9748003383057772
1380,0.9749978544084662
1390,0.9743474979289533
1400,0.9823107415137942
1410,0.9846388027878589
1420,0.9890020613377941
1430,0.9870425657419384
1440,0.9865258369961817
1450,0.9895612067761159
1460,0.9948438870944468
1470,0.9927542183118629
1640,0.9734783484190643
1740,0.9688010601025702
1750,0.9645062123499222
1760,0.9617223181956489
1770,0.9481460172798526
1780,0.9403042730062464
1790,0.9447019625570584
1800,0.9399822990696722
1810,0.9389001010189219
1820,0.9405620824656714
1830,0.9405655522844281
1840,0.9466294956491196
1850,0.9460531522315643
1860,0.9581522744953986
1870,0.9713480291234032
1880,0.9718491544643900
1890,0.9745194869798164
1900,0.9842932707419986
1960,0.9886724425529200
1970,0.9859499912838822
1980,0.9885121639516439
1990,0.9815591529099789
2000,0.9838369413958036
2010,0.9842390819554621
2020,0.9891433778061323
2030,0.9859552826702537
2040,0.9905916979527167
2050,0.9902617509093121
2060,0.9932392504603653
2070,0.9908837946010483
2080,0.9922425180897214
2090,0.9848586542499326
2100,0.9831955487399758
2110,0.9936403159636208
2280,0.9876282896038927
2400,0.9910438966083771
2410,0.9997430261923935
2420,0.9912266518475622
2430,0.9910890349083070
2440,0.9868494099439232
2450,0.9975087630032445
2460,0.9955667785089991
2470,0.9955140368044033
2480,0.9856730500208298
2490,0.9865139228234473
2500,0.9833578488617027
2510,0.9917296631975289
2520,0.9805629321648983
2530,0.9825610239275717
2540,0.9810074070075248
2550,0.9834022443981714
2560,0.9838057066795025
2570,0.9794324370694715
2580,0.9666057857961456
2590,0.9522057175162023
2600,0.9526234320653454
2610,0.9583692020993653
2620,0.9480019458318502
2630,0.9523201843222315
2640,0.9496875001506231
2650,0.9583784307334947
2660,0.9558003301648621
2670,0.9484903137598917
2680,0.9497036665083128
2690,0.9692824590099964
2700,0.9686070015741671
2710,0.9612510657885549
3120,0.9647539823931389
3180,0.9664905165572255
3190,0.9477579787154218
3200,0.9430196169967020
3210,0.9391619095972372
3220,0.9421718094677910
3230,0.9447837324420504
3240,0.9446909982693664
3250,0.9387371368282895
3260,0.9435737930920928
3270,0.9409628063647510
3280,0.9494568377307686
3290,0.9534203766165673
3300,0.9653312911666466
3310,0.9687785674315490
3320,0.9725263376320769
3450,0.9798113701053173
3620,0.9924891454797470
3630,0.9907793359808742
3640,0.9961767112189134
3650,0.9914625720694676
3660,0.9929419773636089
3670,0.9903377610647014
3680,0.9969154161874813
3690,0.9956127071494850
3700,0.9991916826642480
3710,0.9993840958831521
3800,0.9911480812240834
3810,0.9950054289515599
3820,0.9831497609630498
3830,0.9915328493712008
3840,0.9863783709627055
3850,0.9875061633015368
4020,0.9511075183525938
4030,0.9569156748717995
4040,0.9547351665373872
4050,0.9498997931858396
4060,0.9504553411810790
4070,0.9585128239997665
4080,0.9487618697046382
4090,0.9531818517525548
4100,0.9569250875830833
4110,0.9587842842834621
4120,0.9649224182730405
4130,0.9628844290449685
4140,0.9718787817448334
4150,0.9664412988160274
4160,0.9696355446918393
4170,0.9708141851562424
4240,0.9866728514001782
4250,0.9875960846619989
4260,0.9847506684511558
4270,0.9900171309288331
4280,0.9851582473449951
4290,0.9907674614184896
4300,0.9871208918601746
