0,0.9250184352312756
10,0.9279887426458967
20,0.9284353961818836
30,0.9360861405058974
40,0.9331860557379512
70,0.9595500904572858
80,0.9641331584238051
90,0.9670908411555403
100,0.9703201808187092
110,0.9648242590879210
120,0.9701394761914131
130,0.9712363598134683
140,0.9746335872292379
150,0.9780211699304305
160,0.9753627520376661
170,0.9811420973616860
180,0.9859384347452000
190,0.9789473275632701
200,0.9898665294923357
210,0.9866247629571162
220,0.9830533994662264
230,0.9930671624743306
240,0.9949810167290843
250,0.9883952574406601
260,0.9941648594549275
270,0.9999394135177082
280,0.9944718191470368
290,0.9911955512890921
300,0.9956629498324752
310,0.9954349033187975
320,0.9976739291500873
330,0.9923325480124549
340,0.9943145896913270
350,0.9886418371290836
360,0.9866725412043955
370,0.9934887024472994
380,0.9931920136868257
390,0.9861068570364220
400,0.9881862930949922
410,0.9788149445827770
420,0.9875190375695617
430,0.9772707475373740
440,0.9820496415432923
450,0.9781624317411832
460,0.9799039716266948
470,0.9730282218240067
480,0.9658422367742695
490,0.9693426935056930
500,0.9668556971399328
510,0.9670410766020527
520,0.9658968893520171
530,0.9615809617186626
540,0.9667232889163054
550,0.9559882709579953
560,0.9641607798289729
570,0.9651780586996517
580,0.9565912440453898
590,0.9622086758482848
600,0.9600034929173298
610,0.9538566142441084
620,0.9560001104328423
630,0.9560690362834284
640,0.9620687046647182
650,0.9428200556514431
660,0.9446361266216396
670,0.9416992332952978
680,0.9414435395990708
690,0.9452625564595198
700,0.9454757170304045
710,0.9474879373590258
720,0.9411514857758931
730,0.9399657190275588
740,0.9411065007915829
750,0.9414675000507144
760,0.9464257499203713
770,0.9597395150102621
780,0.9593272575410164
790,0.9585819136930026
800,0.9665069089056192
810,0.9671787558438307
820,0.9589770990159020
830,0.9636433892896300
840,0.9615604118422810
850,0.9680651748489641
860,0.9691175924554529
870,0.9735291324386705
880,0.9654052366003213
890,0.9701396641383614
900,0.9674874893604936
910,0.9750324018472928
920,0.9788276729225089
930,0.9797734901162192
940,0.9770858259653898
950,0.9824915292519429
960,0.9812114005044679
1010,0.9792222410702307
1020,0.9803818407960121
1030,0.9871762691182272
1040,0.9852325932826292
1050,0.9862351258262750
1060,0.9846175825285390
1070,0.9874127002598002
1080,0.9886449148880674
1090,0.9950468430862747
1100,0.9933230627409874
1110,0.9923698805874461
1120,0.9904511111054803
1130,0.9928965428313814
1140,0.9942101473740317
1150,0.9980381239684130
1160,0.9927808838372371
1170,0.9946132892413844
1180,0.9993805978710237
1190,0.9977718782947028
1200,0.9942175443437441
1210,0.9940570358041428
1220,0.9908957967549153
1230,0.9964389426996570
1240,0.9874579017058924
1250,0.9865940206633833
1260,0.9824161086972050
1270,0.9810183854819492
1290,0.9734169392755588
1300,0.9709789073658718
1310,0.9792852974335218
1320,0.9717851528203977
1330,0.9649981924227651
1340,0.9654900836022760
1350,0.9605799263515815
1360,0.9407375445649765
1370,0.9384979442916886
1380,0.9256976421523007
1390,0.9347137310673842
1400,0.9236137369654657
1440,0.9423977931274895
1450,0.9612978682287578
1460,0.9655061796104477
1470,0.9599384811408513
1480,0.9639059465169830
1490,0.9687914109035647
1500,0.9731966121271438
1510,0.9788304037361814
1520,0.9760286839933913
1530,0.9794472297679055
1540,0.9837546927916954
1550,0.9897689964795432
1560,0.9909051708317828
1570,0.9857154526783553
1580,0.9860547571010125
1590,0.9899229233320247
1600,0.9926273955943838
1610,0.9926023253894888
1620,0.9891834472013095
1630,0.9944568822296712
1640,0.9930716949851369
1650,1.0000000000000000
1660,0.9984739862186630
1670,0.9919664866047581
1680,0.9958767947721732
1690,0.9867006565128522
1700,0.9854658971707674
1710,0.9863820603349167
1720,0.9884107413946710
1730,0.9885869806737770
1760,0.9792759677104192
1790,0.9802964941850356
1800,0.9767999765412211
1810,0.9714458437181932
1820,0.9802124925556751
1830,0.9723913375348681
1840,0.9675876240780961
1850,0.9747092353970186
1860,0.9756966393485836
1870,0.9632574636234644
1880,0.9715518816271819
1890,0.9718136745426845
1900,0.9622007710125422
1910,0.9670275329767669
1920,0.9592666835537468
1930,0.9676587690157719
1940,0.9585679703483547
1950,0.9611140315864902
1960,0.9619630937216332
1970,0.9573099280093033
1980,0.9619074057894482
1990,0.9649664957061049
2000,0.9572249676636009
2010,0.9635087804098509
2020,0.9598570692551642
2030,0.9470164252573988
2040,0.9480718289281409
2050,0.9474106315858076
2060,0.9459245703103628
2070,0.9483788195096245
2080,0.9466756692522018
2090,0.9493702662447365
2100,0.9460296487589881
2110,0.9482801304074713
2120,0.9488783145904079
2130,0.9504463540066909
2140,0.9442963443802771
2150,0.9485007785695219
2160,0.9599762011692742
2170,0.9527812709953853
2180,0.9550399119748537
2190,0.9602537288636762
2200,0.9551002736191101
2210,0.9523605577560790
2220,0.9612405538581457
2230,0.9632410050255035
2240,0.9543210848523151
2250,0.9564553502004431
2260,0.9573935442419229
2270,0.9636919689837562
2280,0.9604302797464441
2290,0.9636045352569366
2300,0.9665400980900987
2310,0.9707090830534395
2320,0.9695506807716466
2330,0.9703682239222965
2340,0.9653877081075437
2350,0.9676294065671630
2360,0.9778193115320341
2370,0.9772505521160917
2380,0.9789421801166796
2390,0.9843733558187437
2400,0.9756163374468039
2410,0.9828858927194319
2430,0.9828544269733446
2440,0.9907919402561378
2450,0.9891087227760273
2460,0.9910350418271706
2470,0.9897392757894433
2480,0.9952329089578127
2490,0.9915658149343023
2500,0.9928700028328887
2510,0.9969554537180094
2520,0.9939888331063579
2530,0.9990476574395973
2540,0.9974106957940587
2550,0.9976477272941389
2560,0.9960783322945129
2570,0.9887025594817688
2580,0.9924197861602581
2590,0.9909566811559872
2600,0.9918083450667462
2610,0.9856772496167916
2620,0.9773496285131178
2630,0.9824543037388266
2640,0.9818591382781332
2650,0.9703850107933941
2660,0.9756576183789503
2670,0.9705238869687406
2680,0.9635609591271503
2690,0.9671151640005005
2700,0.9603777429330821
2710,0.9584507634406113
2720,0.9596036030938236
2730,0.9569481409908230
2740,0.9596275531043658
2750,0.9420022631534756
2760,0.9296695435634091
2770,0.9308439900730178
2780,0.9266413356262002
2790,0.9310465411672558
2800,0.9266410747064039
2810,0.9280900375765344
2820,0.9349861751204033
2830,0.9369197964234657
2840,0.9577444604884312
2850,0.9659018690164023
2860,0.9645536712003258
2870,0.9657463018143727
2880,0.9699935255189653
2890,0.9723870158465834
2900,0.9752334916737825
2910,0.9792514989402163
2920,0.9766451098750186
2930,0.9846938058867031
2940,0.9807488964624350
2950,0.9844324265463514
2960,0.9788516302106277
2970,0.9885377684755821
2980,0.9892388481480403
2990,0.9848239835292953
3000,0.9963871008346278
3010,0.9879184933805315
3020,0.9922326436313035
3030,0.9920270143647052
3040,0.9960680628330433
3050,0.9998737900532896
3060,0.9890407408543193
3070,0.9927055134262593
3080,0.9923485678169420
3090,0.9920865171867357
3100,0.9957015201082721
3110,0.9993244766065037
3120,0.9959677883635120
3130,0.9945964515446015
3210,0.9888692524914774
3220,0.9851552402145933
3230,0.9773860971282454
3240,0.9750823210899912
3250,0.9796514107168506
3260,0.9729434385313622
3270,0.9780851420579253
3280,0.9722996102093250
3290,0.9740602754944825
3300,0.9665378888135380
3310,0.9684054450712242
3320,0.9633201552596173
3330,0.9654706261353266
3350,0.9640848157074036
3420,0.9446320557927308
3430,0.9421443144408771
3440,0.9418094040820548
3450,0.9438208428271456
3460,0.9469539994561255
3470,0.9504243295037489
3480,0.9507278085042504
3490,0.9465661715177851
3500,0.9433066322552723
3510,0.9402204049820279
3520,0.9445476376823391
3530,0.9537780954235194
3540,0.9553831227331594
3550,0.9613747978985631
3560,0.9588525978217218
3570,0.9603921243456703
3580,0.9623118026439488
3590,0.9692067179578058
3600,0.9676030669141800
3610,0.9653514864945225
3620,0.9685781703336087
3630,0.9667561888350198
3640,0.9679187940379789
3650,0.9780691931311450
3660,0.9800876705148210
3670,0.9807152141537554
3680,0.9822524201786729
3690,0.9785279187756487
3700,0.9775332456999127
3710,0.9862129001097532
3720,0.9872782270838065
3730,0.9877815753585871
3740,0.9898825826796502
3750,0.9899431621673009
3760,0.9863254095300580
3770,0.9828731594657949
3780,0.9938314476318980
3790,0.9883927881860955
3800,0.9883470495078547
3810,0.9957349716487259
3820,0.9939738198829619
3830,0.9944898011014947
3840,0.9970098638342700
3850,0.9960113245937173
3860,0.9914360982476611
3870,0.9950195261149730
3880,0.9972920385667748
3890,0.9985737376253280
3900,0.9931354542609040
3910,0.9968393517458148
3920,0.9983457736029029
3930,0.9924382662382917
3940,0.9888869738135642
3950,0.9963671842780302
3960,0.9976219229578427
3970,0.9916826054190264
3980,0.9870056326601840
3990,0.9945366644735423
4000,0.9880352889137740
4010,0.9862049224848278
4020,0.9826057249175464
4030,0.9844331199273120
4040,0.9782137626565396
4050,0.9808799385017553
4060,0.9795626505873598
4070,0.9808271293659404
4080,0.9723579094419013
4090,0.9763036068354166
4100,0.9677679066122716
4110,0.9660835007780959
4120,0.9672872467773045
4130,0.9655852712464843
4140,0.9466961482241673
4150,0.9354609818937096
4160,0.9326824855877813
4170,0.9309515531885247
4180,0.9324532135338175
4190,0.9333786025630439
4200,0.9356801976371620
4210,0.9333650901559456
4220,0.9452955731959637
4230,0.9512714987580246
4240,0.9596209768679214
4250,0.9656687414378947
4260,0.9637186527134410
4270,0.9664891044813282
4280,0.9673930086731276
4290,0.9700411134827199
4300,0.9682781473254941
4310,0.9801401605658407
4320,0.9761435235694276
