0,0.9869908046884976
10,0.9906603527838707
20,0.9891572353957389
30,0.9907123855903907
40,0.9817950978499117
50,0.9864119905148537
60,0.9871559952034581
70,0.9868209942922405
80,0.9829278101581234
90,0.9754612777542209
100,0.9789150118145377
110,0.9822958655408779
120,0.9791278112358035
130,0.9799145078256394
140,0.9748957223498584
180,0.9563922557721692
190,0.9575257673128804
200,0.9563200612839781
210,0.9557607577856846
220,0.9622484505476507
230,0.9589612340438034
240,0.9539031777330366
250,0.9605777103046816
260,0.9654998276094655
270,0.9787372287168501
280,0.9822081060750161
290,0.9724716615602383
300,0.9788426618994726
310,0.9846881183878425
320,0.9796383706590021
330,0.9762985346990074
340,0.9781591828261530
350,0.9800323268037622
360,0.9889993814108318
370,0.9840384173638825
380,0.9902461469933279
390,0.9898987835989826
400,0.9930071123679945
410,0.9943072461178911
420,0.9910136008660261
430,0.9890693724914797
440,0.9933447489091379
450,0.9949851774902500
460,0.9964568942191264
470,0.9975098250690354
480,0.9949428983152541
490,0.9892057633034060
500,0.9946662927386759
510,0.9898588266169546
520,0.9959485591932051
530,0.9885959049036630
540,0.9883119549745955
550,0.9900325367742944
560,0.9902483777976394
570,0.9987718369420957
600,0.9901481489774679
610,0.9927960760971623
620,0.9861750084564134
630,0.9880092464099312
640,0.9893859693337146
650,0.9916608810028416
660,0.9891592848477936
670,0.9818133933605663
680,0.9914042942760651
690,0.9808223102797456
700,0.9890180572542218
710,0.9810057360084066
720,0.9818251698953672
730,0.9771837180219004
740,0.9801003437494278
750,0.9770586811328869
760,0.9836651299433458
770,0.9862232143147235
780,0.9776793708971000
790,0.9845018584922063
800,0.9789601931326805
810,0.9842733969766696
820,0.9767839271205473
830,0.9824951869407448
880,0.9769546135164469
890,0.9764935544639901
900,0.9770350704585847
910,0.9752454482445430
920,0.9769185956895846
930,0.9745596349854483
940,0.9779970466495821
950,0.9719236579582211
960,0.9721635489181077
970,0.9739682696109413
980,0.9713832646131076
990,0.9565438731729338
1000,0.9547512841630847
1010,0.9496018523928665
1020,0.9434629692846986
1030,0.9435352849933231
1040,0.9415730090283868
1050,0.9463521060628782
1060,0.9505767464260328
1070,0.9481982203767235
1080,0.9594273460945969
1090,0.9574646371420300
1100,0.9725396131015049
1110,0.9776592844333019
1120,0.9732308340749988
1130,0.9758571753459861
1140,0.9793691398543234
1150,0.9725170413883292
1160,0.9778837191663067
1170,0.9710015637298931
1180,0.9710663247158063
1190,0.9702684522583694
1200,0.9752858484675148
1210,0.9784904777701040
1220,0.9786729376434081
1340,0.9811348448135292
1350,0.9856750560032833
1360,0.9854341845419742
1370,0.9926477223901123
1380,0.9861882366430819
1390,0.9860820105222641
1400,0.9921941449216640
1410,0.9946701737263551
1420,0.9880988448436236
1430,0.9888543423811712
1440,0.9898330321765756
1450,0.9890252535729755
1460,0.9940149759329152
1470,0.9915827756985753
1480,0.9922048548800571
1490,0.9983315101295629
1500,0.9987905006380188
1510,0.9939544441533269
1520,0.9919023388988656
1530,0.9862783555997369
1540,0.9856554037137455
1550,0.9852717135081940
1560,0.9887094387748295
1650,0.9538832665840433
1660,0.9614205535969695
1670,0.9600039466115828
1680,0.9606432427083553
1690,0.9646062913802620
1700,0.9565197221339933
1710,0.9722630162537201
1720,0.9781515016981971
1730,0.9773771956371072
1740,0.9809139598483687
1750,0.9876078982432245
1760,0.9899458141138354
1770,0.9937622723027344
1780,0.9960693503131377
1790,0.9890980661407147
1800,0.9976229244666656
1810,0.9900187878796970
1820,0.9985086788854339
1830,0.9932078037227878
1910,0.9852699675883748
1920,0.9833024880943484
1930,0.9865127359608031
1940,0.9815943200231780
1950,0.9886354453736546
1960,0.9867020264501305
1970,0.9804058909167382
1980,0.9858534268585998
1990,0.9762021657228902
2000,0.9736676229109761
2010,0.9773597605949864
2020,0.9821862104023835
2030,0.9809532491045653
2050,0.9720004476367980
2060,0.9697060870528194
2070,0.9743704662389922
2080,0.9760653342773516
2090,0.9776536358766890
2100,0.9687306553041442
2110,0.9777833000210578
2120,0.9800841305069445
2130,0.9737831829302082
2140,0.9774853221603188
2150,0.9779365107255205
2160,0.9814309977450939
2170,0.9827471036810844
2180,0.9785977056995880
2190,0.9828963436233856
2200,0.9757170773508845
2210,0.9821690711031229
2220,0.9833357520265736
2230,0.9845563526384556
2240,0.9789429940706876
2250,0.9807181091030335
2260,0.9881474761913401
2270,0.9896907757397012
2280,0.9929854574791940
2290,0.9937521769365376
2300,0.9911003776820053
2310,0.9874443040354106
2320,0.9884845448011990
2330,0.9872620964120995
2340,0.9932127595210194
2350,0.9922814678467261
2380,0.9981611698247191
2390,0.9966138733931408
2400,0.9917224969310552
2410,0.9958987578921217
2420,0.9896507276392064
2430,0.9866270675445856
2440,0.9626913701617344
2450,0.9516796455417653
2460,0.9524434227295886
2470,0.9442449627710309
2480,0.9421397925269026
2490,0.9391378658917626
2500,0.9412437741893324
2510,0.9491211835597106
2520,0.9496370495822111
2610,0.9736708032562199
2620,0.9710577009827747
2630,0.9734846640112780
2640,0.9769909047005276
2650,0.9808254853771654
2660,0.9838009318625158
2670,0.9803632220070797
2680,0.9808124972359478
2690,0.9863712585143731
2700,0.9825947221399294
2730,0.9931304484982214
2740,0.9879880220227913
2750,0.9944637676729968
2760,0.9987190149886138
2770,0.9946009351536884
2780,0.9955595902522153
2790,0.9901438526552548
2800,0.9968114238799111
2810,0.9914187128776907
2820,0.9924347163581665
2830,0.9858180813107738
2840,0.9938141895670630
2850,0.9925787316583614
2860,0.9842860861707181
2870,0.9873954748198108
2880,0.9808457964551139
2890,0.9773288700773349
2900,0.9795134812701479
2910,0.9764011130538350
2920,0.9716831418588618
2930,0.9765900547304311
2940,0.9731786026409852
2950,0.9708118098277685
2960,0.9783322690314986
3030,0.9730770256306274
3070,0.9562014150452666
3080,0.9558773232248130
3090,0.9646257031812235
3100,0.9601614613203737
3110,0.9587259850067917
3120,0.9631947227553953
3130,0.9626431095311113
3140,0.9545916790283291
3150,0.9572850022046898
3160,0.9815482975312800
3170,0.9793928777003822
3180,0.9860176544588242
3190,0.9889020776569158
3200,0.9777107511957598
3210,0.9832007635287597
3220,0.9861706365900663
3230,0.9843260443616613
3240,0.9802708936314083
3250,0.9811067600011660
3260,0.9814232729387667
3270,0.9816294053860994
3280,0.9922325880846929
3290,0.9837181647589873
3300,0.9832215254907728
3310,0.9922031879950263
3320,0.9913315108825013
3330,0.9854738076815701
3340,0.9897383292473667
3350,0.9880754482225927
3360,0.9944510467564768
3370,0.9893571073076443
3380,0.9899673418967906
3390,0.9878902879057725
3400,0.9856264115315542
3420,0.9932742291253173
3430,0.9890879587796553
3440,0.9868317464329006
3450,0.9948564429047461
3460,0.9867439812190155
3480,0.9987847745560018
3490,0.9944565740398287
3500,0.9984033074181105
3510,0.9963794801245894
3520,0.9879765058169558
3530,0.9926842813388517
3540,0.9972014606301915
3550,0.9985008887872636
3560,0.9914809675958856
3570,0.9901035915224278
3580,0.9906624925859401
3590,0.9938470885091986
3600,0.9925930681666240
3690,0.9957449763024631
3700,0.9859962169153463
3750,0.9865563343814560
3760,0.9840391978751870
3770,0.9906464830666631
3780,0.9844044458609348
3790,0.9850571500468970
3800,0.9893944276195025
3810,0.9854209444004968
3820,0.9786610883313190
3860,0.9785907079542469
3870,0.9811692376184921
3880,0.9636853243362118
3890,0.9549163857731844
3900,0.9493958644752746
3910,0.9528977926361770
3920,0.9416067402803677
3930,0.9467631735197143
3940,0.9447813136410367
3950,0.9515346754156311
3960,0.9537515239847248
3970,0.9519454057348520
3980,0.9557152538011238
3990,0.9698031745914921
4000,0.9773534615814791
4100,0.9811894531733040
4110,0.9811098919770697
4120,0.9792244181835640
4130,0.9881012810178584
4210,0.9946396065529051
4220,0.9920537424865827
4230,0.9987977161054237
4240,0.9918319911082693
