0,0.9703812309013036
280,0.9948256915873660
290,0.9893974948268979
300,0.9926597149326380
310,0.9920884335550453
320,0.9955033769770411
330,0.9863300716231598
340,0.9887676778271454
350,0.9834453439554293
360,0.9903101567491345
1060,0.9945313802088599
1070,0.9948501911478655
1080,0.9972997704107459
1090,0.9982907799260926
1100,0.9917936175453198
1110,0.9983775685799877
1120,0.9919705048069444
1130,1.0000000000000000
1140,0.9909526442967906
1150,0.9991711206495693
1160,0.9935105199298996
1170,0.9969915799058687
1180,0.9900704407806717
1190,0.9916988498675986
1200,0.9938510576064596
1210,0.9895363238579254
1220,0.9912694800118989
1230,0.9915951717717886
1240,0.9918150681904628
1250,0.9923713570717991
1270,0.9857594903871874
1280,0.9856783197510692
1290,0.9869868370991032
1300,0.9711147763837271
1310,0.9640745892359193
1320,0.9625157822566451
1330,0.9640164475148418
1450,0.9781867763335368
1460,0.9702226067296665
1470,0.9722730854796596
1500,0.9784256459503741
1510,0.9855374149663598
1520,0.9812339198317770
1530,0.9838888509330991
1540,0.9939113322234661
1550,0.9936111644256084
1560,0.9902776242834519
1660,0.9896208142406530
1670,0.9913405015259379
1890,0.9709616843155784
1900,0.9789576281024204
1910,0.9732458023022313
1920,0.9835385352615943
1930,0.9822363310530018
2100,0.9865243837894623
2110,0.9945550521462030
2470,0.9896255035525396
2510,0.9884365726399021
2520,0.9954518451271206
2530,0.9942756476409009
2550,0.9952610687899233
2560,0.9919771569291198
2570,0.9922229955388685
2670,0.9964671210623994
2680,0.9910198262539486
2690,0.9948441226598206
2700,0.9890307111656728
2710,0.9704703154026860
2720,0.9582376583083617
2730,0.9570046028554459
2740,0.9622474106526612
2750,0.9594423960820527
2760,0.9628409257189604
2770,0.9630051847692448
2780,0.9534638629707581
2790,0.9645583073835267
2800,0.9656076602358501
2810,0.9816647024459508
3050,0.9895822845206032
3060,0.9981840935178534
3070,0.9940584452884252
3080,0.9965858660204994
3090,0.9904796236489229
3230,0.9774355342243313
3240,0.9774072793130221
3250,0.9721648098068314
3260,0.9809115322342333
3710,0.9981019922144573
3720,0.9891171570706503
3730,0.9933570471162032
3740,0.9916502228208600
3750,0.9912531068544088
3760,0.9960796287719627
3770,0.9894615531766026
4130,0.9641274914701541
4140,0.9596801305643835
