0,0.9893724724477090
10,0.9907365240215841
20,0.9885398088373458
30,0.9922918095936936
40,0.9944519618422295
50,0.9913923938017390
60,0.9979315345944956
70,0.9972948732225231
80,0.9951622942772291
140,0.9926499122742767
150,0.9924538572682635
160,0.9867374779895378
170,0.9898957496908208
180,0.9914364934925096
190,0.9915899199542707
200,0.9822274905935640
210,0.9844071494109262
220,0.9794587384040181
230,0.9745261059765935
240,0.9797667634346904
250,0.9816747835947256
260,0.9802961796354474
270,0.9727994325666673
280,0.9768608698009064
290,0.9711103923966998
300,0.9640937802837253
310,0.9699752470270774
410,0.9533789788947433
420,0.9526978440772235
430,0.9537122250621529
440,0.9474670120385698
450,0.9462367318070241
460,0.9487346524193888
470,0.9593621783578345
480,0.9699208004079334
490,0.9662181899110843
500,0.9700021479377752
510,0.9695039360310002
520,0.9752922006528287
530,0.9759383988670283
550,0.9778723788201464
560,0.9755714340871031
570,0.9860216504717294
580,0.9788660460158237
590,0.9793715752576779
610,0.9874860416912583
620,0.9898001793109074
630,0.9874013255078042
640,0.9824262804099904
650,0.9949878232373199
660,0.9859228408035138
670,0.9940703100424181
680,0.9955263198430697
690,0.9970738340524723
700,0.9970953816424606
710,0.9887776642752397
720,0.9916237682267146
730,0.9979814630884598
740,0.9952348238108709
750,0.9884172219035035
760,0.9982885215180632
770,0.9930528417375231
780,0.9937052032847050
790,0.9958004697843832
800,0.9972494548225739
810,0.9944640235014374
820,0.9913346537376091
830,0.9937636325524796
840,0.9913899818222830
850,0.9981732036204672
860,0.9936499174116048
870,0.9993681026073442
880,0.9905485849216278
890,0.9973568160370432
900,0.9907057104724039
910,0.9888125280938307
920,0.9911465483697887
930,0.9966804613074502
940,0.9905621238914477
950,0.9854651289811441
960,0.9852056863067141
970,0.9845897034462753
980,0.9930881689831175
990,0.9830570114408991
1000,0.9848080889592449
1010,0.9894370204513798
1020,0.9853570995286147
1030,0.9852295699097442
1040,0.9854643824531939
1050,0.9808817322315212
1060,0.9795999012194304
1070,0.9886410311923459
1080,0.9790778873318690
1090,0.9793402369229400
1100,0.9822617406672535
1110,0.9851760421499111
1120,0.9838967702997778
1130,0.9770879427865734
1140,0.9743582342418688
1150,0.9786547315335251
1160,0.9747025226006973
1170,0.9666057025997941
1390,0.9771297430898048
1400,0.9734185419876532
1410,0.9793220709046971
1420,0.9862768431196881
1430,0.9784221207744072
1440,0.9897183461681283
1450,0.9832965933956874
1460,0.9945771052063556
1470,0.9898551432441758
1490,0.9909256541394568
1500,0.9905845329251391
1510,0.9889272298560442
1520,0.9975667170500944
1530,0.9938216247976577
1540,0.9929495834489903
1550,0.9923291717137264
1560,0.9852292245675208
1570,0.9823727609852311
1580,0.9852027091567510
1590,0.9783620450803998
1600,0.9798545646170934
1610,0.9728643046131322
1620,0.9787722402342158
1630,0.9723029156336639
1640,0.9685571207620582
1650,0.9703075843636747
1660,0.9723234416820494
1670,0.9651335425200338
1680,0.9652755839155964
1690,0.9646424007424039
1700,0.9586494896862826
1710,0.9583840442264147
1720,0.9685304984729860
1730,0.9610189417188369
1870,0.9536902044437007
1880,0.9476397550655128
1890,0.9706881019671594
1900,0.9846586466555963
1910,0.9778752122254295
1920,0.9819685243117248
1930,0.9797944235204172
1940,0.9875747790544980
1950,0.9805139960995939
1960,0.9858656346547402
1970,0.9794415748692759
1980,0.9801112198476637
1990,0.9829225439705945
2000,0.9868651013325481
2010,0.9851965142771588
2020,0.9907061477170988
2030,0.9926041122678376
2040,0.9897739654055128
2050,0.9920223065561840
2060,0.9840436239530228
2070,0.9921767360782365
2080,0.9865650635970689
2090,0.9880017283855939
2100,0.9867691971601628
2110,0.9849934579530799
2120,0.9865212604250038
2130,0.9908649152563881
2140,0.9883393113236726
2150,0.9942348512116554
2160,0.9926542251088891
2170,0.9880783959690217
2180,0.9900741472573532
2190,0.9920034171458663
2200,0.9977476339795769
2210,0.9881046184929618
2220,0.9902393267496007
2230,0.9899476695818804
2240,0.9921773202996027
2250,0.9965772421627686
2260,0.9935949339467699
2270,0.9917368520760222
2280,0.9973455105821344
2290,0.9878374681405668
2300,0.9932555178858992
2550,0.9905519523783576
2570,0.9789219480479413
2580,0.9860678295181262
2590,0.9692720195397437
2600,0.9529364110009646
2610,0.9382155606207744
2620,0.9436088006680824
2630,0.9353831293143925
2640,0.9370160139597066
2650,0.9300944130640170
2660,0.9356708546490856
2670,0.9377613923390474
2680,0.9494461939420965
2690,0.9528402438365802
2700,0.9593747393776347
2710,0.9605551695596342
2720,0.9642569927172787
2730,0.9622669829512829
2740,0.9647611699899215
2750,0.9685247159020196
2760,0.9634041607910308
2770,0.9695082138703628
2780,0.9697733339635513
2790,0.9779077920402728
2800,0.9742551577320016
2810,0.9772160501917057
2820,0.9808382929520191
2830,0.9842917936427142
2840,0.9906762824333610
2850,0.9863487577486811
2860,0.9897296440551748
2870,0.9973100510052634
2880,0.9886442796545285
2890,0.9900020427024787
2900,0.9996622061455357
2910,0.9954532525390120
2920,0.9894477817856155
2930,0.9961379437191223
2940,0.9941337291526587
2950,0.9873356568243913
2960,0.9886950076907884
2970,0.9852768021851547
2980,0.9812104403591414
2990,0.9832526836594109
3000,0.9795462006084397
3010,0.9721606210828495
3020,0.9703230803139007
3030,0.9670201557746746
3050,0.9745018475989233
3060,0.9721459716159440
3070,0.9686054499932435
3080,0.9681362559123331
3090,0.9679593949940376
3100,0.9647588535663145
3110,0.9674090142630100
3120,0.9651599581311108
3130,0.9647744663939308
3140,0.9641859551388570
3150,0.9594809242884508
3160,0.9628221298231949
3170,0.9665953010693721
3180,0.9668578824514957
3190,0.9665169518742026
3200,0.9547932260991140
3260,0.9484615856400573
3270,0.9460502217980663
3280,0.9546016459113423
3290,0.9473505032043151
3300,0.9512539986373399
3310,0.9643324905092874
3320,0.9661171991153984
3330,0.9703716069475252
3340,0.9765459801627432
3350,0.9735865428465089
3360,0.9725595760921179
3370,0.9770256737801383
3380,0.9720524358026689
3390,0.9739077018920873
3400,0.9695785082370818
3410,0.9703202980802635
3420,0.9769517074766024
3430,0.9785638934940322
3440,0.9742438909540317
3450,0.9817970020172002
3560,0.9801236082148417
3570,0.9812103959988552
3580,0.9867339751304959
3590,0.9866963592199400
3600,0.9886223438574663
3610,0.9860188306846122
3640,0.9905442159677165
3650,0.9875061141920736
3660,0.9924874552695524
3670,0.9896961615774477
3680,0.9897016273405620
3690,0.9911736507220359
3700,0.9919440292149722
3710,0.9958527321411195
3720,0.9903745327114456
3730,0.9950907372180813
3740,0.9937106787386328
3750,0.9897587627588128
3760,0.9995971617887870
3770,0.9997580602926304
3780,0.9991998224087828
3790,0.9990651195952355
3800,0.9968599764551790
3810,0.9958131403672510
3820,0.9899535705225537
3830,0.9902735478536220
3840,0.9979817148466240
3850,0.9880471665416077
3860,0.9949006249927741
3870,0.9850376388965276
3880,0.9859014363075326
3890,0.9911089197350139
3900,0.9813970249490344
3910,0.9861087992815248
3920,0.9871474225085879
3930,0.9792562823019390
3940,0.9807816836429875
3950,0.9819458308649738
3960,0.9768651101435818
3970,0.9763070721388419
3980,0.9678791813523905
3990,0.9734209922577313
4000,0.9706197687889214
4010,0.9652040824928804
4020,0.9450636962783131
4030,0.9451421956861594
4040,0.9439485126452195
4050,0.9318727170943910
4060,0.9423357793994197
4070,0.9371935567101668
4080,0.9432068414160442
4290,0.9919020713741679
4300,0.9913662236259685
4310,0.9888353934335047
4320,0.9999146644268501
