0,0.9585938198546463
10,0.9728638021437037
20,0.9794473382158888
30,0.9793694566644878
40,0.9766623949860110
50,0.9817903715026014
60,0.9830611272762245
70,0.9817492882167200
80,0.9798741349450197
90,0.9765752927456595
100,0.9793087015910520
110,0.9874210865151066
120,0.9824484990485152
130,0.9886060454564245
140,0.9846134908677568
150,0.9935173100550057
160,0.9953676136080899
170,0.9946375893966392
180,0.9878465678531273
220,0.9896145641905085
230,0.9899335169306094
240,0.9917452620437671
250,0.9898225945572099
260,0.9928975027070671
270,0.9936727514899490
280,0.9984642034601193
350,0.9845534886244302
360,0.9855931191679917
370,0.9897704770902505
380,0.9829700039521294
390,0.9815920808465146
400,0.9817295005465912
410,0.9873222193341836
570,0.9635936796433507
580,0.9575739902614050
590,0.9577384319833127
600,0.9686298165022034
610,0.9729177175778636
620,0.9732031867961023
630,0.9745511157132499
670,0.9789773703091899
680,0.9860684808071396
690,0.9848628095391965
700,0.9829290940795754
710,0.9856493358957761
720,0.9905751615765844
730,0.9936343162844483
740,0.9939613220714437
750,0.9857553964739296
760,0.9931639381966277
1130,0.9424564512877015
1140,0.9447502977945466
1150,0.9447697843025061
1240,0.9743627101639867
1250,0.9843697438254246
1260,0.9880151899407938
1270,0.9785807324822212
1280,0.9857209975127034
1290,0.9866397359610750
1350,0.9938673431688502
1560,0.9835028898431858
1570,0.9800283257741371
1580,0.9854386486814949
1590,0.9790819881296965
1610,0.9776513661330880
1620,0.9765706800064240
1670,0.9581819038252450
1680,0.9595998556554454
1690,0.9576470186563083
1700,0.9539896708676004
1710,0.9560269934668915
1720,0.9596773309719063
1730,0.9599564185690290
1740,0.9645296809150896
1750,0.9579688080988565
1760,0.9553159424435682
1770,0.9673904956305853
1780,0.9762964648069622
1790,0.9764492561848302
1800,0.9819596428106833
1810,0.9757617678060538
1820,0.9833227595366488
1830,0.9773252955311107
1840,0.9850788494057066
1850,0.9881680824164583
1860,0.9842286443679121
1870,0.9843163395487734
1880,0.9829832513974618
1890,0.9814328034409368
1900,0.9871071565587299
1910,0.9863710214139167
1920,0.9922716078255657
1930,0.9926532050802450
1940,0.9899933920779894
1950,0.9868191369400441
1960,0.9886930172092605
1970,0.9883016495568877
1980,0.9925752595573002
1990,0.9957967171027600
2000,0.9999970060915238
2010,0.9967382011479937
2020,0.9990734087700632
2030,0.9906804065500742
2040,0.9895682691718820
2080,0.9899117101654080
2090,0.9910468728652094
2100,0.9909751258622569
2110,0.9899803349472941
2120,0.9837820210153421
2130,0.9870555115755696
2140,0.9819337247876966
2150,0.9824607326925893
2160,0.9828786438211211
2170,0.9868836961694268
2180,0.9852656166301984
2190,0.9775568628796422
2200,0.9770107594883828
2210,0.9818951419745721
2220,0.9767245335503253
2280,0.9442316219608407
2290,0.9463499489753844
2300,0.9442055894828348
2310,0.9433163744608032
2320,0.9499419315603810
2330,0.9440137310353385
2340,0.9579041467087701
2350,0.9671541369899302
2360,0.9767424752319516
2370,0.9769237272612195
2380,0.9785893213584026
2390,0.9777381694448635
2400,0.9752889669442061
2410,0.9821098960436940
2420,0.9847404616777310
2430,0.9789474344021171
2440,0.9879952877072216
2450,0.9892374557344558
2460,0.9843772173337253
2470,0.9883247500697265
2480,0.9893163913213457
2570,0.9920344746168885
2580,0.9984957421798244
2590,0.9921073692791448
2650,0.9887476810679307
2660,0.9916232795146522
2670,0.9933319079952098
2680,0.9867918941787507
2690,0.9867312738531443
2700,0.9835464901320427
2710,0.9934732646784685
2720,0.9872568733508684
2730,0.9840453058382005
2740,0.9799153794787857
2750,0.9850196428454847
2760,0.9881683762531454
2770,0.9756596577012199
2780,0.9802610336748712
2790,0.9803776910882301
2800,0.9742000087733155
2810,0.9796225125770111
2820,0.9784541726473985
2900,0.9633324732885563
2910,0.9611214377382697
2920,0.9597083018659258
2930,0.9575914285773708
2940,0.9704967495476091
2950,0.9784846327570078
2960,0.9713484122241978
2970,0.9836922851979152
2980,0.9809497079529087
2990,0.9742349713537037
3000,0.9750077415967283
3010,0.9872574011410363
3020,0.9789935192828123
3030,0.9833495438496926
3040,0.9895076462031577
3090,0.9897978378870825
3100,0.9872947775523548
3110,0.9958674374962295
3120,0.9897142605056807
3130,0.9972622285023608
3140,0.9916320783872224
3150,0.9902491127353751
3160,0.9967508283141483
3170,0.9943107450378461
3180,0.9948365639288227
3190,0.9944764666530115
3200,0.9968092767696929
3210,0.9939488732962415
3220,0.9978284560476043
3230,0.9929244960407917
3240,0.9949394652426206
3250,0.9922487110327040
3260,0.9931807480476293
3270,0.9845038982748628
3300,0.9826190535795033
3310,0.9900038354601174
3320,0.9884135029737920
3330,0.9865917103835511
3340,0.9877333147798243
3350,0.9871194265365815
3360,0.9808543086788561
3370,0.9839606585525140
3380,0.9794145981537501
3390,0.9807519745546990
3580,0.9786923189422982
3590,0.9856841825676123
3600,0.9784234082447493
3610,0.9828690737295288
3620,0.9884657064047174
3630,0.9812918754020470
3640,0.9857892501840175
3650,0.9832129027372932
3660,0.9929548277552090
3670,0.9951102054120688
3680,0.9896132276043340
3690,0.9891673485348875
3770,0.9891855568654365
3780,0.9897966171989654
3790,0.9981455351810341
3800,0.9882837417331889
3810,0.9965275378649951
3820,0.9955865256547869
3830,0.9976552820924131
3980,0.9812152443517312
3990,0.9809016976421611
4000,0.9710008474886617
4010,0.9664077675423952
4020,0.9609011125872038
4030,0.9645348516946284
4040,0.9647042212621029
4150,0.9772350654536769
4160,0.9823067207205642
4170,0.9806707483857406
4180,0.9848910388962028
4190,0.9869443479830389
4200,0.9890859100872736
4210,0.9885310571916172
4220,0.9798205517876865
4230,0.9813723596939268
4240,0.9927186687270063
4250,0.9854843335721288
4260,0.9878619110725650
4270,0.9854793225229171
4280,0.9965257454363691
4290,0.9909967002242135
4300,0.9920245578365074
4310,0.9881870679670862
4320,0.9973791165188801
