80,0.9983134966484117
90,0.9960271836103536
100,0.9902872399373193
110,0.9904786383549748
120,0.9896141630913270
130,0.9892770309798238
140,0.9945480657148661
150,0.9896776894373696
160,0.9958058394679057
170,0.9880326796467815
180,0.9853106768864741
190,0.9894142128184817
200,0.9852877436026427
640,0.9983536672232380
650,0.9950213128185768
660,0.9984756384549409
670,0.9930757038546829
680,0.9971184006815463
690,0.9896173239695408
700,0.9983307016923467
710,0.9976765338539724
720,0.9969230999207102
730,0.9891800728282304
740,0.9890192915839757
750,0.9968984157472579
760,0.9870889306693631
770,0.9943564402611421
780,0.9938241803593847
790,0.9909402227958617
800,0.9817933376933314
810,0.9863106960614338
820,0.9878598234353353
830,0.9788963306130427
840,0.9806296759062365
850,0.9765657318289047
860,0.9771388508162121
870,0.9708280988658344
880,0.9747531209819144
890,0.9749827983160392
900,0.9728855200395593
1050,0.9733828877324873
1060,0.9724825553647056
1070,0.9752594118514859
1080,0.9681350225985459
1090,0.9736609738404469
1100,0.9711862405449374
1110,0.9789490188543194
1120,0.9783836427128036
1130,0.9825032667600125
1140,0.9809231287573317
1150,0.9879568877971189
1160,0.9856115169620954
1170,0.9807304750142044
1180,0.9883492772931110
1190,0.9940508260762889
1200,0.9893751230781426
1210,0.9915300789138940
1220,0.9971922029471675
1290,0.9896344367110332
1300,0.9950867548551204
1310,0.9988771234533735
1430,0.9785775333515089
1440,0.9745197495901412
1450,0.9746403602429561
1460,0.9753205265786431
1470,0.9737026552344761
1480,0.9744030759563949
1490,0.9698006550047111
1500,0.9671073518841801
1510,0.9714972991273141
1520,0.9608175769461120
1530,0.9530295792394540
1540,0.9574004216865603
1550,0.9588370362534355
1560,0.9511735924403272
1570,0.9567688201158050
1600,0.9593745847476320
1610,0.9569074873610207
1620,0.9593057377880319
1630,0.9640785735657986
1640,0.9659568689829066
1650,0.9735409789820462
1660,0.9735226063155649
1670,0.9746490080821125
1680,0.9794690783874707
1690,0.9739290837919429
1700,0.9721966312447314
1710,0.9736382337874251
1720,0.9767190105090038
1730,0.9864403258682953
1740,0.9863027889246541
1750,0.9818706583088183
1760,0.9835402780977323
1770,0.9880009769146889
1780,0.9949221049907805
1790,0.9886251090278744
1800,0.9859223799251889
1810,0.9960869137399955
1820,0.9958971050834343
1830,0.9972714535463121
1840,0.9896532709017436
1850,0.9898428176812288
1860,0.9954947164298988
1870,0.9967926532898133
1880,0.9994400094559098
1890,0.9925070794002701
1900,0.9987251622529423
1910,0.9878070587090872
1920,0.9862454977270818
1930,0.9858427358495294
1940,0.9948268002935483
1950,0.9834339421073152
1960,0.9917765205280217
1970,0.9829892249358038
1980,0.9812929315784927
1990,0.9873928489522984
2000,0.9834577264358870
2010,0.9830272733209411
2020,0.9756970572268239
2030,0.9773805903039413
2040,0.9771077271019164
2050,0.9677524188829515
2060,0.9730833697228012
2070,0.9741629920609913
2080,0.9704997751246046
2090,0.9732695458271921
2100,0.9706541782516539
2110,0.9484129756507543
2120,0.9484523981815287
2130,0.9440146155079874
2140,0.9372350798035231
2150,0.9472179183477376
2160,0.9432757874242877
2360,0.9837635501392501
2390,0.9922577898189507
2400,0.9927396083167361
2410,0.9935495178924066
2460,0.9885446578153465
2470,0.9961668820251394
2480,0.9983214941828816
2490,0.9884469395261229
2500,0.9925358942818134
2510,0.9889078819255581
2520,0.9919034028806319
2530,0.9931211472796404
2540,0.9891676614615620
2550,0.9889525149428693
2560,0.9902502488805202
2570,0.9831123897408578
2580,0.9843961122183199
2590,0.9770161696106930
2600,0.9833837402925570
2610,0.9782700347101007
2620,0.9795012509603880
2630,0.9766149562280078
2640,0.9715357447422143
2650,0.9667262271769440
2660,0.9647100228785734
2670,0.9641174898361619
2680,0.9687525202737912
2690,0.9587329607694188
2700,0.9604638881578114
2710,0.9533497421814262
2780,0.9585146611396387
2790,0.9599790676834636
2800,0.9630380062784373
2810,0.9659374244294524
2820,0.9662233134662243
2830,0.9675444146410113
2840,0.9690612069152725
2850,0.9759110108281471
2860,0.9734718382608597
2870,0.9767594912822543
2880,0.9820612919148259
2890,0.9809848976957093
2900,0.9794427310413203
2910,0.9821184802139091
2920,0.9816814771483375
2930,0.9908797966466812
2940,0.9851888283745683
2950,0.9949499783006304
3090,0.9957599114355409
3100,0.9918475534053908
3110,0.9842500219941547
3120,0.9906274734638960
3130,0.9852048451419979
3140,0.9838386980995445
3150,0.9866372680667103
3160,0.9827770133392880
3170,0.9811116493937356
3180,0.9748810591689450
3190,0.9809381474661854
3290,0.9430678881278896
3300,0.9441231562136216
3310,0.9465692136077776
3320,0.9414086898851571
3330,0.9395462958979870
3340,0.9475754614848496
3350,0.9481249067586340
3360,0.9518574090080610
3370,0.9620636133563630
3460,0.9739605676512693
3470,0.9795558285704663
3480,0.9857859939025687
3490,0.9847869588291152
3500,0.9878104700404912
3550,0.9898246347412467
3560,0.9929075988107057
3570,0.9903517675541276
3580,0.9923310655378853
3590,0.9957683257181078
3600,0.9984445170469984
3610,0.9932460571299278
3620,0.9991400092713507
3630,0.9958136653215695
3640,0.9956305830722076
3650,0.9875838906713140
3660,0.9924759971407826
3670,0.9901407000367249
3680,0.9897732401314998
3690,0.9938592678081537
3700,0.9873523770258956
3710,0.9921507678142957
3720,0.9866220753406543
3730,0.9810304690175404
3740,0.9845306256535059
3750,0.9839277705362550
3760,0.9805066266494186
3770,0.9802890072312287
3780,0.9748921777651951
3790,0.9730475685324851
3800,0.9792707460721227
3810,0.9708648738201184
3820,0.9761434827883456
4010,0.9714849777827647
4020,0.9720023046737396
4030,0.9803027126494183
4040,0.9730240833854249
4050,0.9734680405789241
4060,0.9794703600624781
4070,0.9792564211839648
4080,0.9782860859367757
