40,0.9654987505819702
50,0.9723881821056928
60,0.9600464756750369
70,0.9578235372710140
80,0.9553873694651979
90,0.9527090866541147
100,0.9507881866629225
110,0.9514078732965991
120,0.9528708741017810
130,0.9568682366785843
140,0.9598149631683722
250,0.9772251358859717
260,0.9796279785615978
270,0.9871190763030592
280,0.9858638498418243
290,0.9861036784674652
300,0.9920525483526228
730,0.9467194493199956
740,0.9549936073369376
750,0.9624525209261603
760,0.9726747237126789
770,0.9751431690572157
780,0.9742022320768436
790,0.9731651835867827
800,0.9777800256326329
810,0.9795304816189685
820,0.9818582499444775
830,0.9741102605235724
840,0.9846283186775491
850,0.9829337693374804
860,0.9799862405211315
870,0.9816834967275060
880,0.9864299346867277
890,0.9825889030706656
900,0.9839719109189350
1130,0.9782107115463666
1200,0.9702769594344556
1210,0.9742558532122068
1220,0.9648255888443850
1230,0.9655404059710287
1240,0.9533801175003415
1250,0.9513694725674762
1260,0.9516318061278098
1270,0.9571907027489867
1280,0.9606543294476175
1290,0.9520839326422728
1300,0.9617637765930241
1310,0.9556547537259584
1470,0.9809556987350946
1480,0.9890053784605579
1490,0.9867680075576477
1500,0.9891401087531128
1510,0.9906711647600807
1520,0.9947532386006365
1530,0.9889922527968614
1540,0.9927525870706589
1550,0.9882289768126065
1560,0.9925263012652087
1570,0.9931534228588682
1580,0.9928096264515351
1590,0.9938427247032731
1600,0.9993170361304401
1610,0.9975555062347626
1620,0.9877022093712987
1630,0.9880824029287960
1640,0.9943793326428196
1650,0.9923117863015970
1660,0.9891601587900187
1670,0.9861154832022272
1680,0.9917482330178147
1690,0.9831442438672879
1700,0.9781757464131660
1710,0.9803792053493768
1720,0.9790915477428790
1730,0.9738140828689680
1740,0.9793699039871661
1750,0.9810196114930352
1760,0.9766315773644224
1770,0.9778700271946179
1910,0.9590919203212395
1920,0.9677196791009800
1930,0.9708201000136071
1940,0.9671758548293394
1950,0.9721488053294710
1960,0.9700450029540429
1970,0.9748915714119517
1980,0.9762799810183223
1990,0.9786372488056092
2000,0.9796992919332497
2010,0.9822274294301053
2020,0.9798322486891569
2030,0.9859176009171641
2040,0.9822265507775094
2050,0.9825737358120108
2070,0.9866602687209132
2080,0.9953180181181757
2090,0.9921182836210456
2100,0.9949652792299993
2110,0.9880722694172447
2120,0.9924992340155971
2130,0.9961679599947461
2140,0.9949561250743268
2150,0.9916733489773522
2160,0.9987451147417895
2170,0.9899495603607471
2180,0.9928557068643301
2190,0.9970118886207080
2200,0.9948344894214456
2210,0.9937405602896239
2220,0.9959171469666378
2230,0.9867873712509579
2240,0.9844162660186276
2250,0.9935664362090060
2260,0.9872824817486722
2270,0.9851497818397986
2280,0.9875623570898715
2290,0.9856082167752536
2300,0.9873465205426563
2310,0.9753129649764595
2320,0.9818883396117351
2330,0.9724357373774954
2420,0.9534257073837186
2430,0.9608578611916874
2440,0.9601022348253516
2450,0.9578535423763149
2460,0.9550138105974723
2470,0.9587694074312230
2480,0.9593327702145320
2490,0.9585557899586424
2500,0.9623171537483003
2510,0.9666107727932207
2520,0.9760555253929920
2530,0.9769446671597394
2540,0.9768929162356066
2550,0.9699164776458478
2560,0.9716991933347563
2570,0.9807842343644969
2580,0.9796976423830508
2590,0.9757723727683296
2600,0.9851942510785522
2610,0.9820686536831106
2620,0.9780552326732808
2630,0.9854114021725522
2640,0.9854492623534128
2650,0.9847336925519969
2870,0.9871964750971336
2880,0.9808627796197973
2890,0.9794829918887619
2900,0.9761444034001842
2910,0.9737964509386509
2920,0.9798388762978262
2930,0.9782997861050056
2940,0.9776851404197116
2950,0.9692934563468906
2960,0.9767877790769837
2970,0.9742182468974903
2980,0.9669564925359965
2990,0.9610591937597299
3000,0.9470412239477681
3010,0.9511145232895336
3020,0.9456388993184365
3030,0.9383051480110388
3040,0.9431985008188886
3050,0.9470243483952265
3060,0.9461796764962440
3070,0.9508444966413498
3170,0.9843486570199272
3180,0.9800621765161743
3190,0.9821111368433271
3200,0.9838952236903019
3210,0.9803736958010478
3220,0.9825721596987986
3230,0.9813536791176414
3240,0.9880476670708449
3360,0.9879175413321125
3370,0.9949196099342544
3380,0.9884016130759244
3390,0.9931995779894550
3400,0.9906011729992675
3410,0.9915496849460396
3420,0.9902936587901924
3430,0.9823674682939955
3440,0.9907853860067868
3450,0.9845696454856848
3460,0.9822031105627527
3470,0.9767400403430114
3480,0.9793550316032464
3490,0.9751591272574742
3500,0.9809199165042120
3510,0.9708708129355154
3520,0.9735298855501890
3530,0.9749602857789956
3540,0.9750192206505911
3550,0.9741447188889055
3560,0.9650151006893182
3570,0.9621126949366642
3580,0.9536031725689228
3590,0.9549993034924208
3600,0.9513076404675480
3610,0.9574393218692783
3620,0.9517494461718286
3770,0.9817138155169197
3780,0.9817515600359420
3790,0.9863675926609611
3800,0.9878339274303455
3810,0.9845143189015324
3820,0.9841382236440916
3830,0.9872564618196202
3840,0.9921676673638059
3850,0.9941447489190259
3860,0.9873014283595691
3870,0.9941548197635001
3880,0.9887801585221975
3890,0.9977215204266519
3900,0.9961965687405629
3910,1.0000000000000000
3920,0.9939878135364509
3930,0.9930524318192635
3940,0.9959617054465407
3950,0.9922203374923199
3960,0.9897264825483112
3970,0.9881589351441804
3980,0.9908409649196301
3990,0.9949009153105880
4000,0.9883528064151998
4010,0.9889211037086479
4020,0.9808216837924848
4030,0.9811606713184384
4040,0.9862759568021704
4050,0.9793039366155598
4060,0.9846263632849100
4070,0.9828409390841083
4080,0.9724127181974908
4090,0.9763564355411114
4100,0.9775586026069206
4110,0.9699788597860980
4230,0.9499418797004809
4240,0.9509086774128959
4250,0.9532793830716704
