0,0.9927301237045141
10,0.9950626834053045
20,0.9884170038162070
70,0.9977697689302287
80,0.9945082417793896
90,0.9924764159303222
100,0.9957114893214274
110,0.9983512058842116
120,0.9965808685920646
130,0.9935957495456254
140,0.9904490184575644
150,0.9907723198146637
160,0.9912535849461780
170,0.9856308602801074
180,0.9901173939077349
190,0.9855943632083726
200,0.9925092859617887
210,0.9906439504669321
220,0.9814127105310755
230,0.9832818530094014
240,0.9805639262814668
250,0.9895219180061648
260,0.9866500476247091
270,0.9869273821725321
280,0.9771691406758364
400,0.9538735625401236
410,0.9513468370329543
420,0.9571794909437892
430,0.9567594755697583
440,0.9560294490052222
450,0.9542134156638190
460,0.9587714957019410
470,0.9747816507305401
480,0.9766346479317076
490,0.9773550538574249
500,0.9824416785001997
510,0.9788562771535388
520,0.9772268233128435
530,0.9782994886580433
540,0.9837813170765214
550,0.9809970957325184
560,0.9849050036940833
570,0.9838488925560779
580,0.9806969384252442
590,0.9817387363258552
600,0.9892017482988438
610,0.9838298325495837
620,0.9929620798393393
630,0.9862885540436024
810,0.9950062832536228
820,0.9889603770703362
860,0.9870393787497147
870,0.9867133142157307
880,0.9900791367379257
890,0.9874845194173160
1050,0.9397948308158466
1060,0.9319122762278662
1070,0.9334258616665518
1080,0.9366809960328270
1090,0.9397403828940286
1100,0.9517695571669234
1110,0.9666913629365604
1120,0.9731667423441723
1130,0.9742821659623349
1140,0.9726606059497519
1150,0.9781575643324010
1160,0.9828041920282445
1170,0.9840638385814257
1180,0.9740294222305867
1210,0.9789636818608908
1220,0.9794102056123538
1230,0.9871245117923871
1350,0.9894940038089552
1360,0.9945634710084403
1370,0.9950928136367508
1380,0.9994395220351576
1590,0.9804404765459281
1600,0.9778568087930347
1610,0.9740322560804557
1620,0.9748774077498330
1630,0.9706172451159725
1640,0.9793649048400219
1650,0.9749974034631345
1660,0.9537656500946883
1670,0.9583871868937526
1870,0.9873791800648927
2140,0.9931180319879840
2150,0.9864718077405674
2300,0.9737548690536564
2310,0.9531692906514369
2320,0.9514843391641840
2330,0.9448995718185579
2340,0.9386017604519712
2350,0.9419274961420098
2360,0.9362179750571441
2370,0.9426170564315456
2380,0.9423550489876656
2390,0.9465297681036451
2400,0.9592432487166386
2410,0.9669603709367165
2420,0.9744775899593330
2430,0.9758906341732373
2440,0.9809193178913670
2450,0.9744260019612074
2460,0.9758467665059800
2470,0.9806161584761137
2480,0.9775040815956166
2490,0.9789589185379277
2500,0.9877018130436499
2510,0.9835853451113974
2520,0.9817967620298776
2530,0.9839624905263585
2540,0.9857529013640346
2550,0.9865216009527029
2560,0.9873945491677711
2570,0.9907596361698940
2580,0.9845039067212417
2590,0.9914604308378422
2600,0.9864543010852638
2610,0.9951105708715000
2620,0.9917772231874296
2630,0.9876774757512501
2640,0.9892548693194279
2650,0.9951979161938123
2660,0.9885179930807722
2670,0.9947738271191672
2680,0.9915822583129941
2690,0.9928101343782536
2700,0.9968469200002567
2710,0.9989349730718968
2720,0.9992646960905271
2840,0.9803925723343346
3010,0.9541773749091378
3020,0.9483396759296110
3030,0.9546452798550096
3040,0.9578352303777274
3050,0.9541955258181833
3060,0.9743035508919392
3070,0.9727275969240660
3080,0.9785732841727134
3090,0.9750498914279597
3100,0.9721101383405863
3110,0.9839520779025459
3250,0.9937173834585946
3260,0.9964264018598653
3300,0.9883040282015517
3310,0.9992970397608427
3320,0.9926353769382608
3330,0.9975870614895046
3470,0.9877491319020765
3480,0.9882721471525859
3490,0.9858544399651294
3500,0.9856988218485587
3510,0.9815757944521003
3530,0.9807402095495927
3540,0.9817334495666525
3550,0.9786579972777991
3560,0.9755487508355378
3570,0.9801065809607628
3580,0.9788121728814603
3590,0.9762535335077421
3600,0.9711569994188538
3610,0.9560026900211864
3620,0.9405101134662184
3820,0.9876887320697502
3830,0.9812072496132608
3840,0.9883116250329033
3850,0.9816933541868922
3860,0.9911055300747766
3870,0.9870696518489097
3880,0.9935181355641822
3890,0.9950022813109650
3900,0.9874445354925233
3910,0.9976546298364938
3920,0.9944834445172426
3930,0.9880070079052343
3940,0.9897696237414233
3950,0.9911340900877539
3960,0.9916540666750514
3970,0.9992274640948545
3980,0.9991528811432672
3990,0.9885423180786910
4000,0.9954880274216567
4010,0.9918992204958583
4020,0.9917402568252063
4030,0.9905602785976866
4040,0.9900879112819803
4050,0.9925928053536945
4060,0.9921260068338119
4070,0.9865424784489686
4080,0.9911955015983402
4090,0.9890354434233746
