0,0.9888045881925438
20,0.9915159065174909
30,0.9896250628808027
40,0.9927367499939763
50,0.9867367292307260
60,0.9831518683425698
70,0.9798365841405660
80,0.9814493328838456
90,0.9858169738845981
100,0.9747131059850170
110,0.9749491266274113
120,0.9786008693260435
130,0.9735904475992273
140,0.9692170167424738
150,0.9682889716804699
160,0.9654691362267774
170,0.9713315380046035
180,0.9723073918797448
190,0.9684613510139830
200,0.9708975829955033
210,0.9681531865558841
220,0.9590175598950171
230,0.9427300868946955
240,0.9444915982007909
250,0.9382440765948772
260,0.9351402086213537
270,0.9410893177591881
280,0.9425867354338878
290,0.9448266998692656
300,0.9364291169083893
330,0.9592386553261449
340,0.9705490336958660
360,0.9719540843219405
370,0.9706560056587026
380,0.9735344058290716
390,0.9682121587019183
490,0.9898911106823978
500,0.9909331230202478
510,0.9898806190019743
520,0.9852652123450809
530,0.9951751228425277
540,0.9949434409946391
550,0.9978897253635108
560,0.9940265634977471
570,0.9977150285599388
580,0.9979906048672386
590,0.9945656099387745
600,0.9966896749513454
610,0.9899338221999644
630,0.9914121124810028
640,0.9977049541423040
650,0.9888987513727852
660,0.9871119304403990
670,0.9939526168054585
680,0.9844576013201735
690,0.9836768344837011
700,0.9825747159002470
710,0.9857922497977035
720,0.9791814140312181
730,0.9813442070710081
860,0.9579371734773724
870,0.9514233622974683
900,0.9564496819461439
1030,0.9760749679540063
1040,0.9700021874047532
1050,0.9745505864733389
1060,0.9759290488350817
1070,0.9735492644445963
1080,0.9769077424716638
1090,0.9832672346566936
1100,0.9816330218660643
1110,0.9860506169820732
1120,0.9819361922002651
1130,0.9821008475429807
1140,0.9883918750724461
1150,0.9833465619187878
1160,0.9868259008759221
1170,0.9930508156812187
1180,0.9953462409795214
1190,0.9971777462727807
1200,0.9910556499649743
1210,0.9949040712370625
1220,0.9934693091671247
1230,0.9975030070576962
1240,0.9937977790864245
1250,0.9899399408312975
1260,0.9981791166515699
1270,0.9971439090277852
1280,0.9889937187832637
1290,0.9931558848941305
1300,0.9895850361977300
1310,0.9919928476183376
1320,0.9930043477015537
1330,0.9918900209786267
1440,0.9781284739456468
1450,0.9701859321259595
1460,0.9649050904018552
1470,0.9651860055085457
1480,0.9680438467253434
1490,0.9644871833188914
1500,0.9624760099582850
1510,0.9620841588098770
1520,0.9502103705039702
1530,0.9480030026153105
1540,0.9352677796135046
1550,0.9437718352445594
1560,0.9409968675995031
1570,0.9338299323734649
1580,0.9361631808031132
1590,0.9364246296970545
1600,0.9415739626209974
1610,0.9504088800237380
1620,0.9566917853407312
1630,0.9641249088326737
1640,0.9609171789718988
1710,0.9732564109192074
1720,0.9773942932954985
1730,0.9828946267972164
1740,0.9773821279556741
1750,0.9856917939248371
1760,0.9776944569860611
1770,0.9905706394298456
1780,0.9830853426215983
1790,0.9919294429819783
1800,0.9859812695883969
1880,0.9992107157292655
1890,0.9964349333706771
1900,0.9926428558826829
1930,0.9924976371503554
1940,0.9963164616395227
1950,0.9908648991329729
2010,0.9859799914824452
2020,0.9814170084961523
2040,0.9861063652960432
2050,0.9818282010979276
2060,0.9758029079235209
2070,0.9706780861601665
2080,0.9692193831443096
2090,0.9726761195250602
2100,0.9710281465631174
2110,0.9738587667291413
2120,0.9653987768634583
2130,0.9718392771239720
2140,0.9625736211880577
2150,0.9612987360336001
2160,0.9586030302830040
2170,0.9517268138668785
2180,0.9510959245767581
2190,0.9550476332258921
2200,0.9493589048906504
2210,0.9568608055106292
2220,0.9564898434531269
2230,0.9484664067209143
2240,0.9468919660576991
2250,0.9502215964172656
2260,0.9528362076882092
2270,0.9619213677345498
2280,0.9604663544373840
2290,0.9675132186142169
2300,0.9641542223570591
2310,0.9673340858088788
2320,0.9639865276599510
2330,0.9665450587090690
2340,0.9752700599917810
2350,0.9745180180432933
2360,0.9786664774224221
2370,0.9736883998160596
2380,0.9789355655508269
2390,0.9785673180311361
2400,0.9788039605519714
2410,0.9857107167636648
2420,0.9795605896585858
2430,0.9869306363600026
2440,0.9925894589146429
2450,0.9915389092047681
2460,0.9857503009336502
2470,0.9889560939136854
2480,0.9961136769878800
2490,0.9908761152829750
2500,0.9937638066992249
2510,0.9975623935117646
2520,0.9968843112161824
2530,0.9972600988311461
2540,0.9919876372772108
2550,0.9936729758985748
2560,0.9971115274487101
2570,0.9953124835413093
2580,0.9940731129445188
2590,0.9972219728690566
2600,0.9976560960113239
2610,0.9900421012705358
2620,0.9845053072940467
2630,0.9893942038557089
2640,0.9903941104678079
2650,0.9890136444525547
2660,0.9789973944370429
2670,0.9776198861300277
2680,0.9858960674513136
2690,0.9746970510772540
2700,0.9834935005150375
2760,0.9680062574879208
2770,0.9632879229438396
2780,0.9636312913349361
2790,0.9669287141199103
2800,0.9669268577302469
2810,0.9589815124449446
2820,0.9501238490522872
2850,0.9339074343247552
2860,0.9397489062968593
2870,0.9348395842696504
2880,0.9333602637041182
2890,0.9401131799136310
2900,0.9472005639585609
2910,0.9502919415593589
2920,0.9599697166389517
2930,0.9631771216551315
2940,0.9690098096347671
2950,0.9667288179236539
2960,0.9637339241127081
2970,0.9708628843016407
2980,0.9688252574053864
2990,0.9725847725784815
3000,0.9767195888594119
3010,0.9758213104826868
3020,0.9722904314512598
3030,0.9835104780663010
3040,0.9866584774031065
3050,0.9879011304774898
3060,0.9819678662283660
3070,0.9808413974316554
3080,0.9838428394621339
3090,0.9922754272348758
3100,0.9911518812575446
3240,0.9907792348328950
3250,0.9868534891028478
3260,0.9960047560761520
3270,0.9948742165276057
3280,0.9867594217707865
3290,0.9829368338621806
3300,0.9870511379901336
3310,0.9883184706245682
3320,0.9782828625205482
3330,0.9789746978066445
3340,0.9852417054840974
3350,0.9833938321112798
3360,0.9810565294252520
3370,0.9790723908902866
3380,0.9676428022926593
3390,0.9692141667975340
3400,0.9740434539970247
3410,0.9717769713982572
3420,0.9709452726062830
3430,0.9611945426275722
3440,0.9690366032900867
3450,0.9609397430652774
3460,0.9577300801215549
3470,0.9488452218973592
3480,0.9514106514281748
3490,0.9471348246735682
3500,0.9563987814466859
3510,0.9497454248048555
3520,0.9475884346458006
3530,0.9571134396959967
3540,0.9495725597179347
3550,0.9517395027706889
3560,0.9483926380739820
3570,0.9666293625579105
3580,0.9638738722763126
3590,0.9673015212334565
3600,0.9638012370913828
3610,0.9728266070811769
3620,0.9685675396525975
3630,0.9693425817792946
3640,0.9715691957213631
3650,0.9700555389438107
3660,0.9771573026243291
3670,0.9752298985547448
3680,0.9801918765618471
3690,0.9858675253170159
3700,0.9854709211605475
3710,0.9900952382114724
3720,0.9805227764321806
3730,0.9904906464263011
3740,0.9921710267846269
3750,0.9914508131968121
3760,0.9957001004396973
3790,0.9889598245068972
3800,0.9980103899829627
3810,0.9899032744147632
3820,0.9901147222865460
3840,0.9972356057628239
3850,0.9918939328058040
3860,0.9973737468921481
3870,0.9910511057574332
3880,0.9912853308780092
3890,0.9886129664409636
3900,0.9880480419542821
3910,0.9965875069032754
3920,0.9930309668229034
3930,0.9855532580958143
3940,0.9865707286676223
3950,0.9798316827326145
3960,0.9868665692268699
3970,0.9825716671840247
3980,0.9830030223811116
3990,0.9780874304517513
4000,0.9819361844836157
4010,0.9787379755550352
4020,0.9712745966963102
4030,0.9703503011498956
4040,0.9659029704382056
4050,0.9715666175719109
4060,0.9644642134872241
4070,0.9702385723422737
4080,0.9644497131199283
4090,0.9638026198555422
4100,0.9629334266204200
4110,0.9536495714947792
4120,0.9397372508382571
4130,0.9381238035890571
4140,0.9352622888942935
4150,0.9383580803315869
4160,0.9340624673627227
4170,0.9434223030219800
4180,0.9421419811341790
4190,0.9421124336104632
4200,0.9474249630876022
4210,0.9578118575278706
4220,0.9600947449985684
4230,0.9608320983232215
4240,0.9687165683496440
4250,0.9706922616163803
4260,0.9737559688207492
4270,0.9744417954726783
4280,0.9739031685998758
4290,0.9690809635242617
4300,0.9782170405013021
4310,0.9721102489259692
4320,0.9761951676549611
