0,0.9901511445335054
10,0.9968907747275845
20,0.9877935686140765
30,0.9901378608216004
40,0.9930308850909766
50,0.9990452033829552
60,0.9908565636598875
70,0.9907933385133659
80,0.9993314264896750
90,0.9990162045776477
100,0.9935933401572266
110,0.9918621974566476
120,0.9938877637321692
130,0.9899435993411021
140,0.9874993185024127
160,0.9857941488293929
180,0.9880220638155766
190,0.9783379454327179
200,0.9818316763750708
210,0.9754131520880205
220,0.9760402120817772
230,0.9792990662593989
240,0.9703933888390815
250,0.9701424520992408
260,0.9690348432439158
270,0.9709423130295066
280,0.9714639235176791
290,0.9662624482050044
300,0.9617508711614902
310,0.9566061466616297
320,0.9528056465603367
330,0.9453616203096687
340,0.9446547068345137
350,0.9477094422144272
360,0.9387869936831622
370,0.9495929107297295
380,0.9425112157322612
390,0.9462911401874046
510,0.9851278940790434
520,0.9799455561821874
530,0.9875173349524754
540,0.9878913628755148
550,0.9872039280719268
560,0.9885403490015124
570,0.9882340868779074
580,0.9867569251595295
720,0.9905694693494982
730,0.9862376211761361
740,0.9902360712344933
750,0.9893191567400680
760,0.9814011564344266
770,0.9826479298718577
790,0.9765724487441308
800,0.9804846790210712
810,0.9713347192743256
820,0.9785690684628560
830,0.9743223702969966
840,0.9692282588484218
850,0.9720316628856063
860,0.9732598988309968
870,0.9653749905403531
880,0.9676063556829665
890,0.9646213779381629
900,0.9522861055996160
910,0.9510066477725546
1050,0.9745529224585350
1060,0.9729335066015893
1070,0.9707539138813372
1080,0.9766176010346750
1090,0.9741228680641358
1100,0.9817880995534821
1110,0.9863292156567788
1120,0.9888484095145320
1130,0.9836766293728991
1140,0.9851156598299007
1150,0.9907923698364125
1160,0.9948989614103296
1170,0.9852199338264680
1180,0.9927850871309325
1190,0.9890808971291073
1200,0.9932782811604965
1210,0.9996048999426512
1220,0.9944691225547360
1250,0.9926586799434300
1260,0.9928732130437511
1270,0.9983450956585276
1280,0.9944598816086546
1290,0.9948464876877628
1330,0.9896902833956015
1340,0.9859198080277406
1360,0.9811302589497344
1370,0.9798897497207473
1380,0.9758794252096500
1390,0.9766608835047299
1400,0.9754932625185240
1410,0.9732146453187117
1450,0.9677185232700890
1460,0.9632885167409053
1470,0.9695984799365114
1530,0.9409946517416391
1540,0.9450982092431817
1550,0.9505746836564899
1560,0.9511335657388706
1570,0.9535920448188798
1580,0.9586088644195142
1590,0.9717534994058267
1600,0.9679222237488755
1610,0.9660963692886179
1620,0.9760470212922647
1630,0.9722889254697205
1640,0.9684024980926379
1650,0.9793678401300460
1660,0.9749802933274245
1670,0.9762862022820652
1680,0.9755395900320365
1690,0.9813820692578090
1700,0.9804191877010581
1710,0.9860010170225483
1720,0.9854896434261419
1730,0.9871106460867926
1740,0.9901083724765549
1750,0.9935598869151530
1760,0.9897602274747442
1770,0.9884268608570201
1780,0.9985673404092718
1790,0.9975952494957698
1800,0.9948945106463563
1810,0.9955880200677922
1820,0.9987987528149077
1830,1.0000000000000000
1840,0.9895770532932195
1850,0.9926882760983209
1860,0.9984893289035048
1870,0.9922620588138067
1880,0.9865670152701881
1890,0.9913941411345367
1900,0.9906303958299346
1910,0.9842319923439292
2020,0.9748504690145147
2030,0.9756069461760095
2040,0.9702157518254270
2050,0.9721737722076872
2060,0.9684840365195698
2070,0.9496989455993495
2080,0.9554820204763320
2090,0.9550688802888212
2100,0.9496525295411911
2110,0.9555802966332692
2120,0.9545157525454117
2130,0.9599820455204890
2140,0.9541420921096225
2150,0.9534753870779910
2160,0.9553059534058379
2170,0.9694009575202550
2180,0.9625838640229658
2190,0.9718495959938281
2200,0.9748030765589705
2210,0.9673177306490232
2220,0.9701974483459170
2230,0.9794498330623453
2240,0.9783200997166854
2250,0.9794188727568343
2260,0.9786924493323452
2270,0.9861864528599437
2280,0.9773728679068223
2290,0.9871286345933907
2300,0.9857034258248504
2310,0.9921423073202239
2320,0.9888788969101308
2330,0.9870731336227498
2340,0.9908263760975131
2350,0.9906932986232716
2360,0.9880063727142557
2370,0.9917236731391244
2380,0.9891354375015937
2390,0.9890718341318373
2400,0.9963998911476103
2590,0.9691052678744958
2600,0.9705348225251721
2610,0.9693217269040637
2630,0.9630746393450041
2640,0.9695081143072036
2650,0.9643523509545865
2660,0.9472129900886496
2670,0.9493997782317726
2680,0.9493722406952784
2790,0.9690420817817084
2800,0.9702049397924826
2810,0.9769952157215520
2820,0.9789602305364264
2830,0.9735157420643358
2840,0.9837302000424103
2910,0.9881826786001274
2920,0.9882072463737717
2930,0.9879978552963289
2940,0.9979884923276954
2950,0.9882182367300938
2960,0.9935608492779531
2970,0.9959921312148653
2980,0.9997931873499436
2990,0.9913395103900301
3000,0.9967797698395842
3060,0.9960567875837689
3070,0.9916674797270572
3080,0.9874136903744370
3090,0.9921844819708088
3100,0.9841499097612414
3110,0.9841205793715995
3120,0.9784862088388631
3130,0.9791030612603638
3140,0.9735382500162305
3150,0.9725954779614551
3160,0.9798690043401140
3170,0.9699643929556524
3180,0.9674613410485308
3190,0.9769163661813409
3200,0.9682394572252450
3210,0.9684166003977719
3220,0.9629623476433019
3410,0.9764308187724904
3450,0.9773345618317434
3460,0.9872697304168350
3470,0.9895081182091886
3480,0.9910463438721500
3490,0.9911122857642575
3500,0.9893114724830778
3510,0.9847038462240727
3520,0.9927452388464116
3530,0.9955870290501594
3540,0.9889842775079097
3550,0.9981476818557058
3560,0.9972353892374363
3570,0.9970637562653468
3580,0.9909179286285646
3590,0.9910556985805903
3600,0.9891307120632403
3610,0.9882405522107703
3620,0.9904924393905494
3630,0.9943183789009411
3640,0.9884004687179561
3650,0.9903888457688997
3660,0.9880400285934565
3670,0.9830282008764057
3680,0.9895102695687570
3690,0.9841326766401112
3700,0.9849885826486915
3710,0.9789355002514145
3720,0.9851009909907055
3730,0.9808656936079126
3740,0.9729051608655314
3750,0.9724663176668449
3760,0.9717810872225447
3770,0.9776411477977570
3780,0.9653010002411844
3790,0.9683761316419537
3800,0.9693604129910564
3810,0.9642468787117524
3820,0.9656819804290078
3830,0.9477521259900326
3840,0.9471213693944811
3850,0.9412468803133647
3860,0.9439859332821747
3870,0.9431418765684583
3880,0.9409302482308082
3890,0.9467041598990361
3900,0.9422660484557476
3910,0.9500061274952583
3920,0.9603528529417736
3930,0.9639893692340181
3940,0.9676521965876516
3950,0.9649988582604336
3960,0.9709754714642904
3970,0.9721944738441670
3980,0.9709817549127361
3990,0.9792424964896996
4000,0.9728739977256252
4010,0.9787851580229388
4020,0.9769360187873896
4030,0.9809059339347060
4040,0.9842340930177456
4080,0.9841437149982583
4090,0.9855223883560875
4100,0.9960740698641365
4190,0.9911401119909894
4200,0.9980106719574621
4210,0.9953217486147822
4220,0.9869121961593601
4230,0.9897313551621570
4240,0.9922759695961241
4250,0.9845573431110258
4260,0.9910026959849669
4270,0.9910870756695845
4280,0.9797842627257131
4290,0.9869345486882641
4300,0.9797706106157147
4310,0.9815329745464703
4320,0.9721881502855356
