0,0.9490495482190814
10,0.9491192470051671
20,0.9491561893961761
30,0.9477241283642041
40,0.9404449297237548
50,0.9478614117093260
60,0.9711796903151712
70,0.9650662324169471
270,0.9912759523498175
280,0.9919169434654315
290,0.9902453063039467
300,0.9903030924819407
310,1.0000000000000000
320,0.9983039493405506
330,0.9946081390840553
340,0.9927014442321027
350,0.9960106822910194
360,0.9884710652295207
370,0.9881371374239498
380,0.9885072156653011
390,0.9859640039799141
400,0.9909138162069189
410,0.9828291637499370
420,0.9843903057295441
440,0.9812114544505363
450,0.9732404127222440
460,0.9787144886386001
470,0.9758929769457374
480,0.9703496478466005
490,0.9745799345032413
500,0.9722133088447562
510,0.9675613403466755
520,0.9619641279963758
530,0.9681666976185345
540,0.9512000795775397
550,0.9367438997564214
560,0.9283595608113264
570,0.9240305728908523
580,0.9225053486203280
590,0.9270650706783675
600,0.9319538046396316
610,0.9333002128186054
620,0.9373546217600728
630,0.9433312582987174
640,0.9701180901465523
650,0.9653675832367512
660,0.9739072808045465
670,0.9704821405326948
680,0.9688381956682562
690,0.9691635383944869
700,0.9706245166890223
710,0.9806851097397041
720,0.9714707874999937
730,0.9782304506763366
740,0.9807194894160407
750,0.9824999409478111
760,0.9895235445595630
770,0.9885914313525379
780,0.9916719603092254
790,0.9830948983385936
800,0.9928835095273939
810,0.9925901206346601
820,0.9949954576178445
830,0.9918761697766653
840,0.9978318333986193
850,0.9990075861722325
860,0.9900539818155942
870,0.9910698598724778
880,0.9990653828306407
890,0.9952772998929760
900,0.9900469335990763
910,0.9952533840920401
920,0.9938026706768376
930,0.9904528688992579
940,0.9964198068531949
950,0.9923219023295621
960,0.9892921314906845
970,0.9923767427731554
980,0.9849670727865008
990,0.9804343359044727
1000,0.9836417143684612
1010,0.9769347782945983
1020,0.9797524549585844
1030,0.9730949469342629
1090,0.9692269785785418
1100,0.9689588393859254
1110,0.9656987640671554
1120,0.9515364060421426
1130,0.9500409539374455
1140,0.9442656761572340
1150,0.9485165083534630
1160,0.9449383802714254
1170,0.9464470604971896
1180,0.9455624663855083
1190,0.9412234932519888
1200,0.9392442919341156
1210,0.9479211092029033
1220,0.9450422929081691
1230,0.9614051227383007
1240,0.9675214364338570
1250,0.9708700498021982
1260,0.9726819883932560
1270,0.9661338630797118
1280,0.9760485989710125
1290,0.9718392451705790
1300,0.9707158797480282
1310,0.9768821087172566
1320,0.9838992442304867
1330,0.9840777380049212
1340,0.9822429001461295
1350,0.9901648905275064
1360,0.9900144099705370
1370,0.9908013868757316
1380,0.9947537538531541
1390,0.9859901456426085
1400,0.9890789507863540
1410,0.9879281738383380
1420,0.9919955862570070
1430,0.9993751853128859
1440,0.9919681858630719
1450,0.9928746873952243
1460,0.9915197195371873
1470,0.9995626459481238
1480,0.9982228536073153
1490,0.9961351025398679
1500,0.9934277970710550
1510,0.9974613022279747
1520,0.9865877044322232
1530,0.9900361705662015
1550,0.9881760209479040
1560,0.9833673978443148
1570,0.9877467724640047
1580,0.9901926878081259
1590,0.9822842901515545
1600,0.9790316677202767
1610,0.9838110004742187
1620,0.9719760720228932
1630,0.9737287031019451
1640,0.9689610796122283
1650,0.9758692037270755
1660,0.9725519545565334
1670,0.9679601303722454
1680,0.9714182584655306
1690,0.9664765389425131
1700,0.9649185287627497
1710,0.9518201756307548
1720,0.9437406384947163
1730,0.9351335263504780
1740,0.9331842898167756
1750,0.9269502706435956
1760,0.9301193971868588
1770,0.9260775181107042
1780,0.9298110281107624
1900,0.9827906136855818
1910,0.9748262040076172
1920,0.9835507497869121
1930,0.9852252367420282
1940,0.9849068066734302
1980,0.9917424464218472
1990,0.9975771430191511
2000,0.9959738878612538
2010,0.9934366101306851
2020,0.9896031422415608
2030,0.9987724569982678
2040,0.9890750289183444
2050,0.9985884649247251
2060,0.9968673638263704
2070,0.9905738837002193
2080,0.9954660514120732
2090,0.9991762915261836
2100,0.9895759646019817
2110,0.9949738297046068
2120,0.9877072326225634
2130,0.9946022065551754
2140,0.9867727775896795
2150,0.9894769337989683
2160,0.9864441378017643
2170,0.9813314584963184
2180,0.9868377598956055
2190,0.9761567046920060
2200,0.9836985541009527
2210,0.9761281712667869
2220,0.9732444402483078
2230,0.9695480361901518
2240,0.9680819836427788
2250,0.9756571247764266
2260,0.9657464088952278
2270,0.9658352477450329
2280,0.9623887049343192
2290,0.9552605487333590
2300,0.9450687787979002
2310,0.9407051608880268
2320,0.9449084056446042
2330,0.9404588352293830
2340,0.9424207294366427
2350,0.9431631647740613
2360,0.9421669452871655
2370,0.9411769634568267
2380,0.9494160597799920
2390,0.9479418470335093
2400,0.9681037051555196
2410,0.9719099474803161
2420,0.9628496331466198
2430,0.9692558209446672
2440,0.9742460564183212
2450,0.9723033996767998
2460,0.9763788433336065
2470,0.9737587361229663
2480,0.9786821988907565
2490,0.9797262362800238
2500,0.9805820567533147
2510,0.9886249600223014
2520,0.9837688361018079
2530,0.9849723540422481
2540,0.9925120245468998
2550,0.9930245724540101
2580,0.9938220834728307
2590,0.9930516868039132
2600,0.9956213251031704
2620,0.9974469391649028
2630,0.9993840920571051
2640,0.9889822385567895
2650,0.9914836237385694
2660,0.9971344256105852
2670,0.9927329321781981
2680,0.9901926826025863
2690,0.9956638078210137
2700,0.9859840803960251
2710,0.9854073710485829
2720,0.9910180755811000
2730,0.9844972000325470
2740,0.9872112872086143
2750,0.9797543251709346
2760,0.9795747698826691
2770,0.9850384935345946
2780,0.9813328985723783
2790,0.9749555424205475
2800,0.9736697043387460
2810,0.9750261914715754
2820,0.9673240047252185
2830,0.9746869324311178
2840,0.9715003582907620
2850,0.9677529812333867
2860,0.9649576173943804
2870,0.9709559380801287
2880,0.9565574356169667
2890,0.9362069690221159
2900,0.9327483728160639
2910,0.9288798444412900
2920,0.9244467346449579
2930,0.9253633975754343
2940,0.9277699217806940
2950,0.9292307988371137
2960,0.9367496592691895
2970,0.9397607501449602
2980,0.9662221796176408
2990,0.9640118906063400
3000,0.9674526279058443
3010,0.9673841685926547
3020,0.9677255781183360
3210,0.9961560113288285
3220,0.9889608085003860
3230,0.9916285255613146
3240,0.9939594530734093
3250,0.9912605839436036
3260,0.9965426263363406
3270,0.9893479743642104
3280,0.9892046463188343
3290,0.9899437380853643
3300,0.9893970020499124
3310,0.9938071757281429
3320,0.9896356882077697
3330,0.9798380484465177
3340,0.9839379686395905
3350,0.9833244019006019
3360,0.9841776622968763
3370,0.9825375216284908
3380,0.9722947994246618
3390,0.9779118127034538
3400,0.9706536067358493
3410,0.9667338848935239
3420,0.9672840485426549
3430,0.9658847579704497
3440,0.9663442341478590
3450,0.9656735379999211
3460,0.9587143619815141
3480,0.9492889219646996
3490,0.9406293642018266
3500,0.9440932090677193
3510,0.9475579510957401
3520,0.9461231567124025
3560,0.9497051250305643
3570,0.9677720147605331
3580,0.9666994093759175
3630,0.9737224007515733
3640,0.9798374986229292
3650,0.9811434846784037
3660,0.9752062127814634
3670,0.9780338565615042
3680,0.9824162838791028
3690,0.9831757535197161
3700,0.9914614546589727
3710,0.9847644346767284
3720,0.9897611541199283
3730,0.9871846502741278
3740,0.9916065265648414
3750,0.9924779934863689
3760,0.9985763336666167
3770,0.9947882615775056
3780,0.9952387879791409
3790,0.9976514817427159
3900,0.9891207160380571
3910,0.9904451750773189
3920,0.9867375233003316
3930,0.9871761620957261
3940,0.9831561916415068
3950,0.9805454588831283
3960,0.9730867455565764
3970,0.9772832281672388
3980,0.9703150311002362
3990,0.9677147154002234
4000,0.9672743528334039
4010,0.9761074693735211
4020,0.9692047464695257
4030,0.9649803347758747
4040,0.9611548078674992
4050,0.9526043252707936
4060,0.9395469073734763
4070,0.9356393396789233
4080,0.9235382340168650
4090,0.9206421953589256
4100,0.9273844695857698
4110,0.9285102801761735
4120,0.9335393087274413
4140,0.9479509237769467
4150,0.9623034628539143
4230,0.9723797499386716
4240,0.9838426878912047
4250,0.9777745635018307
4260,0.9837563770794855
4270,0.9875675083370764
