0,0.9960572718973998
10,0.9995831341985960
60,0.9939912623905069
80,0.9944909635166690
90,0.9875591601999001
100,0.9856024868405384
110,0.9912949033500464
120,0.9868666105369555
130,0.9814213233400513
190,0.9768378305219204
200,0.9730030056127287
210,0.9730057098158491
220,0.9693787480424503
230,0.9707536204535264
240,0.9731081384677946
250,0.9697116370525932
460,0.9783516233435831
470,0.9817188553601014
480,0.9740149606604173
700,0.9894474342366097
710,0.9908924017381389
780,0.9862685465074350
790,0.9807515362123824
1130,0.9806799506163980
1140,0.9761761581979443
1150,0.9875519615856997
1160,0.9807838305183496
1170,0.9819149696635358
1180,0.9918876991274398
1190,0.9926503326043060
1200,0.9942496838648768
1210,0.9896790547651466
1220,0.9947820434008890
1230,0.9941956818753485
1240,0.9939418717920415
1870,0.9960755208242608
1880,0.9876502281143272
2010,0.9865982585548139
2020,0.9895527961701813
2030,0.9935364804760560
2040,0.9938177519489372
2050,0.9852596375736475
2060,0.9894901305682710
2070,0.9874999561148062
2080,0.9861679479430665
2360,0.9668901014292436
2370,0.9714786799242697
2380,0.9774567031719005
2390,0.9706430571823632
2550,0.9974795775036287
2560,0.9989189294300048
2570,0.9906939349903007
2580,0.9914375504678337
2590,0.9924130119207650
2600,0.9978116623585458
2610,0.9971384722777435
2620,0.9925642433054965
2630,0.9893730918716946
2640,0.9915280937310981
2650,0.9918186629141520
3080,0.9781330975308887
3090,0.9872269628960434
3100,0.9816326376912098
3110,0.9862022767562235
3120,0.9893974431011133
3130,0.9922163623384558
3140,0.9901785228224406
3150,0.9836568823020045
3160,0.9893374931439574
3260,0.9901596025869143
3270,0.9984439125709842
3280,0.9900640495711514
3610,0.9479157045880766
3620,0.9604876449690674
3630,0.9638672690481745
3640,0.9691678501062769
3970,0.9958078650673308
3980,0.9870517219553951
3990,0.9922798796450175
4000,0.9873782520130850
4080,0.9779700304739976
4090,0.9741454174648103
4100,0.9739910062799805
4110,0.9774611793603503
4120,0.9743909398254568
4130,0.9745109871006687
4140,0.9672393692827508
4150,0.9722675405831482
4160,0.9683219201946369
4170,0.9490407747481573
4180,0.9425721609944924
4190,0.9417170286812782
