30,0.9890413756322330
40,0.9925663579613431
50,0.9879883309134723
120,0.9915627693102156
130,0.9993398382413525
170,0.9888755532787140
180,0.9893961423800366
190,0.9822971531048205
200,0.9826510620604785
210,0.9858710778006287
220,0.9851648320970374
230,0.9807738851552987
240,0.9799197129223137
280,0.9668952727665548
290,0.9697026622140780
300,0.9638743295250689
310,0.9694332600529156
320,0.9638798732729775
340,0.9595423606424668
350,0.9633185807121866
420,0.9276631206651075
430,0.9243399458609709
440,0.9294934098285134
450,0.9362170414663538
460,0.9441391082401915
470,0.9566979811935763
480,0.9638449631966500
490,0.9572357515913230
500,0.9620805722806589
510,0.9615220689070122
520,0.9676677165375595
530,0.9684511914113706
540,0.9661993003144387
550,0.9703625541018934
560,0.9693846007936879
570,0.9785148338565425
580,0.9814483799162652
590,0.9807873082482400
680,0.9964055110323901
690,0.9870830503730673
700,0.9961477086535802
710,0.9997712084999724
720,0.9895256414966356
730,0.9995652675838318
740,0.9925659760381874
750,0.9972132211829111
760,0.9932406306692975
770,0.9917053513935488
780,0.9876754409783094
790,0.9892791866603275
800,0.9874500443194654
810,0.9895257900055477
820,0.9845096277382158
830,0.9878030677786513
840,0.9817718494930504
850,0.9831842349062581
860,0.9794401079096751
870,0.9866283796174352
880,0.9832143685260402
890,0.9794378107228492
900,0.9789473298346099
910,0.9735350110859168
920,0.9774462030470206
930,0.9718703584015997
940,0.9633254008758356
950,0.9670127232708031
960,0.9698323900871504
970,0.9668213225062888
980,0.9655290175275066
990,0.9649200989837283
1000,0.9602849164639772
1010,0.9536354556702031
1020,0.9468568218940772
1030,0.9453150776265418
1040,0.9424987368510079
1050,0.9390505889581622
1060,0.9462668758736280
1080,0.9413960416925027
1090,0.9466648772730760
1100,0.9445247907083540
1110,0.9412263161500573
1120,0.9561128046546744
1130,0.9560077498927190
1140,0.9652340021652428
1150,0.9666481424583490
1160,0.9652375699773739
1170,0.9660580951457989
1180,0.9709751849989734
1190,0.9674834317460856
1200,0.9734885592102061
1210,0.9761779549640568
1220,0.9694022384883617
1230,0.9772677682627835
1240,0.9750652945916016
1250,0.9782033289536387
1260,0.9794614986710879
1270,0.9891940966170347
1280,0.9895030467685485
1290,0.9844854170879385
1300,0.9897627197341298
1310,0.9931318125689406
1320,0.9920659262839052
1330,0.9924240485436725
1340,0.9878256918372974
1350,0.9942540671059833
1360,0.9895635870480983
1370,0.9937650032123181
1380,0.9922297200130692
1390,0.9978530378100336
1400,0.9952066537756232
1410,0.9996691184683442
1420,0.9936302846959318
1430,0.9917653178331692
1440,0.9962649290469792
1450,0.9873627440166552
1460,0.9896454753182045
1470,0.9928355204131371
1480,0.9892734860012589
1490,0.9897295810859702
1500,0.9802225032963455
1510,0.9872858471173570
1540,0.9779355975276157
1550,0.9707721694837925
1560,0.9700193981873384
1570,0.9777454875176189
1580,0.9698577210954310
1590,0.9688384038279027
1600,0.9618519676074998
1610,0.9660375102533952
1620,0.9604120115133058
1630,0.9660537952740713
1640,0.9615686295931947
1650,0.9617837818358321
1660,0.9576649973150325
1710,0.9296787227279981
1720,0.9217858880168092
1730,0.9327348865561627
1740,0.9273164911891666
1750,0.9404560620991789
1810,0.9619113949547752
1820,0.9637590596771090
1830,0.9648457619741554
1840,0.9659570335510130
1850,0.9737703002151024
1860,0.9684291403953912
1880,0.9786780561342090
1890,0.9735400452719448
1900,0.9787655735945927
1990,0.9935470259126095
2000,0.9928781612763448
2010,0.9941918969998433
2020,0.9892272909544529
2030,0.9987060889879474
2040,0.9912856451854475
2050,0.9915123859033047
2060,0.9976326694265484
2070,0.9944396585374780
2080,0.9991425102597430
2090,0.9928729729436478
2100,0.9931202197226445
2110,0.9855655702307321
2120,0.9870205502060722
2130,0.9873525405920346
2140,0.9840386740317918
2150,0.9797153786717797
2160,0.9813219313166027
2170,0.9866028723679362
2180,0.9767974134008338
2190,0.9804430511418227
2200,0.9766505311314986
2210,0.9705395252540675
2220,0.9721779185306159
2230,0.9667074342265067
2240,0.9646279117533992
2250,0.9693821258672973
2260,0.9648098357680926
2270,0.9627400935217240
2280,0.9565029300817367
2290,0.9611512386675554
2300,0.9625554580948649
2310,0.9519753005390730
2320,0.9388712651165224
2330,0.9497099562868457
2340,0.9392005229254597
2350,0.9472805259002364
2360,0.9466360171207606
2370,0.9444964062058404
2380,0.9471266730929810
2390,0.9462275215962787
2400,0.9423129660534312
2410,0.9464603040952589
2420,0.9594216003533750
2430,0.9658821920496465
2440,0.9651341020956200
2450,0.9617013194148438
2460,0.9702797676288445
2500,0.9715270102868752
2510,0.9713329605427587
2520,0.9762208496699103
2530,0.9727480167102827
2540,0.9821929077777274
2550,0.9801131099226236
2560,0.9827705083041379
2570,0.9797076584969653
2580,0.9884897576124229
2590,0.9890731906459889
2600,0.9923851573753939
2610,0.9911267420273504
2620,0.9966702335077693
2650,1.0000000000000000
2660,0.9937927627017056
2670,0.9889329932509251
2680,0.9975513043864479
2690,0.9969485138349921
2700,0.9944162282180269
2730,0.9874431065224630
2740,0.9980862963144946
2770,0.9934934212390644
2780,0.9838333933360653
2790,0.9863426198065952
2800,0.9783704627765607
2810,0.9855704218035944
2820,0.9810056343528490
2830,0.9832910545303416
2840,0.9737143525038942
3060,0.9566288421882193
3070,0.9572438769321516
3080,0.9578295137042387
3090,0.9644207440499123
3100,0.9620901523763727
3110,0.9635813114235769
3120,0.9664430996778238
3130,0.9685189380717798
3140,0.9668998235448739
3150,0.9718195014276985
3160,0.9728478253548771
3170,0.9811204995300304
3180,0.9781474487634954
3190,0.9838987397411646
3200,0.9807451735230563
3210,0.9819452553626274
3220,0.9889073760616104
3230,0.9833707476493937
3240,0.9823964418653929
3250,0.9924339957929483
3260,0.9891665916001599
3270,0.9868292808706079
3280,0.9941252608742117
3290,0.9981447579914738
3300,0.9931905853911669
3310,0.9988976457629679
3320,0.9935773992785569
3330,0.9916629969304099
3340,0.9901434730133712
3350,0.9945502668714568
3360,0.9992890093865483
3370,0.9962040597904286
3380,0.9971927453131875
3390,0.9983227655757013
3400,0.9910040085796775
3410,0.9928061773593350
3420,0.9863189647544145
3430,0.9825940889299939
3440,0.9801349167899976
3450,0.9816542056292487
3460,0.9812311789900274
3470,0.9846522354934752
3480,0.9845841191683115
3490,0.9769813710085111
3500,0.9695430969015424
3510,0.9759315092882838
3520,0.9699308034518378
3530,0.9709920984126524
3540,0.9690055122108884
3550,0.9705349893290076
3560,0.9702008034848193
3570,0.9623343055302656
3580,0.9620520470800216
3590,0.9593749698125499
3600,0.9538527843061346
3610,0.9470884324691502
3620,0.9461018055316640
3630,0.9428329773625139
3640,0.9448338047663527
3650,0.9387391409079575
3660,0.9427598944424820
3670,0.9416365474422612
3680,0.9444338145661741
3690,0.9467835223129064
3700,0.9492344827957642
3710,0.9498513164169562
3720,0.9603674654955400
3730,0.9580653135142154
3740,0.9674992409357629
3750,0.9661722114921627
3760,0.9613976999746329
3770,0.9682238784053894
3780,0.9666974114712141
3790,0.9742230998155449
3800,0.9683447411939294
3810,0.9703227375245594
3840,0.9749155482461044
3900,0.9920278482958449
3910,0.9937527273870823
3920,0.9860287402870404
3930,0.9944927451914606
3940,0.9967549450875074
3950,0.9920937352397082
3960,0.9944372392124157
3970,0.9940901473333201
3980,0.9994896791635132
3990,0.9967434151246894
4040,0.9876029929208300
4070,0.9870418303527141
4080,0.9816599419969537
4090,0.9820903087924879
4100,0.9852736677218192
4110,0.9799490222742231
4120,0.9801534380055871
4130,0.9822888680599307
4140,0.9810873466727239
4150,0.9757309981312930
4160,0.9727542425351284
4170,0.9670748038568254
4180,0.9646497853128140
4190,0.9648529022178757
4200,0.9604259537346668
4210,0.9671593047662382
4220,0.9601150422751648
4230,0.9632767025761386
4240,0.9630143170154672
4250,0.9626296498369170
4260,0.9459476713938699
4270,0.9383825536921436
4280,0.9332270846312475
4320,0.9298219678472823
