0,0.9922758433887499
10,0.9846666075425707
20,0.9873359653500750
30,0.9960725440996466
40,0.9901517925103573
50,0.9982323531077708
60,0.9952823720524498
70,0.9992856313485031
80,0.9955393926584220
90,0.9907296437090820
100,0.9965430529715632
110,0.9989539981195776
120,0.9911913349677660
130,0.9948428329015604
200,0.9920989897191101
210,0.9932276456026400
220,0.9870442784397752
230,0.9851520161753101
240,0.9896533213806900
250,0.9874450927273175
260,0.9793914883402520
270,0.9813630733151367
280,0.9807798518775349
290,0.9831067098212105
300,0.9787522818341082
310,0.9772939520218836
320,0.9810286721907177
330,0.9767729930675014
340,0.9782604696055074
350,0.9596803225896251
360,0.9586837989701099
370,0.9514347516281475
380,0.9571052506748564
390,0.9581743146891911
400,0.9579210344686021
410,0.9561659290192723
420,0.9532869117362334
490,0.9796300110825276
500,0.9775918468570980
510,0.9783565681691851
520,0.9787829631582238
530,0.9858767583152565
540,0.9871377326741045
550,0.9884095217261886
560,0.9842039485459233
570,0.9830393652479941
740,0.9889644845662253
750,0.9859501019926421
760,0.9867522830261253
770,0.9934733527269505
780,0.9878707200225718
790,0.9845018573181020
1010,0.9424094321065484
1020,0.9528157803010275
1030,0.9653450361661845
1040,0.9708593436028555
1050,0.9755338668875382
1130,0.9834023360148797
1140,0.9843672705946190
1150,0.9821092500913952
1160,0.9918991769039023
1170,0.9831402907865364
1180,0.9880651143518242
1190,0.9898172491802965
1200,0.9957987027738910
1210,0.9888054874852705
1220,0.9931728825953938
1230,0.9963924585035886
1240,0.9878268099102829
1250,0.9900529133957744
1260,0.9893047450638942
1270,0.9909702090382865
1280,0.9983037208110148
1290,0.9962019995644882
1300,0.9881001749331089
1310,0.9952691992587048
1320,0.9948508252926557
1330,0.9931717183815880
1340,0.9964697130062692
1350,0.9896051427555459
1360,0.9871807708003036
1370,0.9841497311996583
1380,0.9872561338827491
1390,0.9836314308142114
1400,0.9837930841937462
1410,0.9789699780223691
1420,0.9778685031678447
1430,0.9853134382523910
1440,0.9802615591777492
1450,0.9832639771630005
1460,0.9786159303744314
1470,0.9835053083944365
1480,0.9759257382413392
1490,0.9769739219708854
1500,0.9736032769038739
1510,0.9773118189216364
1520,0.9599873032446570
1530,0.9613104149287423
1540,0.9547705758786889
1550,0.9522096273973619
1560,0.9615854945348959
1570,0.9548059469431264
1580,0.9558984893853232
1590,0.9592487640974486
1600,0.9586399975336490
1610,0.9537610377647268
1620,0.9735402779791489
1630,0.9749256390304714
1640,0.9737284535440289
1650,0.9733250329201600
1660,0.9828567521864056
1670,0.9816398979128395
1680,0.9843664250103328
1690,0.9801308619462197
1700,0.9818594168897229
1710,0.9864836781060226
1720,0.9841616384622103
1730,0.9897570112622045
1740,0.9823598991330885
1850,0.9937409874464345
1860,0.9935988537339805
1870,0.9975680291938019
1880,0.9887221841128404
1890,0.9907832804557150
2010,0.9879918072043855
2020,0.9761283286655260
2030,0.9773317609760657
2040,0.9819715689013244
2050,0.9755688912593695
2060,0.9786036206690646
2070,0.9817035610752661
2080,0.9736867913570193
2090,0.9784055217979672
2100,0.9674077956827108
2110,0.9530126576879008
2120,0.9472463094965194
2130,0.9461994358468261
2140,0.9446065761773842
2150,0.9379133109110915
2160,0.9376961147066686
2200,0.9621791648696217
2260,0.9819878431913475
2270,0.9804633375556053
2280,0.9869901215720572
2290,0.9843623315412411
2300,0.9797586544849096
2310,0.9860065377706257
2320,0.9877628284583159
2330,0.9915833787768175
2340,0.9825344572281496
2350,0.9884502803795254
2360,0.9887772048358905
2370,0.9890905912995025
2380,0.9907186359787099
2390,0.9902123158901602
2400,0.9908187868355611
2410,0.9948732237122068
2420,0.9972149608678353
2430,0.9928899310880505
2440,0.9989968871777367
2450,0.9975922117109696
2460,0.9884103284522031
2470,0.9960030470918756
2480,0.9902321458030247
2490,0.9976996294591511
2500,0.9895247896397763
2760,0.9566948309695396
2770,0.9565950332791111
2810,0.9716421598256119
2820,0.9753241733429326
2830,0.9820364917021598
2890,0.9878040714798081
2900,0.9903463497727393
2910,0.9888510072363669
2920,0.9926144030716185
2930,0.9853794686792959
2940,0.9850659302647133
2950,0.9845772989116358
2960,0.9878935506739899
2970,0.9926046585946356
2980,0.9936001503708320
2990,0.9929956844871202
3000,0.9964183659323578
3010,0.9891647070845878
3020,0.9900600831618808
3030,0.9940339954170000
3040,0.9982977755664612
3050,0.9991505761476785
3060,0.9968807338504002
3070,0.9944354015975377
3080,0.9881520375104209
3090,0.9953636038740132
3100,0.9973317337042680
3110,0.9906308200485386
3120,0.9862370358513428
3130,0.9940619802789323
3140,0.9826022472571294
3150,0.9900903462815538
3200,0.9756256323764076
3210,0.9755424523698947
3220,0.9771372894781846
3230,0.9751983940525827
3240,0.9745013539667341
3250,0.9706273319187564
3260,0.9717750787514646
3370,0.9600979262487274
3380,0.9725607079068640
3390,0.9799267090640120
3400,0.9806131793503693
3410,0.9792098254039736
3500,0.9913402408484868
3510,0.9826380374683231
3520,0.9836733917599489
3530,0.9886518863687301
3540,0.9898753746044658
3550,0.9959105136444115
3560,0.9945959766245780
3570,0.9873137472419393
3580,0.9989961206141967
3590,0.9899224661623326
3600,0.9944251204016060
3610,0.9961959663412429
3620,0.9952537228831619
3630,0.9917133805535306
3640,0.9959282101639879
3650,0.9990990992841958
3660,0.9888272244914273
3670,0.9886199975466551
3680,0.9958016882565149
3780,0.9847708110476338
3790,0.9791580615632067
3800,0.9799804608740080
3810,0.9781605738347458
3820,0.9807594297443460
3830,0.9729242579628269
4030,0.9836909798693388
4040,0.9805132192841906
4050,0.9820890738801780
4060,0.9804748248430972
4070,0.9857962757208049
4080,0.9850627492812839
4090,0.9886895891828046
4100,0.9826793258444266
4110,0.9911212529460999
4120,0.9850189027472706
4200,0.9921456032780455
4210,0.9987251134450094
4220,0.9905365277321505
4230,0.9916562704527002
4240,0.9916177903595749
4250,0.9980794167919467
4260,0.9885492869761656
4270,0.9922209562644626
4280,0.9962691863120012
4290,0.9898982121744866
4300,0.9946407546916818
4310,0.9936196350968045
4320,0.9875569658954457
