70,0.9861956804750966
80,0.9813263263096981
90,0.9785161614590632
100,0.9797854926329107
110,0.9809250363669375
120,0.9742761391420895
130,0.9813905326720679
140,0.9819723922748388
150,0.9810936455061535
160,0.9723234961567916
170,0.9699206506881743
180,0.9775478804389840
190,0.9693816370047152
200,0.9736892190012060
210,0.9659310590145788
220,0.9714847180831729
230,0.9596831155416918
240,0.9571915580470785
250,0.9577065023780150
260,0.9527812908702394
270,0.9520370099116336
280,0.9581331180026770
290,0.9568206329277805
300,0.9569977390399849
310,0.9583573397362384
320,0.9565139688425420
450,0.9789664469582683
460,0.9840310660678643
470,0.9872028907619804
480,0.9876021639723687
490,0.9879663273119176
500,0.9860528457646759
510,0.9899138784935629
520,0.9837858422703355
530,0.9850082152531818
550,0.9965516117985443
560,0.9919684859697506
570,0.9927033726570536
580,0.9922744141427484
590,0.9949315239851171
600,0.9983343567898320
610,0.9951620125626041
620,0.9986856713506524
630,0.9905324237645415
640,0.9942816149749413
650,0.9980306166307776
660,0.9906577800394181
670,0.9884071959307504
680,0.9861495371528455
690,0.9899816537807098
700,0.9904357562381916
710,0.9859333311469466
720,0.9842752620324668
730,0.9886593449515644
740,0.9801210363673171
750,0.9846696296657529
760,0.9782603047105884
770,0.9822197835479420
890,0.9554068242411476
900,0.9501459694828213
910,0.9474999554837074
920,0.9407237221938207
960,0.9506390423212121
970,0.9479073251981944
980,0.9597537279765598
990,0.9680914777846310
1000,0.9703772575070816
1010,0.9716374546957801
1020,0.9706282504283977
1030,0.9761411981218376
1040,0.9770231724304548
1050,0.9733280567182774
1060,0.9759432789291352
1100,0.9806936029705039
1110,0.9856755619206912
1120,0.9846184387149289
1130,0.9802672294627975
1140,0.9895041980389334
1150,0.9826467404660094
1160,0.9868001512555554
1170,0.9943920589595188
1180,0.9930150962294583
1190,0.9943476238431039
1200,0.9912811747088472
1210,0.9927828535048528
1220,0.9969939897599575
1230,0.9885370502177231
1240,0.9967944572355470
1250,0.9974331822945296
1260,0.9911428306917817
1270,0.9897621904385011
1280,0.9976399937595763
1290,0.9908311207010249
1300,0.9946331941037414
1310,0.9905971461053041
1320,0.9955415503970247
1330,0.9896169912918695
1340,0.9850551938538675
1350,0.9887222459562675
1360,0.9838342810856491
1370,0.9833002637296634
1380,0.9824278684126660
1390,0.9821273541287474
1400,0.9858435336943659
1410,0.9786332675537158
1420,0.9800125798354896
1430,0.9791922662559304
1440,0.9749649115232577
1450,0.9787155702280455
1460,0.9765899169380535
1470,0.9727865662812788
1480,0.9726633916769192
1490,0.9761866296903804
1500,0.9689773453371040
1510,0.9668006066527407
1520,0.9707736458675720
1530,0.9621030747282147
1540,0.9588954851497153
1550,0.9496374981207092
1560,0.9603354479814959
1570,0.9531121833991822
1580,0.9576871381019981
1590,0.9553297814179901
1600,0.9582174492210258
1610,0.9503089521389670
1620,0.9545306539900638
1630,0.9518508390188269
1640,0.9717935193351998
1650,0.9711891818654741
1660,0.9736203776974636
1670,0.9708450389478531
1680,0.9726338562517712
1690,0.9779956336202339
1700,0.9699456742922616
1710,0.9697693226283099
1720,0.9708041966142134
1730,0.9834290588736854
1740,0.9816739413275672
1750,0.9828932403826696
1760,0.9790752636004459
1770,0.9806034922241637
1780,0.9894367823490047
1790,0.9882679395753668
1800,0.9850840318949011
1810,0.9938949652254210
1820,0.9859103593429636
1830,0.9868441570467013
1840,0.9922774574067267
1850,0.9969549059532455
1860,0.9960233324601809
2050,0.9870622347153252
2060,0.9849933026159848
2080,0.9812157549942619
2090,0.9823695421535568
2100,0.9701944060507387
2110,0.9768774117768109
2120,0.9686868854258603
2130,0.9754218401744768
2140,0.9667037971258226
2150,0.9662662132254907
2160,0.9644375186668418
2170,0.9694476212299274
2180,0.9598142375273276
2190,0.9544081511557612
2200,0.9431859751901780
2210,0.9442309417905677
2220,0.9430711909503059
2230,0.9381103910875460
2240,0.9430271293695639
2250,0.9456434903689784
2260,0.9455333747406603
2270,0.9448812838215119
2280,0.9553936273796667
2290,0.9695896649652627
2300,0.9691339913710665
2310,0.9660971706387912
2320,0.9684971418973201
2330,0.9736245096318762
2340,0.9725103432532987
2350,0.9735451325661099
2360,0.9715036912215175
2370,0.9807108979808932
2380,0.9757474091524978
2390,0.9762761796970405
2400,0.9751772982722452
2410,0.9784438087926688
2420,0.9874084861959497
2430,0.9841155957445897
2440,0.9900423815822018
2450,0.9897257171848969
2460,0.9865934365429541
2470,0.9880497837320154
2480,0.9886894926568804
2490,0.9865552700458448
2500,0.9971273370060632
2510,0.9908373586098073
2520,0.9898899692782538
2530,0.9927787548746939
2540,0.9922249193598577
2550,0.9893373447208987
2560,0.9983518941235068
2570,0.9966109257618632
2580,0.9979416642235982
2590,0.9946261059019311
2660,0.9895743269579532
2670,0.9910790675035244
2680,0.9881800670877284
2690,0.9887218514993009
2700,0.9803194227009768
2710,0.9811693998188121
2720,0.9785342810188944
2730,0.9818758898394802
2740,0.9755891435578677
2750,0.9717453992133352
2760,0.9705634836010875
2770,0.9717678951497096
2780,0.9664679817328670
2790,0.9655390945091277
2800,0.9676442699489672
2810,0.9707471308387299
2820,0.9639479743048622
2830,0.9563317588438095
2840,0.9576869388554867
2850,0.9594945136595403
2860,0.9576506445766233
2870,0.9508834457501946
3090,0.9845147954033425
3100,0.9835674832104915
3110,0.9908704341032517
3120,0.9887512202124805
3130,0.9866557303676518
3140,0.9876897307634237
3150,0.9923975234161844
3160,0.9888467923206361
3170,0.9985183419249429
3180,0.9941190183803935
3190,0.9987194555438921
3200,0.9922488880050783
3210,0.9945516920694246
3220,0.9918519659599258
3230,0.9934653366584902
3240,0.9965167200204178
3250,0.9938858402497055
3280,0.9912761184514532
3290,0.9879664553362361
3300,0.9862631675025080
3310,0.9857781734730451
3320,0.9808987569243459
3330,0.9789088366136534
3340,0.9791657587545073
3350,0.9841571449042712
3360,0.9822439787632250
3370,0.9833474724970651
3380,0.9833447593669752
3390,0.9725180069395065
3400,0.9748114993849760
3410,0.9788182278135605
3420,0.9717676069421954
3430,0.9687963156141327
3440,0.9659512254202151
3450,0.9678619858140327
3460,0.9638295378180072
3470,0.9700473016854256
3480,0.9545187309212761
3490,0.9525647392077293
3500,0.9500953522081960
3510,0.9451798104155761
3520,0.9461130803795742
3530,0.9420191111087569
3540,0.9439475529505770
3550,0.9416144799341689
3560,0.9494147709881126
3570,0.9513099455340205
3580,0.9623639964103036
3590,0.9678481353185102
3600,0.9630941683142046
3610,0.9694919579493466
3620,0.9695057246692125
3630,0.9695737799103942
3640,0.9732811909211163
3650,0.9747971026465290
3660,0.9806789441935776
3670,0.9711679781697383
3680,0.9767277237353643
3690,0.9754873887740467
3700,0.9846867815058900
3790,0.9899155353288627
3800,0.9924872343078740
3810,0.9935429222685696
3820,0.9982656201972765
3830,0.9978567601809282
3840,0.9938570110426064
3850,0.9887958464122890
3860,0.9939585918215141
3880,0.9989239310628178
3890,0.9933099027707494
3900,0.9931162669237453
3910,0.9921777178986642
3920,0.9921832700402415
3930,0.9886617272065543
3940,0.9920101574178781
3950,0.9859748423642285
3960,0.9880183886486460
3970,0.9800846538356864
3980,0.9884475485072701
3990,0.9858613964988672
4000,0.9802970529611020
4010,0.9755267786973978
4020,0.9793245212140662
4030,0.9761148172084780
4060,0.9750942788501532
4070,0.9726745616205230
4080,0.9698556481889175
4090,0.9697672682701175
4100,0.9648719164629459
4110,0.9623111222599614
4120,0.9627850747091987
4130,0.9609335248389876
4140,0.9565745072615390
4150,0.9552708084702931
4180,0.9594476336215247
4190,0.9514522861565102
4200,0.9524947264927076
4210,0.9560672133160230
4220,0.9609915626605064
4230,0.9618903593925774
4240,0.9719362065462451
4250,0.9681780964570506
4260,0.9689903419448503
4270,0.9650388501169295
4280,0.9773004127326000
4290,0.9776152781912060
4300,0.9777589095057182
4310,0.9752219354768766
4320,0.9776832671601119
