0,0.9594939544774692
10,0.9613112334542109
20,0.9600106924577225
30,0.9678721189346886
40,0.9714860863012467
50,0.9670715670369382
60,0.9713296374202127
70,0.9806018412889993
80,0.9813936206163515
90,0.9758184365438096
100,0.9834839838163697
110,0.9806547560368410
120,0.9824409347103351
130,0.9770995948577165
140,0.9776546169277650
150,0.9829181279643467
160,0.9894274550669332
170,0.9849366275689376
180,0.9872334982717950
190,0.9852197967011528
200,0.9911264198627835
210,0.9871847058058297
220,0.9879359167776347
230,0.9893388947886531
240,0.9970805042805035
250,0.9908316389341277
280,0.9930076241403123
290,0.9916791365965300
300,0.9988881347454112
310,0.9886739025766539
320,0.9929312982921193
330,0.9978095224406114
340,0.9980903606271403
350,0.9914645673378401
360,0.9947526869313953
370,0.9939255264443912
380,0.9946605600298175
390,0.9834811487381212
400,0.9929360626654303
410,0.9856432187510190
420,0.9849972594848950
430,0.9886209803377866
440,0.9809527551986328
450,0.9786015779676066
460,0.9775527292294656
470,0.9807533827507967
480,0.9778320470074107
490,0.9822206329698504
500,0.9709755176894569
510,0.9757576589307853
520,0.9690468631904224
530,0.9748859965511100
550,0.9718096491452289
560,0.9690246462210754
570,0.9583989274630922
580,0.9466926164786101
590,0.9408552133240649
600,0.9489478997422769
610,0.9375440280820948
620,0.9419401533647425
630,0.9389164977056003
640,0.9522478253553879
650,0.9514322357378410
660,0.9625830354777342
670,0.9659083259990895
680,0.9730064064110554
690,0.9708437903029922
700,0.9747910880335591
710,0.9749452957757602
720,0.9710028166886112
730,0.9754121294233095
740,0.9779595407304182
750,0.9840511210456396
760,0.9744326170628724
770,0.9838110811968563
780,0.9804424157975147
790,0.9824986449732599
800,0.9830638981916004
810,0.9908946986655712
820,0.9820970189063840
830,0.9855077410271323
840,0.9885713102811894
850,0.9947475024602072
860,0.9935058880698451
900,0.9971204862700308
910,0.9880006314224539
920,0.9980568551011723
930,0.9989164243340852
940,0.9902554899463645
950,0.9933602324608616
960,0.9960519250637861
970,0.9929782115348985
980,0.9943323860772429
990,0.9920020095735874
1000,0.9932841486757295
1010,0.9934807833218300
1020,0.9871730738173111
1030,0.9838892792984039
1040,0.9853285824002168
1050,0.9903611970877908
1060,0.9819020476594764
1070,0.9879541884463351
1080,0.9871737752586872
1120,0.9767084093243983
1130,0.9787447077550234
1140,0.9778893347080062
1170,0.9757739379583282
1180,0.9720951246118545
1230,0.9584313050819667
1240,0.9533984233495004
1250,0.9576156611903212
1260,0.9585255184482796
1270,0.9583034565777103
1280,0.9623221238110210
1360,0.9791524747092514
1370,0.9744256837235307
1380,0.9766447426151000
1390,0.9821618910053578
1400,0.9781496405310266
1430,0.9860383548997214
1440,0.9852174231638361
1450,0.9844374009740839
1460,0.9822771952639023
1470,0.9829913334548536
1510,0.9910663006544801
1520,0.9909236943868025
1530,0.9869929952313081
1540,0.9989220330087971
1550,0.9946437784944683
1560,0.9902299134542355
1570,0.9884766975056590
1580,0.9985294277236285
1590,0.9904023269713573
1600,0.9912806799209493
1610,0.9950586377396200
1620,0.9914095388419990
1630,0.9903507348303405
1640,0.9961696770595891
1650,0.9961272663647607
1660,0.9881669729949214
1670,0.9896858069178656
1680,0.9852202963795191
1690,0.9870423916462651
1700,0.9819778612210687
1710,0.9837092525479181
1720,0.9878559866124487
1740,0.9829142006414765
1750,0.9848680978217635
1760,0.9779969232675847
1770,0.9783939298127787
1780,0.9781075547132843
1790,0.9732088783923906
1800,0.9710353950837630
1810,0.9735527385927760
1820,0.9756642764105656
1830,0.9672656704854846
1840,0.9759567693241952
1850,0.9750397851433518
1860,0.9615629683311957
1870,0.9560755969927776
1880,0.9427293261281765
1890,0.9391457592990887
1900,0.9392494667610399
1910,0.9416230585347045
1920,0.9476294466753187
1930,0.9465748709846403
1940,0.9427501410315059
1950,0.9471827876659527
1960,0.9588674988055410
1970,0.9667617399478280
1980,0.9725788239212093
1990,0.9696664254243378
2000,0.9777423499220643
2010,0.9765516692709973
2020,0.9700501448072932
2030,0.9711979322439916
2040,0.9805849545647497
2050,0.9758738024194343
2060,0.9782863838342772
2070,0.9869964342976751
2080,0.9870585030024135
2090,0.9823861160573791
2100,0.9903314933470835
2110,0.9823133860522227
2120,0.9907658939893680
2130,0.9869738154811669
2140,0.9929193029640585
2150,0.9941172057836832
2160,0.9955061121303409
2170,0.9947431683744459
2180,0.9948976353405556
2190,0.9962219799028477
2200,0.9955468037457829
2210,0.9950117354494663
2220,0.9894150050993319
2230,0.9942076634100516
2240,0.9977289193547950
2250,0.9988836887036332
2260,0.9886073033495490
2270,0.9929407121472286
2280,0.9874717510957155
2290,0.9943433058971316
2300,0.9943597465241154
2310,0.9904805896436075
2340,0.9912416608181061
2350,0.9844600720735218
2360,0.9842050762647682
2370,0.9893926143202766
2380,0.9889645412996281
2390,0.9819048565192769
2400,0.9810611096063012
2410,0.9758014517334682
2420,0.9760398274154090
2430,0.9798609719541806
2440,0.9803019887668545
2450,0.9759531073607146
2460,0.9704543219324400
2470,0.9700063555350597
2480,0.9671780049108971
2490,0.9735237534706862
2500,0.9658422034918218
2510,0.9612210089529141
2520,0.9513430520532720
2530,0.9512538036045759
2540,0.9556937269989131
2550,0.9549001359870026
2560,0.9611736218455821
2570,0.9597940651330562
2580,0.9585003495457300
2590,0.9517873785223460
2600,0.9571237892450895
2610,0.9657896432181118
2620,0.9733225036598523
2630,0.9731782356309538
2640,0.9673144711024203
2650,0.9763314186639948
2660,0.9736018806623502
2670,0.9803516654931809
2680,0.9732656333499877
2690,0.9740621884339775
2700,0.9761028302130222
2710,0.9825268012155128
2720,0.9774242495033778
2730,0.9827829747219125
2740,0.9795146617238880
2750,0.9897644083072694
2760,0.9817116632969003
2770,0.9870681165926225
2780,0.9909058016192667
2790,0.9899972016609379
2800,0.9871264655475565
2810,0.9935594481777694
2820,0.9866092681959172
2830,0.9921629199471172
2840,0.9953009517909878
2850,0.9971479884481885
2860,0.9920813900617447
2870,0.9982015978037878
2880,0.9957881260868932
2890,0.9889249114824898
2900,0.9989643875671195
2910,0.9988292932829215
2920,0.9923183959681451
2930,0.9974437000148995
2940,0.9941532868069285
2950,0.9884982358276223
2960,0.9879408009132188
2970,0.9885496276586784
2980,0.9894112453088203
2990,0.9861056254310326
3000,0.9826591414934067
3010,0.9905466916061351
3040,0.9872545474720891
3050,0.9775850585843532
3060,0.9829737153832091
3100,0.9745349384814108
3110,0.9742546009487810
3120,0.9748274913196042
3130,0.9708898952375993
3140,0.9720547064818381
3150,0.9709551139619333
3160,0.9554154264057455
3170,0.9508575463767184
3180,0.9512533079193112
3190,0.9431863394235313
3200,0.9373764454551922
3210,0.9397132287405316
3220,0.9426030181579319
3230,0.9405204236045357
3240,0.9531542185368304
3250,0.9520491534540105
3260,0.9675528487902126
3270,0.9681906410813318
3280,0.9770233712061835
3290,0.9672249980524095
3300,0.9769815283795666
3310,0.9792864977380044
3320,0.9778884882912006
3330,0.9780585338175868
3340,0.9760994840304448
3350,0.9775711183507589
3360,0.9748104592484420
3370,0.9781417412285109
3380,0.9861494049577434
3390,0.9869655274156303
3400,0.9884491301955156
3410,0.9884928008100258
3420,0.9918412423234700
3430,0.9867133435545734
3440,0.9926770546311983
3450,0.9905382023024368
3460,0.9909096359944217
3470,0.9895025885697799
3480,0.9972707311583294
3490,0.9901958286107458
3500,0.9982570545789202
3510,0.9885370690876543
3520,0.9992723327517604
3530,0.9907789243358127
3540,0.9893876371884078
3550,0.9898141826381233
3560,0.9908144935036886
3570,0.9946033683909716
3580,0.9959139372121731
3590,0.9956030192075650
3600,0.9882205692241556
3610,0.9895782180568859
3620,0.9955549336512488
3630,0.9834929473445485
3640,0.9872608406286641
3650,0.9895599707545694
3660,0.9811618626521712
3670,0.9868277912656679
3680,0.9857034358313468
3690,0.9789404121849233
3700,0.9827816719213758
3710,0.9786058064583818
3720,0.9823907066202350
3730,0.9714640925502120
3740,0.9796447423400357
3750,0.9737059479952250
3760,0.9789817994215224
3770,0.9766766601471801
3780,0.9747332092498580
3790,0.9686291601409186
3800,0.9684173600269502
3810,0.9535746198577766
3820,0.9622029312306349
3830,0.9567230517086542
3840,0.9565752966359329
3850,0.9605010166402410
3860,0.9509499289252507
3870,0.9562924515999824
3880,0.9513705272397227
3890,0.9520363030855706
3900,0.9608980881545590
3910,0.9694947462193623
3920,0.9692181987132324
3930,0.9761617767120643
3940,0.9692537122181959
3950,0.9719479555049532
3960,0.9745507056319132
4010,0.9747675739024813
4020,0.9836201606054731
4030,0.9848338764753587
4040,0.9882930255418068
4050,0.9887595811752894
4060,0.9885565581086279
4070,0.9834964948285926
4080,0.9868896967526409
4090,0.9948817595068093
4100,0.9925004232472516
4110,0.9935244219393369
4120,0.9898378310629921
4160,0.9996285130447938
4200,0.9939137807108430
4210,0.9894200622708454
4220,0.9898788241854330
4230,0.9944187744618551
4240,0.9973697837200194
4290,0.9859773299993331
4300,0.9914567246357494
4310,0.9894399594228654
4320,0.9874534456400785
