0,0.9504115503146459
10,0.9537398682149208
20,0.9568120789726317
30,0.9519327841005234
40,0.9537273576285595
50,0.9492519476206630
60,0.9577745724557075
160,0.9781994611032768
170,0.9772732444631765
180,0.9796923464667748
190,0.9740938948323747
200,0.9813040128814107
210,0.9848562454813697
220,0.9825484952908153
230,0.9882166247007793
240,0.9846517237882736
250,0.9844687050284150
260,0.9904946967332480
270,0.9889244153927738
280,0.9950625252646818
330,0.9913827222471771
380,0.9914559976022937
390,0.9925787685067534
420,0.9912577138415913
430,0.9873216110869225
440,0.9870249014278641
450,0.9787907682454343
460,0.9812415025397870
470,0.9846757939710655
480,0.9773975721557207
490,0.9822498775770847
500,0.9799460554874834
510,0.9742497937237089
550,0.9736973029020275
560,0.9642638042868079
570,0.9682828709829634
640,0.9363454507103184
650,0.9441894976932567
660,0.9420353140418894
670,0.9553221465338622
680,0.9632904505286000
690,0.9682541905880980
700,0.9718805347500820
710,0.9647564448369144
720,0.9675527648773060
730,0.9748788588226249
740,0.9678833496541359
750,0.9766721241388560
760,0.9787780079930503
770,0.9828532066793098
780,0.9844646951493514
790,0.9844111298822517
810,0.9819060431001922
820,0.9874346154361128
830,0.9913717661178525
840,0.9856746970716127
910,0.9947978459156290
920,0.9949012426686816
930,0.9970637582629200
940,0.9964002010308319
950,0.9930187037348808
960,0.9909528007994314
970,0.9982690333922909
980,0.9937141769880264
990,0.9942225201264061
1130,0.9715515699727059
1140,0.9634876478229673
1150,0.9658498442404341
1160,0.9613815621189149
1170,0.9586341857876394
1180,0.9521091913206372
1190,0.9584845790927272
1200,0.9485925733646713
1210,0.9588204046715587
1220,0.9557585860052973
1230,0.9492726769431393
1240,0.9526360666062001
1250,0.9574691179912838
1260,0.9585613362226882
1270,0.9608796987527933
1280,0.9647549153552062
1290,0.9742530425702892
1300,0.9718908328780645
1310,0.9745190187700419
1320,0.9701986986875712
1330,0.9687816523908072
1340,0.9712023804687543
1350,0.9821199178706705
1360,0.9776279433666701
1370,0.9792445760871721
1380,0.9769021192326325
1390,0.9843115295058014
1400,0.9912875311888332
1410,0.9859005543712583
1420,0.9901762990885271
1430,0.9906510257679282
1440,0.9956714043970458
1450,0.9909815048531017
1460,0.9979661045362003
1470,0.9926907189185993
1480,0.9935488321478433
1490,0.9952149243467622
1500,0.9891922169258797
1670,0.9782148252045724
1680,0.9771167885252712
1690,0.9720765188457278
1700,0.9742564625161697
1710,0.9671330919514827
1720,0.9660077922010208
1730,0.9715871306932584
1740,0.9688539880805633
1860,0.9690020471041798
1870,0.9654353023292357
1880,0.9738709084527555
1890,0.9715977041190936
1900,0.9665698092875388
1910,0.9749372322954590
1920,0.9714724348918434
1930,0.9730517472938960
1940,0.9761096214596514
1950,0.9788052557756654
1960,0.9870647303871660
1970,0.9817411485249044
1980,0.9865049888390507
1990,0.9871049201970337
2000,0.9930561186525771
2010,0.9850468728987334
2020,0.9888441201103847
2030,0.9894552361019386
2040,0.9968439090951416
2050,0.9934937697605617
2060,0.9927173883327756
2070,0.9984920264222745
2080,0.9933980158787558
2090,0.9902394010689944
2100,0.9976388687325575
2110,0.9952516684413754
2120,0.9941548430838472
2130,0.9940177185452200
2140,0.9953065895692403
2150,0.9973573136737043
2160,0.9886593754666165
2170,0.9879540956090613
2180,0.9873999288817046
2190,0.9877002597800302
2200,0.9839376412519089
2720,0.9934294331463152
2750,0.9882445003586856
2760,0.9899647161042718
2770,0.9860291720957326
2780,0.9811453696457680
2790,0.9804171314413089
2800,0.9863097471991528
2810,0.9809757906757635
2820,0.9787116126423550
2830,0.9742620372553765
2840,0.9773774891438304
2850,0.9708254561559719
2860,0.9700739611839001
2870,0.9712303322443154
3030,0.9678273067401794
3040,0.9706889607526993
3050,0.9748120223030520
3060,0.9737684512544964
3070,0.9709904989196815
3080,0.9694220079947602
3090,0.9789522445299399
3100,0.9773452922734882
3110,0.9837388431859907
3120,0.9800859294400013
3130,0.9844568079582457
3140,0.9829489411784610
3170,0.9877709958178655
3180,0.9860446550902394
3190,0.9902950017338069
3200,0.9949995696797198
3210,0.9947810670428940
3220,0.9872129417872137
3230,0.9971818474871362
3240,0.9920298414043713
3250,0.9920131417073095
3340,0.9896697301973607
3350,0.9923111423169946
3360,0.9918150857290060
3370,0.9883032627021856
3380,0.9782863053561570
3580,0.9514850458223776
3590,0.9485632790219395
3600,0.9584700320715910
3770,0.9941231742832183
3780,0.9857795299377557
3790,0.9912432185387590
3800,0.9955890934301890
3810,0.9932029922478380
3820,0.9970653416392080
3830,0.9928760521741826
3840,0.9983435903076184
3850,0.9984745729081790
3860,0.9939392090354694
3870,0.9952168807419394
3880,0.9981942518980067
3890,0.9915497503509330
3900,0.9968944962407592
3910,0.9917748319376247
3920,0.9859292185534930
3930,0.9880821087559184
3940,0.9825519786004931
3950,0.9855835353179722
4090,0.9614425623072584
4100,0.9543875757768543
4110,0.9463983988669956
4120,0.9385209121726146
4170,0.9460414762344876
4180,0.9531366872939396
4190,0.9610280909495316
4200,0.9705918994764987
4210,0.9622677907019858
4220,0.9720344644356687
4230,0.9716585981881836
4240,0.9679857802240361
4250,0.9704185811740726
4260,0.9773470076430139
4270,0.9706214302282241
4280,0.9753598126081324
4290,0.9738751511472281
4300,0.9804790375608290
4310,0.9863953151527481
4320,0.9808293655932857
