0,0.9926399970801180
10,0.9899018258719687
20,0.9886620615422886
30,0.9880092324486118
40,0.9884557823484716
50,0.9948689864397291
60,0.9882624529048591
70,0.9887994684388079
80,0.9900942583666169
90,0.9889716569166027
100,0.9846365542500914
110,0.9860846994799993
120,0.9812771473682714
130,0.9790856362060887
140,0.9821854791856083
150,0.9778923293224012
160,0.9732071647725093
170,0.9721997977403354
180,0.9751119404194146
190,0.9693066545787022
200,0.9697047496638246
210,0.9689303647221051
220,0.9612205892673059
230,0.9583556023853470
240,0.9586559798765467
350,0.9388039725808434
360,0.9555775699934578
370,0.9551120617767578
410,0.9679122927165583
420,0.9635938639839466
430,0.9658663893747536
440,0.9695519925026491
450,0.9777448496185949
460,0.9795826512989882
470,0.9833823235014330
480,0.9850934574438490
490,0.9776505757444810
500,0.9840805809219333
510,0.9884496877160934
520,0.9887215751295818
530,0.9839382721419295
540,0.9891996051459880
550,0.9952556839367400
560,0.9966766957288534
570,0.9947221037011823
580,0.9954066786593398
590,0.9944972617306194
600,0.9936614050716438
610,0.9944359273657332
620,0.9954633562046101
630,0.9974526480657990
670,0.9917200275765097
680,0.9832149848677330
690,0.9806780620803204
730,0.9837297216545965
740,0.9733908031828891
750,0.9693345847149223
760,0.9735319004227758
770,0.9742842739337862
780,0.9723146536238678
790,0.9636469492830217
800,0.9674478619495365
810,0.9595067368295082
820,0.9578677541532297
830,0.9624995478379735
840,0.9501491093140614
850,0.9465030440730471
860,0.9450750614565164
870,0.9486349399727617
880,0.9485297483514971
890,0.9477678969802050
900,0.9389669743482403
910,0.9404404637874261
920,0.9468736897907690
930,0.9468205209703272
950,0.9575740869893680
960,0.9603719838548435
970,0.9648299208486345
980,0.9578033714292431
990,0.9624260123795580
1000,0.9711257074041744
1010,0.9734365025378510
1020,0.9666996352120084
1030,0.9784512288955760
1040,0.9701876423579087
1050,0.9786775682418062
1060,0.9838265281832234
1070,0.9778054157530014
1080,0.9861504944462521
1090,0.9898857816787127
1100,0.9845019513274159
1110,0.9857651926422469
1120,0.9942118654787624
1130,0.9860992716728529
1140,0.9891035150044754
1150,0.9882251311391718
1160,0.9890967269115485
1170,0.9923380798733519
1180,0.9997912182494459
1190,0.9972154814441838
1200,0.9954605878521329
1210,0.9946944690597198
1220,0.9981392744857882
1230,0.9919418664752229
1240,0.9939860465880637
1250,0.9923857414689311
1260,0.9918950137019795
1270,0.9870915895741615
1280,0.9871578906316384
1290,0.9779710606411330
1300,0.9863626407478991
1310,0.9770236051498137
1320,0.9821445234728992
1330,0.9710942410748276
1340,0.9742890224039764
1350,0.9653951350892279
1360,0.9636878058220465
1370,0.9617987445013277
1380,0.9635147701860556
1390,0.9679499815827168
1400,0.9667865551859143
1410,0.9624706406744533
1420,0.9576618430380739
1430,0.9443007651632309
1440,0.9349446171022524
1450,0.9282857824180618
1460,0.9301267101111517
1470,0.9308813722587085
1480,0.9294803234439653
1490,0.9271138278793283
1500,0.9314468028095332
1510,0.9297535350827626
1520,0.9446781124693198
1530,0.9535247660635341
1540,0.9616070966549897
1550,0.9642902878878394
1560,0.9675425048694158
1570,0.9602498145197821
1580,0.9608832514001999
1590,0.9708368254135208
1600,0.9743474615894803
1610,0.9673096169414147
1620,0.9763247477629514
1630,0.9803064812724447
1640,0.9834443967185574
1650,0.9790543860920330
1660,0.9798534947609608
1670,0.9866421392039200
1680,0.9872521721411968
1690,0.9851611227603614
1700,0.9936391969613357
1710,0.9850797142376503
1720,0.9865228221172581
1730,0.9973136039572627
1740,0.9905616307730429
1750,0.9992132615307759
1760,0.9907544776121013
1770,0.9952708165205355
1780,0.9952121973422322
1790,0.9899212458070494
1800,0.9905148150756431
1810,0.9915611723548268
1820,0.9920248454715543
1830,0.9895430845054070
1840,0.9875496069122519
1850,0.9855248157230851
1860,0.9900054672426647
1870,0.9849081364332826
1880,0.9817016016924747
1890,0.9852850555312171
1900,0.9787175737220984
1910,0.9801848660579578
1920,0.9777130625588011
1930,0.9734108083849321
1940,0.9716817962936534
1950,0.9710304336692721
1960,0.9685857407441724
1970,0.9665963751183214
1980,0.9610101471354316
1990,0.9643327668054492
2000,0.9594896580353111
2010,0.9495430689334997
2020,0.9470342935048781
2030,0.9452681077562245
2040,0.9407311108976698
2050,0.9459110824327113
2060,0.9408949290464108
2070,0.9404472213851852
2080,0.9475374354952250
2090,0.9421580265964595
2100,0.9426922762768822
2110,0.9462435854968181
2120,0.9571687152802377
2130,0.9591553923786569
2140,0.9656477160691984
2150,0.9664186356640220
2160,0.9655616620616262
2170,0.9701812278346017
2180,0.9654154069166998
2190,0.9651468094004035
2200,0.9767436806350742
2210,0.9700613405884330
2220,0.9810443550954129
2230,0.9760268904320385
2240,0.9791566450937100
2250,0.9889649654699454
2260,0.9799291759544037
2270,0.9878389753081602
2280,0.9840287061965416
2290,0.9876129657164671
2300,0.9953279754398732
2310,0.9913101236053908
2320,0.9908694272332081
2330,0.9877078731120503
2340,0.9939255354557669
2350,0.9981202076405226
2360,0.9999658169558618
2370,0.9952454693713451
2380,0.9954104111061085
2390,0.9875392238969563
2400,0.9911526358122295
2410,0.9944652503122853
2420,0.9888282915147653
2430,0.9828967959503633
2440,0.9879665595009983
2450,0.9875223880080967
2460,0.9844032255016145
2470,0.9848461827347564
2480,0.9763085074968896
2490,0.9799000771989695
2500,0.9752462164380672
2510,0.9695125933032326
2520,0.9663519352295123
2530,0.9676900125081505
2540,0.9685781732528090
2550,0.9679054528545090
2560,0.9664469730509164
2570,0.9603827437322272
2580,0.9560638145253740
2590,0.9636602334240952
2600,0.9528985183146801
2610,0.9408046530904566
2620,0.9329132071353418
2630,0.9349185750814644
2640,0.9274195229398905
2650,0.9339512771308516
2660,0.9230757117866911
2670,0.9332768814962512
2680,0.9361169590668220
2690,0.9366340148123189
2700,0.9537594941433517
2710,0.9651094652046874
2720,0.9607069992076211
2730,0.9626368310810315
2740,0.9692397640896244
2750,0.9694436226052832
2760,0.9663259633166892
2770,0.9656679517031714
2780,0.9696295374617758
2790,0.9689416672257257
2800,0.9773944730391390
2810,0.9811792827747107
2820,0.9764881864239287
2830,0.9784974627716914
2840,0.9881627815383849
2850,0.9802224815883016
2860,0.9899180449658457
2870,0.9870418255085065
2880,0.9907841302265661
2890,0.9862071635917783
2900,0.9945528666620412
2910,0.9939188524006858
2920,0.9974852329762804
2930,0.9978957271771587
2940,0.9908573940144325
2950,0.9948192303749506
2960,0.9919483853207353
2970,0.9907740163111000
2980,0.9898615062442029
2990,0.9945537047637271
3000,0.9958870118829534
3010,0.9850505708057524
3020,0.9929037180185656
3030,0.9879467835590403
3040,0.9820381538066670
3050,0.9806659855756352
3060,0.9833587549111746
3070,0.9777966123408671
3080,0.9756320579045979
3090,0.9720622644372964
3100,0.9666182366494243
3110,0.9656232839462754
3120,0.9726162006370003
3130,0.9631269342861144
3140,0.9624731876387674
3150,0.9633612717137628
3160,0.9560281371584909
3170,0.9586101450371309
3180,0.9514038614608537
3190,0.9495676568776029
3200,0.9465214688673915
3210,0.9395946219467700
3220,0.9477211286371763
3230,0.9410744219236513
3240,0.9470853428919126
3250,0.9493742932862294
3260,0.9483665560245215
3270,0.9449099480320768
3280,0.9437921847170110
3290,0.9595056803820974
3300,0.9559246764202540
3310,0.9569300790806964
3320,0.9574992849172025
3330,0.9626361658057268
3340,0.9623267149172769
3350,0.9742748430955641
3360,0.9663950281522680
3370,0.9678211671966536
3380,0.9781439535482949
3390,0.9761644525218275
3400,0.9737289994446412
3410,0.9831023475078609
3420,0.9849492340669328
3430,0.9841572916266390
3440,0.9850388479046812
3450,0.9888712328825260
3460,0.9937905958512327
3470,0.9874582736803000
3480,0.9931218690820860
3490,0.9942313981451451
3500,0.9875433668036819
3510,0.9958761370886801
3520,0.9899779144155982
3530,1.0000000000000000
3540,0.9984255626520699
3550,0.9942209233782578
3560,0.9887172775896804
3570,0.9942300141333232
3580,0.9940041460336561
3590,0.9906626717209198
3600,0.9944216426464693
3610,0.9880872022722100
3620,0.9905361413427728
3630,0.9789203016630607
3640,0.9862873469092367
3650,0.9844921826634511
3660,0.9743987891432356
3670,0.9770682374951144
3680,0.9737951909202939
3690,0.9692374769060452
3700,0.9676134832865647
3710,0.9663283676436883
3720,0.9702724056331871
3730,0.9660595869291611
3740,0.9602656316044688
3750,0.9633688350444563
3760,0.9621997289665963
3770,0.9540409068727272
3780,0.9383014233672053
3790,0.9301323146367130
3800,0.9327234818378579
3820,0.9307468812058316
3830,0.9295277036166625
3840,0.9310093385087679
3850,0.9323227886868521
3860,0.9417050739739179
3870,0.9529970427479761
3880,0.9618604672003336
3890,0.9611564629403976
3900,0.9626462337906783
3910,0.9681484222183553
3920,0.9620612742430937
3930,0.9642172791020992
3940,0.9658784744036039
3950,0.9711323371668761
3960,0.9709720978425731
3970,0.9757924121350843
3980,0.9820299611955341
3990,0.9823818645760232
4000,0.9817145690596960
4010,0.9873847698433443
4020,0.9840266658559165
4030,0.9874843258608654
4040,0.9933568602961254
4050,0.9935233935049553
4060,0.9932565605866266
4070,0.9969917022103916
4080,0.9905620215859141
4090,0.9916839247882852
4100,0.9986091712593280
4110,0.9925784433551483
4120,0.9948001358716233
4130,0.9976656557532980
4140,0.9914018782336980
4150,0.9927129106955480
4160,0.9902228628044252
4170,0.9915370493295699
4180,0.9850619121126162
4190,0.9821436494925091
4200,0.9814067682409863
4210,0.9796590895294850
4220,0.9798822085156612
4230,0.9783706479353528
4240,0.9794825089350961
4250,0.9738479868377919
4260,0.9789745085806776
4270,0.9756338291807457
4280,0.9722876650049410
4290,0.9681694782252086
4300,0.9630729972611410
4310,0.9690339492048127
4320,0.9614975924820104
