710,0.9310447376878928
720,0.9413457159994945
730,0.9493516410809579
740,0.9726136065626705
750,0.9764904654542164
760,0.9691152577487665
950,0.9959461303748609
960,1.0000000000000000
970,0.9892855766503587
980,0.9928421972609544
990,0.9970167505998861
1000,0.9970012760151670
1710,0.9819862399861052
1750,0.9782446475240438
1760,0.9772554063972134
1770,0.9748354066420001
1780,0.9676911121368286
1790,0.9717294010672080
1800,0.9723940247331627
1810,0.9551094409014657
1820,0.9379641029668762
1830,0.9378288505857356
1840,0.9322279549083959
1850,0.9319480221826950
1860,0.9264890755176792
1870,0.9267849986981285
1880,0.9327548863892814
1890,0.9395180257381610
1900,0.9508824654330160
1910,0.9623159999173819
1920,0.9690916794452910
1930,0.9742204726210490
1940,0.9731015476738927
1950,0.9743095055988371
1960,0.9798530185855070
1970,0.9790871927837400
1980,0.9833585536303533
1990,0.9833326353117937
2000,0.9767484881115783
2010,0.9773029016641455
2020,0.9879420982994379
2070,0.9902245497333882
2110,0.9916291519731499
2120,0.9939103929898003
2130,0.9919203837171962
2140,0.9963225509723557
2150,0.9923623374483413
2160,0.9905648993357904
2170,0.9955526353228844
2180,0.9896539967789361
2190,0.9968324309387578
2200,0.9901996502498318
2240,0.9845459784571360
2250,0.9918400544554189
2300,0.9834951855641749
2310,0.9756584168149004
2320,0.9800633758286909
2330,0.9744238398355114
2340,0.9735079164306099
2350,0.9779724391834420
2460,0.9450651204135946
2470,0.9497208239573799
2480,0.9478740219285516
2490,0.9514965795498158
2500,0.9761174007642957
2510,0.9663360761747645
2520,0.9776469330149824
2530,0.9730044880140729
2540,0.9719300902893477
2550,0.9802829872768931
2560,0.9743270987386120
2570,0.9742928001135652
2580,0.9851368693657210
2590,0.9759422157974428
2600,0.9780403373341048
2610,0.9797550319517926
2620,0.9828911127246082
2630,0.9874827430942680
2640,0.9832576295450333
2650,0.9917278197181042
2660,0.9931857555054312
2670,0.9953722438183342
2920,0.9706164472782788
2930,0.9803477359997134
2940,0.9777714558778600
2950,0.9744411456644523
2960,0.9687115734719061
2970,0.9698398650222673
2980,0.9576285092710189
2990,0.9437882847535621
3000,0.9344915698567875
3040,0.9343754666864399
3050,0.9309913880784400
3350,0.9900658696422164
3360,0.9879677182399371
3370,0.9925382740541486
3380,0.9892227391849667
3390,0.9868917659635752
3400,0.9854229181961660
3410,0.9848808011462230
3420,0.9846748285188233
3430,0.9896236009262402
3860,0.9949541844646589
3870,0.9891566929790294
3880,0.9999484226633067
3890,0.9968506029364100
4040,0.9792794075759764
4050,0.9789258902128077
4060,0.9773213725484766
4110,0.9684495284539567
4120,0.9729708730160683
4130,0.9754424135319207
4140,0.9694302773569627
4150,0.9616371813234094
4160,0.9461401512067961
4170,0.9403113212005577
4180,0.9368268383434605
4190,0.9328707644696336
4200,0.9341971602278896
