60,0.9866758637696967
70,0.9852502883026608
80,0.9948936420880722
90,0.9878906504347084
100,0.9899664321923828
110,0.9907825331294912
120,0.9932689914416136
130,0.9975786161893981
140,0.9905146778522373
150,0.9912014339620204
160,0.9968614349156817
170,0.9933471173582628
180,0.9953282291439363
190,0.9959945044486220
200,0.9916698058610894
210,0.9872943923402965
220,0.9889453278268771
230,0.9924279051111780
240,0.9846232580656975
250,0.9878015233650446
260,0.9870491076389610
270,0.9840515103327295
280,0.9845518259894446
290,0.9816488005595406
300,0.9761036583736171
310,0.9758396829607694
320,0.9797402374517098
330,0.9732724202288816
380,0.9714495898362305
390,0.9539894999089131
400,0.9511167849561435
410,0.9400009725093942
420,0.9362204432916955
430,0.9346659917017455
440,0.9360640479030115
450,0.9344768599288654
460,0.9444348602774933
470,0.9415411907642077
480,0.9438638115622778
490,0.9609289257511227
500,0.9634032804429828
510,0.9723362578917190
520,0.9677100551122816
530,0.9749144391379856
540,0.9762142149661021
550,0.9724558106412614
560,0.9742270697178486
770,0.9929281266402833
780,0.9914708274550644
790,0.9974235521707194
810,0.9842157720016199
820,0.9891822499472586
830,0.9896458515277891
840,0.9863295890267372
850,0.9828841352626532
860,0.9847091619037944
870,0.9808856391003699
880,0.9789594219358283
890,0.9736706880895036
900,0.9718026715391545
910,0.9755182393697912
920,0.9766724036609427
930,0.9675698904896534
980,0.9495414226861214
990,0.9555068446362738
1000,0.9510304420810016
1010,0.9505430478665846
1020,0.9564055688569449
1030,0.9560352341494656
1040,0.9565892395813662
1050,0.9502080860042883
1060,0.9499819823074703
1070,0.9478161438637813
1080,0.9622919852741946
1090,0.9608933312082678
1100,0.9700871848526098
1110,0.9713394317575151
1190,0.9847737685041044
1200,0.9840372292428657
1220,0.9870174938559607
1230,0.9922681011914701
1240,0.9839991881802426
1250,0.9876378735296637
1260,0.9925972677370958
1270,0.9975744387015942
1280,0.9881132495858845
1290,0.9977558026575275
1300,0.9904131356415178
1310,0.9970998482407334
1320,0.9965545043865596
1330,0.9984518088045351
1340,0.9938741153597476
1350,0.9881681332235619
1360,0.9963290065624898
1370,0.9984320292658306
1380,0.9968513185210387
1390,0.9960204307726491
1400,0.9920576514173888
1410,0.9870764233003705
1420,0.9812672539573388
1430,0.9818094635213011
1440,0.9797662373218952
1450,0.9845253386729400
1460,0.9804272369908283
1470,0.9769992980522608
1600,0.9400827988022642
1660,0.9570454987048027
1670,0.9671922558684910
1680,0.9709748884954978
1690,0.9713758450986815
1700,0.9737917671444400
1710,0.9675506007177773
1720,0.9742887476435541
1740,0.9800095507006044
1820,0.9897529232952591
1830,0.9845422616460846
1840,0.9876574804921393
1850,0.9933566670398105
1860,0.9883472980686195
1870,0.9898856892601327
1880,0.9903496460062446
1890,0.9897465560475883
1900,0.9973128290156122
1910,0.9958072720871319
1920,0.9924536161459083
1930,0.9920853884072968
1940,0.9981583707528670
1950,0.9917998452872762
1960,0.9941808706209847
2080,0.9683288996148891
2090,0.9724615448217575
2100,0.9692481944727154
2110,0.9713155937508144
2120,0.9725053242105524
2130,0.9663162074939967
2140,0.9673710735908521
2150,0.9473624435833569
2160,0.9518804166244801
2170,0.9469278057226799
2180,0.9547265773135145
2190,0.9536108426736880
2200,0.9556595717470263
2210,0.9458152560445212
2220,0.9545907640225947
2230,0.9454231887043166
2240,0.9536091942431019
2250,0.9607538091002622
2260,0.9697134002533017
2270,0.9633241859698217
2280,0.9691855972760592
2290,0.9683058705692136
2300,0.9697445222204336
2310,0.9708337056548045
2320,0.9749661188490962
2330,0.9803838396574139
2340,0.9836750253264859
2350,0.9813260778452928
2360,0.9832486688271248
2370,0.9818584604656144
2380,0.9824841128338118
2390,0.9865210787728816
2400,0.9827096156570778
2410,0.9862819212057506
2420,0.9902016789121434
2430,0.9949848269754817
2440,0.9885995261172807
2450,0.9897441986245704
2460,0.9959603035860667
2470,0.9976646448977510
2480,0.9938489561865226
2490,0.9981775309594523
2500,0.9993327022219808
2510,0.9960598044056497
2520,0.9991180187806130
2530,0.9929191901370660
2540,0.9932680274290470
2550,0.9898393816084540
2560,0.9895663806672566
2570,0.9908825095601561
2580,0.9893580986638667
2590,0.9895117208027229
2600,0.9884147214381475
2610,0.9805838490511705
2620,0.9797087674777084
2630,0.9772128998216462
2640,0.9812945371897180
2650,0.9712323373845484
2660,0.9792008565467905
2700,0.9655786267428637
2710,0.9704783702180763
2720,0.9628911971338667
2730,0.9573428696548100
2740,0.9468584174749956
2750,0.9375851703081042
2760,0.9368225096965449
2770,0.9392929188855299
2780,0.9401540387632190
2790,0.9401948426081627
2800,0.9426056192544627
2810,0.9349268095102947
2820,0.9421504547773685
2830,0.9511290360558675
2840,0.9611274787131631
2850,0.9698269479102577
2950,0.9825998165938360
2960,0.9844003958712347
2970,0.9887070825417017
2980,0.9861608738803637
2990,0.9872385238823658
3000,0.9866263156384578
3010,0.9864147426941711
3020,0.9932897048854938
3030,0.9943837888657123
3040,0.9916580879812827
3050,0.9893749946343477
3270,0.9663499780741925
3280,0.9655173290665245
3290,0.9728067937151974
3300,0.9661788371426914
3310,0.9662638201600280
3320,0.9577568071660105
3330,0.9519076903363586
3340,0.9556707073840498
3350,0.9535540944050672
3360,0.9458679641046916
3370,0.9561977977492371
3380,0.9495279977565568
3390,0.9470462491436561
3400,0.9550729939454120
3410,0.9471875193108082
3420,0.9607979206528348
3430,0.9614077290930098
3470,0.9702989557571732
3480,0.9753353758186049
3490,0.9706965964206089
3500,0.9750846343022125
3510,0.9755910601521423
3540,0.9886425317571551
3550,0.9876903391987837
3600,0.9919357520143395
3610,0.9955211826753818
3620,0.9957141370895620
3630,0.9986846534505180
3640,0.9964845469630895
3690,0.9937645420829919
3700,0.9984880954956673
3720,0.9957599291650632
3730,0.9885529180590639
3740,0.9899967689774976
3750,0.9840502997950255
3760,0.9846953866614270
3770,0.9800624726116900
3780,0.9847469932161387
3790,0.9809357220695336
3800,0.9832842354096231
3810,0.9770617227266924
3820,0.9773127780464178
3830,0.9739660322027469
3840,0.9705997228352947
3850,0.9735339412923282
3860,0.9746387248058819
3870,0.9693237577841346
3880,0.9688450987127432
3890,0.9616686824120435
3970,0.9359416190649998
3980,0.9378865477371432
3990,0.9414407745132238
4000,0.9600233285172319
4010,0.9628806210359621
4020,0.9693838331340634
4030,0.9710618389570859
4040,0.9656696865112643
4050,0.9751425992930050
4060,0.9683697804972058
4070,0.9721250837458240
4080,0.9804289523984537
4090,0.9739118198423325
4100,0.9765335864202590
4110,0.9842980314368434
4120,0.9802887383112464
4130,0.9795057247363275
4140,0.9858891260630247
4150,0.9818818063818873
4160,0.9851011267962847
4170,0.9898528304419140
4180,0.9927913712359124
4190,0.9947658743197675
4230,0.9952744852759551
4280,0.9978553170222321
4290,0.9878244916860490
4300,0.9916948802029899
4310,0.9907452862993688
4320,0.9951935709516401
