0,0.9915866385807667
10,0.9981906957061459
20,0.9982128492388445
30,0.9943288199421066
40,0.9951998241350808
50,0.9954966753233870
60,0.9927021038837994
70,0.9867227761506601
80,0.9850972028633236
90,0.9916939321339269
100,0.9828357500454518
110,0.9877551189980456
120,0.9828535316841213
130,0.9770330282437304
140,0.9831916381144178
150,0.9827826930819956
160,0.9741760331676257
170,0.9719402550487167
180,0.9751281360392379
190,0.9708713583518906
200,0.9718274675211913
210,0.9758363961171257
220,0.9584025491076693
230,0.9518559740349160
240,0.9518617917516879
250,0.9613810034262449
260,0.9542029656179051
270,0.9556244674607901
280,0.9540604836923229
290,0.9508720453037696
300,0.9569572165910214
310,0.9516778697485618
320,0.9676428674787689
330,0.9667777141768839
340,0.9698146911405732
350,0.9708073978525367
360,0.9741448017161243
370,0.9806081593092851
380,0.9765085052952458
390,0.9768463362284292
400,0.9762649154664030
410,0.9839192051811534
420,0.9874203030195092
430,0.9793119282315502
440,0.9883944862878177
450,0.9911604090450213
460,0.9897064033708818
470,0.9830839160121789
480,0.9920934463031121
490,0.9966464429345122
500,0.9900614658171342
510,0.9936086293738460
520,0.9919521158246143
530,0.9992912576823565
540,0.9980062299879479
550,0.9945331481035820
560,0.9935101965053450
570,0.9996542976432846
580,0.9954708216135754
590,0.9914177867210104
600,0.9874275449808780
610,0.9875641822999327
620,0.9883243528433902
630,0.9964608895602030
640,0.9941421361295451
650,0.9873131080412848
660,0.9854207416855993
670,0.9908209026497272
680,0.9800994869905435
690,0.9835902154867022
700,0.9843224236664737
710,0.9853411302522466
720,0.9785138306983301
730,0.9784769202224843
740,0.9746781740844657
750,0.9730686973498371
760,0.9803501729965074
770,0.9737443138891861
780,0.9719450667252446
790,0.9743583751058313
800,0.9704293492380928
810,0.9585671539880579
930,0.9750524833290179
940,0.9762678905335750
950,0.9783254312524864
960,0.9739157325072569
970,0.9743250872272669
980,0.9783722590651004
990,0.9808746939118075
1000,0.9800052602911860
1010,0.9861494129455695
1020,0.9792757051756605
1030,0.9902929581644805
1040,0.9913729164239975
1050,0.9853653835393001
1060,0.9869337924216957
1070,0.9907257348583719
1080,0.9900562195038792
1090,0.9963724504295458
1100,0.9958584726772405
1110,0.9891740352772593
1120,0.9970581863141129
1130,0.9976252482462266
1200,0.9973318540048843
1210,0.9970983323310487
1220,0.9898010842901340
1230,0.9879021554582916
1240,0.9895842292528084
1250,0.9840527117989178
1260,0.9846550693763989
1270,0.9844533048813331
1280,0.9860713954743971
1290,0.9875662973006903
1300,0.9756784330577360
1310,0.9845313584315929
1320,0.9760078744496725
1330,0.9721986384882146
1340,0.9733848942678404
1350,0.9777661874048083
1360,0.9739200438751532
1370,0.9700534213348424
1380,0.9751425114260435
1390,0.9585026040869612
1400,0.9543581495895899
1420,0.9611785249396110
1430,0.9534142926345517
1440,0.9552375872324017
1450,0.9519789777602674
1460,0.9563731364784276
1470,0.9609623110947658
1480,0.9601152714502056
1490,0.9650737426576382
1500,0.9677327291488977
1510,0.9721104191311764
1520,0.9693374515909864
1530,0.9802687297405192
1540,0.9712401453995100
1550,0.9775985533388714
1560,0.9823543966947933
1570,0.9845650781675686
1580,0.9848563922237448
1590,0.9858220629117952
1600,0.9816436719733539
1610,0.9867789832920940
1620,0.9811107136153139
1630,0.9894677038179408
1640,0.9829008124696166
1650,0.9906653167530119
1660,0.9866594695668591
1670,0.9910494492515118
1680,0.9940118290471415
1690,0.9928560648157042
1730,0.9954880517806269
1740,0.9950040697737818
1750,0.9898146293504377
1760,0.9964667614786212
1770,0.9949325607717129
1780,0.9923988902073838
1790,0.9935452861338063
1800,0.9960404385809596
1990,0.9558788436705241
2000,0.9448083296856884
2010,0.9471083460113681
2020,0.9442640490203923
2030,0.9403126348062143
2040,0.9420071997384243
2050,0.9512968862635824
2060,0.9440959261025248
2070,0.9564618599160235
2080,0.9735226869664563
2090,0.9773008008132464
2100,0.9726219055010739
2110,0.9724370568546117
2150,0.9809135849342817
2160,0.9792370534286248
2170,0.9811371802993878
2180,0.9807202808475166
2190,0.9850654761675346
2200,0.9839725621842467
2210,0.9818710945904711
2220,0.9839952918682875
2230,0.9905429030545063
2240,0.9848964941402099
2270,0.9904380663475417
2280,0.9951507609011676
2290,0.9923466806878601
2300,0.9938371220314988
2310,0.9982681134256458
2320,0.9981613144992342
2330,0.9938052820196204
2340,0.9887034901278132
2350,0.9934938361943733
2360,0.9934274127830143
2370,0.9867808604659219
2380,0.9860696862993563
2390,0.9948102216646162
2400,0.9852650548729390
2410,0.9895400281898135
2420,0.9902226685957179
2430,0.9837054261817323
2440,0.9880269506328773
2450,0.9835963489327857
2460,0.9831465951407342
2470,0.9830237406844848
2510,0.9741386214608451
2520,0.9809290139561679
2530,0.9763787210298956
2540,0.9735377134184076
2550,0.9719855976798537
2560,0.9608069050117454
2610,0.9530783705453749
2620,0.9559519195367145
2630,0.9523315764346326
2640,0.9566690079101406
2650,0.9581256650246727
2660,0.9619443155186496
2670,0.9761423607462134
2680,0.9759820575203600
2690,0.9700001181745438
2700,0.9712031333418534
2720,0.9724489109495813
2730,0.9735384692132223
2740,0.9755899631672611
2750,0.9856116801129148
2760,0.9774374903898526
2770,0.9822333231092760
2780,0.9865235183540159
2790,0.9852297827472799
2800,0.9926753244133580
2810,0.9845812303961170
2820,0.9854283771340632
2830,0.9900938639569381
2840,0.9893125423710504
2850,0.9978662803230104
2860,0.9953944744715389
2870,0.9914575304830285
2880,0.9975550374570984
2890,0.9921665961623685
2900,1.0000000000000000
2910,0.9939298490782048
2920,0.9886157596926375
2930,0.9897914918109855
2940,0.9967429385953788
2950,0.9898246809559748
2960,0.9974215397711521
2970,0.9862575351630384
2980,0.9917649425747075
2990,0.9876048025314240
3000,0.9922902795668355
3010,0.9892408360101753
3020,0.9915867446084039
3030,0.9894640295900693
3040,0.9879524977285637
3050,0.9822942325068504
3060,0.9844211488901417
3070,0.9789770065971023
3080,0.9788616830250666
3090,0.9773270360604748
3100,0.9710385315184039
3110,0.9702163822899810
3120,0.9764452884037280
3130,0.9691537386130300
3140,0.9673144328151480
3150,0.9635671855045123
3160,0.9536371410688211
3170,0.9419246266370104
3180,0.9424566953663395
3190,0.9414326215617993
3200,0.9450464593373684
3210,0.9482712769201121
3220,0.9474140899627121
3230,0.9441125530762452
3240,0.9600802814617848
3250,0.9658476092529225
3260,0.9750027473605192
3270,0.9688559614055843
3280,0.9684404303869864
3290,0.9779897299986230
3300,0.9811947272731797
3310,0.9795064654849948
3320,0.9782434020892088
3330,0.9765969514453116
3340,0.9850621224620789
3350,0.9832893760464640
3360,0.9864160613060233
3370,0.9794883520636749
3380,0.9889597464172768
3390,0.9925780402139750
3400,0.9832806527796411
3410,0.9957760581493537
3420,0.9893075572769796
3430,0.9919456329082639
3440,0.9899990436140961
3450,0.9877851267387805
3460,0.9954522362044381
3470,0.9937133831381763
3480,0.9930009650342135
3490,0.9978307096441746
3500,0.9993550678872505
3510,0.9922395776417398
3520,0.9923281784039486
3530,0.9880756686964803
3540,0.9868033056829767
3550,0.9940859672900438
3560,0.9963516699351702
3570,0.9945197788812538
3590,0.9834906660889506
3600,0.9836124482610897
3620,0.9843282877549667
3630,0.9796720352958043
3640,0.9781682061902756
3650,0.9846831727923796
3710,0.9701784826716605
3720,0.9725580894796374
3730,0.9609044625499372
3740,0.9571082922170249
3750,0.9608958452949601
3760,0.9521716719068187
3790,0.9529463785957052
3800,0.9527190857349868
3810,0.9515565173977851
3820,0.9543802238015687
3830,0.9528481979456265
3840,0.9765170869421828
3850,0.9691495973726836
3860,0.9771375543340259
3870,0.9781776382173388
3880,0.9782053046064254
3890,0.9747932687967493
3900,0.9798705584140732
3910,0.9744544277602872
3920,0.9841712903977187
3930,0.9819661320905455
3940,0.9795159124038094
3950,0.9886676592840608
3960,0.9832342115613795
3970,0.9867950367805597
3980,0.9896855705667424
3990,0.9949493882541511
4000,0.9862844524277146
4010,0.9916929569569009
4020,0.9872484560619885
4030,0.9961966651305311
4040,0.9992090503556990
4050,0.9934259121352003
4060,0.9974721144672741
4070,0.9972326384293738
4080,0.9891715262844017
4090,0.9914690496927208
4100,0.9878320602704822
4110,0.9987672741047922
4120,0.9912643102440427
4130,0.9977280511543803
4140,0.9896803790821904
4150,0.9947682159828750
4160,0.9904769102209041
4170,0.9882156490713048
4180,0.9836250349527281
4190,0.9803190804430701
4200,0.9825293251294884
4210,0.9776560735224338
4220,0.9829436673355501
4230,0.9754945358741152
4240,0.9753480611625999
4250,0.9777964247517356
4260,0.9766553218977744
4270,0.9729446096645079
4280,0.9706082478492051
4290,0.9794237070622466
4300,0.9747602100599637
4310,0.9719681211979443
4320,0.9584449918469433
