0,0.9822094815861410
10,0.9904215378230242
20,0.9873737069571682
30,0.9867624538704753
300,0.9707190523443628
310,0.9707012756703147
320,0.9618381721219097
330,0.9703846227604075
340,0.9537935037143951
350,0.9463673241824525
360,0.9436584402997952
370,0.9441241507152144
380,0.9489988148243628
390,0.9514310375972549
400,0.9437647071213023
410,0.9433948200388181
600,0.9923215874795075
610,0.9849715830346780
620,0.9870875944805327
630,0.9888872848683159
640,0.9950065161599653
650,0.9996227043429332
660,0.9901134039733792
670,0.9896861594778329
680,0.9910828845649964
690,0.9972772339862126
700,0.9920674755268262
710,0.9883776322680901
720,0.9908501620909926
730,0.9940349393974486
740,0.9887822891786867
750,0.9951265407990665
760,0.9865615717482340
770,0.9871231611505692
780,0.9910844288947153
790,0.9848971604923106
840,0.9768993491891943
850,0.9698289524558497
860,0.9784946099996751
870,0.9681549797634685
880,0.9741265344328603
890,0.9634988874645254
900,0.9706202709033430
1040,0.9686706366171596
1050,0.9623661974934484
1060,0.9647386881054041
1070,0.9665219731285672
1080,0.9677267475311402
1090,0.9788143116054365
1100,0.9710902078076753
1110,0.9819167089067098
1120,0.9758713454680824
1130,0.9847016068713822
1140,0.9802346446478890
1150,0.9873196746700684
1160,0.9867871897175807
1170,0.9872407368288946
1180,0.9926584292108712
1200,0.9881092081107582
1210,0.9958369721885668
1220,0.9947517427336446
1230,0.9944380769545427
1240,0.9904239015385028
1250,0.9953790657670030
1260,0.9930051151846592
1270,0.9994120548027658
1280,0.9941879431517474
1290,0.9941398191880777
1300,0.9902945863413904
1310,0.9953688121198282
1320,0.9896339782710795
1330,0.9912527693891005
1340,0.9842485918487771
1350,0.9913346770818972
1360,0.9928536546179558
1390,0.9870216732329526
1400,0.9787362858268190
1410,0.9736394315530486
1420,0.9799381736820714
1430,0.9709542770784929
1580,0.9468476494118020
1590,0.9442036403320805
1600,0.9427165039659723
1610,0.9582617708040699
1620,0.9685012237350813
1630,0.9638985594936464
1640,0.9702641114884922
1650,0.9741021250113908
1660,0.9652304703796027
1670,0.9682764545191958
1680,0.9759391768591671
1690,0.9782815971008881
1700,0.9714150624217133
1710,0.9807690671789335
1720,0.9851849446910947
1730,0.9783240733161952
1740,0.9823784726710203
1750,0.9802873199811033
1760,0.9879020339145637
1770,0.9834638961529720
1780,0.9950551301098953
1790,0.9868862370828207
1800,0.9923589515796348
1810,0.9930337106049864
1820,0.9940209000765097
1920,0.9857588253813281
1930,0.9940405192211951
1940,0.9907531760240563
1950,0.9909084464645603
1960,0.9816205289443811
1970,0.9863158365882501
1980,0.9799342959077859
1990,0.9836007926177052
2000,0.9800628608245747
2010,0.9783506000878069
2130,0.9388242988144603
2140,0.9307262301273550
2150,0.9305354691335608
2160,0.9353587824698659
2170,0.9302302374518934
2220,0.9645923105959963
2230,0.9711669257931880
2240,0.9738613103666899
2250,0.9731868986140676
2260,0.9772218489171102
2270,0.9696769076775217
2280,0.9790049211795119
2290,0.9781666415705342
2300,0.9738001391771787
2310,0.9807113618667435
2320,0.9786337811631395
2330,0.9896865258331804
2340,0.9910061284670791
2350,0.9877064869308311
2360,0.9865624501117199
2370,0.9959377897324657
2380,0.9918588970976764
2390,0.9873142230244003
2400,0.9939103789922382
2410,0.9984432989963877
2420,0.9987992452969601
2430,0.9947387658232469
2440,0.9891712163209876
2450,0.9953749875511725
2460,0.9952006717014924
2470,0.9972101288281817
2480,0.9895048494442336
2490,0.9971403371347546
2500,0.9938036366765371
2510,0.9924915159482798
2520,0.9883786913830326
2530,0.9863318214190347
2540,0.9884585744350445
2550,0.9815464127641026
2560,0.9808591453014294
2570,0.9807358483920623
2580,0.9830141840855399
2590,0.9806956436141064
2600,0.9705646692020740
2610,0.9741657654080500
2620,0.9700691263135666
2630,0.9729729321558829
2640,0.9690825022386781
2650,0.9690717963171316
2660,0.9656662024112811
2670,0.9615959950230232
2810,0.9642958583422702
2820,0.9693997278884668
2910,0.9869772601988743
2920,0.9845658634040749
2930,0.9817727978408856
3030,0.9925754757383528
3040,0.9887987062646751
3050,0.9887533706383763
3060,0.9881068696658933
3070,0.9953170964677428
3080,0.9937560728199447
3090,0.9890439422765652
3100,0.9932514532624769
3110,0.9916767334535500
3120,0.9902581765002733
3150,0.9763619737829392
3220,0.9647087153987107
3230,0.9729486138121221
3240,0.9700697171462792
3250,0.9715530563644910
3260,0.9644906400590780
3270,0.9530484095571852
3350,0.9336448341709999
3360,0.9439027548854555
3370,0.9595497257617918
3380,0.9665658734909175
3540,0.9928206077348790
3550,0.9866275567734291
3560,0.9887624381336843
3570,0.9921754507747732
3580,0.9894806537083322
3590,0.9893442092959329
3600,0.9999574116955022
3610,0.9904523760409253
3620,0.9952449067994756
3630,0.9894864755610964
3640,0.9890240735022198
3650,0.9881852840370419
3660,0.9978915633707536
3670,0.9945503663321232
3680,0.9891908405835526
3690,0.9862316575392507
3700,0.9863922971557378
3710,0.9837341163771252
3720,0.9839592098295861
3730,0.9817002719343025
3740,0.9787512861693889
3750,0.9781358263956885
3760,0.9743401796259209
3770,0.9752034883182791
3780,0.9751320904897297
3790,0.9700451645436211
3800,0.9652570205108087
3810,0.9637475362762480
3820,0.9671185076036154
3830,0.9632040063223148
3840,0.9604635906714625
3850,0.9626058107267151
3860,0.9520348980999244
3870,0.9429920214809450
3880,0.9530378484848016
3890,0.9507962694751744
3900,0.9523363953816523
3910,0.9455536571915266
3920,0.9482777997387778
3930,0.9476785591174677
3940,0.9476736711844161
4010,0.9731307220744901
4020,0.9745339998721549
4030,0.9726503333004943
4040,0.9805548600295493
4050,0.9798341016532387
4060,0.9763379261922115
4070,0.9773026082479845
4230,0.9898368557024330
4240,0.9913580291950577
4250,0.9959403377240481
4260,0.9870007684882157
4270,0.9944429306333822
4280,0.9892431781036725
4290,0.9837172927889101
