0,0.9822057302441500
10,0.9887201781912006
20,0.9880889568424597
30,0.9794315609312519
40,0.9850456165139336
50,0.9787205359781023
60,0.9784734477555544
70,0.9803692056505605
80,0.9763515058035338
90,0.9746306678603934
100,0.9651500751091268
110,0.9686023048124209
120,0.9718219861624554
130,0.9610308942519272
140,0.9597241972844291
370,0.9664448306708479
380,0.9715028398800870
390,0.9753350180957384
400,0.9781406646682003
410,0.9837260915264457
430,0.9806267063224687
630,0.9889651005316639
640,0.9865601093548507
650,0.9826515137764681
660,0.9834665279961019
670,0.9899518300282517
680,0.9835810384720655
690,0.9775598965951618
700,0.9786332935645847
930,0.9478414363778050
940,0.9575065353529614
950,0.9588417740730789
960,0.9667116792859964
970,0.9679881028323716
980,0.9651250837563824
990,0.9711849742819290
1000,0.9617676919229484
1010,0.9710172616297698
1020,0.9749226824423559
1030,0.9762065566624645
1040,0.9744392085211113
1050,0.9773477801448901
1060,0.9796032767905115
1070,0.9818691064281533
1080,0.9868491244425505
1090,0.9844052593752416
1100,0.9851015434054025
1110,0.9916797963776565
1120,0.9904738175339356
1130,0.9908398329399793
1140,0.9926236041414392
1150,0.9879305668485393
1160,0.9863957999941748
1170,0.9980341913324611
1180,0.9916117235556919
1190,0.9981034325064755
1200,0.9890291744151761
1210,1.0000000000000000
1220,0.9971179937515385
1230,0.9983803525616384
1240,0.9882917936349511
1250,0.9906748116185135
1260,0.9971166645837618
1270,0.9857427222846682
1720,0.9855852079553180
1730,0.9792178553740528
1740,0.9886021749644630
1750,0.9878327713470212
1760,0.9889233488973743
1790,0.9920659785532723
1800,0.9865306899422854
1960,0.9795000442346672
1970,0.9823776972520127
1980,0.9877637521189891
1990,0.9847329063666004
2000,0.9764674853863096
2010,0.9790813456352970
2120,0.9546635375649242
2150,0.9347310512688721
2160,0.9232062178973096
2170,0.9227430370025578
2180,0.9203585959561837
2190,0.9247116210012951
2200,0.9237601911242221
2210,0.9354188208404509
2220,0.9325525707778580
2420,0.9868746360741356
2450,0.9888022351645612
2460,0.9905097335335317
2470,0.9978911288509602
2480,0.9954663566356662
2490,0.9914178460929054
2500,0.9908699375085368
2510,0.9979240758940734
2520,0.9890607807671327
2530,0.9964886169457294
2540,0.9875597268089992
2550,0.9866536672023271
2560,0.9897862000841798
2570,0.9859251358882440
2580,0.9920951798025752
2590,0.9926209885850139
2600,0.9885795247442493
2610,0.9815391184772069
2620,0.9819672326589126
2630,0.9816135640534640
2640,0.9756289875795146
2650,0.9764661123821403
2660,0.9706801992863374
2670,0.9723369266709028
2680,0.9750586809923667
2690,0.9667681657011327
2700,0.9715411451744227
2710,0.9668213114224377
2720,0.9608125048004309
2730,0.9685742315572181
2740,0.9627906734425802
2750,0.9631122862093432
2760,0.9661015461211481
2770,0.9544006779880138
2860,0.9414196147184789
2870,0.9404995330465191
2880,0.9546355467613890
2890,0.9594591959949675
2900,0.9587963246964779
2910,0.9674142071442533
2920,0.9598524693589616
2930,0.9631867720943390
3020,0.9832302572233870
3040,0.9835510640089571
3130,0.9879514277355615
3140,0.9927932676780711
3150,0.9925766934058726
3160,0.9934331202144593
3170,0.9962984616661463
3180,0.9967227392021903
3190,0.9974569180943013
3360,0.9694735929076439
3370,0.9611423060653180
3380,0.9682428638072014
3440,0.9390781729325652
3450,0.9283645879445667
3460,0.9269733602361643
3470,0.9297441460725432
3480,0.9299977513351863
3490,0.9248303835930410
3500,0.9318232910042985
3510,0.9387720402353297
3520,0.9466245346805946
3530,0.9586616548965832
3540,0.9616610136579772
3550,0.9644973072663305
3620,0.9727674671329934
3640,0.9783986204746306
3650,0.9720489290375810
3660,0.9786533751595345
3670,0.9829694594335991
3680,0.9861808474373311
3690,0.9881125354464741
3740,0.9901332093056602
3750,0.9980433272509326
3760,0.9880099122558316
3770,0.9970655295613579
3780,0.9974432089363223
3790,0.9905915347177500
3800,0.9930084480586616
3820,0.9925968192164765
3830,0.9910232267716730
3850,0.9956807959112038
3860,0.9953203866813056
3870,0.9956297266096950
3880,0.9912755750355777
3890,0.9907554450760482
3900,0.9849492763033647
3910,0.9826292916672807
4030,0.9605774838128768
4040,0.9619427947803152
4050,0.9603468319471579
4060,0.9641531638200140
4070,0.9573084215068760
4080,0.9381700130043424
4090,0.9448634979640558
4100,0.9380185789963202
4110,0.9485373339667137
4120,0.9415500386030184
4130,0.9472166037810600
4140,0.9447518616381502
4150,0.9449286967119654
4160,0.9422782570358130
4170,0.9473532678107136
4180,0.9533771771564505
4190,0.9575588733658025
4220,0.9600460986208620
4230,0.9697996380741938
