0,0.9822259942146961
10,0.9797599277978445
20,0.9791242867655630
30,0.9840787829746062
40,0.9903844614739691
50,0.9882024127143740
60,0.9871915827819205
70,0.9935710251885425
80,0.9851440342015129
90,0.9902070120520928
100,0.9896408040047159
110,0.9954866491767380
120,0.9888782068305644
130,0.9959536898241662
140,0.9928531997946061
150,0.9880697761369267
160,0.9933091788315204
170,0.9964621937326728
180,0.9974674745599662
190,0.9906187584379612
200,0.9991054141893558
210,0.9904636384473179
220,0.9992535427105627
250,0.9958508858137057
260,0.9944961103799510
270,0.9937829651508628
280,0.9866315829430685
290,0.9840985701324422
300,0.9847572420204194
310,0.9898409086147159
320,0.9801906635677576
330,0.9854115606691733
340,0.9872924958436319
350,0.9874821367277957
360,0.9847768397262193
370,0.9835500130452273
380,0.9771367451903540
390,0.9825411620692237
400,0.9752050717764991
410,0.9711275333897370
450,0.9754470247686390
460,0.9556337475288907
470,0.9528050775618776
480,0.9509697900131500
490,0.9491049506838690
500,0.9577368536793507
510,0.9552845124953395
520,0.9594214949238253
530,0.9590538105469594
540,0.9545827177572072
550,0.9575656899501361
580,0.9759576414440196
590,0.9785261279977356
610,0.9763640937142593
620,0.9751134337217895
630,0.9832787695394454
640,0.9814385101320400
650,0.9792005449818776
660,0.9839685166293393
670,0.9793534521369439
810,0.9901686503475237
820,0.9889022191430165
830,0.9954863074774266
840,0.9890448772268141
850,0.9961494532964803
860,0.9969368949381897
870,0.9954700280531563
1000,0.9779866019565038
1030,0.9838619788368076
1040,0.9721330282102966
1050,0.9783824893023576
1060,0.9795776102314431
1070,0.9728516767947053
1080,0.9794122021568605
1090,0.9788879718163314
1100,0.9653052795016583
1110,0.9572015193048562
1120,0.9476987834087497
1130,0.9451749155480168
1140,0.9348661409512912
1150,0.9355110913645889
1160,0.9373213082400175
1170,0.9445305177036504
1180,0.9376368248723181
1190,0.9480738302278917
1200,0.9512952501294364
1210,0.9711773419073034
1220,0.9721256323637842
1230,0.9699654297099954
1240,0.9799910469330726
1250,0.9784884378210700
1260,0.9764777397846590
1270,0.9740348384906434
1280,0.9832879207874512
1290,0.9746184441068355
1300,0.9825294170244787
1310,0.9859006257334582
1370,0.9868405438004905
1380,0.9898121633408689
1390,0.9958454538546394
1440,0.9974415827582915
1450,0.9981160107871492
1460,0.9887014463854773
1470,0.9908902578467823
1480,0.9987930895240404
1490,0.9893609680288125
1500,0.9945794018209857
1510,0.9878527778042588
1520,0.9990347979246814
1530,0.9870719659906978
1540,0.9969404701836824
1550,0.9875251118838916
1560,0.9851365320107148
1570,0.9946491918653607
1580,0.9871222060795188
1590,0.9936334239258950
1600,0.9890347338292592
1610,0.9861290549679066
1620,0.9884245355990845
1770,0.9494991007752209
1780,0.9581947081515950
1790,0.9504411621653969
1800,0.9591528529050094
1810,0.9505257453253861
1920,0.9812094599309709
1930,0.9771473553804287
1940,0.9748629426872812
1950,0.9779175682138250
1960,0.9864841468657358
1970,0.9802933687834345
1980,0.9822228572892765
1990,0.9902337307540880
2000,0.9911680484611944
2010,0.9835433543218753
2020,0.9882416175545405
2030,0.9923236434332583
2180,0.9959847958751215
2190,0.9918818517825131
2200,0.9902654610436448
2280,0.9838150355604088
2330,0.9794229662584939
2340,0.9802670896350484
2350,0.9809856986250218
2360,0.9779737687007517
2370,0.9785688731476226
2380,0.9784787219064605
2390,0.9691859865237409
2430,0.9436122039949217
2440,0.9348483213394777
2480,0.9449287310648408
2490,0.9486716602525777
2500,0.9630308563630050
2510,0.9707499517844465
2520,0.9682384604218756
2530,0.9741479689701426
2620,0.9890657521350765
2630,0.9901766206097776
2680,0.9949956443308349
2740,0.9930721818945613
2750,0.9972461379630921
2760,0.9921606540562229
2770,0.9905717641419391
2810,0.9914404918280896
2820,0.9973163479479357
2830,0.9932265590953526
2840,0.9932034220042547
2870,0.9904344819675510
2880,0.9893287664712774
2890,0.9909296549446115
2900,0.9811918014993779
2910,0.9826892306788181
2920,0.9854515747926659
2930,0.9847974565851996
2940,0.9866487745054028
2950,0.9768834297966754
2960,0.9762772379055702
2970,0.9838943707673075
2980,0.9768551444373565
2990,0.9750517262648298
3000,0.9797784606395336
3010,0.9776767929790829
3020,0.9760441938596081
3030,0.9750016240441700
3040,0.9753898542545389
3050,0.9565140219685714
3060,0.9574718093781244
3070,0.9493772495240638
3080,0.9498029235091838
3120,0.9548583431815267
3130,0.9524980037527235
3140,0.9586499044089405
3150,0.9556077867584373
3160,0.9784760159184100
3170,0.9762225811293009
3180,0.9687273330330004
3190,0.9710114695564798
3200,0.9795898798412203
3210,0.9804883188403670
3220,0.9793254955132532
3230,0.9827162783922506
3240,0.9856445618124374
3250,0.9763270178538882
3260,0.9879180607939478
3270,0.9799082216330414
3280,0.9817630470811172
3360,0.9929218781174315
3370,0.9891453132331374
3380,0.9915259383997139
3390,0.9912882536893582
3400,0.9949757200324819
3410,0.9936332764678891
3420,0.9923853834356753
3430,0.9901026860579626
3460,0.9961968807529087
3470,0.9914042878140455
3480,0.9961370041683719
3490,0.9926919150252643
3500,0.9942470912226669
3510,0.9862363633048955
3520,0.9900210919101813
3530,0.9932919738810423
3540,0.9884954430790975
3630,0.9739142304907540
3640,0.9734118094197496
3650,0.9777026925416210
3660,0.9760245495862957
3670,0.9683478158383866
3680,0.9725212476264860
3690,0.9667217538614531
3700,0.9638594765908807
3710,0.9505505116861542
3860,0.9747136504718474
3870,0.9817379747949353
3880,0.9806769255565007
3890,0.9793608400882863
3900,0.9837296931048446
3910,0.9857312884730661
3920,0.9801411375636544
3930,0.9837538255658556
3940,0.9898323245024718
3950,0.9824262772732932
3960,0.9889222159267935
3970,0.9944023451819248
3980,0.9927138737170467
3990,0.9922513599397765
4000,0.9915118493464825
4010,0.9912320308605871
4020,0.9889942912409586
4030,0.9893051115871627
4040,0.9975867521795976
4050,0.9903052976622566
4060,0.9995985916917265
4070,0.9907328322263851
4080,1.0000000000000000
4090,0.9896311609768689
4100,0.9961358037415420
4110,0.9922462236920305
4120,0.9913399258489450
4190,0.9873746215814106
4200,0.9876070106638600
4210,0.9831276399367337
4220,0.9834005127361906
4230,0.9874358708584461
4240,0.9771063064065523
4250,0.9857115898560311
4260,0.9765109125140050
4270,0.9809359571695754
4280,0.9746624263017813
4290,0.9790319012211759
4300,0.9729481195381617
4310,0.9746352909752027
4320,0.9712157366155210
