0,0.9678425878697061
10,0.9730921584491345
20,0.9679389649377995
30,0.9700874090375096
40,0.9729944218091851
50,0.9803201390764432
60,0.9786892819969655
70,0.9803726905411472
80,0.9797027982116974
90,0.9848403813364356
100,0.9787248458329740
110,0.9901154286209819
120,0.9822251785753620
130,0.9915812162023002
140,0.9918838437763399
150,0.9841299701065839
160,0.9882663363602580
170,0.9952815458715025
180,0.9927366031363304
190,0.9969479868237855
200,0.9930587913020793
210,0.9979289748451562
220,0.9898644163991951
230,0.9962387466259822
240,0.9890920762640998
250,0.9890799131538783
260,0.9987951662844993
270,0.9916656244523083
280,0.9943643668310955
290,0.9876218512413766
300,0.9879453661524096
310,0.9920083049755077
320,0.9846489168540462
330,0.9856223107811761
340,0.9814438539204993
350,0.9870456825774283
360,0.9770074497946585
370,0.9816290824102019
380,0.9783680867854511
390,0.9808075949305309
400,0.9795241767418265
410,0.9781413512877495
420,0.9783934695341763
430,0.9776619425529561
440,0.9691874330485128
450,0.9755316289972580
460,0.9725279754729924
470,0.9610399018328800
480,0.9476643594797783
490,0.9490754771721648
500,0.9459388798291953
510,0.9446698012805477
520,0.9408892115103017
530,0.9422308104333927
540,0.9418792799144454
550,0.9406591424464499
630,0.9776120492586624
640,0.9782433325448647
650,0.9723713127206369
660,0.9750694014444220
670,0.9840952889506995
730,0.9852362307393567
740,0.9896968011575812
750,0.9915569783765508
760,0.9911407381022086
770,0.9920414686072445
780,0.9979613430826721
790,0.9914779889532682
800,0.9999999999999999
810,0.9892269572175736
820,0.9934267852318797
830,0.9978421984867637
840,0.9946961218139595
850,0.9903907272926770
860,0.9912979041953730
870,0.9866685645419125
880,0.9957306075384375
1100,0.9572653855846718
1110,0.9497959038029237
1120,0.9560431972056432
1130,0.9485905739565368
1480,0.9912193944556947
1490,0.9844355100892063
1500,0.9855561639919256
1600,0.9735761481352397
1610,0.9681830159320242
1620,0.9692392167601351
1630,0.9686602048093789
1640,0.9677528981773144
1880,0.9895589269820786
1890,0.9819354378101182
1900,0.9934467832152533
1910,0.9873623737945634
1920,0.9867708451608658
1930,0.9966323857891495
1940,0.9951999987216567
1970,0.9992662492468591
1980,0.9991795406210371
1990,0.9960187267033166
2000,0.9933698006421988
2010,0.9909960354603284
2020,0.9881229340005436
2030,0.9972962442703280
2100,0.9854651868060773
2110,0.9842748622715406
2120,0.9876458074570574
2130,0.9816593012226151
2140,0.9809959890643062
2150,0.9751485302454234
2160,0.9800623082562848
2170,0.9773889484188487
2180,0.9789195206309960
2220,0.9640671290437899
2230,0.9503763868877908
2240,0.9513422617717779
2250,0.9544083277161967
2260,0.9484412072779661
2300,0.9533155936244483
2310,0.9506161162793128
2320,0.9511905475044951
2330,0.9651622467159007
2340,0.9745585912384478
2350,0.9726059689551628
2360,0.9694917136145211
2370,0.9677363399578822
2380,0.9714795545926102
2390,0.9742027611404054
2400,0.9765475054681485
2410,0.9764657064067906
2530,0.9946116185837554
2540,0.9951430715880152
2550,0.9889466222877614
2560,0.9889860794878308
2570,0.9997495488580697
2580,0.9961801131289910
2590,0.9924407711694483
2610,0.9973849316616976
2620,0.9908845969709278
2630,0.9969731253441596
2640,0.9875623930633282
2650,0.9897637558354008
2660,0.9833195487011840
2670,0.9845512242108431
2680,0.9858141099964064
2690,0.9784516154730046
2700,0.9873535268620075
2710,0.9838364294866699
2720,0.9750135828484983
2730,0.9736205675216243
2740,0.9801978044969448
2750,0.9741312676256522
2760,0.9769043094206074
2770,0.9724356824281416
2780,0.9677369819545387
2790,0.9683807987424260
2800,0.9716646840421083
2810,0.9662297691646727
2820,0.9525584354602011
2830,0.9398969337782354
2840,0.9367796248952923
2850,0.9427348192691249
2860,0.9354850285172588
2870,0.9347272042132405
2880,0.9437749483817134
2890,0.9396012441974587
2900,0.9442959617315344
2910,0.9614468155503426
2920,0.9662706423477149
2930,0.9660986194888375
2940,0.9677700486241720
2950,0.9670935962104303
2960,0.9695890940539590
2970,0.9699494713328783
2980,0.9754181493239094
2990,0.9796129231747394
3000,0.9782891995524665
3010,0.9818466173462578
3020,0.9794300344726877
3030,0.9817261992742414
3040,0.9877836377744501
3050,0.9813010898961356
3060,0.9905290390192452
3070,0.9872096290989064
3080,0.9928404988051576
3090,0.9895501095981493
3100,0.9927281964203716
3110,0.9903021202360215
3120,0.9987458061544113
3130,0.9899411942011251
3140,0.9932880750934190
3150,0.9944160404209256
3160,0.9962132039531035
3280,0.9808620051186940
3290,0.9781328419073716
3300,0.9827431340197270
3310,0.9737034526495524
3590,0.9853734999082919
3600,0.9769428871711555
3610,0.9770228566980201
3620,0.9894047735160085
3630,0.9883253466723478
3770,0.9922621397389284
3780,0.9902781281746698
3790,0.9890407572554001
3800,0.9863623010433407
3810,0.9932570282890383
3820,0.9906390588274282
3830,0.9850801072523447
3840,0.9919461655802074
3850,0.9880375712329448
3860,0.9860340081667691
3870,0.9827430972975428
3880,0.9841437027301312
3890,0.9782763802244505
3900,0.9756553506379976
3910,0.9782346476955784
3920,0.9707950926644527
3930,0.9786560135638931
3940,0.9758293942838415
3990,0.9587372790049742
4000,0.9431715395687853
4010,0.9446172122218325
4020,0.9401040703484508
4030,0.9424203940338739
4040,0.9365735950089873
4060,0.9482369058519309
4070,0.9485339491538879
4080,0.9544507259439118
4110,0.9657914397536113
4120,0.9729930420660371
4130,0.9784526893142793
4140,0.9692001229623399
4150,0.9754610458470084
4160,0.9772649576065356
4170,0.9737828638856385
4180,0.9778740842906835
4190,0.9829124669473412
4200,0.9830111061075845
4210,0.9793609294090089
4220,0.9868480860645275
4230,0.9890398278065986
4240,0.9856959377607798
4250,0.9883982527625320
4260,0.9857711099523369
4270,0.9962679623090631
4280,0.9871764062243582
4290,0.9919100630017682
4300,0.9895571602013857
4310,0.9919375988979827
4320,0.9968709002520072
