0,0.9871472319402121
10,0.9781306396218253
20,0.9822661998578005
30,0.9835207293985068
40,0.9879371512967069
50,0.9847388877474611
60,0.9908222998064746
70,0.9881821056459997
80,0.9882319528687037
90,0.9837078031886837
100,0.9837063037392980
110,0.9903364672809473
120,0.9899594001271741
130,0.9957766296964797
140,0.9937958620480962
150,0.9925970524903825
160,0.9924893782914559
170,0.9941246977388689
180,0.9902245094057888
190,0.9969797568790333
200,0.9955897727727212
210,0.9940357759209056
220,0.9900942566639295
230,0.9927042678308172
240,0.9984867976360431
250,0.9943599918147547
260,0.9983823627497336
270,1.0000000000000000
280,0.9896464942600089
290,0.9890019477442328
300,0.9992202721073230
330,0.9979807852547894
340,0.9968520630086314
350,0.9951420640307341
360,0.9859973315389168
370,0.9966761363617374
380,0.9860566167714760
390,0.9859652360870336
400,0.9891515873016016
410,0.9867793189932861
420,0.9922804872750142
430,0.9858495698013715
440,0.9907087092484385
520,0.9866254065173810
530,0.9670993769271732
540,0.9627012842297249
550,0.9540684868069920
570,0.9445934143464805
580,0.9406885740436467
590,0.9517753387442445
600,0.9470391403329904
610,0.9516386559655292
650,0.9889361088892328
660,0.9782061643859484
670,0.9823010664038735
680,0.9897501265382981
690,0.9810334810572608
780,0.9911394390577991
790,0.9928791244773562
800,0.9949259237787617
810,0.9890037720059600
820,0.9927620397039740
830,0.9960228028997848
840,0.9935176799812052
850,0.9986468020335388
860,0.9953474935117705
870,0.9888750924184703
880,0.9974720357690882
890,0.9997718391771123
900,0.9955716730987452
910,0.9971795035106050
920,0.9984678732190644
930,0.9979079382290479
940,0.9912143277262064
950,0.9925434634240377
960,0.9983337765377506
970,0.9872828992855176
980,0.9965054628774225
990,0.9874664595778329
1000,0.9958005352503870
1010,0.9907225518987902
1020,0.9879581730949922
1030,0.9896055520251223
1040,0.9842796117000732
1050,0.9855828606232366
1060,0.9913956236158641
1070,0.9900271231394444
1080,0.9875414497972990
1090,0.9841843025333511
1100,0.9815830624872446
1110,0.9869184067959332
1120,0.9880342997789089
1130,0.9825249470946861
1140,0.9843090672903866
1150,0.9881802779672446
1160,0.9881113003205136
1170,0.9798650030161882
1180,0.9580893319477392
1190,0.9603110045101032
1200,0.9662870961323815
1210,0.9606213415357876
1220,0.9597605744125020
1230,0.9592042213222414
1240,0.9567442078295708
1250,0.9553975744647618
1260,0.9567403532524980
1270,0.9655854605178480
1280,0.9690686947800637
1400,0.9939870791959807
1450,0.9881965002553369
1460,0.9876227872832537
1470,0.9972483596923510
1480,0.9961613158862739
1490,0.9892737169135634
1500,0.9989347544270292
1510,0.9992922228321810
1520,0.9958167052282445
1530,0.9920195021175512
1540,0.9945898447376137
1550,0.9967298534306986
1560,0.9889608618094691
1700,0.9920629523125625
1710,0.9841276997620331
1720,0.9886700338732395
1730,0.9864681429401064
1740,0.9903551390869614
1750,0.9824238929798563
1760,0.9906428268186758
1770,0.9805688244297819
1780,0.9820645913807622
1790,0.9839516825081057
1800,0.9880305577060952
1810,0.9816763331026515
1820,0.9748177876260323
1830,0.9633251670971104
1840,0.9577106870372345
1850,0.9545317803533659
1860,0.9497033540417379
1870,0.9419025939396457
1880,0.9453255332998849
1890,0.9424468397454228
1900,0.9542962421065252
2030,0.9850768140496764
2040,0.9903403490187501
2050,0.9889747812343781
2060,0.9935364936211651
2070,0.9941081808165982
2080,0.9965484141668074
2090,0.9930409952336249
2100,0.9877046342216985
2110,0.9946358555729599
2120,0.9936614711001995
2130,0.9943234051935642
2140,0.9917781396138238
2150,0.9950567623941593
2160,0.9942865790385399
2170,0.9901208344955034
2180,0.9921719948420452
2190,0.9962974209032527
2200,0.9889918302890275
2210,0.9902857633956866
2220,0.9895882165288836
2230,0.9988510890902759
2240,0.9939099434640710
2250,0.9910545618983170
2260,0.9896538923651904
2270,0.9945924940929061
2280,0.9964931942482026
2290,0.9955560234972330
2300,0.9898831978371476
2310,0.9947109016250419
2320,0.9946944644280002
2330,0.9857428362335305
2340,0.9857863711990206
2350,0.9840293540172527
2360,0.9853458547010600
2370,0.9880176301090502
2440,0.9860526718441792
2450,0.9801739805813278
2460,0.9818159994826005
2470,0.9772286383549866
2480,0.9568623127573787
2490,0.9654479738539998
2500,0.9570808930778942
2510,0.9580710317604649
2520,0.9587515650040110
2530,0.9563675001321298
2540,0.9645176746342767
2550,0.9603761881522093
2560,0.9605054782497765
2570,0.9672585946054730
2580,0.9822989001804713
2590,0.9819445282265513
2600,0.9804824257368240
2610,0.9837164114903648
2620,0.9884157119028985
2630,0.9899125740090691
2640,0.9857234057609658
2650,0.9813566801857083
2660,0.9846986740462979
2670,0.9824404561327121
2680,0.9917580120703897
2690,0.9930196010546144
2700,0.9943212928393214
2710,0.9857682866665989
2720,0.9919989226484662
2730,0.9962427841063147
2740,0.9942024777815320
2750,0.9964279670528516
2760,0.9898922956181573
2770,0.9965852430827908
2780,0.9978298262659973
2790,0.9923219329079705
2800,0.9973479658604611
2810,0.9977923043094203
2820,0.9911742772148763
2830,0.9884644793111147
2840,0.9951954643130507
2850,0.9926538064915573
2860,0.9933769016705580
2870,0.9894328270058199
2880,0.9887901068561051
2890,0.9909732193779265
2900,0.9886938350777408
2910,0.9873380125616427
2920,0.9896317126406990
2930,0.9911503682645032
2940,0.9879226490229027
2950,0.9955197790832152
2960,0.9920886532108262
2970,0.9896120595966689
2980,0.9887454043071235
2990,0.9946651244697152
3000,0.9862087981736144
3010,0.9894155084993935
3130,0.9564314848656967
3140,0.9563177297042261
3150,0.9484579786533300
3160,0.9481622166940447
3170,0.9497347240251466
3180,0.9476599777302772
3190,0.9498875914785646
3200,0.9468243605043147
3210,0.9565492839468129
3220,0.9672297496330418
3230,0.9845401913446554
3240,0.9862971826994257
3250,0.9867850091031412
3260,0.9865020540999282
3270,0.9799633618699111
3280,0.9824280921538260
3290,0.9912329774694020
3300,0.9855404459074193
3310,0.9875815985417872
3320,0.9857479696099573
3460,0.9887286558829569
3470,0.9934985416064771
3480,0.9898094693789180
3490,0.9939664213151214
3500,0.9927406297877799
3510,0.9924015074280234
3520,0.9984386183460462
3530,0.9939172500821031
3540,0.9988597207605081
3550,0.9969147463448270
3560,0.9931698457211291
3570,0.9982881885387312
3580,0.9902284074961053
3590,0.9938240911822732
3600,0.9971927633193991
3610,0.9918977505895180
3620,0.9899670086792384
3640,0.9842336537640261
3650,0.9945704444532223
3660,0.9846110286628982
3670,0.9919117886360767
3680,0.9833940964963673
3690,0.9895363858763314
3700,0.9816751713215911
3710,0.9843243632629129
3720,0.9797595566369086
3730,0.9820496022737333
3740,0.9871557850844611
3750,0.9783642271403764
3760,0.9796679325202702
3770,0.9686993581789436
3790,0.9582200056776016
3800,0.9632863670214890
3810,0.9648194207175520
3820,0.9611594312549130
3830,0.9621436173058195
3840,0.9635391810867602
3850,0.9581217332322590
3860,0.9558186531290219
3870,0.9689194425971083
3880,0.9850954985687176
3890,0.9808917635358897
3900,0.9882572408053598
3910,0.9877842818850809
3920,0.9844130243822011
3930,0.9853839981799043
3940,0.9884444660307132
3950,0.9848019481388464
3960,0.9856339979685522
3970,0.9839122495208557
3980,0.9932925966545281
3990,0.9861797435591104
4000,0.9852445459610810
4010,0.9883673642461285
4020,0.9852374075685285
4030,0.9968238394707404
4040,0.9905576052034950
4100,0.9928962756584119
4110,0.9962507568614651
4120,0.9999383355129895
4130,0.9993639661373666
4260,0.9945474134809507
4320,0.9918022321152049
