0,0.9633910649374564
10,0.9694034033713168
20,0.9773885339536578
30,0.9728293782243846
40,0.9781409809524689
50,0.9795150803118625
60,0.9826810084450143
70,0.9788139151167256
80,0.9772797814739378
390,0.9703203103565987
400,0.9714111464607195
410,0.9693368524445872
420,0.9691148811917415
430,0.9648199608305456
440,0.9706079279926839
450,0.9520140629169873
460,0.9524155378086442
470,0.9496041538008643
480,0.9493379621453929
520,0.9514039390148856
700,0.9869033730461062
710,0.9876883359690449
720,0.9879794178743645
730,0.9908454281835869
740,0.9959491509116056
760,0.9969156564946324
770,0.9987925382651947
780,0.9921589628250835
790,0.9979706974739523
850,0.9938689830607549
860,0.9897159977996548
870,0.9839405006114041
880,0.9819454416975399
890,0.9834987290533029
900,0.9828229071204521
910,0.9801964500546899
920,0.9792500184339419
930,0.9758766159584105
940,0.9823562161751472
950,0.9800104548631475
960,0.9800040940119973
970,0.9750414306084726
980,0.9657809796293890
990,0.9671463838906008
1000,0.9643556895076874
1010,0.9702146896031172
1020,0.9681344460581800
1030,0.9633021133948848
1040,0.9475587946094832
1050,0.9384908943543230
1060,0.9396613465130883
1070,0.9351176097271316
1080,0.9374161252366472
1090,0.9348356240374283
1100,0.9320556481702685
1110,0.9357033704511667
1120,0.9440480273442099
1130,0.9473175104706941
1140,0.9664242691408932
1150,0.9705206999264979
1160,0.9635038775169421
1170,0.9728212812136888
1180,0.9734513843897981
1190,0.9662629011199149
1200,0.9695541804267848
1210,0.9709516847050328
1220,0.9795012809804674
1230,0.9814212293275737
1240,0.9743209364157152
1250,0.9805387280152174
1260,0.9780565929120366
1270,0.9825441126485328
1280,0.9901435801080765
1290,0.9860093772647220
1300,0.9900734968552855
1310,0.9852796476410040
1320,0.9888779194454101
1330,0.9865554453537330
1340,0.9936924026576268
1350,0.9989243194230150
1360,0.9976553518515603
1370,1.0000000000000000
1380,0.9989755697576596
1390,0.9886350629973779
1400,0.9950665039341005
1410,0.9887570676905192
1420,0.9877640333959524
1430,0.9859920245692056
1440,0.9898646111737434
1450,0.9948519517533555
1460,0.9864076619955546
1470,0.9837382292316532
1480,0.9842360344077298
1490,0.9843067533930633
1500,0.9794650714785529
1510,0.9855499530364528
1520,0.9798336437421767
1530,0.9734399416508728
1640,0.9551779256254427
1650,0.9460452685015489
1660,0.9469075405762821
1670,0.9546866100826835
1680,0.9503605400831704
1690,0.9467322966704569
1700,0.9545220298060960
1710,0.9521105187888861
1720,0.9507470179329395
1730,0.9666827375821055
1740,0.9671814596089932
1750,0.9700162575781873
1760,0.9689523993027089
1770,0.9698006589142585
1780,0.9765913651715465
1790,0.9778670555905918
1800,0.9718062227975134
1810,0.9742809109575830
1820,0.9817718197872303
1830,0.9858401986008728
1840,0.9844472024146290
1850,0.9787127672694247
1860,0.9855868138822308
1870,0.9822913416220305
1880,0.9921037647451950
1890,0.9954410845852986
1900,0.9891305274647816
1910,0.9891096838169029
1920,0.9909349917798194
1930,0.9975782299920571
1940,0.9941086318705815
1950,0.9958861402414030
1960,0.9920362549042530
1970,0.9913354526965777
1980,0.9998916871169180
1990,0.9994678404489526
2000,0.9968640769373426
2010,0.9962135762466865
2020,0.9866908424041879
2030,0.9859855903147586
2040,0.9906294927231487
2050,0.9886145594455843
2060,0.9846766279446255
2070,0.9811676503551416
2080,0.9884694129185476
2090,0.9816628166460171
2100,0.9840646139687981
2110,0.9732603108332361
2120,0.9720623921262221
2130,0.9750906840882158
2140,0.9731743936815958
2150,0.9751125363874402
2160,0.9730913963448996
2170,0.9704716718604229
2180,0.9726397878261911
2190,0.9619858638281266
2200,0.9640365200351212
2210,0.9514428605087272
2300,0.9510367211105446
2310,0.9674980144147437
2320,0.9609856235879976
2330,0.9671124118271720
2340,0.9702740118102398
2350,0.9725818263455630
2640,0.9911684323038619
2650,0.9855180290774720
2660,0.9879521330501105
2670,0.9804018604229274
2680,0.9767552436676283
2690,0.9807701780139888
2700,0.9789667762864060
2710,0.9781671308373755
2720,0.9695413066403893
2730,0.9712032831981182
2740,0.9685794846781407
2750,0.9650199806106495
2760,0.9633197968371955
2770,0.9630062446629832
2780,0.9657292481829839
2790,0.9552797432624647
2800,0.9471632041695777
2810,0.9503415954472012
2820,0.9493289150452373
2830,0.9493345907505855
2840,0.9470680517786084
2850,0.9529696250741557
2860,0.9492234400233767
2870,0.9482180153562445
2880,0.9488053166364593
2890,0.9507844636840579
3230,0.9903458277203183
3240,0.9810455042937971
3250,0.9775948027990866
3260,0.9796155851226025
3270,0.9756199229074468
3280,0.9774771973526037
3290,0.9766931942016355
3300,0.9765674586823754
3310,0.9766014106545453
3320,0.9758300262574000
3330,0.9722611622269706
3340,0.9664702081815817
3350,0.9698628467570042
3360,0.9674172713913303
3370,0.9598405677534299
3380,0.9539474790967459
3390,0.9453518471646166
3400,0.9410226865541624
3410,0.9435406879203645
3420,0.9378838560178400
3430,0.9383150034080909
3440,0.9362570589804337
3450,0.9335712121618610
3460,0.9402188266832803
3470,0.9534857590517737
3610,0.9873434328469173
3620,0.9852090749123150
3630,0.9888206007379295
3640,0.9930014896023360
3650,0.9931683374341587
3830,0.9817871707808472
3850,0.9833700792244393
3860,0.9740711101435194
3870,0.9795846362913694
3880,0.9715908385575907
3890,0.9793357101786334
3900,0.9694319212711502
3930,0.9643957800401449
3940,0.9685163373012911
3950,0.9672436068405820
3960,0.9590062637452507
3970,0.9503961149552133
3980,0.9561825795287499
3990,0.9479668224323383
4000,0.9478457753899177
4010,0.9475864758471172
4020,0.9513686623768168
4030,0.9538626970022177
4040,0.9551836961355388
4050,0.9539257584910656
4060,0.9480591646893102
4070,0.9648841848465892
4080,0.9706636870442475
4120,0.9746473972380859
4130,0.9689562774565165
4140,0.9782007338257472
4150,0.9714784335271818
4160,0.9729822494061975
4170,0.9851228667436993
4320,0.9937010551162657
