0,0.9545748694151461
10,0.9543115296091773
20,0.9592500242948319
30,0.9547213145248378
40,0.9585947364005958
50,0.9596515851411255
60,0.9709553210150398
70,0.9682148078902143
80,0.9772203317005601
90,0.9793658399742633
100,0.9766975208563669
110,0.9730237984322988
120,0.9796959098153617
130,0.9831439967357445
140,0.9769409414178268
150,0.9863660109790889
160,0.9830069508237251
170,0.9845284944833897
180,0.9814126295340210
190,0.9823531935206260
200,0.9895768670114836
210,0.9917371972034060
230,0.9903908807469660
240,0.9907490999394445
250,0.9928404567175554
260,0.9949170783845870
270,0.9901011895446357
280,0.9978216269629361
290,0.9985310501170642
300,0.9885707883235123
530,0.9718634382952536
540,0.9620191615486248
550,0.9510702443972073
560,0.9439726654497475
570,0.9466546551833138
580,0.9475186689142931
590,0.9425416979911597
600,0.9471164679613803
620,0.9487094607977696
630,0.9516678875747412
640,0.9690564760134293
650,0.9762917525845927
660,0.9716578962089927
750,0.9870883801987570
760,0.9880812826049074
770,0.9822083247722058
780,0.9845799943393704
790,0.9900375370965205
800,0.9927369894795368
810,0.9921105599985259
820,0.9918200571270576
830,0.9903924323736331
840,0.9879103528198241
850,0.9896251659031783
860,0.9884018560109629
870,0.9886301389732193
880,0.9912013238420062
890,0.9919669249665651
900,0.9958043620596875
910,0.9948842043761349
920,0.9950949794915451
940,0.9868768097917829
950,0.9923313051595893
960,0.9946962376460385
970,0.9911825783081309
980,0.9902194586378517
990,0.9907341921025105
1000,0.9811083016522935
1010,0.9845547110746423
1020,0.9822596850113803
1030,0.9781081998755233
1040,0.9787788234323781
1050,0.9836683653779885
1060,0.9826062329029527
1070,0.9808174514948046
1080,0.9729233747851683
1230,0.9718761728275102
1240,0.9712940358292017
1450,0.9938165773184773
1460,0.9939345565000639
1470,0.9922616894248527
1480,0.9935958103098919
1490,0.9948012580649896
1500,0.9928178262670461
1510,0.9956744184840487
1520,0.9912512221821435
1530,0.9921356937677872
1540,0.9882209000395917
1550,0.9949788695001526
1560,0.9903363822931639
1570,0.9841426046029571
1580,0.9920917651963250
1590,0.9905938928482905
1600,0.9885130771795837
1610,0.9794700540486324
1620,0.9858672080088600
1630,0.9764339801951203
1640,0.9790020446529273
1700,0.9715939221787419
1710,0.9697555076041916
1720,0.9524828826243996
1730,0.9471381247728990
1740,0.9409774647469348
1750,0.9507577851594856
1760,0.9482827558317032
1770,0.9477277414278764
1780,0.9491238435195160
1790,0.9434321675578198
1800,0.9499103003319006
1810,0.9643764927687757
1830,0.9680829075023247
1840,0.9715075577989015
1850,0.9725376900782902
1860,0.9802387667504211
1870,0.9817222836960718
2040,0.9985814111854437
2050,0.9949907535911292
2060,0.9996930444725199
2070,1.0000000000000000
2080,0.9945339859225925
2090,0.9904578533740080
2100,0.9879804734637275
2110,0.9872425581317981
2120,0.9946109322760081
2130,0.9878228438126363
2140,0.9853349927435310
2150,0.9852420142243422
2160,0.9889957113697244
2170,0.9818169496594908
2180,0.9866800420260814
2190,0.9785627324624464
2200,0.9852283340139890
2210,0.9783878837166053
2220,0.9761229287227657
2230,0.9832155901888324
2240,0.9792380403702429
2250,0.9720884885994782
2260,0.9746085731769518
2270,0.9777146398769732
2280,0.9764810629421689
2290,0.9729003409361743
2300,0.9595813888200894
2310,0.9619312544130847
2320,0.9550243706848619
2330,0.9563374659327166
2340,0.9571801979751777
2350,0.9608723889988807
2360,0.9575834892832247
2370,0.9531245151108905
2380,0.9553771079369302
2390,0.9581111377519016
2400,0.9705173225041047
2410,0.9774993584826392
2420,0.9745230634471469
2430,0.9734611733501832
2440,0.9700480699546230
2450,0.9779325576970299
2460,0.9763090464819070
2470,0.9786747202011452
2480,0.9782724519172127
2490,0.9806886380099664
2500,0.9874492726818946
2510,0.9856966438554952
2520,0.9856256397239108
2530,0.9901317387147263
2540,0.9860968071083894
2550,0.9921256303561101
2560,0.9871161310272288
2570,0.9901090408084717
2580,0.9965680778627921
2590,0.9984641653067404
2600,0.9963724355322532
2610,0.9915888533183461
2620,0.9951606743209097
2630,0.9937014322804240
2640,0.9995058440120598
2650,0.9927976052661597
2660,0.9997281196245621
2700,0.9927902945042533
2710,0.9913263610985242
2720,0.9904016774199275
2730,0.9866619708046668
2740,0.9900231426854690
2750,0.9913756315548863
2760,0.9796905718246728
2770,0.9842144542644036
2810,0.9739563712704419
2820,0.9769546687858834
2830,0.9722051301622258
2840,0.9808650020352528
2850,0.9771096542253611
2860,0.9771431261588873
2870,0.9743884921230812
2880,0.9631137303926760
2980,0.9632725255688438
3120,0.9909373218426265
3130,0.9894782394786070
3140,0.9843819917805073
3150,0.9915819799972362
3160,0.9933001337680630
3170,0.9977068583433191
3190,0.9929056944512562
3200,0.9885446638178603
3210,0.9958521629742654
3220,0.9910663390581153
3230,0.9909853585621673
3240,0.9937276981505974
3250,0.9978163199891542
3260,0.9876006579229785
3270,0.9884901404573105
3280,0.9937712563148140
3290,0.9866745202364776
3300,0.9873578476100514
3310,0.9857652629657045
3320,0.9918892352903950
3330,0.9829169431922511
3340,0.9837660197572126
3350,0.9897850428111005
3360,0.9892297260541122
3370,0.9826642312156403
3380,0.9777314613137242
3390,0.9775536972849735
3430,0.9790717185089817
3440,0.9709263468497319
3450,0.9777898256064266
3460,0.9682013745920777
3470,0.9617513561087450
3480,0.9612042021330144
3490,0.9531315427301468
3500,0.9540314531251775
3510,0.9578338368260368
3520,0.9539125966243296
3530,0.9634206869874941
3540,0.9627805394820238
3550,0.9556562234813716
3560,0.9563360851199068
3570,0.9693209722454694
3580,0.9737825832772671
3590,0.9717811536272210
3600,0.9728953363576942
3610,0.9729893007437113
3620,0.9750452205162836
3630,0.9721480441958036
3640,0.9737494308487066
3650,0.9828714697341160
3660,0.9868519139992986
3670,0.9787835521769120
3680,0.9874360004784236
3690,0.9888567697354171
3700,0.9898622405222760
3710,0.9880613583725693
3720,0.9829391797862105
3730,0.9924634260672945
3740,0.9920459774114012
3750,0.9860488493605281
3760,0.9964367874572880
3770,0.9956693891278675
3780,0.9954847915457180
3790,0.9963325105757100
3800,0.9936867925245725
3810,0.9983808782599891
3820,0.9885296424177593
3830,0.9917077972644912
3840,0.9884047326417150
3850,0.9935508849436480
3860,0.9941119360736507
3870,0.9889842616815370
3940,0.9886029700774724
3950,0.9834362131090914
3960,0.9777083701372250
3970,0.9776219675144323
3980,0.9764046848728031
3990,0.9780651104635425
4000,0.9746742691401665
4010,0.9760010366621651
4020,0.9757778554719457
4030,0.9770140015381666
4040,0.9768075168835436
4050,0.9719055881426285
4060,0.9587919676451695
4070,0.9506085606003485
4080,0.9514339901344496
4090,0.9417901570985828
4100,0.9500840124940009
4110,0.9422232312093306
4140,0.9503992257757063
4150,0.9572499360212990
4160,0.9732258134369313
4170,0.9714480122355108
4180,0.9726722383609930
4190,0.9759389483203451
4200,0.9754470802806050
4210,0.9724271348831088
4220,0.9738460193825316
4230,0.9744998451504528
4240,0.9763871417580329
4250,0.9826308679422906
4260,0.9833656545803445
4270,0.9817448729276486
4280,0.9828866257843338
4290,0.9911971649328877
4300,0.9929557620628409
4310,0.9923197720113868
4320,0.9894427949925327
