20,0.9951239390674146
30,0.9861819828346022
40,0.9888990274276812
50,0.9847136048624504
60,0.9811886565585142
70,0.9802454445827840
80,0.9880098539244856
90,0.9881577559024196
100,0.9858224847363810
110,0.9840384277847863
270,0.9802396506375142
280,0.9844954123371553
290,0.9865008421818842
300,0.9868508218888512
310,0.9824165093985598
320,0.9782871916688678
330,0.9795253053872531
340,0.9815861090102336
350,0.9901420913480615
360,0.9915762940232891
370,0.9857358270348008
380,0.9893296505044762
390,0.9880738715397314
400,0.9945336359522023
430,0.9887631314216714
440,0.9922627544216970
450,0.9940268754263980
460,0.9941720371453875
470,0.9931055099849521
480,0.9889175588772056
490,0.9924085662788025
500,0.9953150216020030
510,0.9992409348459776
520,0.9908913395804235
530,0.9926152826871744
540,0.9955355591830531
550,0.9923007591775526
560,0.9887816806458456
570,0.9897139168431589
580,0.9909778444123181
590,0.9916239780224588
600,0.9870989392519309
610,0.9943887810655738
620,0.9928632023179939
630,0.9836643859714820
640,0.9851379691296913
650,0.9821881499574198
660,0.9836966408527829
740,0.9745875623431752
750,0.9622973769033334
760,0.9617239868935953
770,0.9648537955109741
780,0.9616217429075085
790,0.9564425318273885
800,0.9599781552924995
810,0.9616521211250748
820,0.9566337924025230
830,0.9616243920554163
840,0.9574336708904819
850,0.9774041933827297
1010,0.9955895914517979
1020,0.9907783447049864
1030,0.9921148855755796
1040,0.9898449110268379
1050,0.9910769495885469
1100,1.0000000000000000
1110,0.9940665793725084
1120,0.9904512983533483
1130,0.9899581918004030
1140,0.9877904641077225
1150,0.9981973292946038
1160,0.9890355724959439
1170,0.9889934008148575
1180,0.9958943387922936
1190,0.9946750449535674
1200,0.9840248936214335
1210,0.9898970509144603
1220,0.9817834815573215
1230,0.9848666105309017
1240,0.9850248732061839
1250,0.9883383988503325
1260,0.9857354266297630
1270,0.9879083557248911
1280,0.9790599713416662
1290,0.9816685280457985
1300,0.9795409785911339
1310,0.9860002419615500
1320,0.9758676565838335
1330,0.9783410849196694
1340,0.9595063294218733
1350,0.9537475709280326
1380,0.9455663994901469
1390,0.9479986867515467
1430,0.9720040845436680
1440,0.9813960268504860
1450,0.9825929735764680
1470,0.9784009896070619
1480,0.9789729775142949
1490,0.9879753878090018
1500,0.9865768851887737
1510,0.9829755934201696
1520,0.9798191724583950
1530,0.9855339660814367
1540,0.9856378627578011
1550,0.9867279745228962
1560,0.9931961836085712
1700,0.9995149573529764
1710,0.9955714705948914
1720,0.9921137934245570
1730,0.9876841948094918
1740,0.9894862770954471
1750,0.9893820867468800
1760,0.9896828993585004
1770,0.9921703652491459
1780,0.9944340013790889
1790,0.9938947732397340
1800,0.9882809268838809
1810,0.9818599470431482
1820,0.9912889919844133
1830,0.9797021862494938
1840,0.9858077483465544
1850,0.9786977877896125
1860,0.9799160775368289
1870,0.9829973163920362
1880,0.9799147546550203
1890,0.9797260427395993
2000,0.9667254017849548
2010,0.9633981268260883
2020,0.9775125375731633
2030,0.9833530118427919
2040,0.9802476016657300
2050,0.9830780063631327
2060,0.9865258185866742
2070,0.9858549023927603
2080,0.9878066265356908
2090,0.9853112454023303
2100,0.9869245681223708
2110,0.9824584047231715
2120,0.9868709595262254
2130,0.9839136615682798
2140,0.9911691679164952
2150,0.9896784090581234
2160,0.9928359445378923
2170,0.9938835287000750
2180,0.9949909898681947
2210,0.9921189186833689
2220,0.9885281859124125
2230,0.9972501483850233
2290,0.9885220415080060
2300,0.9923339730129367
2350,0.9854498170169014
2360,0.9906523673941395
2370,0.9867119354186342
2380,0.9829960166410707
2390,0.9880393317707492
2400,0.9904058236755149
2410,0.9862505852221046
2420,0.9821247893472299
2430,0.9787820229139315
2440,0.9827788129018061
2450,0.9781924035818794
2460,0.9779217830543977
2470,0.9781933984743740
2480,0.9755435493717269
2490,0.9790849274713846
2500,0.9802142470331088
2510,0.9591458020324181
2520,0.9508701434159369
2530,0.9498275896607692
2540,0.9483839147158032
2550,0.9528247758973200
2560,0.9430250364989542
2570,0.9536641554090822
2580,0.9551516178501819
2590,0.9631455363977212
2600,0.9704942155165058
2610,0.9809132779868150
2620,0.9824006376341308
2630,0.9795967776764775
2640,0.9847297800280009
2650,0.9773739883819712
2660,0.9822580774656452
2670,0.9821439407920829
2680,0.9826159258657582
2690,0.9909848035143924
2700,0.9836353841996986
2710,0.9826301505136502
2720,0.9852257108107786
2730,0.9895100866258248
2740,0.9883475601330054
2750,0.9949229082045536
2760,0.9862992345956862
2770,0.9880522001339010
2780,0.9973061122071932
2790,0.9975466384087358
2800,0.9990579194969396
2830,0.9999378686292091
2840,0.9931451045565581
2850,0.9963303792970009
2860,0.9947150164690868
2870,0.9951624132317146
2880,0.9953189322505788
2890,0.9944238665382136
2900,0.9882648919782873
2910,0.9891751063775763
2920,0.9897351980161873
2930,0.9927001453922735
2940,0.9946030017827966
2950,0.9853620466826593
2960,0.9837742335448640
2970,0.9832087408586926
2980,0.9866950974474283
2990,0.9835480473432282
3000,0.9910889317427449
3010,0.9895883751141575
3020,0.9841595705748039
3030,0.9813451607181934
3040,0.9881234365001446
3050,0.9830933617436275
3060,0.9785744538653135
3070,0.9787907185255577
3080,0.9806681172399094
3090,0.9697688606004059
3100,0.9639663622800423
3110,0.9641559646665913
3120,0.9661182698805881
3130,0.9594554018966441
3140,0.9625971567721667
3150,0.9613149927111690
3160,0.9624508675658390
3170,0.9636830211592256
3180,0.9643248537887030
3190,0.9706455073171425
3200,0.9807199339001887
3210,0.9821909817517491
3240,0.9836744713920346
3250,0.9860691305584260
3260,0.9878571461857704
3270,0.9882863143611784
3280,0.9871358297648986
3290,0.9819824762613677
3300,0.9876813501922430
3310,0.9873878821796696
3320,0.9834682225524948
3330,0.9858536132490555
3340,0.9937660670413841
3350,0.9930618689950031
3360,0.9869848687053545
3370,0.9961187073541106
3380,0.9886706313455039
3390,0.9889488395583756
3400,0.9934777956458740
3410,0.9888017299464295
3420,0.9922946400539616
3430,0.9971078972397373
3440,0.9990807693209260
3450,0.9931812741259292
3460,0.9880110520431481
3470,0.9948145375357215
3480,0.9910932586664699
3490,0.9950462668720590
3520,0.9934159580310404
3530,0.9912744229920609
3540,0.9917854231434926
3550,0.9877164743219076
3750,0.9521233787782040
3770,0.9725597372331669
3870,0.9872573814158847
3880,0.9898949459230499
3930,0.9962639600568800
3940,0.9956470712321432
3960,0.9939866158801693
3970,0.9928062509989669
3980,0.9947489207639374
3990,0.9980561251695814
4100,0.9931559088726628
4110,0.9961250212197867
4120,0.9875868175734160
4130,0.9860964716404900
4140,0.9866968898628837
4150,0.9852735312207661
4160,0.9901359418380263
4170,0.9834004444609260
4180,0.9851568687297352
4190,0.9898727775727119
4200,0.9798263414590116
4210,0.9866365317664878
4220,0.9869186019342657
4230,0.9768922802775188
