0,0.9834138081048572
10,0.9805997049901278
20,0.9874270910794081
30,0.9837596429295636
40,0.9857427206473719
50,0.9892377116897699
60,0.9918277790856718
70,0.9946090501399297
80,0.9868971677481626
90,0.9870989818749130
100,0.9899120156921485
110,0.9931808662688092
120,0.9954807774195775
130,0.9918154037301115
140,0.9913390443080033
150,0.9916186848839703
160,0.9966585465045704
170,0.9933188974546974
180,0.9987798220478833
190,0.9904498259105496
200,0.9970999444040384
210,0.9961853020472806
220,0.9959895314752681
230,0.9940817772721665
240,0.9841566559110843
250,0.9870105280789930
260,0.9809511506657186
270,0.9839330349261299
280,0.9848424932325249
290,0.9852999762251781
300,0.9777439299826899
310,0.9789904455002211
320,0.9767033337299086
330,0.9781046067832306
340,0.9803490214968755
350,0.9792063093289921
360,0.9755921708419339
370,0.9693876256026175
380,0.9728132741746520
390,0.9717717284769570
400,0.9641093850158134
430,0.9550081120738441
520,0.9717525107781777
530,0.9771851686341222
540,0.9755728432408158
550,0.9785342182337977
560,0.9724833072757921
570,0.9754481011295503
580,0.9822582111266426
590,0.9852618596191440
600,0.9818307873377986
610,0.9782476904253306
620,0.9804705078135251
630,0.9836149162023521
640,0.9875229956650019
650,0.9856213097029545
660,0.9888212983536446
670,0.9958569379264296
680,0.9903932109792856
690,0.9897709355111980
700,0.9944553737919566
710,0.9923528762425973
720,0.9922506400056014
730,0.9966678340975819
740,0.9978366838659427
800,0.9942185397581662
880,0.9846503132072535
890,0.9778002120672902
900,0.9837670428548199
910,0.9761700781870338
920,0.9744584052213410
930,0.9810205282931843
940,0.9714010611779703
1010,0.9450371063347206
1020,0.9418383181686470
1030,0.9410205801158882
1040,0.9416409504241612
1050,0.9482260417911849
1060,0.9510200748861202
1070,0.9537995695482241
1080,0.9560749078882139
1090,0.9685267175732040
1100,0.9722286824560109
1110,0.9719243652698661
1120,0.9730239911937340
1130,0.9699558103563304
1140,0.9782300158263177
1150,0.9727139541867643
1160,0.9742968147535958
1170,0.9754904707020688
1180,0.9807683374048137
1190,0.9788096042906177
1200,0.9802856663378099
1210,0.9897249613947763
1220,0.9924619264062590
1230,0.9872358747477978
1240,0.9841594364157100
1250,0.9897243942408206
1260,0.9934473778576618
1270,0.9878924494462178
1280,0.9949522987597634
1290,0.9946068909346659
1300,0.9976731328544388
1310,0.9932365996309579
1320,0.9946280346613572
1330,0.9914187030398244
1340,0.9912079295029269
1350,0.9994413458022692
1360,0.9882648981082190
1370,0.9887608775478646
1380,0.9926358513652037
1390,0.9954029071775381
1400,0.9954509467588594
1410,0.9837284138248060
1480,0.9819963942874225
1490,0.9810902077312131
1500,0.9763960309583315
1510,0.9711603996545768
1530,0.9690289237028635
1540,0.9735655876086619
1550,0.9732144909341890
1560,0.9699559603306901
1570,0.9636716993372367
1580,0.9547172939916417
1590,0.9587198945539512
1600,0.9551387320628031
1610,0.9587518113529788
1620,0.9599677269997461
1630,0.9604994422113249
1640,0.9560287636878466
1650,0.9584406878536045
1660,0.9589051306479424
1670,0.9588234911168729
1680,0.9732910881987165
1690,0.9717000957097347
1700,0.9739332677492363
1710,0.9790781114574014
1720,0.9699661587003782
1730,0.9798811542206066
1740,0.9740581534193526
1750,0.9834434076388715
1760,0.9757601010310422
1770,0.9843783905028490
1780,0.9845298390772507
1790,0.9812913763078994
1800,0.9878121842487745
1810,0.9916215772490325
1820,0.9857793483578901
1840,0.9881157282769045
1850,0.9877717862738887
1860,0.9921836695451527
1870,0.9953705213160182
1880,0.9976514998246820
1970,0.9887145833557597
1980,0.9851800669160462
1990,0.9928716566875034
2000,0.9947017024943567
2010,0.9880331296267093
2020,0.9853353609119673
2030,0.9854586532908443
2040,0.9818644918308328
2050,0.9844519444507993
2060,0.9767622393482107
2070,0.9852357201804679
2080,0.9729425395932360
2090,0.9767161795213087
2100,0.9774523673249280
2110,0.9718725056405372
2120,0.9697890867828421
2130,0.9776160384169647
2140,0.9755262337425810
2150,0.9717679321087080
2160,0.9520707215765202
2170,0.9551925289687108
2180,0.9484267193270065
2190,0.9403659526345893
2200,0.9485873371536532
2210,0.9455261518856710
2220,0.9459531811532923
2230,0.9453385940040712
2240,0.9564020174033330
2250,0.9546626137215133
2260,0.9668627211485220
2270,0.9756024703552351
2280,0.9740731020393062
2290,0.9733589131174486
2300,0.9699540610422641
2310,0.9801699846709219
2320,0.9781826708587260
2330,0.9725515385048691
2340,0.9791169521132883
2350,0.9822905392239019
2360,0.9814725196268181
2370,0.9784374160875393
2380,0.9862234072108222
2390,0.9907225043665739
2400,0.9859336242742125
2410,0.9841233784734744
2420,0.9948028850411872
2430,0.9933511903829809
2440,0.9901575369525329
2450,0.9913394742988785
2460,0.9900397804237890
2470,0.9912846564132823
2480,0.9924668026561801
2490,0.9908704377935518
2500,1.0000000000000000
2510,0.9932264765303307
2520,0.9963813330427654
2530,0.9960940971767328
2540,0.9973173127918487
2550,0.9926890970231481
2560,0.9866210667712977
2570,0.9930562144007533
2580,0.9883594675938387
2590,0.9936996855506102
2600,0.9893564119577795
2610,0.9880164659267663
2620,0.9883056523976772
2630,0.9785171114501516
2640,0.9800989418204986
2650,0.9814080334211521
2660,0.9840389602939356
2670,0.9766083828369363
2680,0.9704455572725708
2690,0.9716144938670450
2700,0.9761634599589581
2710,0.9683330339381268
2720,0.9732174348482036
2730,0.9765522231278663
2740,0.9636131097733841
2750,0.9589560465869069
2760,0.9615741274881037
2770,0.9541235536196853
2780,0.9607698817033684
2790,0.9527637023685740
2800,0.9604294941199285
2810,0.9574262233492271
2820,0.9560963722257629
2830,0.9533560626568138
2840,0.9570307407425496
2850,0.9753064219494006
2860,0.9731126225441356
2870,0.9680975204631048
2880,0.9771498664177903
2890,0.9727040062217710
2900,0.9786294842384990
2910,0.9798590427254001
2920,0.9822007586845414
2930,0.9755195105602663
2940,0.9758947741231871
2950,0.9839325579426289
2960,0.9802597199006059
2970,0.9811049905530277
2980,0.9845288701008182
2990,0.9927511350758729
3000,0.9860523232495111
3010,0.9942995830683117
3020,0.9905250977415346
3030,0.9947638250960640
3040,0.9916136145475284
3050,0.9905461144090518
3060,0.9995150872719378
3070,0.9941320528546949
3080,0.9913348063686169
3090,0.9926652732718756
3100,0.9922692135587661
3110,0.9924509619343256
3120,0.9929013108492138
3130,0.9875339081398266
3140,0.9936760530657223
3150,0.9934495212928484
3160,0.9923217796760514
3170,0.9946254597662473
3180,0.9896376841855463
3190,0.9822997298329071
3200,0.9859043294837356
3210,0.9883921585921942
3220,0.9810192295499777
3230,0.9784154641702757
3240,0.9778339255604387
3250,0.9731764525301613
3260,0.9821672975768134
3270,0.9763114089388369
3280,0.9798220852789774
3290,0.9770361545391266
3300,0.9777869329273647
3310,0.9661247741018250
3320,0.9720160085051107
3330,0.9578638766161470
3340,0.9519449379663124
3350,0.9489832524780160
3360,0.9415761266826116
3370,0.9414796733933204
3380,0.9485118744305265
3390,0.9495138722875840
3410,0.9491962290524129
3420,0.9550347798109833
3430,0.9728154204005535
3440,0.9768602765584360
3450,0.9724722421058030
3460,0.9785723502702216
3470,0.9751686578672063
3480,0.9773776652917765
3490,0.9763827637954169
3500,0.9724962580188961
3510,0.9738464441122018
3520,0.9831695287719335
3530,0.9841574286735394
3540,0.9782595370657650
3550,0.9905431997948368
3560,0.9920986053087878
3570,0.9840701879661427
3580,0.9877232837622218
3590,0.9874338001986924
3600,0.9939584441307703
3610,0.9955947031954149
3620,0.9917630448511998
3630,0.9911405163951028
3680,0.9908132125696413
3720,0.9932368827887452
3730,0.9906133269485898
3740,0.9863443413249288
3750,0.9944245798213838
3760,0.9929846975519323
3770,0.9904297596322147
3780,0.9813259837432023
3790,0.9900238707500031
3800,0.9879937526648694
3810,0.9827010081737936
3850,0.9792654323008724
3860,0.9726122507443342
3870,0.9721378113297889
3880,0.9780832773000562
3890,0.9698531042319672
3900,0.9671130613846863
3910,0.9666508494196490
3920,0.9592809291254059
3930,0.9561857741845841
3940,0.9512323610622202
3950,0.9616669350234737
3960,0.9527376289598527
3970,0.9514212050076355
3980,0.9610778991410179
3990,0.9512752874268039
4000,0.9541147569356020
4010,0.9573969921486929
4020,0.9739097117304342
4030,0.9666852532768865
4040,0.9712174191506592
4050,0.9762956988579826
4060,0.9698390192356759
4070,0.9751402044639080
4080,0.9743339867466750
4090,0.9842457738299615
4100,0.9835987182130214
4110,0.9764519038842686
4120,0.9804772367328342
4130,0.9860340734523141
4140,0.9870290715266543
4150,0.9836559296979918
4160,0.9889500211111016
4170,0.9854676151488113
4180,0.9914228779919935
4190,0.9887028997035276
4200,0.9908926976460345
4210,0.9884578195903552
4220,0.9958041468092401
4230,0.9909091577764564
4240,0.9896133215614628
4250,0.9984854105251961
4260,0.9993719738043437
4270,0.9901638538215485
4280,0.9966116350712585
4290,0.9889332146804859
4300,0.9969164573632463
4310,0.9949992684795499
4320,0.9912059614815411
