0,0.9799376550257539
10,0.9711004469962937
20,0.9790673594010283
30,0.9839998211729504
40,0.9828411286841077
50,0.9819477773046488
60,0.9884330554753001
70,0.9836257679772780
80,0.9913744847358071
90,0.9919516267557068
100,0.9914309832701190
110,0.9916144135321271
120,0.9914256933694569
130,0.9906463789818558
140,0.9964435593888046
150,0.9876142106797395
160,0.9934787070661995
170,0.9973625539235875
180,0.9914527624166757
190,0.9983519000219518
200,0.9906031532691935
210,0.9903970891844497
220,0.9977206505104874
230,0.9933844930268846
240,0.9895849219021670
250,0.9874640370203673
260,0.9873529379816006
270,0.9909384735329334
280,0.9893328034291424
290,0.9890937628988513
300,0.9836127360251642
310,0.9809865608894974
320,0.9844284369573354
330,0.9849225600609348
370,0.9741762583076029
380,0.9772165541700423
390,0.9732537166996416
400,0.9728241820888153
410,0.9719206517361212
420,0.9695613692074967
430,0.9709664555992928
440,0.9532461282783046
630,0.9805612687536170
640,0.9828876176453082
650,0.9793032849271259
660,0.9866770051584115
670,0.9914120165301782
680,0.9849285421563759
690,0.9928671575590468
700,0.9856208955081361
710,0.9949892268489354
720,0.9885404522738976
730,0.9946677912711895
740,0.9968251140878577
750,0.9919632062305672
760,0.9964738512613360
770,0.9896990319750997
780,0.9969068495516095
790,1.0000000000000000
800,0.9967578048286818
810,0.9905914588184751
820,0.9883659105266207
830,0.9875819885987634
840,0.9941008283333045
850,0.9924572984904672
860,0.9851301320742389
870,0.9897760143092960
880,0.9833540512268772
890,0.9862414088749272
900,0.9844329964417144
910,0.9856745676531429
920,0.9864364767555589
930,0.9826064477084003
940,0.9772269476417496
950,0.9820836640598092
960,0.9784798548991018
970,0.9694759105762146
980,0.9742676012909893
990,0.9729058481009950
1000,0.9772399349263314
1010,0.9756078108753425
1020,0.9646176790687111
1030,0.9499403821929758
1040,0.9466777703978323
1050,0.9514235952438937
1060,0.9520738311789086
1070,0.9489132596488412
1080,0.9500243651934552
1090,0.9440611053449701
1100,0.9508080503467223
1110,0.9534045722115200
1120,0.9523397738994016
1130,0.9705687272488984
1140,0.9672888461650747
1150,0.9682203149685752
1160,0.9735289896673631
1170,0.9782291142867469
1180,0.9796284194025787
1190,0.9746519225349313
1200,0.9825220241990850
1210,0.9835998942333569
1220,0.9785712359587255
1230,0.9861323537681498
1240,0.9887054452933123
1370,0.9973127493002053
1380,0.9882460605131030
1500,0.9823237416995612
1510,0.9816925591001986
1520,0.9846358615548843
1530,0.9841546589547681
1540,0.9797596149314611
1550,0.9787750843493439
1560,0.9780623874497151
1570,0.9763282075356058
1580,0.9733827941716763
1590,0.9745603895616930
1710,0.9680265712941230
1720,0.9761856033873847
1730,0.9742914243269037
1740,0.9786112865146708
1750,0.9685438642189002
1760,0.9699105293386124
1770,0.9793278066343941
1780,0.9751661485228185
1790,0.9766881721414750
1800,0.9774342251582405
1810,0.9875293550514235
1850,0.9931714940880549
1860,0.9837330211489773
1870,0.9908972217220109
1880,0.9882190784842725
1890,0.9965243746933371
1900,0.9948647530126715
1920,0.9973710590010681
1930,0.9995927730462256
1940,0.9913075327616111
1950,0.9962805417950610
1960,0.9988093519100940
1970,0.9911781553081146
1980,0.9908329780982460
1990,0.9949616163030601
2000,0.9964843101910047
2010,0.9920685195395766
2020,0.9850359061748332
2030,0.9882162484454877
2040,0.9898338761351338
2050,0.9880965103382233
2060,0.9844094799765387
2070,0.9891122836066588
2080,0.9831264635891127
2090,0.9829879840473390
2100,0.9779442963000183
2110,0.9766128591300015
2120,0.9743472523080539
2130,0.9788862898933980
2140,0.9762986151972131
2150,0.9686762195515886
2160,0.9713523909590650
2170,0.9745503639293366
2180,0.9691011166087788
2190,0.9622955381217063
2200,0.9495554983195934
2210,0.9492658462811888
2220,0.9447091267956912
2230,0.9523103880247324
2240,0.9513930914910508
2250,0.9546148514312002
2260,0.9445006306476053
2270,0.9480593887029308
2280,0.9444801084895970
2290,0.9505659448276672
2300,0.9727432812907607
2310,0.9713707907222794
2320,0.9733106682081210
2330,0.9770091146122536
2340,0.9736008062600862
2350,0.9727293081687093
2360,0.9761235651147350
2370,0.9739408682601632
2380,0.9838632465417677
2390,0.9776656670420701
2400,0.9771259792631537
2410,0.9828186814578111
2420,0.9853747247699779
2430,0.9904533335280876
2440,0.9885159852354145
2450,0.9942436642907527
2480,0.9966858030129891
2490,0.9986120751708987
2500,0.9920248397462146
2510,0.9962823191734252
2520,0.9982316383440787
2530,0.9956573189753802
2540,0.9966429998350140
2550,0.9906633431231389
2560,0.9910108558859387
2570,0.9972701148651848
2580,0.9902706046332448
2590,0.9979036688213800
2600,0.9955431445939961
2610,0.9927327581179864
2620,0.9886337032493735
2630,0.9917412767913666
2640,0.9906300403120654
2650,0.9834332084327775
2660,0.9895925378915910
2670,0.9772025631798185
2680,0.9788741513541743
2690,0.9787662583094004
2700,0.9788872652165371
3090,0.9892270131617724
3100,0.9977079176624978
3110,0.9967195283123315
3120,0.9886806371163085
3130,0.9903168957415497
3140,0.9883789554808630
3150,0.9933083262622772
3160,0.9954587811592537
3170,0.9934603479941811
3180,0.9949368237550682
3190,0.9867930357115040
3200,0.9927061552296700
3210,0.9873433304051445
3220,0.9892743827912517
3230,0.9816837457305078
3240,0.9832465864524870
3250,0.9893496833750484
3260,0.9877293639810145
3270,0.9758464706738043
3280,0.9766162144821829
3290,0.9789970735394327
3300,0.9759482091173327
3310,0.9708351186790414
3320,0.9753482604945142
3330,0.9723515055767779
3340,0.9735716672656222
3350,0.9698653359146354
3360,0.9671307658916349
3370,0.9471104523798253
3380,0.9508352542780488
3390,0.9545522834237906
3400,0.9541661668660862
3500,0.9706204783652690
3510,0.9760397578611536
3520,0.9764087766932517
3530,0.9803409716862482
3540,0.9823556778834239
3550,0.9800479636456289
3560,0.9866499887334722
3570,0.9807043704645462
3580,0.9805372345519591
3590,0.9810283163542818
3600,0.9849698770254890
3610,0.9824958924077770
3620,0.9902168703533412
3630,0.9866206370853408
3640,0.9907239675465118
3720,0.9941183171235061
3730,0.9960837117607168
3740,0.9909920260784886
3750,0.9883517142417787
3760,0.9975523690699032
3770,0.9963569837133570
3780,0.9900922439706006
3790,0.9905350110647304
3800,0.9823300647519820
3810,0.9882380234308813
3820,0.9828224013201596
3830,0.9838517927515732
3840,0.9847016941889200
3850,0.9823234219290113
3860,0.9823109471518155
3870,0.9761476611672428
3880,0.9737141986339314
3890,0.9725561736117059
3900,0.9797668306999825
3910,0.9775599199192861
3920,0.9768555692562135
3930,0.9678685322727809
3940,0.9690823309458992
3950,0.9573258484865661
3960,0.9449879659212697
3970,0.9397771176998064
3980,0.9314200773215614
3990,0.9394131025446598
4000,0.9317779855488594
4010,0.9340679910518613
4020,0.9371535452029104
4030,0.9388941095844144
4040,0.9469747613639889
4050,0.9696785815856894
4060,0.9690925431092723
4070,0.9766786159898656
4080,0.9760215690468470
4090,0.9731809461475387
4100,0.9770295431298438
4110,0.9784093420661620
4120,0.9787704411708602
4130,0.9760281531234828
4140,0.9837833200676250
4150,0.9860256443091713
4160,0.9861633809972742
4240,0.9978826862170315
4250,0.9872272878329814
4260,0.9963668280971940
4270,0.9924056427848371
4280,0.9947794380432385
4290,0.9888003404595062
4300,0.9930452821765539
4310,0.9932357991273668
4320,0.9970008897705601
