0,0.9874489773536168
10,0.9888020892710493
20,0.9800901323356875
30,0.9890855941322380
50,0.9864541099286828
60,0.9836660756782255
70,0.9748316597653162
80,0.9765170234974553
90,0.9750827650459929
100,0.9757333760097783
110,0.9674613568406734
120,0.9735311074041439
130,0.9670960651854570
140,0.9676341816144727
150,0.9518898705114326
160,0.9536319920028706
220,0.9587903228318240
230,0.9570335826775995
240,0.9487510320837166
250,0.9667355560598668
260,0.9739671675395329
270,0.9745652618922201
280,0.9715767001255812
290,0.9765322937229011
300,0.9684256483593414
310,0.9767384724232444
320,0.9823794708963263
330,0.9761135940690276
340,0.9776855503012980
350,0.9816192887943008
360,0.9799139468264986
370,0.9790076601099156
380,0.9908986040678309
390,0.9849797622064873
400,0.9914657034411930
410,0.9940751327129039
420,0.9913508905159010
430,0.9866472332260899
440,0.9891754025812035
450,0.9918704585421706
460,0.9950333742779330
470,0.9915890736471918
480,0.9901697279864259
490,0.9955715242691537
500,0.9969595280784195
510,0.9933627265686477
520,0.9956574987141659
530,0.9964751039777358
540,0.9950242787869918
550,0.9956164378651923
560,0.9930917411472195
570,0.9894540882777730
580,0.9873074822380451
590,0.9851995913700963
600,0.9853821943623838
610,0.9837677489844020
620,0.9826790801993259
630,0.9759047483284647
640,0.9824897125771346
650,0.9795588332582860
660,0.9822981791459631
670,0.9810185720256845
680,0.9744656907613093
690,0.9695162760025825
700,0.9700888185280876
710,0.9727813247618763
720,0.9682500423946184
730,0.9675967323927898
740,0.9547315220890544
750,0.9435771308512798
760,0.9457143771006109
770,0.9447441130397679
780,0.9448599534058044
790,0.9398735487913129
800,0.9363288378334831
810,0.9425125080596636
820,0.9496998240243943
830,0.9546718258270576
840,0.9706872820265803
850,0.9755575185760659
860,0.9667306640092926
870,0.9682024972474990
880,0.9784601631858142
890,0.9737520230347861
900,0.9725272552357473
910,0.9740931417260061
920,0.9781911108607173
930,0.9771323580824671
940,0.9861418824924016
950,0.9837485596308237
960,0.9795447847223663
970,0.9872928492998607
980,0.9839187170336864
990,0.9858093067427969
1000,0.9874658083591626
1010,0.9934134466844503
1020,0.9885024410161235
1030,0.9958130802604570
1040,0.9897722094122727
1050,0.9911820334831085
1060,0.9953797159542345
1070,0.9953686507865690
1080,0.9949048093838290
1090,0.9916495287756624
1100,0.9934528182684573
1110,0.9925437433566060
1120,0.9940971661646051
1130,0.9964876435814950
1140,0.9882995148528483
1150,0.9870022230951087
1160,0.9853477799577997
1170,0.9896874111415795
1180,0.9855670154273019
1190,0.9877609686524942
1200,0.9797097718493754
1210,0.9774404107846417
1220,0.9778617341068819
1230,0.9793614816109399
1240,0.9824475721379156
1250,0.9752765394051494
1260,0.9698502224394940
1270,0.9766412464733145
1280,0.9750143061987349
1290,0.9672793046378347
1300,0.9699799952395611
1310,0.9657473182490532
1320,0.9531128244682915
1360,0.9551799665669202
1370,0.9488300028853482
1600,0.9961498229707034
1610,0.9959287032386109
1620,0.9961456147389786
1630,0.9880836876330926
1640,0.9930043611564821
1650,0.9926537921956005
1660,0.9922399128956242
1670,0.9899010412315268
1680,0.9891931938734702
1690,0.9995790011949477
1700,0.9887098339241953
1710,0.9950212245468711
1720,0.9933681395400468
1730,0.9853491473462387
1740,0.9954054611745620
1750,0.9832651960958749
1760,0.9921063386258370
1770,0.9830666906447365
1780,0.9825642294113485
1790,0.9844438789652261
1800,0.9803513854630101
1810,0.9788369714889020
1820,0.9817495571700986
1830,0.9828015572423405
1840,0.9759952475704888
1850,0.9756861444257402
1860,0.9675569011338394
1870,0.9773709478917822
1880,0.9663162491033732
1890,0.9669533295118826
1900,0.9697828475472482
1910,0.9581939996353606
1920,0.9421737843304904
1930,0.9409023757521195
1940,0.9423015027625932
1950,0.9364727104167353
1960,0.9390373231669619
1970,0.9382336820022893
1980,0.9460654439968897
1990,0.9440161298279448
2000,0.9578786117840471
2010,0.9634899745105918
2020,0.9684095662423331
2030,0.9716003586782329
2040,0.9686898854395902
2050,0.9754557693627385
2060,0.9762531287701037
2070,0.9769554280779804
2080,0.9797128533890657
2100,0.9817927381697656
2110,0.9835052252549484
2120,0.9841514374558110
2130,0.9885881132647241
2140,0.9906707685639549
2150,0.9905451211319463
2160,0.9887450803794129
2170,0.9901276964622280
2180,0.9877214406121814
2190,0.9926142638928052
2200,0.9989508407762994
2210,0.9898722685428359
2220,0.9942546019040341
2230,0.9930020305761885
2240,0.9935712610546852
2250,0.9902145111182910
2260,0.9900014642541831
2270,0.9980084968455759
2280,0.9903441353649252
2290,0.9925732249676955
2300,0.9922681041228284
2310,0.9883171665104091
2320,0.9906182703099149
2330,0.9878076309749382
2340,0.9926419224285871
2350,0.9882067900581549
2360,0.9908659977654819
2370,0.9846692472806203
2380,0.9769213502802900
2390,0.9854611278020990
2400,0.9794360139453148
2410,0.9729815264889765
2420,0.9803229992490954
2430,0.9731946754669124
2440,0.9736082334089375
2450,0.9770272854574330
2460,0.9691838880195859
2470,0.9755722143261518
2480,0.9643647310105348
2490,0.9608870442937322
2500,0.9503209953923043
2510,0.9497773495941688
2520,0.9581036156181302
2530,0.9517260532886780
2540,0.9562910037831950
2550,0.9586986442967422
2580,0.9576971548002352
2590,0.9576901076528374
2600,0.9685077938851029
2610,0.9693648880683482
2620,0.9753264212787747
2630,0.9721538326946182
2640,0.9792165280945592
2650,0.9735478869051264
2660,0.9711506890315476
2670,0.9736721987543480
2680,0.9792943449322443
2690,0.9808168679677098
2710,0.9800721376784971
2720,0.9842263929653726
2730,0.9894157150939692
2770,0.9901397893535584
2780,0.9956399283701864
2790,0.9878132872895961
2800,0.9891768198334472
2810,0.9929678008526137
2820,0.9993301024109076
2830,0.9971718646431986
2840,0.9967530112093612
2850,1.0000000000000000
2860,0.9888631099991252
2870,0.9906023323192191
2880,0.9954978404742889
2890,0.9933113425523046
2900,0.9856639798151249
2910,0.9856528876242564
2920,0.9859891702690248
2930,0.9834544938119554
2940,0.9843325396706779
2950,0.9905048521940640
2960,0.9877361251083374
2970,0.9812211630054004
2990,0.9845912243547725
3000,0.9758951342139591
3010,0.9709682396898093
3020,0.9699141046492937
3170,0.9496771922381798
3180,0.9712174644730417
3190,0.9744860199023926
3200,0.9741540569086198
3210,0.9727645134405890
3220,0.9782591823234850
3230,0.9795419599256164
3240,0.9748985301770261
3250,0.9771172031496048
3260,0.9827824224666970
3270,0.9858935074996045
3280,0.9775767909248442
3290,0.9867390588764323
3300,0.9863225275424791
3350,0.9934345933042646
3360,0.9935239094490250
3370,0.9974198257019516
3380,0.9917539599682352
3390,0.9977133706749313
3400,0.9999813699991356
3410,0.9990824929708387
3420,0.9954464191372344
3430,0.9991342389508697
3440,0.9903420285899186
3450,0.9914913966263473
3460,0.9947787668614423
3470,0.9980442076634227
3480,0.9946957894772637
3490,0.9943526750961897
3500,0.9930601519324894
3510,0.9941793934321880
3520,0.9883809261522172
3530,0.9801536371301867
3540,0.9802996452197664
3550,0.9802281454317978
3560,0.9764492272031795
3570,0.9738701338518676
3580,0.9804937250145532
3620,0.9709524385459909
3630,0.9749380970514840
3640,0.9705206726458748
3650,0.9666934459252288
3660,0.9628535322141122
3670,0.9584845769228518
3680,0.9521008939980456
3690,0.9591753782771066
3700,0.9499406090317506
3710,0.9590240861761011
3720,0.9550257590771544
3730,0.9499256834490359
3830,0.9718938856673168
3840,0.9773232406323143
3900,0.9853545484017158
3910,0.9867887245824941
3940,0.9879427829791860
3950,0.9913443443230471
3960,0.9984055382075351
3970,0.9946645554411510
3980,0.9979356994318178
3990,0.9936907714990679
4000,0.9996242405418019
4010,0.9936650573664070
4020,0.9954108777493808
4040,0.9993970497449740
4100,0.9922251734764665
4110,0.9841581340505956
4120,0.9866026016964733
4130,0.9841587269176469
4140,0.9821995668778076
4150,0.9855749424241700
4160,0.9740856560063269
4170,0.9812455298281573
4180,0.9736976796316037
4190,0.9749731977087428
4200,0.9693702346564195
4210,0.9693526222096889
4220,0.9710107307182420
4230,0.9651861761352983
4240,0.9657015376267063
4250,0.9609164531974781
4260,0.9531302791681833
4270,0.9421016490496998
4280,0.9383574167501448
4290,0.9402268942023674
4300,0.9436329686476169
4310,0.9436723289107484
4320,0.9456408768907482
