0,0.9747576696400501
10,0.9824189711175008
20,0.9755890889222076
30,0.9784399240686614
40,0.9846249916351189
50,0.9869966127460830
60,0.9830564036934077
70,0.9827349773908248
80,0.9905582731105095
90,0.9893185835919351
100,0.9895324347060214
110,0.9922575534593753
120,0.9907948174783529
130,0.9970453845132621
140,0.9967226946253390
150,0.9886135980083600
160,0.9986117850681007
170,0.9981605573928307
180,0.9975350281837200
190,0.9980827298498616
200,0.9932541454088245
210,0.9910510346722288
220,0.9950851779499023
230,0.9951933392618418
240,0.9972614036656080
250,0.9882693471603564
260,0.9883981334239419
270,0.9865169673284724
280,0.9836485459077510
290,0.9849538577116662
300,0.9902229303818632
310,0.9897738976637466
320,0.9801596512766534
330,0.9840874830659152
340,0.9783362036705749
350,0.9763542294305406
360,0.9808884076917962
370,0.9795179019257075
380,0.9751532903850102
390,0.9700977162434113
400,0.9658813285794312
410,0.9655537864621068
420,0.9740309345388976
430,0.9614674556564573
440,0.9538884316156782
450,0.9522089902341170
460,0.9439378911858762
470,0.9491306682321816
480,0.9479066543150982
490,0.9472192252358497
500,0.9412327205906115
510,0.9510409255645923
520,0.9565032316609215
530,0.9638225422507865
540,0.9651860263741696
550,0.9727153934225479
560,0.9701495168740137
570,0.9739540864796445
580,0.9768746320006695
590,0.9737227567240869
600,0.9769781587281292
610,0.9811129762254993
620,0.9755597244492396
630,0.9761199649955148
640,0.9827968503691062
650,0.9860867488068843
660,0.9825304980451264
670,0.9873691777511837
680,0.9925265428946635
690,0.9927325302589275
700,0.9956731619491335
710,0.9932508291667206
720,0.9877157258799999
730,0.9885992686398378
740,0.9987717339850486
750,1.0000000000000000
760,0.9939439406078263
770,0.9979503434567849
780,0.9982135583038739
790,0.9921731372919530
800,0.9892047435550237
810,0.9897589759796948
820,0.9879162912482684
830,0.9978246716274896
840,0.9923613752976671
850,0.9897366032053756
860,0.9945176630530767
870,0.9929877739858436
880,0.9820613642362273
890,0.9891032552449058
900,0.9867416610783507
910,0.9814990696523850
920,0.9784685152399584
930,0.9744607659044594
940,0.9820400120659117
950,0.9804161056120501
960,0.9718532143526237
1060,0.9536119579741898
1070,0.9592890991428049
1080,0.9535378415581112
1090,0.9592344919840053
1100,0.9539728080207464
1110,0.9608038226074798
1120,0.9632725750461301
1130,0.9738842146442507
1140,0.9705672885937635
1150,0.9695955819922052
1160,0.9760996128818297
1170,0.9773314058156395
1180,0.9768422095937606
1190,0.9766371015624027
1200,0.9787529597146437
1210,0.9826573124372475
1220,0.9825997421906809
1230,0.9834708913165324
1240,0.9865221648854932
1250,0.9848814884947340
1260,0.9854169408631831
1270,0.9931498671986683
1280,0.9944174006092220
1290,0.9880093558350949
1300,0.9876766566399825
1310,0.9890581829903361
1320,0.9958175668617674
1340,0.9993118608920368
1350,0.9939830047661329
1360,0.9964141002379128
1370,0.9973192436586092
1380,0.9938252261964231
1390,0.9899307852446340
1400,0.9982285442549051
1410,0.9870174720768776
1420,0.9967146887317612
1430,0.9938897523325049
1440,0.9892378175210231
1450,0.9869533813926403
1460,0.9858381953054154
1470,0.9833866075519321
1480,0.9886235854531942
1490,0.9773510543544279
1500,0.9768802180332986
1510,0.9795767225089966
1520,0.9728770027474350
1670,0.9411180206211642
1680,0.9478250607298188
1690,0.9506589220094183
1700,0.9636940878355913
1710,0.9721048673071342
1720,0.9710796799726266
1730,0.9678655392463138
1740,0.9704255168199968
1750,0.9708693143359362
1760,0.9755007613401544
1770,0.9749827784167359
1780,0.9755760600792418
1790,0.9843675045948426
1800,0.9768346774557513
1810,0.9772403693739879
1820,0.9797313440288862
1830,0.9911901168880022
1840,0.9852889784676407
1850,0.9875938860642409
1860,0.9884177009138432
1870,0.9869830525021847
1880,0.9913396509501812
1890,0.9967718915310619
1900,0.9945108943720539
1910,0.9898978934670254
1920,0.9892167177618209
1930,0.9963486000394420
1940,0.9910500257733174
1950,0.9942149402329374
1960,0.9949446260465890
1970,0.9940199239070785
1980,0.9983896422344718
1990,0.9898071331013595
2000,0.9865838344631767
2010,0.9872081008769945
2020,0.9918945650995988
2030,0.9873845047426707
2040,0.9929824529842776
2050,0.9822409445962980
2060,0.9855646768941402
2070,0.9825939268062615
2080,0.9835049509642066
2090,0.9832983758415551
2100,0.9751499881647401
2110,0.9747352656557197
2120,0.9723145292169036
2130,0.9794480512442003
2140,0.9744971118742665
2150,0.9676814557319722
2160,0.9666437001604118
2170,0.9673313418083300
2180,0.9655075912303814
2190,0.9593742592889074
2200,0.9584777695651899
2210,0.9607357038442479
2220,0.9578229463768186
2230,0.9567862960302518
2240,0.9581323985595781
2250,0.9589898413065613
2260,0.9620157127404390
2270,0.9527254395262876
2280,0.9592561225030583
2290,0.9677619887447322
2300,0.9685403068157713
2310,0.9733681223791121
2320,0.9666868440027888
2330,0.9766716174397180
2340,0.9713603571063637
2350,0.9754889526183382
2360,0.9818879593722128
2370,0.9835339792761176
2380,0.9819246353291633
2390,0.9799886114270151
2400,0.9864944037271032
2410,0.9863603211891151
2420,0.9827913069666963
2430,0.9895635757489665
2440,0.9848391044158783
2450,0.9938964974004685
2460,0.9930022709130916
2470,0.9885840353420831
2480,0.9938407068803672
2490,0.9896118370926016
2500,0.9970030712034802
2510,0.9896615089932005
2520,0.9999428458698461
2530,0.9967272125478698
2540,0.9929650371658685
2550,0.9931493507830131
2560,0.9988535310545049
2570,0.9979584589878199
2580,0.9886489237200408
2590,0.9973656113131230
2600,0.9855129502933831
2610,0.9838617481284848
2620,0.9891667892626181
2630,0.9889935904287493
2640,0.9835914071078516
2650,0.9834211748619425
2660,0.9814000665121470
2730,0.9725723408238832
2740,0.9661991519153531
2750,0.9738199102177281
2760,0.9720817150799974
2770,0.9674549841517073
2780,0.9553069370383989
2790,0.9475146902241347
2800,0.9497601834014341
2810,0.9504937489764093
2820,0.9452439395707891
2830,0.9443673224156365
2850,0.9542280771010684
2860,0.9589141493165643
2870,0.9668564703518141
2880,0.9691545796487548
2890,0.9710637786782949
2900,0.9729832973408494
2910,0.9758149929850866
2920,0.9714857196327963
2930,0.9803761581089617
2940,0.9812397973496664
2950,0.9832223306898054
2960,0.9816493882963367
2970,0.9807505918309204
2980,0.9869319163758798
2990,0.9801357268949258
3000,0.9910465758879650
3010,0.9885513702057129
3020,0.9845585760314712
3040,0.9865006328238671
3060,0.9943964565550948
3070,0.9911613488758776
3080,0.9923880015831944
3090,0.9967900212298848
3100,0.9965484831598701
3110,0.9952845967070539
3120,0.9996493400561952
3130,0.9906149124850667
3140,0.9889188414403003
3150,0.9969136952200729
3160,0.9945576744921026
3170,0.9892467959137878
3180,0.9875959581369775
3190,0.9945300975963596
3200,0.9946645325879278
3210,0.9914086516127117
3220,0.9846370393337007
3230,0.9877717595822897
3240,0.9780857259962324
3250,0.9784820177648280
3260,0.9768769628013141
3270,0.9848350823401112
3280,0.9823722504208802
3290,0.9767411866495866
3300,0.9754446170417411
3310,0.9755491607593051
3320,0.9727052662964198
3330,0.9752608289912905
3340,0.9747210768714820
3350,0.9635338579606931
3360,0.9592900791460396
3370,0.9595762081508977
3380,0.9613953890036632
3390,0.9560624007414630
3400,0.9519349865457374
3410,0.9569261613832063
3420,0.9593973831862113
3430,0.9578151097202495
3440,0.9523890146735514
3450,0.9594235550314812
3460,0.9647703657121538
3470,0.9738266952557341
3480,0.9658923681583790
3490,0.9721451153447299
3500,0.9695338933434696
3510,0.9788911501637216
3520,0.9722637605620890
3530,0.9829111763753949
3540,0.9805200865453164
3550,0.9768561817788710
3560,0.9835497945460748
3570,0.9789873654849812
3580,0.9877376040863023
3590,0.9808709537901017
3600,0.9934629342838398
3610,0.9880846475676535
3620,0.9946944545427971
3630,0.9929360354937671
3640,0.9974454332972131
3650,0.9983868196720758
3660,0.9900771335400702
3670,0.9894770230366866
3680,0.9991522943286418
3720,0.9983320834173476
3730,0.9973238963924168
3740,0.9955969506612198
3750,0.9916691866588163
3760,0.9937414449720858
3770,0.9946697831492477
3780,0.9844092204901589
3790,0.9853627924919239
3800,0.9818283254177522
3810,0.9882875012960681
3820,0.9823454580188953
3830,0.9794437305923425
3840,0.9763182690033108
3850,0.9774879056831455
3860,0.9779168178595068
3870,0.9777158584008779
3880,0.9711576629446595
3890,0.9723885957613683
3900,0.9702260253574534
3910,0.9714320953455446
3920,0.9677037884796373
3930,0.9648136498376861
3940,0.9639046593852295
3950,0.9505404398059074
3960,0.9483410616960107
3970,0.9442968960653809
3980,0.9481395160989977
3990,0.9480644383323727
4000,0.9485231978320838
4010,0.9462462818236697
4020,0.9512714378066478
4030,0.9537072844329358
4040,0.9652348821361268
4050,0.9731507847309296
4060,0.9693264625445148
4070,0.9703356097578573
4090,0.9743095746146389
4110,0.9807450876920139
4120,0.9793380456574011
4130,0.9761422307426686
4140,0.9835230337713778
4150,0.9812686558991329
4160,0.9823936167966328
4170,0.9811050129739745
4180,0.9842932922296966
4190,0.9843483682239976
4200,0.9945603047272180
4210,0.9943203041438332
4220,0.9918795101086723
4230,0.9909998322394449
4240,0.9890005481300691
4250,0.9915857808143237
4260,0.9978827936658244
4270,0.9979223047529577
4280,0.9935644773835671
4290,0.9947061196245213
4300,0.9933868767508730
4310,0.9929333527389305
4320,0.9961088169851499
