0,0.9550794678178504
10,0.9617154956734811
20,0.9580766384968707
30,0.9535625812010456
40,0.9565639565230668
50,0.9643392598889957
60,0.9750486672355938
70,0.9722880260099407
80,0.9751952488912314
90,0.9749306815150222
100,0.9738001340239908
110,0.9844068322307061
120,0.9818851167597726
130,0.9868723834979979
140,0.9871197530766301
150,0.9794063680088052
160,0.9810154016428789
170,0.9882759111754459
180,0.9898985597176675
190,0.9872758536619650
200,0.9943089849761266
210,0.9881981204177970
220,0.9904939822328604
230,0.9937419680608864
240,0.9953889553472844
250,0.9939372010291029
260,0.9877402266784412
270,0.9954064213703563
280,0.9935047242122897
290,0.9955617839868451
300,0.9912303893698209
310,0.9929714987553329
320,0.9883794035100545
330,0.9911478533964116
340,0.9885421489023477
350,0.9917805811426424
360,0.9904768169542587
370,0.9888989104453264
380,0.9867699361070004
390,0.9868314235939423
400,0.9847612711403162
410,0.9883100726419158
420,0.9857049303417257
430,0.9892256780954318
440,0.9809484603477171
450,0.9799686401567688
460,0.9873884349081169
470,0.9765888944238322
480,0.9794781436261264
490,0.9805414799454865
500,0.9831643662742447
510,0.9772078670764742
520,0.9707567793542942
530,0.9702033629650195
540,0.9726174046278626
550,0.9529231427866615
560,0.9458141879886641
570,0.9509319581312585
580,0.9468318441404878
590,0.9470175280770173
610,0.9476047077438952
620,0.9499455828893864
630,0.9552359281225077
640,0.9674132052089676
650,0.9805514704866100
660,0.9707999405094438
670,0.9788806617621206
680,0.9753146237227328
690,0.9813462450088202
700,0.9748138507001149
710,0.9811725860497355
720,0.9856252886449597
730,0.9779383870411368
740,0.9798516013471548
750,0.9793937609266480
760,0.9894630097113337
770,0.9815697235188374
780,0.9872476194974638
790,0.9935908962370634
800,0.9929103891112170
810,0.9875472294701351
820,0.9947751277428520
830,0.9879208911334085
840,0.9992750026138568
850,0.9954656437790215
860,0.9906802110357232
890,0.9964302998029043
900,0.9898703365085852
910,0.9984997604013178
920,0.9894495481618325
930,0.9982112991173098
940,0.9867845822751949
950,0.9897703693733370
960,0.9888392552597493
970,0.9940219003539529
980,0.9937101573971709
990,0.9858582139995276
1000,0.9877210358027964
1010,0.9898038881303980
1020,0.9846255211192245
1030,0.9831536287757263
1040,0.9864905346405245
1050,0.9829348887408135
1060,0.9833946098214680
1070,0.9777632940010041
1080,0.9821712127509643
1090,0.9830961837894648
1130,0.9581331387900880
1140,0.9579150701090360
1150,0.9638427301365756
1160,0.9558297088490438
1170,0.9579690821746599
1180,0.9578161279112637
1190,0.9602877766112718
1200,0.9638443596062084
1210,0.9601144732071760
1220,0.9593815479684710
1230,0.9682587647526528
1240,0.9742970261606502
1250,0.9798041362632972
1260,0.9721618841143661
1270,0.9825458235388378
1280,0.9799217855161434
1290,0.9763579422687810
1300,0.9791191992143818
1310,0.9823905262334557
1320,0.9862595153127455
1330,0.9810091515240887
1340,0.9890221006125419
1350,0.9892744629623055
1360,0.9862307985133797
1370,0.9931383230364896
1380,0.9879870388469353
1390,0.9937911345216252
1400,0.9870041099639451
1410,0.9913124639738768
1420,0.9979882199169176
1430,0.9888642857184863
1440,0.9898054992650649
1450,0.9977019369210838
1460,0.9926788160785953
1470,0.9976332385565699
1480,0.9972723010540210
1490,0.9998169293603912
1500,0.9910031534491860
1510,0.9977787359450752
1520,0.9888188765444529
1530,0.9956249300438936
1540,0.9964678996545079
1550,0.9888857503543442
1560,0.9886733173907237
1570,0.9896906789710408
1580,0.9835706920854541
1590,0.9882775952541559
1600,0.9800926963678823
1610,0.9870389911820628
1620,0.9867233140450117
1630,0.9866778709236951
1640,0.9861885100558232
1650,0.9776127448313090
1660,0.9833753360460051
1670,0.9812409047063185
1680,0.9804366816654091
1690,0.9763131056095397
1700,0.9757818255405274
1710,0.9656013024081654
1720,0.9528222880686015
1730,0.9521550063413169
1740,0.9453629909596273
1750,0.9414292033296928
1760,0.9494140928287410
1770,0.9490871046980728
1780,0.9456240590505394
1790,0.9536892249983496
1800,0.9548558124167109
1810,0.9623769845229485
1820,0.9720247980200815
1830,0.9722208264044281
1840,0.9764363392444300
1850,0.9776879022304659
1860,0.9778266397511746
1920,0.9880719622830114
1930,0.9883975391774977
1940,0.9815848281912366
1950,0.9881284035425317
1960,0.9914020816335900
1970,0.9857885968869163
1980,0.9937482429857282
1990,0.9894742396227637
2000,0.9953730712728200
2010,0.9909807980652613
2020,0.9915559923552326
2030,0.9935016690841132
2040,0.9905896992369803
2050,0.9893947991234957
2060,0.9892610748070290
2070,0.9911941468613467
2080,0.9963383636618014
2090,0.9942487998760474
2100,0.9944019807070704
2110,0.9975882898052257
2120,0.9874582837846294
2130,0.9890773309395324
2140,0.9847420464404296
2150,0.9880670946428726
2160,0.9870014812710549
2170,0.9887413414355045
2180,0.9803866359955866
2190,0.9899677964703395
2200,0.9864606473679670
2210,0.9828058082825182
2220,0.9793452816386483
2230,0.9818729662605926
2240,0.9850703811010233
2250,0.9748597191039211
2260,0.9714980364019887
2270,0.9727409583334162
2280,0.9792916563532311
2290,0.9706712890155561
2300,0.9661941607941991
2310,0.9638906511060006
2320,0.9544660605948334
2330,0.9599819810021349
2340,0.9570200163331403
2350,0.9533891309795561
2360,0.9530275398670602
2370,0.9563504790118060
2380,0.9567387309245350
2390,0.9603882987540406
2400,0.9697515691817349
2410,0.9772337659230098
2420,0.9738871347212938
2430,0.9796224294125169
2440,0.9827101406637020
2450,0.9747721004429027
2460,0.9740418981972719
2470,0.9763891090496275
2480,0.9869648938255164
2490,0.9885397841071313
2500,0.9787205237119606
2510,0.9906557189806594
2520,0.9819829872255046
2530,0.9913359549719998
2540,0.9837631955295363
2560,0.9963571840097009
2570,0.9877693738214316
2650,0.9909917287197441
2660,0.9889402164203244
2670,0.9943982380053573
2680,0.9924481009570849
2690,0.9876743781517845
2700,0.9868141816809414
2710,0.9907797302138373
2720,0.9906182761754944
2730,0.9851465840610961
2770,0.9832257358043751
2780,0.9898797044299467
2790,0.9836149759994565
2800,0.9810846227760583
2810,0.9766218931743744
2820,0.9769933419401853
2830,0.9799404035126367
2840,0.9772237459640479
2850,0.9739973907684283
2860,0.9804451407235525
2870,0.9731922145426688
2880,0.9676419509243850
2890,0.9534111497889874
2900,0.9559963482976760
2910,0.9509512695199985
2920,0.9476536105002036
2930,0.9392728243630849
2940,0.9485321399676715
2950,0.9451935227053615
2960,0.9463953342352481
2970,0.9584065228321381
2980,0.9671968123418406
2990,0.9790526423849578
3000,0.9799162023787255
3010,0.9777125182764629
3020,0.9813184657986060
3030,0.9767002264183232
3040,0.9789300399948659
3050,0.9803787343261916
3060,0.9826514013258023
3070,0.9858854987076955
3080,0.9781539430896186
3090,0.9819860311106123
3120,0.9930211914132877
3130,0.9857789881620893
3140,0.9950136724685190
3210,0.9917321974828086
3220,0.9921620776918278
3230,0.9932490236534099
3240,0.9892170424114500
3250,0.9961222549174201
3270,0.9875559392647710
3280,0.9939786637898826
3290,0.9881771272950023
3300,0.9954468693080545
3310,0.9873469237427518
3320,0.9903015822042482
3330,0.9933309149726145
3340,0.9829633603105795
3350,0.9896633959572041
3360,0.9869045803642886
3370,0.9865999872177080
3380,0.9795898799194199
3390,0.9774111848246805
3400,0.9801678246140533
3410,0.9796309325019026
3420,0.9741023775218345
3430,0.9817072263955631
3440,0.9769794823555080
3450,0.9727078034970660
3460,0.9789373444872311
3470,0.9620946591337390
3480,0.9583860214344737
3490,0.9596570642632926
3500,0.9574413300848620
3510,0.9582412919269975
3520,0.9631349462637279
3530,0.9578017046170409
3540,0.9592320210133970
3550,0.9555177783899237
3560,0.9567018999023469
3570,0.9665291104801464
3580,0.9743542453369795
3590,0.9751781223759721
3600,0.9787723405446503
3610,0.9812600680212544
3620,0.9752060184737776
3630,0.9773639841343779
3640,0.9772747501654385
3650,0.9793977110204419
3660,0.9781223336853637
3670,0.9835269516797369
3680,0.9873603372168747
3690,0.9811399698598664
3700,0.9844250391500273
3710,0.9943314928825074
3720,0.9859057006487887
3730,0.9899941431214361
3740,0.9954925800323504
3750,0.9922963603999782
3760,0.9903940548507421
3770,0.9878307154093277
3780,0.9913720788611481
3790,0.9915873566800821
3800,1.0000000000000000
3810,0.9946101048163833
3820,0.9986862926592429
3830,0.9983488497135847
3840,0.9914707152896145
3850,0.9959732995980202
3860,0.9946361675437890
3870,0.9926900258315918
3880,0.9867333428762006
3890,0.9900001725621781
3900,0.9907792751165376
3910,0.9840593474704776
3920,0.9870065587371414
3930,0.9854189851932267
3940,0.9838677536470571
3950,0.9798364322849803
3960,0.9803326436253331
3970,0.9875604932549288
3980,0.9811959070834922
3990,0.9813643396934452
4000,0.9842062331221879
4010,0.9829677850817755
4020,0.9738222209376066
4030,0.9742045537589994
4040,0.9810745529723393
4050,0.9721392941935497
4060,0.9585691075239889
4070,0.9526128147476155
4080,0.9504120606513160
4090,0.9479897748322724
4100,0.9481821133234039
4110,0.9505400296260830
4120,0.9486554841139749
4130,0.9470600494697068
4140,0.9494909001617164
4150,0.9670072165435778
4160,0.9707955205898601
4170,0.9805695072445754
4190,0.9807724749728310
4200,0.9838618393495143
4210,0.9850325884199115
4220,0.9786155958234687
4230,0.9778285567045122
4240,0.9771106480791497
4250,0.9785301224533246
4260,0.9803356811286272
4270,0.9903475235198850
4280,0.9815545201819368
4290,0.9898708952956184
4300,0.9921378621601765
4310,0.9884341718320853
4320,0.9890767016123316
