0,0.9787869442481988
10,0.9794837517946652
20,0.9838302837812006
30,0.9849677797170246
40,0.9859862533978462
50,0.9840548249919838
60,0.9853190859558658
70,0.9850813017621518
80,0.9916270214175217
90,0.9899327793841370
100,0.9934061768865388
110,0.9944182655589030
120,0.9962471962933563
130,0.9906013385296033
140,0.9947327117984245
170,0.9913994079782362
180,0.9907554606635819
190,0.9935143302791191
200,0.9916975934579180
210,0.9874808048228441
220,0.9874851681527393
230,0.9891830499586746
240,0.9891793361502648
250,0.9967200458719429
260,0.9931979920220264
270,0.9944133267590148
280,0.9937089088235912
290,0.9920509500542524
300,0.9878701500348832
310,0.9900150261427946
320,0.9833566413279298
330,0.9842477502997556
340,0.9890360229663943
350,0.9790244801778137
360,0.9828212916035878
370,0.9779683795152405
380,0.9791348231827485
390,0.9821490022262600
490,0.9528664004567025
500,0.9527769823237872
510,0.9659206965021252
520,0.9799867038476545
530,0.9754030122023376
540,0.9838230140383950
550,0.9780048312901357
560,0.9787478034723152
570,0.9843544666430428
580,0.9874723348145560
590,0.9792816181031199
660,0.9885845140073349
670,0.9871775284682921
680,0.9954779846629392
690,0.9928531022356715
700,0.9900784699196513
710,0.9901629786465224
720,0.9920185860810221
730,0.9947455189027523
740,0.9990599793184318
750,0.9903881452633507
760,0.9978942849518092
770,0.9938028605093071
780,0.9899287288666077
790,0.9987476571023289
800,0.9943304015470916
810,0.9966180759288328
820,0.9901233490210202
830,0.9963269234527029
840,0.9961369305111223
850,0.9891330636591579
860,0.9938809920509010
870,0.9887213212745188
880,0.9861852705513202
890,0.9917498339331718
900,0.9862881646550747
910,0.9830709010534486
940,0.9797253902984869
980,0.9775482633633709
990,0.9828466152778706
1000,0.9557231517083838
1010,0.9538688125472097
1020,0.9519586926496401
1030,0.9614455669817370
1040,0.9594821158213717
1050,0.9556702181512537
1060,0.9594865787387139
1070,0.9511053017641347
1080,0.9600763101918217
1090,0.9509239515168031
1100,0.9804510947858069
1110,0.9802094521329729
1120,0.9799118548793617
1130,0.9764692945447820
1140,0.9801505691784871
1150,0.9790867667751996
1160,0.9880739716849456
1170,0.9869487440051246
1180,0.9803038144897874
1190,0.9810168971023960
1200,0.9888756865874039
1210,0.9929704807907336
1220,0.9920064613902527
1230,0.9853368865666698
1240,0.9875701011933701
1250,0.9924912254761382
1260,0.9931808053970305
1270,0.9884952771510180
1280,0.9926962695483376
1290,0.9892914572821425
1300,0.9978262012432236
1310,0.9895518838464046
1320,0.9959185673997433
1330,0.9897201073556512
1360,0.9902524231832319
1370,0.9875527838861357
1380,0.9939073794418720
1390,0.9915453960254522
1400,0.9898480015038118
1410,0.9889789588378608
1420,0.9906106969888460
1430,0.9878459447028664
1440,0.9907317408692667
1450,0.9865771952808122
1460,0.9898804527652552
1470,0.9826690307424014
1480,0.9836936725846653
1490,0.9873377759133316
1500,0.9904226623912178
1510,0.9884829029711616
1520,0.9861050667371732
1530,0.9818914915183048
1540,0.9770500358577769
1550,0.9837368436900142
1560,0.9755640329215295
1570,0.9777918436866775
1580,0.9697990324982382
1590,0.9527910387935649
1600,0.9532804342170703
1610,0.9412510710937404
1620,0.9415470200287961
1630,0.9429439007425433
1640,0.9425702536068560
1650,0.9383353425299191
1660,0.9426951518994552
1670,0.9535927207512439
1680,0.9640981558968843
1690,0.9827293415385314
1700,0.9800772767985272
1710,0.9793081319794876
1720,0.9845462916933334
1730,0.9775864771425498
1740,0.9830163039285769
1750,0.9836066093515771
1760,0.9786636023907535
1770,0.9869419080737349
1780,0.9848225600433900
1790,0.9899012136956580
1800,0.9925972676832224
1810,0.9863552448201139
1820,0.9860043435357253
1830,0.9910901596143608
1840,0.9967750074575225
1850,0.9969961938296076
1860,0.9934083909077638
1880,0.9913474816426440
1890,0.9978881365338472
1900,0.9927859743989699
1910,0.9913670795379611
1920,0.9915125313115796
1930,0.9890931446241739
1940,0.9990411689320033
1950,0.9988552510712870
1960,0.9931832099186694
1970,0.9983176758330663
1980,0.9914916413408154
1990,0.9911512417616393
2000,0.9912117375181235
2010,0.9885874145557766
2020,0.9840701359009806
2030,0.9912935245600990
2040,0.9894884255444087
2050,0.9818479084044256
2060,0.9904061962678200
2070,0.9811324237884084
2080,0.9863597448047600
2090,0.9791910458577812
2100,0.9797970596072616
2110,0.9801179003747268
2120,0.9790118894256927
2130,0.9777018727795873
2140,0.9833697871481216
2150,0.9853063837903552
2190,0.9509176097988918
2200,0.9560128270241989
2210,0.9524168588893047
2220,0.9550751047087784
2230,0.9575980527786665
2240,0.9504955667203897
2250,0.9603917717855096
2260,0.9550019266044251
2270,0.9786415475056462
2280,0.9788488672652838
2290,0.9845178549802794
2300,0.9822296403002734
2310,0.9858824931773350
2320,0.9863541696831682
2330,0.9866489486389984
2340,0.9831465571436777
2350,0.9859230375199870
2360,0.9864775172670590
2370,0.9876107033119488
2380,0.9895965361910176
2390,0.9897010085390782
2400,0.9899329840281755
2410,0.9894867211068213
2420,0.9948411930664882
2430,0.9922725535302217
2440,0.9869266090588490
2450,0.9897948179412629
2460,0.9922353566077785
2470,0.9987302946348314
2480,0.9885017193550539
2490,0.9927952625105168
2500,0.9886861503971539
2510,0.9999122137451413
2520,0.9956357454943183
2530,0.9944284517203608
2610,0.9854690272904373
2620,0.9868940001002986
2630,0.9927438634158987
2640,0.9891014278418574
2750,0.9738652196946929
2760,0.9622682778123246
2770,0.9486627571507925
2780,0.9437376811408233
2790,0.9387106249256624
2800,0.9350951001700126
2810,0.9430936802005281
2820,0.9430286092188672
2830,0.9496297038592609
2840,0.9566286787430359
3230,0.9837879417976365
3240,0.9819923189724135
3250,0.9881737463544765
3260,0.9889331652542069
3270,0.9860434832274031
3280,0.9885253789782570
3290,0.9809136685130810
3300,0.9768165831186419
3310,0.9860823687771363
3320,0.9819961959997898
3330,0.9813759206938135
3340,0.9610072664090776
3350,0.9518113367340147
3360,0.9568668895693115
3370,0.9601325967439049
3380,0.9595303811615868
3390,0.9603406990857603
3400,0.9512226712816465
3410,0.9564930637524884
3420,0.9594903776329976
3430,0.9598176669760721
3440,0.9729397808305973
3500,0.9855765191850017
3510,0.9883646338154689
3520,0.9855202574998195
3530,0.9864833863127255
3540,0.9877714822696371
3550,0.9920837514018603
3560,0.9926449164506168
3570,0.9936240483259384
3580,0.9840853104375358
3590,0.9940153958007473
3600,0.9888842377524192
3610,0.9862004280275382
3620,0.9890333806907673
3630,0.9978442287498747
3640,0.9900469347155648
3650,0.9932220616086147
3660,0.9930629028017859
3670,0.9891269247555736
3680,0.9946367801118344
3690,0.9971513181711723
3700,0.9976160592062672
3710,0.9935940902807725
3720,0.9992162267113083
3730,0.9960033106408636
3740,0.9874122435415907
3750,0.9931792188470688
3760,0.9904140114607742
3770,0.9870428370800920
3780,0.9897161705486519
3790,0.9912776440484589
3800,0.9886469334913786
3810,0.9853056737546227
3820,0.9860770649174012
3830,0.9904475617161568
3840,0.9815332726508201
3850,0.9814747696860158
3860,0.9799307994184625
3870,0.9881058270272035
3910,0.9843720019304162
3920,0.9758428986794841
3930,0.9543756385807425
3940,0.9438136333632460
3950,0.9424249854450664
3960,0.9409539299467650
3970,0.9380660810458770
4020,0.9646492043486544
4030,0.9745792363957696
4040,0.9800708561796596
4050,0.9835649445179305
4060,0.9752365236409920
4070,0.9784882134698696
4080,0.9803207745903613
4090,0.9831425069674916
4100,0.9874441646547053
4110,0.9820648284679380
4120,0.9838775991547468
4130,0.9888995384539143
4140,0.9930077220967297
4150,0.9865261203508953
4160,0.9936001870931782
4210,0.9904631658828538
4220,0.9870996306212000
4230,0.9886043745717249
4240,0.9919272683030876
4250,0.9907924065249128
4260,0.9948031378563315
4270,1.0000000000000000
4280,0.9973403726099781
4290,0.9931049685492073
4300,0.9942126495956802
4310,0.9964327497239132
4320,0.9927989797657131
