0,0.9769610173747729
10,0.9709880817623385
60,0.9830799653971944
70,0.9897068102793737
80,0.9913476049293852
90,0.9837918694402480
100,0.9891088759266492
110,0.9886749421388276
120,0.9911685396322591
130,0.9983769153921576
140,0.9892461943487372
150,0.9934865106483332
160,0.9967990197300048
170,0.9994270157757504
180,0.9946093001361557
190,0.9975543759895829
200,0.9923786545244651
210,0.9879835473318445
220,0.9858919032627651
500,0.9438491816222271
510,0.9653699853260462
520,0.9689560513221900
760,0.9973066555299607
770,0.9939458126762092
780,0.9906647867078223
790,0.9899217712031806
800,0.9887922776201461
810,0.9857249259978877
820,0.9898007012046123
830,0.9870319054415526
840,0.9913348412136477
850,0.9817057096564384
860,0.9813877219661030
870,0.9819238452563562
880,0.9848126441115564
890,0.9836178210841722
910,0.9772874557160336
920,0.9773107433078868
930,0.9671440178021498
940,0.9738622345656753
950,0.9655306402923467
960,0.9621712345264669
970,0.9681343118633714
980,0.9600760521517365
990,0.9605956019290359
1020,0.9343340486630047
1030,0.9276477654731449
1040,0.9219061038006168
1050,0.9229452240612639
1060,0.9276367977799554
1070,0.9282438192910559
1080,0.9350128500425470
1090,0.9590862688930635
1100,0.9581074531865345
1110,0.9653077588043025
1120,0.9634605636452598
1130,0.9724917914600412
1140,0.9731776267186159
1150,0.9739561861689910
1160,0.9704283189440598
1220,0.9854824611535185
1230,0.9859359198013220
1260,0.9921149231955326
1270,0.9848508400695449
1280,0.9918332831122014
1290,0.9911045458683539
1300,0.9910401192631798
1310,0.9981145068557261
1320,0.9911857534036136
1330,0.9933934240053709
1340,0.9913185219192846
1350,0.9910418826693140
1360,0.9987112492536564
1370,0.9922966999825763
1380,0.9905053530522206
1390,0.9902209240756356
1400,0.9907869721663931
1410,0.9909864285265907
1420,0.9860383695228661
1430,0.9912489100294913
1440,0.9828952686260302
1450,0.9853720159637269
1460,0.9826009959979761
1660,0.9449125985480299
1730,0.9667943011693655
1740,0.9652337730567250
1750,0.9684047986023132
1760,0.9706634205481446
1770,0.9769500888523851
1780,0.9772690279432141
1960,0.9932140094410233
1970,0.9921526291073074
1980,0.9910828878212911
1990,0.9872182161936109
2000,0.9868117215716753
2010,0.9921954505775716
2020,0.9803636723862066
2030,0.9850371865404011
2040,0.9769780420900358
2050,0.9824445206761626
2060,0.9722915154083938
2070,0.9720007347594326
2080,0.9775801002347930
2090,0.9703757562277540
2100,0.9759453030645366
2110,0.9680830481274129
2120,0.9717033273601433
2130,0.9612066174469329
2140,0.9644171019575098
2150,0.9635399436118772
2160,0.9638512489443197
2170,0.9392987571237794
2180,0.9385831084819662
2190,0.9242223594106159
2200,0.9257587076807255
2210,0.9287692887926507
2220,0.9253946509422365
2230,0.9310266335666579
2240,0.9264647686469484
2250,0.9402633620137882
2260,0.9498212700069353
2270,0.9585238090137944
2280,0.9690192083039497
2290,0.9607632298075195
2300,0.9646407507052486
2310,0.9736745691486459
2320,0.9659267254449275
2330,0.9747781277875409
2340,0.9718255162107737
2350,0.9756556299085134
2360,0.9745833090146248
2370,0.9808625869101654
2380,0.9850909532189318
2390,0.9885359490357457
2400,0.9819050545063780
2410,0.9840956835707024
2420,0.9922785088623318
2430,0.9939498028785754
2440,0.9944878566516635
2450,0.9918972794349774
2460,0.9916968135191049
2470,0.9890154411712138
2480,0.9972547264728803
2490,0.9964753481122469
2500,0.9896171837477539
2510,0.9887914046987875
2520,0.9982619171695413
2530,0.9947952964667566
2540,0.9965071809045154
2550,0.9870244107601829
2560,0.9936550058899420
2570,0.9939437873515521
2580,0.9880889897556850
2590,0.9879709155833877
2600,0.9850736445320339
2610,0.9805726155528888
2620,0.9833625351101326
2670,0.9747978848648328
2680,0.9693165699256593
2690,0.9676823299301842
2700,0.9649103726564002
2710,0.9661094134186707
2720,0.9650092135999734
2730,0.9651993457032469
2740,0.9580001803528555
2750,0.9446291367515777
2760,0.9451734363089862
2770,0.9381191812603416
2780,0.9416362399924918
2790,0.9420450249442580
2800,0.9484828769102743
2810,0.9400365673780614
2820,0.9480465076765434
2830,0.9472235303402835
2840,0.9435534508406566
2890,0.9633661796254590
2900,0.9706945921444134
3070,0.9949391956466770
3080,0.9941684372471048
3090,0.9888069872183693
3200,0.9845533303638623
3210,0.9856240898040320
3320,0.9597387278413116
3330,0.9599513813099698
3340,0.9427395764001031
3350,0.9327756207531793
3360,0.9244504771163751
3370,0.9282114094727544
3380,0.9240261478183637
3390,0.9287879875355702
3470,0.9669309521395645
3480,0.9697677513712791
3490,0.9656149653953282
3500,0.9750540524534647
3510,0.9696794669405933
3590,0.9817029926312890
3600,0.9916024097031145
3610,0.9888665391445747
3620,0.9925825892637757
3630,0.9890784804911057
3640,0.9969418866694821
3650,0.9976241120259030
3660,0.9996765113437843
3670,1.0000000000000000
3680,0.9944516125774823
3690,0.9892022014429375
3700,0.9966815053060446
3710,0.9923318416382672
3720,0.9965758581598712
3730,0.9970900850805348
3740,0.9957000053803476
3910,0.9634379569745448
3920,0.9419781328833633
3930,0.9381269238287626
3940,0.9390265172880826
3950,0.9394984513676392
3960,0.9401558262926543
3980,0.9396460013861442
3990,0.9479986009579370
4000,0.9411973322287464
4010,0.9454870017944769
4020,0.9559001044408810
4030,0.9580651855270237
4040,0.9601425934384459
4050,0.9635267925165328
4060,0.9643292949159045
4070,0.9662429503490141
4080,0.9732711676918454
4090,0.9708149680490030
4100,0.9731495759855867
4110,0.9785683337936590
4120,0.9740546378875656
4140,0.9822559180676221
4150,0.9791265689049308
4200,0.9958220423457863
4210,0.9882012342332066
4230,0.9889667074777924
4240,0.9955659101778618
4250,0.9947929793159056
4260,0.9958942077314205
4270,0.9890755356471357
4280,0.9938944522006641
4290,0.9903063027011508
4300,0.9914434157237964
4310,0.9952330568944642
4320,0.9939823966681522
