0,0.9327795207256370
190,0.9851769326629861
200,0.9880015777181526
210,0.9889887056844932
220,0.9891209175543793
230,0.9901960250920157
240,0.9913864849855587
250,0.9959821987901122
260,0.9952475681740451
270,0.9947506330745057
280,0.9966328728067921
380,0.9924493954478617
490,0.9776973817342076
500,0.9721495842628112
510,0.9667506316798022
520,0.9655549633298063
590,0.9547261941308115
600,0.9479631379392642
610,0.9555604276622076
620,0.9567146882471945
630,0.9560802048344714
640,0.9494406318163000
650,0.9662288076396510
660,0.9631847485564246
670,0.9690344548581737
680,0.9703546959511410
690,0.9733872956126570
700,0.9761931890935662
710,0.9760252826713800
720,0.9761536932541804
730,0.9797160112897380
740,0.9748910443968618
750,0.9791623889761968
760,0.9792482927110251
770,0.9804574502864679
780,0.9812610731898781
790,0.9858432868080875
800,0.9896570233382511
880,0.9923204344600434
890,0.9925839585737313
900,0.9915712980313710
910,0.9900190003954668
920,0.9967263895201994
930,0.9947192872100314
940,0.9916132510720675
950,0.9911296598465192
960,0.9868730891527268
970,0.9824567989133477
980,0.9853841390311129
990,0.9819947066360004
1000,0.9787622360289420
1010,0.9861784497535516
1020,0.9778680705564237
1030,0.9825897672939121
1040,0.9771503190571116
1050,0.9714977688737206
1060,0.9788306843685614
1070,0.9689007169012653
1080,0.9663210129404216
1090,0.9675434089687460
1100,0.9684153515051007
1110,0.9671221626036663
1120,0.9689452030598612
1130,0.9603465121654761
1140,0.9424808143673683
1150,0.9383259488090033
1160,0.9431456894910574
1170,0.9346046104906723
1180,0.9398456992712334
1190,0.9412919231299508
1200,0.9421148486386459
1270,0.9733838462179871
1280,0.9675902775500959
1290,0.9711199388567318
1300,0.9711996080342064
1400,0.9886013515113206
1410,0.9945164391806196
1420,0.9951811059205342
1430,0.9874654785484669
1440,0.9958494267591015
1450,0.9942309791087384
1460,0.9934350778084439
1470,0.9942389098755063
1480,0.9892350664854230
1490,0.9891838508481440
1500,0.9920441214859225
1510,0.9960473303318801
1520,0.9974681499097030
1530,0.9948336924384967
1540,0.9867415313685249
1550,0.9855331004594058
1560,0.9923808293308906
1570,0.9901215933658866
1580,0.9853194637885349
1590,0.9789832439244222
1600,0.9826556568084822
1610,0.9834098300857562
1620,0.9734459012466979
1630,0.9750238897744771
1640,0.9718362741467008
1650,0.9678005042584940
1660,0.9700898505688604
1670,0.9684326381920814
1680,0.9697998936911715
1690,0.9678835073702136
1700,0.9716268931479802
1710,0.9639641083641816
1720,0.9511238856755675
1730,0.9502901613387020
1740,0.9519240710627117
1750,0.9466286169351931
1760,0.9517309226931544
1770,0.9524508293783789
1780,0.9495365865441234
1790,0.9556424793850048
1800,0.9529115345634687
1870,0.9711599628856946
1880,0.9778748075330760
1890,0.9811250362015079
1900,0.9758943536726963
1910,0.9737156410071385
1920,0.9779204834996859
1930,0.9818987711477776
1940,0.9835016878623742
1950,0.9820895308498749
1960,0.9904459413795812
1970,0.9831238517508661
1980,0.9945851692424099
1990,0.9864222414271737
2000,0.9890524637189541
2010,0.9922459014126032
2020,0.9943806829064337
2030,0.9910747573944892
2170,0.9822720998868695
2180,0.9799267017753407
2190,0.9860174925175109
2200,0.9822821563453648
2210,0.9751248941437418
2220,0.9743473408587860
2230,0.9779949905632646
2240,0.9725962592005823
2250,0.9750595655629002
2260,0.9731568959502298
2270,0.9690060030563413
2280,0.9715480326471289
2310,0.9520370115147083
2320,0.9381608915681353
2330,0.9365957756511273
2340,0.9420496847543185
2350,0.9409867052528686
2360,0.9376305071951256
2370,0.9398865670672769
2380,0.9388106152056650
2390,0.9515260659576463
2400,0.9670745640130561
2410,0.9632331082077569
2420,0.9720308800284111
2430,0.9717597307715604
2440,0.9661699017878471
2450,0.9764277104185168
2460,0.9732099957371121
2470,0.9799419910808540
2480,0.9782006381329952
2490,0.9733597290437196
2500,0.9823227417231208
2510,0.9802540563216917
2520,0.9865821628482536
2530,0.9904232116731352
2540,0.9890175269412543
2550,0.9865393070725720
2560,0.9895488326544420
2570,0.9917957557689501
2640,0.9911117364165716
2650,0.9990842069806092
2660,0.9984607003433497
2670,0.9899665616480385
2680,0.9882618916616566
2690,0.9863011177510796
2700,0.9900002367566964
2710,0.9874885109178247
2720,0.9887551897334609
2730,0.9927023680722405
2740,0.9886594879874325
2750,0.9893175778620027
2760,0.9854332976213304
2770,0.9868810748350517
2780,0.9854598719582128
2790,0.9781124590491260
2800,0.9724044799280450
2810,0.9727842108917063
2820,0.9688700346862728
2830,0.9764485076532198
2840,0.9648819517839781
2850,0.9659670308208161
2860,0.9665888232625857
2870,0.9722660945571522
2880,0.9651436610383053
2890,0.9492404214356728
2900,0.9514202284375169
2910,0.9544694963623046
2920,0.9534478798489383
2930,0.9492232812203319
2940,0.9469130368684394
2950,0.9514602663205957
2960,0.9481212372447992
2970,0.9501540931173524
2980,0.9513291097296260
2990,0.9674017564276608
3000,0.9676614752812858
3010,0.9678679333962527
3020,0.9691437036546876
3030,0.9671768366950523
3040,0.9714163058640158
3050,0.9701318435105619
3060,0.9740060280992878
3070,0.9748064291091642
3080,0.9777994717031360
3090,0.9858762241887601
3100,0.9879179435893333
3110,0.9818742459256672
3120,0.9868042709355570
3190,0.9880574693945031
3200,0.9966724145073720
3210,0.9996040522276547
3220,1.0000000000000000
3230,0.9935978481365066
3240,0.9908809879722422
3250,0.9940404275857834
3260,0.9936007938235020
3270,0.9900970275959176
3280,0.9955091695473310
3290,0.9892084944395882
3300,0.9859161948562614
3310,0.9827170700281653
3320,0.9861185529364842
3330,0.9847635362974220
3340,0.9805616984243829
3350,0.9846827836863060
3360,0.9844195316330269
3370,0.9825637860202370
3380,0.9800825747237781
3390,0.9715296766972609
3400,0.9785895888603490
3410,0.9720988646573483
3420,0.9693472816587843
3430,0.9646519332906637
3440,0.9640504723125699
3450,0.9673562293393236
3460,0.9645811287997103
3470,0.9595104504058796
3480,0.9513315107164355
3490,0.9468270290522921
3500,0.9420119257952384
3510,0.9358201502180217
3520,0.9326663082474885
3530,0.9394460149583488
3540,0.9410872337756586
3550,0.9402923895178648
3560,0.9504435409419877
3570,0.9578028485804616
3630,0.9735422958824007
3640,0.9691328841913718
3650,0.9821772659796848
3660,0.9772920138302791
3670,0.9795458297110108
3680,0.9863326527589753
3720,0.9819366519506249
3740,0.9874398557478233
3750,0.9921961774099413
3760,0.9976438678326546
3770,0.9980769525481094
3780,0.9953699286330054
3790,0.9912904431868326
3800,0.9920584119320653
3810,0.9972040512864712
3820,0.9908410739275048
3830,0.9957032827419399
3840,0.9930556801880822
3850,0.9908828168766388
3860,0.9918572525307553
3870,0.9870028097130179
3880,0.9895815899860748
3890,0.9872232545238531
3900,0.9823559066283669
3910,0.9880419551532394
3920,0.9851122950810950
3930,0.9872434363434142
3940,0.9870304959174071
3950,0.9830794624273020
3980,0.9769806142919550
3990,0.9697207329281665
4000,0.9721791422465306
4010,0.9689805262742450
4020,0.9751052439353557
4030,0.9725911461680009
4040,0.9635435162206978
4050,0.9647351030382851
4060,0.9545785273825551
4070,0.9484561345990165
4080,0.9542684048500609
4090,0.9489167403844467
4100,0.9492847125299847
4110,0.9470998304598703
4120,0.9493677463084960
4130,0.9565390628192116
4140,0.9489451632543811
4150,0.9515411924059348
4160,0.9685351138644046
4170,0.9628414738899276
4180,0.9665637635103409
4190,0.9724633363798718
4200,0.9691052436128910
4210,0.9763761032309467
4220,0.9764439787024547
4240,0.9810935585408039
4250,0.9789191099748905
4260,0.9832014621532364
4270,0.9845957958442514
4280,0.9853612974080046
4290,0.9900325856327329
4300,0.9921665423685039
4310,0.9878087912503154
