0,0.9786210972712842
10,0.9804422832154579
20,0.9753426692912884
30,0.9793625907749428
40,0.9700707118962785
50,0.9676503139315173
60,0.9666579475884947
70,0.9633817267939552
80,0.9600131872013341
90,0.9545276844796274
100,0.9561410929075822
110,0.9622089951299142
120,0.9573915290916553
130,0.9580366208900296
140,0.9621347782710050
150,0.9603718252005776
160,0.9595224182126015
170,0.9696332543297491
180,0.9748275155345510
190,0.9704905488045050
200,0.9772417853505805
210,0.9790460471709272
220,0.9755869412846876
230,0.9829086311839581
240,0.9758578888732777
250,0.9748077332460929
260,0.9869238728955150
270,0.9891228585580294
280,0.9904898890500138
290,0.9906418041928283
300,0.9897024072791766
310,0.9841906588906748
320,0.9882627114506995
330,0.9938458515522934
340,0.9908650058966910
350,0.9904437496999592
360,0.9991927149250135
370,0.9917635514968548
380,0.9958815057976225
390,0.9967580679662181
400,0.9939572666756018
410,0.9972386174023347
420,0.9993489991348091
430,0.9932292019010138
440,0.9958168212677774
450,0.9979667509375509
460,0.9923547382361655
470,0.9914002286973542
480,0.9902402867153249
490,0.9943859777824861
500,0.9893432558817327
510,0.9872086328804753
520,0.9856789722508605
530,0.9907286395270185
540,0.9877330674252535
550,0.9804921868806401
560,0.9759722102529411
570,0.9764399323657649
580,0.9775266141558612
590,0.9717041111313374
600,0.9711748586433414
610,0.9798482840349766
620,0.9776157763069767
630,0.9715686006046799
640,0.9743602927910323
650,0.9643703271286385
660,0.9501653661338768
670,0.9456830050487419
680,0.9440722541480825
690,0.9469370410540384
700,0.9473832126418582
710,0.9484593617352189
720,0.9504331901006622
730,0.9518579209792658
740,0.9505699206071752
750,0.9619721118321263
760,0.9707677930802218
770,0.9758511556532782
780,0.9721591732831502
790,0.9689337447842070
800,0.9747516758487195
810,0.9782431600294960
820,0.9840122158869212
830,0.9739626244013396
840,0.9791529553869737
850,0.9845185533034504
860,0.9798960663646370
870,0.9865686160941813
880,0.9879329748929410
890,0.9864221659892469
900,0.9850266044208000
910,0.9905770578422028
920,0.9908136270995660
930,0.9966886840431967
940,0.9932879456751887
950,0.9976251972189910
960,0.9961844327977073
970,0.9906200870102854
980,0.9931107644995449
990,0.9951423308703834
1000,0.9917136912139368
1010,0.9932790877074521
1020,1.0000000000000000
1030,0.9938375072442588
1040,0.9970420662329769
1050,0.9958285010551450
1060,0.9974549199592544
1070,0.9904382439041036
1080,0.9894734648601593
1090,0.9838351189366008
1100,0.9910727699319242
1110,0.9903772674408584
1120,0.9891867564389645
1130,0.9860455985334554
1140,0.9839946211107535
1150,0.9786880066745683
1160,0.9783410974173554
1170,0.9823369208022741
1180,0.9728412890324059
1190,0.9758914883997224
1200,0.9777001164827110
1210,0.9760849715740358
1220,0.9764091799354955
1230,0.9658025278619885
1240,0.9610217171052156
1250,0.9578383716911250
1260,0.9638740940240015
1270,0.9603807229098937
1280,0.9629204641851721
1290,0.9612626078405950
1300,0.9533745699828904
1310,0.9556142961906258
1320,0.9580759401215206
1330,0.9607834923144147
1340,0.9643593812579168
1350,0.9709888982440317
1360,0.9743606569430501
1430,0.9826534543093027
1440,0.9824395414147700
1450,0.9834720869864785
1460,0.9874107371473633
1470,0.9872322327927250
1480,0.9921991512021336
1490,0.9953920853706609
1500,0.9927981724493250
1520,0.9979895607663000
1530,0.9904492431321383
1540,0.9955891072172057
1550,0.9958178555123814
1560,0.9947370944461092
1570,0.9958205143865794
1580,0.9932004199297561
1590,0.9913017616583529
1600,0.9991085019284747
1610,0.9950236755990745
1620,0.9961945967175710
1630,0.9880971956115695
1640,0.9940334665140870
1650,0.9903432814543538
1660,0.9869872545234567
1670,0.9893157019325942
1680,0.9845874804162906
1690,0.9928143042379800
1700,0.9865921963108213
1710,0.9901692471662275
1720,0.9815483040692791
1730,0.9759196390417937
1740,0.9850293767072652
1750,0.9748091714552745
1760,0.9768840369149875
1770,0.9796403126983834
1780,0.9728182684321587
1790,0.9748608664338915
1800,0.9670171975236231
1810,0.9692901047329107
1820,0.9622532700711643
1830,0.9558802157280292
1840,0.9473572559713014
1850,0.9514512786609745
1860,0.9453064164176608
1870,0.9454502482344205
1880,0.9469312270745326
1890,0.9459002227137476
1900,0.9461134218629472
1910,0.9591582298129983
1920,0.9622826393972042
1930,0.9709068175497505
1940,0.9742437163710687
1950,0.9675868547757932
1960,0.9696924322177161
1970,0.9751570520518179
1980,0.9799745062857401
1990,0.9822945559761542
2000,0.9814108034322171
2010,0.9828703602544692
2020,0.9818222847450561
2030,0.9811274449170932
2040,0.9869129019269244
2050,0.9851174808060391
2060,0.9868708130855369
2070,0.9928299549698922
2080,0.9897277325355320
2090,0.9924721515373230
2100,0.9867927413623723
2110,0.9917350523318766
2120,0.9978522203137073
2130,0.9904498864899669
2140,0.9987066204951002
2150,0.9940802559137577
2160,0.9938196435191528
2170,0.9976988003505706
2180,0.9909361395820360
2190,0.9936180865453830
2200,0.9916051519747014
2210,0.9906286651613770
2220,0.9915625637498386
2230,0.9926317668606952
2240,0.9926143719485492
2250,0.9910522094060134
2260,0.9941082617464713
2270,0.9849608107472030
2280,0.9920243884871009
2290,0.9814670568655484
2300,0.9839676933991907
2310,0.9818920171974845
2320,0.9812145233506030
2330,0.9808362491389715
2340,0.9780107778585818
2350,0.9720061200235531
2360,0.9780705228720735
2370,0.9738495849159228
2380,0.9756438121518455
2390,0.9746756519645315
2400,0.9696590086377315
2410,0.9636719129803278
2420,0.9595654735257035
2430,0.9567951551400792
2440,0.9542745421117391
2450,0.9595459752355291
2460,0.9556010880452974
2470,0.9624980393405331
2480,0.9590312071060285
2490,0.9533088567837984
2500,0.9566758979879085
2510,0.9665727289046656
2520,0.9728133953280943
2530,0.9770692764701596
2540,0.9777396948799294
2550,0.9708672143733978
2560,0.9711450328028888
2570,0.9747445539669830
2580,0.9770770151735012
2590,0.9751923453456132
2600,0.9800944454985410
2610,0.9868687182875432
2620,0.9863183479347637
2630,0.9843559692069790
2640,0.9932224066523087
2650,0.9829605152177022
2660,0.9845743892985500
2670,0.9851857281236919
2680,0.9963574181526712
2690,0.9921473984710509
2700,0.9974157273321461
2710,0.9904333590514013
2720,0.9927771433151330
2730,0.9939158807894412
2740,0.9952252869706563
2750,0.9963347481185615
2760,0.9983062086392001
2770,0.9954247573509490
2780,0.9964846936683756
2790,0.9932938335182695
2800,0.9955764699493815
2810,0.9898585750278801
2820,0.9893993262926027
2830,0.9889414766044663
2840,0.9873297981983477
2850,0.9876787190599335
2860,0.9888903612047903
2870,0.9914720127417762
2880,0.9820566507529034
2890,0.9820609224969830
2900,0.9826304081159125
2910,0.9856712779860431
2950,0.9783195625206500
3030,0.9504943137968297
3040,0.9487747663833784
3050,0.9496791559364232
3060,0.9454480789140054
3070,0.9490545389181193
3080,0.9528940555852126
3090,0.9608252909033094
3210,0.9852496087918555
3220,0.9825888872114800
3230,0.9892878203098788
3240,0.9868862749869697
3250,0.9892471996531406
3260,0.9912178248649394
3270,0.9958542019140237
3280,0.9940425984199972
3290,0.9944524326530932
3300,0.9895695694921725
3310,0.9923361740837577
3320,0.9905665920446072
3330,0.9906101611458991
3340,0.9929728190268893
3350,0.9978893269440591
3360,0.9998349654737019
3370,0.9890155394476309
3380,0.9888697962943909
3390,0.9884944984596623
3400,0.9879483010333048
3410,0.9966302678721229
3420,0.9915635921944264
3430,0.9863802107791425
3440,0.9872406789587540
3450,0.9858674645924052
3460,0.9845112063059294
3470,0.9854890412865173
3480,0.9781272246901086
3490,0.9754727871346327
3500,0.9849463298294219
3510,0.9822949754419296
3520,0.9777952009119143
3530,0.9755357332965466
3540,0.9788016976558963
3550,0.9743632881411460
3560,0.9721462253262061
3570,0.9703437071040649
3580,0.9624180063593761
3590,0.9629237989271744
3600,0.9596785546409923
3610,0.9573638114907692
3620,0.9591481474930933
3630,0.9620679096940672
3640,0.9585385243290007
3650,0.9583522955002886
3660,0.9639572335692096
3670,0.9593700183001741
3680,0.9591823501550832
3690,0.9666038869262554
3700,0.9732247988169004
3710,0.9789530088398267
3720,0.9801414127617990
3730,0.9708281123696798
3740,0.9786532690841426
3750,0.9740866087878294
3760,0.9788531328307296
3770,0.9824161014720239
3780,0.9857301347319898
3790,0.9846940975649399
3800,0.9907369847576835
3810,0.9832312511170109
3820,0.9841507965601562
3830,0.9914591270026663
3840,0.9886892115382078
3850,0.9951528414508662
3860,0.9937574239534004
3870,0.9976816990551083
3880,0.9980997111123386
3890,0.9922473312854553
3900,0.9966343007298605
3910,0.9926847631570417
3920,0.9983094744452229
3930,0.9921490347391603
3940,0.9900247940931415
3950,0.9927102588761204
3960,0.9976553924580225
3970,0.9896685608204039
3980,0.9923176820589164
3990,0.9885390007015210
4000,0.9894166184107949
4010,0.9908756439560217
4020,0.9912350137787181
4030,0.9894538093681302
4040,0.9853484137772522
4050,0.9836588859924410
4060,0.9840466911736585
4070,0.9762201813941389
4080,0.9760759438737290
4090,0.9807350040677937
4100,0.9833980421521373
4110,0.9727408492564796
4120,0.9728813310151080
4130,0.9723878285377257
4140,0.9714869034363591
4150,0.9768957883904797
4160,0.9705021527601414
4170,0.9545461194368126
4180,0.9497821818562300
4190,0.9502325803583238
4200,0.9506549002049032
4210,0.9399020804470778
4220,0.9499718702517136
4230,0.9459453398810673
4240,0.9486968216603497
4250,0.9518759502976569
4280,0.9668406744200128
4290,0.9678962858473636
4300,0.9759031963081856
4310,0.9784727980337032
4320,0.9818479879016421
