0,0.9907798530037066
10,0.9904278185968933
20,0.9966654442611858
150,0.9856371754830441
160,0.9845315006334512
170,0.9779581393238874
180,0.9799373017955814
190,0.9753191537366791
200,0.9711576837375624
210,0.9807942941726948
220,0.9762115785352180
230,0.9761484496772199
240,0.9771485515501181
250,0.9735566450013516
260,0.9627939517608426
270,0.9520478782473285
280,0.9606508760181856
290,0.9573480416324570
300,0.9613014604939746
310,0.9549300046757132
320,0.9551814116384347
330,0.9624007178862625
340,0.9543094532636718
350,0.9559738643962681
360,0.9651509402083214
370,0.9720662752548077
390,0.9745296208169436
400,0.9772571170162381
410,0.9712783202189107
420,0.9729364274707595
430,0.9745842953347529
440,0.9808141988383212
450,0.9758370422080970
460,0.9814862161987252
470,0.9824507847579150
480,0.9870309350268364
490,0.9829021717574604
500,0.9869495095546016
510,0.9868876734417065
520,0.9824026696854393
530,0.9933879686635143
540,0.9931719277090352
550,0.9874863601402943
560,0.9943980084748809
570,0.9977809319573766
580,0.9937589870826369
590,0.9978449046966094
600,0.9905414543774993
610,0.9940940158872700
620,0.9977107967070371
630,0.9922984359057678
640,0.9946036523651434
980,0.9442321857179768
990,0.9559406669659150
1000,0.9593488521270911
1010,0.9644592574971423
1020,0.9722742835840593
1030,0.9792070420956513
1040,0.9715615420962509
1050,0.9797785599004555
1060,0.9727405027712412
1070,0.9816538966711711
1080,0.9733404275625812
1090,0.9759344950685830
1100,0.9831804123477456
1110,0.9765099505138984
1120,0.9815250797850917
1130,0.9889101420947124
1140,0.9892040801575195
1150,0.9845469201830388
1170,0.9927459855762999
1180,0.9842629512584808
1190,0.9874686659773765
1200,0.9950372113211440
1210,0.9948849354044302
1220,0.9965306166114682
1230,0.9910291950801677
1240,0.9897445217719523
1250,0.9965004620884760
1280,0.9993677134626999
1290,0.9981931131623875
1300,0.9900293392032775
1310,0.9934372562411413
1320,0.9975006101599180
1330,0.9942999850453025
1340,0.9915178606827131
1350,0.9903289156053287
1360,0.9901470487937624
1370,0.9922371930888615
1380,0.9900493454907948
1440,0.9774219825780343
1460,0.9826254872551483
1470,0.9786286423615937
1480,0.9826187971302256
1490,0.9756396824188934
1500,0.9742692950303063
1510,0.9706928551517534
1520,0.9798911985447362
1530,0.9742378777067929
1540,0.9692968537876738
1550,0.9672196595829059
1560,0.9539958067332655
1570,0.9519240135945035
1580,0.9612506414264039
1590,0.9556858066640673
1600,0.9606382558167587
1610,0.9556997052186070
1620,0.9547464482267713
1630,0.9555094362271734
1640,0.9621686777448525
1650,0.9581259469509096
1660,0.9729117976621667
1670,0.9734282907698559
1680,0.9775157109349746
1690,0.9737432616374654
1700,0.9698922070508386
1710,0.9716731105401311
1720,0.9825774409596204
1730,0.9732763804192425
1740,0.9818280809108060
1750,0.9862500027021396
1760,0.9872596413560414
1770,0.9827816501005698
1780,0.9837711205013383
1790,0.9826592444593821
1800,0.9896568527047158
1810,0.9873362105145618
1820,0.9904430467932837
1830,0.9949201565592403
1840,0.9847573919398855
1850,0.9870931015413649
1860,0.9910061679336616
1870,0.9942416251243148
1880,0.9888001324527951
1890,0.9952792289770205
1900,0.9962216895720191
1940,0.9959786213302028
1950,0.9999010818235039
1960,0.9918440211205829
1970,0.9890289722373958
1980,0.9982358940605722
1990,0.9984694960037745
2000,0.9901633003822349
2010,0.9926590546625507
2020,0.9897227476972135
2030,0.9917744096329564
2040,0.9891901599442006
2050,0.9832156594673495
2060,0.9895284185502735
2070,0.9882116720202078
2080,0.9847278321360035
2090,0.9770467270992362
2100,0.9801838839076764
2110,0.9762970330622761
2120,0.9786445265507493
2130,0.9769317526335412
2140,0.9796488269540724
2150,0.9711607378585553
2290,0.9508268261550603
2300,0.9667779071384962
2310,0.9737266728096056
2320,0.9711771864726403
2330,0.9714083389594272
2340,0.9748534707484573
2350,0.9751636766113126
2360,0.9808292310152857
2370,0.9819732834791568
2380,0.9819257710364835
2390,0.9781570166145792
2400,0.9828207090026118
2410,0.9834655745424487
2420,0.9851242684275181
2430,0.9808396235982716
2440,0.9888177620379519
2450,0.9862037669496836
2460,0.9873065125447200
2470,0.9833795710455308
2480,0.9866774570451663
2490,0.9961491764465584
2500,0.9940792608979432
2510,0.9935146226657356
2520,0.9906336958596950
2530,0.9948890410280451
2540,0.9973279826401381
2550,0.9996664838160391
2560,0.9998867212563882
2570,0.9924796358280792
2580,0.9917680297736343
2590,0.9942697453006449
2600,0.9892862751112307
2610,0.9933549687574842
2620,0.9932389729191746
2630,0.9885769300591851
2640,0.9914318593471961
2650,0.9955513340454586
2660,0.9947119756309869
2670,0.9949529300377803
2680,0.9907935483919058
2690,0.9862499966893434
2700,0.9853376666888990
2710,0.9902761416987149
2720,0.9835707929723252
2730,0.9823652757612933
2740,0.9841339026562658
2750,0.9785012530079309
2760,0.9753961829218755
2770,0.9821602963050715
2780,0.9821972629554079
2790,0.9746227175107374
2800,0.9716526425083196
2820,0.9752718511917399
2830,0.9770561864443436
2890,0.9543146796774784
2900,0.9556270185416644
2910,0.9610136197464723
2920,0.9520237916818095
2930,0.9616574479518291
2940,0.9628505456934036
2990,0.9761933280101429
3000,0.9754407033754565
3010,0.9784110220626779
3050,0.9772850266682284
3060,0.9857808953736442
3070,0.9828210507193402
3080,0.9815944900073246
3090,0.9815409396635004
3100,0.9884764650825567
3110,0.9906673923137616
3120,0.9900807453760206
3130,0.9949302992198592
3140,0.9886175569851079
3150,0.9967908959258398
3230,0.9934647120041165
3240,0.9942943100815095
3250,0.9999050174689755
3260,0.9957086946562728
3280,0.9887099554600489
3290,0.9959043911722998
3300,0.9957694272725043
3310,0.9925063422919556
3320,0.9944908134484813
3330,0.9907608539164935
3340,0.9842860914175238
3350,0.9917813828817444
3360,0.9833137514112557
3370,0.9873688329753296
3380,0.9878831734906318
3390,0.9760567423406946
3400,0.9837326035440339
3410,0.9816936251649274
3560,0.9415067556571618
3570,0.9474680268391779
3580,0.9526822459043275
3590,0.9594458081428958
3600,0.9714284475894970
3610,0.9766947612941401
3620,0.9773774854079261
3630,0.9785183300019499
3640,0.9710730322889064
3650,0.9721897522304589
3660,0.9747872100253804
3670,0.9826561182864277
3680,0.9780216474442305
3690,0.9757828503902298
3700,0.9854142419096595
3710,0.9803276718717432
3720,0.9791671819090122
3730,0.9795187503018720
3740,0.9803965188993095
3750,0.9909400405359670
3760,0.9939199330965465
3770,0.9925072039801974
3780,0.9847473487963585
3820,0.9904886924756900
3830,0.9891734788431692
3840,0.9980033507230817
3850,0.9920729290019512
3860,0.9936552642320908
3870,0.9914709904066559
3880,0.9965003865330907
3890,0.9899584228247833
3900,0.9894623861812664
3910,0.9918074516882810
3920,0.9902944420342260
3960,0.9860691082430080
3970,0.9947042877225898
3980,0.9854008656227216
3990,0.9837257828635366
4000,0.9820953408217103
4010,0.9812897427161076
4020,0.9805132711239176
4030,0.9791467536226633
4040,0.9804831083934039
4050,0.9863522206850761
4060,0.9841980508541657
4070,0.9731860921164953
4080,0.9779220080196228
4090,0.9784362870878661
4100,0.9750291194818306
4110,0.9781560847961188
4120,0.9782093743789360
4130,0.9736457325544121
4140,0.9680229716529470
4150,0.9576809271085294
4160,0.9593813165710436
4170,0.9586553851960993
4180,0.9534509549783338
4190,0.9574087103167612
4200,0.9579855426903721
4210,0.9594500277746815
4220,0.9623374189401157
4230,0.9553280020360375
4240,0.9564330035616427
4250,0.9657966221057331
4260,0.9752907982081584
4270,0.9690247950158534
4280,0.9684593198575130
4290,0.9752096757416949
4300,0.9798051153882872
4310,0.9720314862739690
4320,0.9776509840772387
