0,0.9937866375728820
10,0.9917510111917940
20,0.9907289217295958
30,0.9989541145865318
100,0.9868612149688963
110,0.9911743314621492
120,0.9904394047166672
130,0.9899725332610467
140,0.9855291730421484
150,0.9909031818258155
160,0.9852203302042770
170,0.9863263423804347
180,0.9837974361934404
190,0.9818894113539973
200,0.9814891050118187
210,0.9753951340440384
220,0.9773986025631428
300,0.9555923167523213
310,0.9470755630684998
320,0.9529931728399269
330,0.9420281285203724
340,0.9496010366036205
350,0.9444643349230013
360,0.9431417654892393
370,0.9466039892889081
380,0.9495133734595652
470,0.9770769733910672
480,0.9809573756676763
490,0.9779580445054747
500,0.9849446928454977
510,0.9761431938035021
520,0.9775717146143644
530,0.9816545491691527
550,0.9808367475503118
560,0.9843360922650429
570,0.9849544875326217
580,0.9844532489498397
590,0.9914267094849590
600,0.9971110795655312
740,0.9904731047601911
870,0.9792162153920413
880,0.9787934955241222
890,0.9777842078991564
900,0.9693089478958435
910,0.9741751722551900
1060,0.9722827400267212
1070,0.9755488120322343
1080,0.9773434027662093
1090,0.9721333863805621
1150,0.9801882258856680
1160,0.9822963540798274
1170,0.9805668175677212
1180,0.9879885537528101
1190,0.9824395414071470
1200,0.9843617427440405
1210,0.9816871261506405
1220,0.9870856589324805
1230,0.9880622331496953
1240,0.9885820320616550
1250,0.9897718887915655
1260,0.9901461357328575
1270,0.9958973604041351
1280,0.9914231658398199
1290,0.9898403219074917
1300,0.9956655884700643
1310,0.9986164011635809
1320,0.9926101570454370
1330,0.9968346741625328
1340,0.9972464998131511
1350,0.9956532636808715
1360,0.9893776584023364
1370,0.9874352395355149
1380,0.9868918821207997
1390,0.9870750171712088
1400,0.9913904017098651
1410,0.9921298694036398
1420,0.9850373420334170
1430,0.9917402612170036
1440,0.9830901679728243
1450,0.9874909907300046
1460,0.9877959601024924
1470,0.9824898149770227
1480,0.9860342929343392
1490,0.9782729055921691
1500,0.9789397284856076
1510,0.9804400798013043
1520,0.9772306928395635
1530,0.9716731003563085
1540,0.9787482568416711
1550,0.9778975373646138
1560,0.9691355670352366
1570,0.9712684711981332
1580,0.9664637302801562
1590,0.9655397144030515
1600,0.9529271998235175
1610,0.9511826542461511
1620,0.9437032158950437
1630,0.9428247243321073
1640,0.9460891731185951
1650,0.9492135363750659
1660,0.9398021174764403
1670,0.9462816995886039
1680,0.9492482723607517
1690,0.9521262320594416
1700,0.9632362386342097
1710,0.9751378119720495
1720,0.9714195671103469
1730,0.9759674565177018
1740,0.9754132232643579
1750,0.9704092016958038
1760,0.9806425781264725
1770,0.9782389328475544
1780,0.9813638880685962
1790,0.9763651954482557
1800,0.9827647351962845
2010,0.9887420394000596
2230,0.9660177316582842
2240,0.9598133296998528
2250,0.9525864760064708
2260,0.9592597765580398
2270,0.9540965407323200
2280,0.9610406863747425
2290,0.9534635956577424
2300,0.9586837895717480
2310,0.9544403176642804
2320,0.9527097693598310
2330,0.9616548467626799
2340,0.9521193251871205
2350,0.9611072582647582
2360,0.9683323687159587
2370,0.9694296113927731
2380,0.9768195528695908
2390,0.9694876452297662
2400,0.9700190355954748
2410,0.9749537214784725
2420,0.9712181408639482
2430,0.9814254488229236
2440,0.9848037147500017
2450,0.9784077516722214
2460,0.9840647029147799
2470,0.9848718943567480
2480,0.9887918606230541
2490,0.9828285624710736
2500,0.9815008596945149
2510,0.9875008538905315
2520,0.9840331630804081
2530,0.9856227016283412
2540,0.9905803093415682
2550,0.9887740688517253
2560,0.9986474185781832
2570,0.9905422332027873
2580,0.9931128773841941
2590,0.9908159046326503
2680,0.9925813239816974
2690,0.9869091622873083
2720,0.9902684968901386
2730,0.9914692016624505
2740,0.9889502355589638
2750,0.9800509742477593
2760,0.9844894603311792
2770,0.9849885038807051
2780,0.9784110014819472
2790,0.9839010383772578
2800,0.9793105952714140
2830,0.9763848521398452
2840,0.9783883483694961
2850,0.9730937762938507
2860,0.9694889392991568
2870,0.9722048459570745
2880,0.9687911465147655
2890,0.9603708583792825
2900,0.9583334268699879
2910,0.9484917603794820
2920,0.9512008164412147
2930,0.9398914792106429
2940,0.9402710452283399
2950,0.9495260445323149
2960,0.9437432312008106
2970,0.9442278830316126
2980,0.9499130437134322
2990,0.9633372749513637
3000,0.9714227713642125
3010,0.9699775383814419
3020,0.9662591635514383
3030,0.9777858904415869
3040,0.9690271106201893
3110,0.9845129123114125
3170,0.9876191675387914
3180,0.9847544952651397
3190,0.9897937421208697
3200,0.9940567080083960
3210,0.9889713916624293
3220,0.9957712710673972
3230,0.9946731862584022
3250,0.9970664632195607
3260,0.9961108823542695
3270,0.9956056633217121
3280,0.9985629157485829
3290,0.9967011813095106
3300,0.9925723322152388
3310,0.9902898322792444
3350,0.9905893411838285
3360,0.9925727898066540
3370,0.9922368399430518
3380,0.9854848771468334
3390,0.9827755053885926
3400,0.9886174446116768
3410,0.9830768842496160
3420,0.9801112418795893
3430,0.9849427522456274
3440,0.9754872285670000
3450,0.9757199482454787
3460,0.9784581846301632
3470,0.9732249727827371
3480,0.9709932967644539
3490,0.9744417615996470
3500,0.9667374009974254
3510,0.9738559402518394
3520,0.9690651908683935
3530,0.9744040466085767
3600,0.9521634400486697
3650,0.9687076060027302
3680,0.9672238786771241
3690,0.9692527466045350
3700,0.9794069349248316
3710,0.9775612225392557
3720,0.9812170659796161
3730,0.9789645916690262
3740,0.9843720567942161
3750,0.9860655593626696
3760,0.9822211634729442
3770,0.9855080571296497
3780,0.9820895463996578
3790,0.9855706000034865
3800,0.9898986181316634
3810,0.9938626012839944
3820,0.9844672824299183
3830,0.9901734161013033
3840,0.9937234930781371
3850,0.9871318478212073
3860,0.9896430074879642
3870,0.9960133961738683
3880,0.9938019256082473
3890,0.9962404942575431
3900,0.9968034522239115
3910,0.9978997405584532
3930,0.9946715518263144
3940,0.9975463406947228
3950,0.9893069466736575
4180,0.9735070535191325
4190,0.9626815775740771
4200,0.9485728194621557
4210,0.9438830594044409
4220,0.9522003945350804
4230,0.9447165600703309
4240,0.9411025818810878
4250,0.9495661186305958
4260,0.9457603771314728
4270,0.9522927011446687
4280,0.9574878887009517
4290,0.9645047291642428
4300,0.9745228817844983
4310,0.9715692109979669
4320,0.9681668172887772
