0,0.9693425394905206
10,0.9755956099763146
20,0.9737721182787107
30,0.9783446428576514
40,0.9747929844337581
50,0.9751658425541735
60,0.9733907193092189
70,0.9843971531067673
80,0.9745660841900639
90,0.9780843012311426
100,0.9878536233886516
110,0.9840070737042645
120,0.9876663039883281
130,0.9888878583108913
140,0.9881509521894259
150,0.9896159338352303
160,0.9894959921934556
170,0.9862816906076898
180,0.9905930733007545
190,0.9875933171851032
200,0.9936619444671616
210,0.9938103033464338
220,0.9913011331316648
230,1.0000000000000000
240,0.9910714050790458
250,0.9971764421512657
260,0.9969788098271072
270,0.9897930376830465
310,0.9883151246162041
320,0.9941682110057642
330,0.9861080883443392
340,0.9915401265274300
350,0.9907448529947149
360,0.9820331816729496
370,0.9856526597905078
430,0.9731364578922166
440,0.9720804665297181
450,0.9800256763891187
460,0.9747678068675714
470,0.9689665433966135
480,0.9767815388218732
490,0.9674444771847120
500,0.9740681095014639
510,0.9754620105423103
520,0.9557812482270398
530,0.9590238828918436
540,0.9520784595156836
550,0.9589349195971854
560,0.9540465526897663
570,0.9575891742516960
580,0.9559248392022154
590,0.9510184440553875
670,0.9782883991179675
680,0.9764516404215516
690,0.9702517452797113
700,0.9726138071869916
710,0.9820526418996702
720,0.9830130172322753
730,0.9854427700224032
740,0.9802193480488830
750,0.9874057621470261
760,0.9868547465611426
830,0.9970901681067684
840,0.9985267365341428
850,0.9893170047512406
860,0.9903095696278685
870,0.9995537935433887
880,0.9916689324601188
890,0.9919551017230080
900,0.9955030656939166
910,0.9887594874193524
920,0.9952794879181103
930,0.9906810307304950
940,0.9925494435478205
950,0.9891400270719417
960,0.9953098592334997
970,0.9893011233731583
980,0.9852185921343780
990,0.9874556122313236
1000,0.9831356693831073
1010,0.9841027118641924
1020,0.9909965822765582
1030,0.9821103444389656
1040,0.9863205902912892
1050,0.9861494371289714
1060,0.9788981657826422
1070,0.9778749192103888
1080,0.9813024687766913
1090,0.9791691279172390
1100,0.9713271830080027
1110,0.9734558063314361
1120,0.9733853936338189
1130,0.9714132461083618
1170,0.9577695499406063
1180,0.9469774024521918
1190,0.9428107976547280
1200,0.9392343087407579
1210,0.9458885969251086
1220,0.9369670466203593
1230,0.9463906648224237
1240,0.9389081870981243
1250,0.9473050602626263
1260,0.9468999807095886
1270,0.9623662928137795
1280,0.9678426476593293
1290,0.9738523686869667
1300,0.9751207692232711
1310,0.9691856432329026
1320,0.9742679961176137
1330,0.9698020635243201
1340,0.9780939240105953
1350,0.9807241628155038
1360,0.9733558703493832
1370,0.9816961572837339
1380,0.9768648368653676
1390,0.9813854087954522
1400,0.9795787596778593
1410,0.9846333177139411
1420,0.9803453527362106
1430,0.9840857036373490
1440,0.9827556409771163
1450,0.9910830123100740
1460,0.9958837642547652
1470,0.9898611651869620
1480,0.9976425124479706
1490,0.9871061875056544
1500,0.9973497009085905
1510,0.9974204648164183
1520,0.9959418855029712
1530,0.9913683479318429
1540,0.9888549612166894
1550,0.9955298246183064
1560,0.9893961914181734
1570,0.9900234687587535
1580,0.9915810504667354
1590,0.9964119056489732
1600,0.9985347627377171
1610,0.9916244082141633
1620,0.9871508462262558
1630,0.9881372281344241
1640,0.9930023747097234
1650,0.9937539518875633
1660,0.9827491957158060
1670,0.9808311423762593
1680,0.9878151225674359
1690,0.9812859687005338
1700,0.9781383560208285
1710,0.9831317280724220
1720,0.9830686416105914
1730,0.9760256142545989
1740,0.9750507650549618
1750,0.9804992723545142
1760,0.9706438551972418
1770,0.9684127471039332
1780,0.9704454427458171
1790,0.9695435508293790
1800,0.9658000991767598
1810,0.9741053360694026
1850,0.9549330486215885
1860,0.9596187820380629
1870,0.9527762716334950
1880,0.9530442907766233
1890,0.9552105962738811
1900,0.9579822674143752
1910,0.9518101911613764
1920,0.9604307631367338
1930,0.9657774540000336
1940,0.9712798778045344
1950,0.9714056929599358
1960,0.9748607546302858
1970,0.9775397109584810
1980,0.9711977223824261
1990,0.9767287403611151
2000,0.9774365946832034
2010,0.9812639316016701
2020,0.9838045927294889
2030,0.9777370449123930
2040,0.9812941966352150
2050,0.9873686906738253
2060,0.9886047238683801
2070,0.9876610882725356
2080,0.9848729927691814
2100,0.9948810329548979
2110,0.9888024724808836
2120,0.9973046497781409
2130,0.9966740457867814
2140,0.9896321553037097
2150,0.9894661470529006
2160,0.9938074931369583
2170,0.9971116326101983
2180,0.9966034086976956
2190,0.9969304430978411
2200,0.9982011824529572
2210,0.9992429082528399
2220,0.9939333041574629
2230,0.9892909009083627
2240,0.9906057251648772
2250,0.9885267967289035
2260,0.9935335922063604
2270,0.9959178738300850
2280,0.9945095511028027
2290,0.9871250088260823
2300,0.9918182794588527
2310,0.9843674684214845
2320,0.9865992431733881
2330,0.9900045634318618
2340,0.9874781805466727
2350,0.9868671152280957
2360,0.9813507490910012
2370,0.9746532518393894
2380,0.9795770950087728
2390,0.9797984803680592
2400,0.9707492707721527
2410,0.9729254309749676
2420,0.9787394770939423
2430,0.9673667976065392
2440,0.9689886243567235
2450,0.9702170275817961
2460,0.9683702544243410
2470,0.9621888324677944
2480,0.9436192296411839
2490,0.9432396264907583
2500,0.9464755402403731
2510,0.9369052936606211
2520,0.9374333995940322
2530,0.9480291961668341
2540,0.9388347966284990
2550,0.9506096096483980
2560,0.9541372583935930
2570,0.9716380287119986
2580,0.9661334527960850
2590,0.9745776313110281
2600,0.9772670059211498
2610,0.9772039267613277
2620,0.9738682813138435
2660,0.9789234003713888
2670,0.9851693493274144
2680,0.9818389756940578
2690,0.9767630077363828
2700,0.9781760611197304
2710,0.9908005624900419
2720,0.9866408800156513
2730,0.9896398777078664
2740,0.9846278205119872
2750,0.9947985393808229
2760,0.9891707776786470
2770,0.9938504576856559
2780,0.9878407149267425
2790,0.9891898583141416
2800,0.9972733012977421
2810,0.9964060077745589
2820,0.9998699890271660
2830,0.9928655194227397
2840,0.9986695260136053
2850,0.9983579733032248
2860,0.9938857498375615
2870,0.9919148707584468
2880,0.9992428292739786
2890,0.9908813449147467
2900,0.9976856911986790
2910,0.9901595359791328
2920,0.9898959540242318
2930,0.9876678476567620
2940,0.9938987694203436
2950,0.9864385792797874
2960,0.9913796041339632
2970,0.9869282470489855
2980,0.9872497557579721
2990,0.9823274079563630
3000,0.9819191666109065
3010,0.9853484682748531
3020,0.9806679185216551
3030,0.9750865609032704
3040,0.9790967910843752
3050,0.9722973772158104
3060,0.9763443847798292
3070,0.9779603273043175
3080,0.9765056188303630
3090,0.9703078677280190
3100,0.9671211130593046
3110,0.9661387776436627
3120,0.9602745955376819
3130,0.9510856825447200
3140,0.9530334609268770
3150,0.9525194217971985
3160,0.9554580054341386
3170,0.9589744209687707
3180,0.9538446484819874
3190,0.9595220674392529
3200,0.9566020580339974
3210,0.9516922167377825
3220,0.9666977820305722
3230,0.9691275058943173
3240,0.9660867850365850
3250,0.9688825289013894
3260,0.9780202640204717
3280,0.9734017397146528
3290,0.9818787297017021
3300,0.9744933726951858
3310,0.9752034965548905
3320,0.9796733607430131
3330,0.9819436606267254
3340,0.9886287891033989
3350,0.9847708206961657
3360,0.9856476781260910
3370,0.9856205939604545
3380,0.9901352060897536
3390,0.9867225714725609
3400,0.9842355316537417
3410,0.9921236139394071
3420,0.9897493278941470
3580,0.9907721440301958
3590,0.9851536060839988
3600,0.9819425933141879
3610,0.9835236342708954
3620,0.9896917779707864
3630,0.9884574835053829
3640,0.9767173141438039
3650,0.9832229889937008
3660,0.9805776914270813
3700,0.9785355419615488
3710,0.9726613848368943
3720,0.9698650567697429
3770,0.9567365592149421
3780,0.9461494255777372
3790,0.9467748607801233
3800,0.9445974764430551
3810,0.9378246249235830
3820,0.9451754994354812
3830,0.9424701070460815
3840,0.9476546932340194
3850,0.9535338477818536
3860,0.9622046239527974
3870,0.9699566506466871
3880,0.9723467557348031
3890,0.9680866673865282
3900,0.9707580785652343
3910,0.9691408891000286
3920,0.9694237351382635
3930,0.9696180242727026
3940,0.9775516032073184
3950,0.9809801994885292
3960,0.9830394452887741
3970,0.9860342302608828
3980,0.9827836319972820
3990,0.9806678604275700
4000,0.9852539815555796
4010,0.9813691247119657
4030,0.9892235759231006
4040,0.9933967511078881
4050,0.9960046261152508
4060,0.9893875438066088
4070,0.9871258720970216
4080,0.9888425840448817
4090,0.9885041418766747
4100,0.9929232313331889
4110,0.9941825029425249
4120,0.9945133224568711
4130,0.9991236956402481
4140,0.9892907583962912
4150,0.9926322855648292
4160,0.9933569650230519
4170,0.9983671821162745
4180,0.9931198251897967
4190,0.9939904573930156
4200,0.9932068076205589
4210,0.9962690611559588
4220,0.9950599491706718
4230,0.9869378181575345
4240,0.9827330895764028
4250,0.9904823237115525
4260,0.9885514532095142
4270,0.9871291529024917
4280,0.9794506477707483
4290,0.9855437640200521
4300,0.9792348058281281
4310,0.9807283535613340
4320,0.9839996302916293
