0,0.9909501905881855
10,0.9882678365197259
20,0.9908231215177286
30,0.9919757824369950
40,0.9866695791398054
50,0.9830982238360633
60,0.9846728509014248
70,0.9832792569938407
80,0.9790545061261412
90,0.9823282425496381
140,0.9770483835245182
150,0.9772311726126138
160,0.9621902155248866
170,0.9665296490498170
180,0.9657084343985787
190,0.9560406207647564
200,0.9620042959183241
210,0.9612636967995074
220,0.9666733727756338
230,0.9564745088673776
240,0.9562781287435872
250,0.9571704715771820
260,0.9656368792084460
270,0.9751160181672255
280,0.9799998233112974
290,0.9842900276343427
300,0.9847680673569961
310,0.9851797269398055
320,0.9818742023096545
330,0.9821486095618029
340,0.9872481128416410
350,0.9789827733282712
360,0.9802482972916293
370,0.9858632673450910
380,0.9868765321826072
390,0.9895942005846025
400,0.9947045923329817
410,0.9901952725011325
420,0.9918573609970438
430,0.9924690040424571
440,0.9912588632501247
450,0.9872352164905791
460,0.9947368856424971
470,0.9936223956519552
480,0.9924002357393115
490,0.9989801805872633
500,0.9918148583354695
510,0.9912197008988973
520,0.9970820730620326
530,0.9995691047464881
540,0.9924555150743332
550,0.9916909986804681
560,0.9895048899210340
570,0.9924373572585270
580,0.9926596726993008
590,0.9891134455545227
600,0.9861710225604010
610,0.9840600548287387
620,0.9842203497284264
630,0.9904434791988315
640,0.9831152799401709
650,0.9862213392793564
660,0.9853783832395300
670,0.9798193284746136
680,0.9862219414829470
690,0.9821553276710580
700,0.9861407342739760
710,0.9822591173626040
720,0.9786678598111365
730,0.9803336960942119
740,0.9786142802451525
750,0.9647931470773834
760,0.9591682798710025
770,0.9547614328734856
930,0.9887465573713059
940,0.9897887032469856
950,0.9919060683286346
960,0.9896914791001810
970,0.9847351607533931
980,0.9854868809281842
990,0.9901988800542179
1000,0.9847102496907191
1010,0.9919805349179085
1020,0.9974369443704557
1030,0.9920789576880434
1040,0.9935687548726062
1050,0.9923166365544889
1060,0.9916189366604384
1070,0.9973450429357921
1080,0.9913923417339603
1090,0.9925265210298406
1100,0.9983459640665516
1110,0.9982345143243380
1120,0.9904879099631042
1130,0.9982231262703654
1140,0.9986205771737109
1150,0.9880470153952281
1160,0.9860744940630006
1170,0.9851349190943175
1180,0.9853633473479234
1190,0.9852443224806391
1200,0.9861979273289875
1210,0.9908402140591733
1220,0.9909121174636857
1230,0.9870557097430648
1240,0.9823230388348866
1250,0.9806121065051364
1260,0.9875170247147282
1270,0.9777109508489720
1280,0.9840215915157996
1290,0.9839773416092725
1300,0.9804138352950130
1310,0.9772749581010965
1320,0.9779817224400794
1330,0.9681145485659077
1340,0.9642128965771509
1350,0.9617631432037448
1360,0.9586631471422464
1370,0.9620951504915620
1380,0.9644686674689126
1420,0.9634882270378533
1430,0.9630135580313726
1440,0.9828880995503011
1450,0.9815233300146416
1460,0.9829420781658980
1470,0.9814500495222532
1480,0.9823420426950116
1490,0.9819437700690353
1500,0.9874697739310645
1510,0.9832788610894895
1520,0.9889812326975195
1530,0.9878181760554726
1540,0.9843818555882712
1550,0.9825544454863957
1560,0.9869554732247384
1570,0.9859635860563837
1580,0.9911814650048770
1590,0.9917013990518303
1600,0.9870421577378267
1610,0.9943521089536039
1620,0.9968173209057453
1630,0.9896168475820053
1640,0.9984708429089381
1650,0.9897298757280865
1790,0.9912257696903335
1800,0.9825187434663708
1810,0.9915877376751068
1820,0.9856217016635290
1830,0.9807433571779668
1840,0.9890769554938990
1850,0.9797867846808789
1860,0.9838233895872277
1870,0.9748047225989920
1880,0.9748692821048055
1890,0.9748373059747812
1900,0.9789238027172131
1910,0.9718774660946804
1920,0.9619342039619679
1930,0.9600777761955024
1940,0.9494939903331876
1950,0.9528649882666869
1960,0.9517767767283117
1970,0.9529699191279339
1980,0.9523023826217891
1990,0.9558533924806988
2000,0.9529602985599914
2050,0.9823101641045903
2060,0.9757447495161171
2070,0.9852940670101432
2080,0.9777010207475780
2090,0.9824618476336526
2100,0.9828954675499670
2110,0.9890065498538495
2120,0.9806116742256912
2130,0.9847765127451056
2140,0.9922935030156576
2150,0.9922136709777855
2160,0.9949938907090466
2170,0.9912510487364198
2180,0.9932691151402466
2190,0.9870920567465366
2200,0.9894337651901505
2210,0.9954302436965345
2220,0.9986316580961329
2230,0.9912142706177854
2240,0.9882049971259871
2250,0.9884481739677309
2260,0.9918634438188900
2270,0.9910512211155988
2280,0.9988402659678458
2290,0.9912234345815015
2300,0.9899613216936344
2310,0.9914955295189484
2320,0.9957132171513428
2330,0.9957345696474152
2340,0.9946780904167990
2350,0.9908296823309786
2360,0.9923160722340434
2370,0.9889306048987422
2380,0.9929296594715226
2390,0.9898259990860280
2400,0.9891668564972566
2410,0.9902978389438672
2420,0.9809819821990380
2430,0.9848273587620956
2590,0.9580461748476581
2600,0.9600510438453762
2610,0.9788749217211923
2620,0.9734053578285479
2630,0.9785148246869395
2690,0.9828093825047075
2700,0.9852740381759003
2710,0.9851006328082963
2720,0.9841739592781182
2730,0.9836204409164896
2740,0.9888128655315824
2750,0.9868526979282747
2760,0.9920529207024124
2770,0.9873250701398113
2780,0.9941040431276615
2790,0.9923860341313280
2800,0.9964301252593133
2810,0.9881274371834260
2820,0.9958188464564859
2830,0.9914755028701135
2840,0.9961474818907003
2850,0.9935754262073723
2860,0.9951971580190871
2870,0.9979261300286210
2880,0.9919462183193196
2890,0.9971465000922312
2900,0.9961740708268875
2910,0.9869770448218714
2920,0.9926188628300348
2930,0.9904453511904031
2940,0.9875831524744230
2950,0.9911423527472270
3150,0.9523941636480224
3160,0.9500592849785716
3170,0.9548069282212180
3180,0.9654929318551595
3190,0.9695957898129213
3200,0.9724799961465891
3210,0.9736124656517737
3220,0.9851846950531473
3230,0.9821328905818425
3240,0.9783469650405545
3250,0.9861429137205032
3290,0.9880054457023928
3300,0.9845126196089522
3310,0.9818739029666943
3320,0.9941086150001661
3330,0.9951730555654958
3340,0.9892037417595020
3350,0.9874053947467019
3360,0.9977737736675634
3370,0.9876035557794026
3380,0.9904589566995300
3390,0.9924086853661552
3400,0.9953540572750111
3410,0.9961075932283293
3420,0.9939051980191786
3430,0.9920450635816048
3440,0.9955945678588216
3450,0.9955024068618787
3460,0.9937612163106606
3470,0.9954860705328098
3480,0.9913103515481391
3490,0.9957847760280212
3500,0.9940151867101158
3510,0.9967743542177312
3520,0.9854625007438309
3530,0.9847803861894199
3540,0.9871468087340288
3550,0.9931142980940648
3560,0.9823084803072094
3570,0.9813332621724988
3580,0.9904015902976656
3590,0.9872315418886658
3600,0.9785677508241443
3770,0.9674848415650791
3780,0.9792819431927521
3790,0.9776833349941519
3800,0.9771413688179399
3810,0.9825123609488160
3820,0.9830171589107450
3830,0.9834014813821066
3840,0.9789495012538562
3850,0.9855993664791803
3860,0.9785129504435631
3870,0.9827709548732920
3880,0.9887283480707315
3890,0.9853469341056479
3900,0.9917252925312715
3910,0.9860576722420854
3920,0.9938367402953777
3930,0.9920457822158891
3940,0.9864577885469513
3950,0.9966106664247459
3960,0.9903772165669341
4070,0.9913829039998771
4080,0.9900500312454326
4090,0.9904483896095992
4100,0.9928027779375930
4110,0.9853118327517153
4120,0.9904585886173631
4130,0.9832984390231492
4140,0.9919445458192897
4150,0.9905484869927189
4160,0.9887337563464805
4170,0.9840264224423853
4180,0.9870960448710265
4190,0.9881343463123613
4200,0.9815176941247802
4210,0.9842878581294094
4220,0.9830815642175696
4230,0.9790951863787282
4240,0.9801663480882205
4250,0.9834945134508103
4260,0.9683489334133834
4270,0.9577227982523810
4280,0.9496308331256431
4290,0.9550177866775074
4300,0.9515159527921355
4310,0.9431656961537024
4320,0.9520000429736514
