0,0.9826074015951517
10,0.9773587010095601
20,0.9615601629835923
30,0.9557297112918134
40,0.9570680772233416
50,0.9559108358309064
60,0.9529442996159000
70,0.9536834982774629
80,0.9624377846697175
90,0.9528731406424799
100,0.9528439807680712
110,0.9599557379666381
150,0.9813981954734625
160,0.9821807498260212
170,0.9787578380697086
180,0.9854126013341031
270,0.9888699860765922
280,0.9934711769336191
290,0.9894922537185457
300,0.9978345138178895
310,0.9894708413369947
320,0.9965059931162032
330,0.9901476830275218
340,0.9982368178813384
350,0.9938865816726371
360,0.9937799216485271
370,0.9990529629994226
380,0.9959717813859192
390,0.9967900453962274
400,0.9962235059383049
410,0.9936520492294704
420,0.9959952754933105
530,0.9802998079689055
600,0.9743005902449218
610,0.9564928453920196
620,0.9528346135574359
980,0.9948706631431636
990,0.9969067779442778
1000,0.9901702349849890
1010,0.9888800128401807
1020,0.9898372139065393
1030,0.9961369775950708
1040,0.9862375905359115
1050,0.9834855589552264
1060,0.9873500541045132
1070,0.9830724844733759
1080,0.9863619808590705
1090,0.9796010258755427
1100,0.9793304835178821
1110,0.9840782362795645
1120,0.9825792015188722
1130,0.9829027876958596
1330,0.9815360017269716
1950,0.9874698087289494
1960,0.9791325227311103
2610,0.9903017703195492
2620,0.9923124900670114
2630,0.9918344208780395
2640,0.9876099055691028
2690,0.9989599511075069
2700,0.9937583918838407
2710,0.9985647424511892
2720,0.9916673179614168
3180,0.9877281539909876
3190,0.9839778760871039
3200,0.9904099319352848
3210,0.9868853417180588
3220,0.9931970578027297
3230,0.9870813333543361
3240,0.9910592807694295
3250,0.9948281656406597
3260,0.9994004535100038
3270,0.9929240114775713
3370,0.9944853977717854
3380,0.9914166429350926
3390,0.9914840153921335
3400,0.9935197791441732
3410,0.9837476859110713
3420,0.9823644951853224
3430,0.9869319283675587
3440,0.9833077371323318
3450,0.9779989531680401
3460,0.9828067992917747
3470,0.9821604307183881
3480,0.9752668519439314
3490,0.9786626879641065
3500,0.9793590818710223
3510,0.9740495908990457
3570,0.9589469922226039
3670,0.9815170776215356
3680,0.9838989948276262
3690,0.9817136093633436
3700,0.9832973176718546
3710,0.9783539878592080
3720,0.9868895941529036
3730,0.9805291197622378
3740,0.9807553903894037
3750,0.9923025990887828
4270,0.9823565563561176
4280,0.9831774250469516
4290,0.9873300615520044
4300,0.9832279754013518
4310,0.9872406622132786
4320,0.9870407407196479
