0,0.9779817161865680
30,0.9874668370428655
40,0.9922050696838104
50,0.9908511999709080
60,0.9928384393506440
70,0.9889282433356916
80,0.9901205296437499
90,0.9888919405341962
100,0.9915732150595297
110,0.9990261146437864
150,0.9893218516437438
160,0.9969215896729308
170,0.9982818955452906
190,0.9874746545112434
200,0.9957787751981597
210,0.9846798119492265
220,0.9885064456242739
230,0.9849205882096450
240,0.9876152453507101
250,0.9795135041433795
260,0.9777630066729526
270,0.9833387371276228
280,0.9827182525661222
290,0.9771553488057453
300,0.9746914375908126
310,0.9736814097496128
320,0.9726390102461189
330,0.9695106814592659
340,0.9651861442058961
390,0.9504903014743742
400,0.9498302002425054
410,0.9460592335994800
420,0.9510421974348757
430,0.9485692775570271
440,0.9502023688588593
450,0.9445087757495925
460,0.9443919177466521
470,0.9488247193138335
480,0.9696868889249489
490,0.9711425977380455
500,0.9726280008643933
510,0.9662576845204685
530,0.9697380981800969
540,0.9720638289458741
550,0.9769282423207193
560,0.9742538136970967
570,0.9820107766638934
580,0.9755625821837300
590,0.9866375260776671
600,0.9885928711025577
610,0.9862000305939266
620,0.9852316605400702
630,0.9846963431407439
640,0.9867829070260045
650,0.9879597067941119
660,0.9931523862303319
670,0.9945695328583900
680,0.9942525909579537
690,0.9888332939722640
700,0.9934921682105965
710,0.9947357417413134
720,0.9966077766559622
730,0.9897632623426525
740,0.9936081545463988
750,0.9905531221052492
760,0.9953157554165744
770,0.9953508275855153
780,0.9859893940366861
790,0.9906319367357856
800,0.9875954821674707
810,0.9810713450856352
820,0.9795740369085151
830,0.9863812937237375
840,0.9828122887008011
850,0.9800455210964125
860,0.9807448195575814
870,0.9775002034292732
880,0.9732467242782348
890,0.9705223320387386
900,0.9673370842674071
910,0.9753993259777926
920,0.9721433173576112
930,0.9642850347112288
940,0.9690230040311586
950,0.9643934631117096
960,0.9472763110414610
970,0.9369954155221920
980,0.9339087437268926
990,0.9305341229331507
1000,0.9329125283872102
1010,0.9316312829124630
1020,0.9298004863484969
1030,0.9378806451201276
1040,0.9346545724677150
1050,0.9473061353451264
1060,0.9599259031108750
1070,0.9710191081007818
1080,0.9668409576050198
1090,0.9731062843290921
1100,0.9697504290810952
1110,0.9700778278252528
1120,0.9685745487001099
1130,0.9760675101510234
1140,0.9745359198834281
1150,0.9770695336447763
1160,0.9774468091936414
1170,0.9799695734474251
1180,0.9843351879412563
1190,0.9899493713740277
1200,0.9815574448984482
1210,0.9842148159084031
1220,0.9864860998225595
1230,0.9922038371437314
1240,0.9922265467945424
1250,0.9956567166985787
1260,0.9994124174580677
1270,0.9991036370701767
1280,0.9940903176286354
1290,0.9930657697439288
1300,0.9981260974926882
1310,1.0000000000000000
1320,0.9998141437559857
1330,0.9932685154151023
1340,0.9905954955912277
1350,0.9927748500993323
1360,0.9950552948170650
1370,0.9936806076417787
1380,0.9937483247388569
1390,0.9829097005785322
1400,0.9862503543508787
1410,0.9834686469780887
1420,0.9805865622272439
1430,0.9773995377360517
1440,0.9785119902857994
1450,0.9744225615655668
1460,0.9707135368348622
1630,0.9437636960343295
1640,0.9480891751947766
1650,0.9655293163049535
1660,0.9702858112752432
1670,0.9723437988612542
1680,0.9720896907927625
1690,0.9680638311599979
1700,0.9752575726001835
1710,0.9718364908006829
1720,0.9797478337399432
1730,0.9808685964512183
1740,0.9812448253125734
1750,0.9829061068535899
1760,0.9816491531815965
1770,0.9860367966067339
1780,0.9841699231947953
1790,0.9926610470402062
1800,0.9938896576726597
1810,0.9951505404615612
1820,0.9887089529805155
1830,0.9952401160535901
1840,0.9896038636478504
1850,0.9993843206865175
1860,0.9895985724212026
1870,0.9962459229157190
1880,0.9891139305229686
1890,0.9940316802030408
1900,0.9913085465086747
1910,0.9966788520107730
1970,0.9858275431510338
2010,0.9832384180747092
2030,0.9805622575560941
2040,0.9822216354495592
2050,0.9770476394988294
2060,0.9679222902468806
2070,0.9767873148325851
2080,0.9729416453813509
2090,0.9708223789364120
2100,0.9724888203016125
2110,0.9639659630616820
2120,0.9676792741169582
2130,0.9496845752733922
2140,0.9440481267615336
2150,0.9374209484786763
2160,0.9340507673537046
2170,0.9293702510159138
2180,0.9303111679008145
2190,0.9304614639033768
2200,0.9316235558170609
2210,0.9438907657827185
2220,0.9489787213971383
2230,0.9643227265923994
2240,0.9628328255562729
2250,0.9645210759976975
2260,0.9663029077930086
2270,0.9639379545745221
2280,0.9688665425819191
2290,0.9742679773502666
2300,0.9719898779961569
2310,0.9711401602301447
2320,0.9784925804971280
2330,0.9845782492124882
2340,0.9795866105541570
2350,0.9860158616908801
2360,0.9883616380640379
2370,0.9878940051053214
2400,0.9879309683484737
2410,0.9907442009379167
2420,0.9894267086364817
2430,0.9965672874968348
2440,0.9891240080381831
2450,0.9944084325415664
2460,0.9953727504506300
2470,0.9898640578322891
2480,0.9983676476061528
2490,0.9905790394410678
2500,0.9904689037300510
2510,0.9880094395575053
2520,0.9925759109321622
2530,0.9919261175399444
2540,0.9950790435784184
2550,0.9947185070966914
2560,0.9928886111412925
2570,0.9873955416237212
2580,0.9851878209677988
2590,0.9797673535423049
2600,0.9769497420791591
2610,0.9849133485090582
2620,0.9831377231288045
2630,0.9714464213884826
2640,0.9782870164424834
2650,0.9731243661335618
2660,0.9737181807066270
2670,0.9675210148016431
2680,0.9709575149507197
2690,0.9616616074115684
2700,0.9620031577533216
2710,0.9557339345699060
2720,0.9536673268795024
2730,0.9528692607654845
2740,0.9428294028857779
2750,0.9452302865572021
2760,0.9482222025153243
2770,0.9470327356468943
2780,0.9442066205694092
2790,0.9456738585590748
2800,0.9490722974496647
2810,0.9536540728720956
2820,0.9661656771964726
2830,0.9607878496935086
2840,0.9666424134640924
2850,0.9727089611632959
2870,0.9769538697748285
2880,0.9744670052427555
2890,0.9727053119893864
2900,0.9815247496958441
2910,0.9797494536148540
2920,0.9841135136509310
2930,0.9788776313456874
2940,0.9861070934687785
2950,0.9832301296584995
2960,0.9910348314217405
2970,0.9862194236941696
2980,0.9915767614394261
2990,0.9858637360274802
3000,0.9899407314991974
3010,0.9978485807829353
3020,0.9935973865610138
3030,0.9978598792383070
3040,0.9976630801496559
3050,0.9899617665279405
3060,0.9993941669667786
3070,0.9973199377141323
3080,0.9918813027633572
3090,0.9904984382591081
3100,0.9896257707609522
3110,0.9952296977552857
3120,0.9932200455978222
3130,0.9950529736975467
3140,0.9864098975413832
3150,0.9829579748934464
3160,0.9898575173381806
3170,0.9864286984238035
3180,0.9837772054502956
3190,0.9844716915216859
3200,0.9731212679182469
3210,0.9758329116687235
3220,0.9808408138116500
3230,0.9766428759159975
3240,0.9742972405476354
3250,0.9702854603611214
3260,0.9685478067267485
3270,0.9614837254766069
3280,0.9716040739055751
3290,0.9641753607290102
3300,0.9554447192576104
3310,0.9393411254479547
3320,0.9385635787501586
3330,0.9308653271570076
3340,0.9320015884933773
3350,0.9324071464265423
3360,0.9270233503915908
3370,0.9324153716155643
3380,0.9345975510424634
3390,0.9447658808475460
3400,0.9570216452206758
3410,0.9661615335415376
3420,0.9663712430481640
3430,0.9685825922825759
3440,0.9652788103416139
3450,0.9670029169734290
3460,0.9724911943271602
3470,0.9775128122650403
3480,0.9751733989517426
3490,0.9794160680349999
3500,0.9736757109827815
3510,0.9844446187268888
3520,0.9824081849563790
3530,0.9811282696610623
3540,0.9845903819406030
3550,0.9874388544967467
3560,0.9921647701632026
3570,0.9963318607137780
3580,0.9968744891499594
3590,0.9977432894391629
3600,0.9959828098391904
3610,0.9965938604125926
3620,0.9983263052068152
3630,0.9950348750615700
3640,0.9953720085075792
3790,0.9826498262977027
3800,0.9788288045432652
3810,0.9695416251991730
3820,0.9726029452535510
3830,0.9767602513229344
3840,0.9639002834068580
3850,0.9665329308437270
3860,0.9689503854314313
3870,0.9651917335791333
3880,0.9602355814067287
3890,0.9455825350642537
3900,0.9467721068954482
3910,0.9485891920833218
3920,0.9437910450101069
3930,0.9462978291636268
3940,0.9490213376971327
3950,0.9467623177722354
3960,0.9445421341059927
3970,0.9430876889628160
3980,0.9521951978960185
3990,0.9702589448032927
4000,0.9680685134872807
4010,0.9726533773211574
4020,0.9667326929074438
4030,0.9650866864710270
4040,0.9771791189621998
4050,0.9778690230441155
4060,0.9789572702883426
4070,0.9718484797245045
4080,0.9838557397772023
4090,0.9804292704953992
4100,0.9778658678791120
4110,0.9848739207838830
4120,0.9848060053086954
4130,0.9838312687165619
4140,0.9916757055471894
4150,0.9846462849437163
4160,0.9891909452686358
4170,0.9967580730458867
4180,0.9895808002675618
4190,0.9960058178668098
4200,0.9903218933008345
4210,0.9988603934903262
4220,0.9939559052063303
4230,0.9971473321501394
4240,0.9942116057079459
4250,0.9987174628086098
4260,0.9885728557531926
4270,0.9941556914531458
4280,0.9919553125597970
4290,0.9966142313671540
4300,0.9866450584096552
4310,0.9887523830154068
4320,0.9872657245620352
