10,0.9802923026808574
20,0.9814809570985205
30,0.9767624128329523
40,0.9773234140561239
50,0.9715764733402533
60,0.9697620883225134
70,0.9708972680321276
80,0.9746486236454136
90,0.9668921927835342
100,0.9725811986001515
110,0.9637274630782042
120,0.9639663367461286
130,0.9610571977561091
140,0.9442138538468421
150,0.9425352578214556
160,0.9486337596130302
170,0.9466767140673805
180,0.9466203298940433
190,0.9500177304014156
200,0.9488073900060754
210,0.9503020583612959
220,0.9583001754488789
230,0.9720227264313652
240,0.9704681509826880
250,0.9672591047554193
260,0.9664411663084284
270,0.9745083156031240
280,0.9707148047287184
290,0.9721370558594641
300,0.9717080806643155
310,0.9776398899215397
320,0.9806962178229988
590,0.9790929650980598
600,0.9789118738824863
610,0.9788157719594049
620,0.9779840661357765
740,0.9560851915089618
750,0.9516592279998246
760,0.9601060874003295
770,0.9595687448162835
780,0.9552389328062414
790,0.9575723234655446
800,0.9546420804486186
810,0.9584990995681938
820,0.9705785578152240
830,0.9697349058242487
840,0.9665749581481080
850,0.9778891172827429
1090,0.9968670279377136
1100,0.9903983524007336
1110,0.9919032194952545
1120,0.9968790664183320
1130,0.9925662616992518
1180,0.9860545392229191
1190,0.9760912583993747
1200,0.9751998054636523
1210,0.9826457078442116
1220,0.9733510652614741
1230,0.9792987984708645
1240,0.9720543273424149
1250,0.9763009117756265
1260,0.9772155561523791
1270,0.9668225140869983
1280,0.9736951313836972
1290,0.9621353627560972
1300,0.9561872583616395
1310,0.9448304172779211
1320,0.9472258412448190
1330,0.9422548550546782
1340,0.9400083690607437
1350,0.9449285699267667
1360,0.9455510888180336
1370,0.9474708630368579
1380,0.9487695379397527
1390,0.9539814832019384
1400,0.9721899176518548
1410,0.9741115926035351
1420,0.9722767344539381
1430,0.9687195443970501
1440,0.9768956496341583
1450,0.9690906056221291
1460,0.9755262909786188
1470,0.9762971955369059
1480,0.9790449013173808
1490,0.9775342610133707
1500,0.9818887802079688
1510,0.9802370939835268
1520,0.9867800695617975
1530,0.9830877091625773
1540,0.9827075524642891
1550,0.9854626853248257
1560,0.9858431930400169
1570,0.9967372481005573
1580,0.9975993410437357
1590,0.9948623245942128
1670,0.9897585508326145
1680,0.9974503990524827
1690,0.9920882182633421
1700,0.9908516224561930
1710,0.9932658135267572
1720,0.9873280093623646
1730,0.9846271924360152
1740,0.9918438611300479
1860,0.9672973737692259
1870,0.9653383288224369
1880,0.9577272546366671
1890,0.9511645086852244
1900,0.9549548313635917
1910,0.9512747346981281
1920,0.9549645926668817
1930,0.9573002038651057
1940,0.9614701722432146
1950,0.9544813869537917
2100,0.9786859624860744
2110,0.9891441797327980
2120,0.9902533446541201
2130,0.9924406260032628
2140,0.9919696487652254
2150,0.9939884573994036
2160,0.9909329738190334
2170,0.9903706177021324
2180,0.9968162868951057
2190,0.9937095485004857
2200,0.9932489525353236
2210,1.0000000000000000
2220,0.9984555249501734
2330,0.9833995777792855
2340,0.9818438636519429
2350,0.9806056229026827
2360,0.9803794513089215
2440,0.9706362447078838
2450,0.9648933899540281
2460,0.9728023836503308
2470,0.9563326200369718
2480,0.9502751112928864
2490,0.9473070189650190
2500,0.9425960199666706
2510,0.9415052263081644
2760,0.9937014141486137
2770,0.9956244484260656
2780,0.9921583487164551
2790,0.9972977255160694
2800,0.9938732015167056
2810,0.9952117675261851
2820,0.9959095861169087
2830,0.9984360924447648
2840,0.9959404866940628
3010,0.9747399764992862
3020,0.9729617877884941
3030,0.9668854702397180
3040,0.9704923799038189
3050,0.9584774137141818
3060,0.9514272019055513
3070,0.9553562583529449
3080,0.9618083999939321
3090,0.9554262717427562
3100,0.9583254527389597
3180,0.9699233412139997
3190,0.9678067371848309
3200,0.9791012790600382
3210,0.9747138367764293
3220,0.9753849872646743
3230,0.9737904209471350
3240,0.9843225797394720
3250,0.9843082208954400
3260,0.9855562109526507
3270,0.9890835113676972
3280,0.9831242261628033
3290,0.9884824394599914
3300,0.9908241072464866
3310,0.9900864057256435
3320,0.9890262162467833
3350,0.9944590294161920
3360,0.9911093559356363
3370,0.9995392974869322
3380,0.9929896485370246
3390,0.9963004653025671
3400,0.9966903407764204
3680,0.9434329506433042
3690,0.9417677516659650
3700,0.9395479024191437
3710,0.9492878675370372
3720,0.9509561743514896
3730,0.9542842877370609
3940,0.9915943176195339
3950,0.9883902618181369
3960,0.9925708259536600
3970,0.9897050984365601
3980,0.9893411728980471
4050,0.9872886764524782
4220,0.9642136563378856
4230,0.9563211181111269
4240,0.9568609834289483
