10,0.9715616636006325
20,0.9538478722334102
30,0.9593621208149556
40,0.9610612078556650
50,0.9557919153216405
60,0.9544435587359872
70,0.9608595549273538
80,0.9520673937940008
90,0.9571491507924246
100,0.9550026971776664
110,0.9538563606440140
120,0.9688248706642376
130,0.9684772091114192
140,0.9673841056433103
150,0.9737806432048167
160,0.9684341182437579
170,0.9747835929162544
180,0.9743983936581145
190,0.9724133282994177
200,0.9804079611022654
210,0.9846813278273918
220,0.9841512376197923
230,0.9844488221207457
240,0.9865176969009212
250,0.9811635222246281
260,0.9868915745199731
270,0.9923190617998934
280,0.9924331092585030
290,0.9920493590950576
300,0.9869452739011055
310,0.9972939967120374
320,0.9939900299165285
330,0.9878667727106819
340,0.9963420748743889
350,0.9953063155733373
360,0.9973880010804611
370,0.9954557048546532
380,0.9936829933414540
390,0.9983736992561500
400,0.9946184036029148
410,0.9871276361446678
420,0.9864395619189342
430,0.9940027736844611
440,0.9950008465808630
450,0.9841399469586150
460,0.9851435289504629
470,0.9816288262631381
480,0.9815345954694980
490,0.9773923166703392
500,0.9855977012946860
510,0.9776230766313048
520,0.9787136976301735
530,0.9760042574300233
540,0.9782646279015742
550,0.9730300169483858
560,0.9780906791079634
570,0.9704852776678291
580,0.9652735616528872
600,0.9617679696590834
610,0.9568443775148286
620,0.9488399533439704
630,0.9495783743955070
790,0.9753801315481315
800,0.9840424283944927
820,0.9827949641906631
830,0.9832596639499717
840,0.9874011100702549
850,0.9919575391035554
860,0.9931376982155646
870,0.9893165188804818
880,0.9854991509224783
890,0.9876218536672110
910,0.9914722226617593
920,0.9932631243304938
930,0.9951691261439112
940,0.9911665179969700
950,0.9932736764720841
960,0.9900690000802825
970,0.9888311553777476
980,0.9989886668426807
990,0.9963902844447031
1000,0.9908466276132359
1010,0.9853822888476521
1020,0.9897938455331877
1030,0.9904843603994853
1040,0.9890229436791652
1050,0.9849300069874093
1060,0.9795018649027644
1070,0.9808998234868966
1080,0.9764849863642274
1090,0.9807176782382349
1100,0.9753346951012092
1110,0.9814506743654426
1120,0.9819321869419392
1130,0.9733353064525719
1140,0.9770985755414304
1150,0.9719232781298724
1160,0.9714673247088358
1170,0.9733410074368565
1180,0.9696577152834657
1190,0.9525291666309247
1200,0.9544941725172928
1210,0.9581244262085149
1220,0.9570071678749157
1230,0.9531044399108467
1240,0.9611760508456360
1250,0.9577139982941757
1260,0.9514406747963030
1270,0.9572453869556635
1280,0.9539789449263809
1290,0.9609174476039166
1300,0.9643666754792266
1310,0.9685388678777317
1320,0.9690765414421613
1330,0.9757019271146805
1340,0.9784248029245728
1350,0.9754611883028158
1360,0.9743602037631459
1370,0.9768096830619352
1380,0.9747413853657518
1390,0.9755002896629643
1400,0.9858066225476816
1410,0.9852244239739189
1420,0.9854370780217410
1430,0.9921898724055446
1440,0.9868868754490208
1450,0.9941251938993505
1460,0.9952438033043666
1470,0.9937542575396000
1480,0.9914263164911127
1490,0.9899780089119153
1500,0.9969586700698287
1510,0.9890072908352763
1520,0.9893976377868062
1530,1.0000000000000000
1540,0.9969214255813551
1550,0.9970325908491531
1560,0.9972433577626629
1570,0.9898001332938307
1580,0.9965489773131214
1590,0.9886045047565737
1600,0.9907385753128667
1610,0.9936268828817849
1620,0.9918461896074104
1630,0.9840359188546745
1640,0.9887534688981310
1650,0.9815563927321649
1660,0.9806080990777138
1670,0.9790172202102230
1680,0.9783929915586462
1690,0.9768989691692096
1700,0.9759004097261698
1710,0.9767829114495100
1720,0.9793732544365729
1730,0.9684928515288550
1740,0.9730119413731290
1750,0.9708657738964068
1760,0.9735169693631026
1770,0.9619853532575514
1780,0.9588000489303139
1790,0.9515347647963117
1800,0.9398152853714159
1810,0.9485651074445086
1820,0.9373844724321595
1830,0.9428263314505007
1840,0.9440046982589697
1850,0.9412991860449705
1860,0.9471860899713794
1870,0.9567402943788804
1880,0.9715384915708646
1890,0.9732387164491096
1900,0.9757221654244626
1910,0.9774202583198776
1920,0.9716088653398256
1930,0.9735332000542002
1940,0.9759948944522515
1950,0.9757632859428097
1960,0.9780050347957382
1970,0.9778940324957157
1980,0.9863811159515248
1990,0.9871336845311681
2000,0.9857133195693095
2010,0.9818700102426215
2020,0.9934642272060562
2030,0.9834093479208512
2040,0.9905346435194167
2050,0.9875884182436777
2060,0.9975237148541725
2070,0.9928431903970342
2080,0.9879200277033442
2090,0.9896808877523579
2100,0.9971364021220804
2110,0.9914718088103139
2120,0.9921669621832723
2130,0.9927797309468365
2140,0.9979819933162788
2150,0.9910186740052053
2160,0.9982442049815701
2170,0.9976858350219647
2180,0.9893029162969689
2190,0.9955389467718354
2200,0.9895749310017399
2210,0.9900819457621808
2220,0.9861111694742881
2230,0.9808774215852641
2240,0.9893099692143049
2250,0.9829090135662431
2260,0.9804160168626989
2270,0.9746650127315175
2280,0.9769407395162364
2290,0.9744408457813792
2300,0.9747961846721281
2310,0.9744745665966679
2320,0.9707879494360824
2330,0.9673569370921057
2340,0.9728914032344015
2350,0.9668900735922276
2360,0.9532769831031978
2370,0.9592316060343594
2430,0.9506757965878838
2440,0.9562429256829472
2450,0.9513193713968592
2460,0.9569387308739551
2470,0.9739287359315401
2480,0.9709063920894488
2490,0.9716752964604970
2500,0.9735188249261673
2510,0.9772193962019029
2520,0.9707557409038915
2530,0.9729643556826877
2540,0.9731485638740207
2550,0.9761567794976659
2560,0.9839033080888935
2570,0.9767490885650126
2580,0.9821126281095646
2590,0.9901289837277503
2600,0.9890312067109106
2610,0.9847545706851731
2620,0.9887187632949228
2630,0.9950530771485078
2640,0.9925248623507080
2650,0.9912350660006349
2660,0.9978682983093341
2670,0.9976496515198552
2680,0.9888971926665147
2690,0.9919880196148964
2700,0.9987257897030676
2710,0.9997138228506998
2720,0.9944523402204218
2730,0.9971749146859265
2740,0.9906942516363059
2750,0.9886205196410821
2760,0.9907801089895624
2770,0.9920548501501731
2780,0.9863278183482699
2790,0.9940026443583836
2800,0.9894649721694311
2810,0.9872298027215697
2820,0.9890458529950110
2830,0.9780737617416215
2840,0.9756872094788648
2850,0.9788626732182228
2860,0.9778199562881488
2870,0.9733592972423725
2880,0.9745235478307791
2890,0.9798646591787188
2900,0.9731948117739059
2910,0.9698371238047456
2920,0.9685872753936867
2930,0.9713699155954870
2940,0.9686875135135148
2950,0.9539758675639418
2960,0.9518667869661497
2970,0.9494111848898033
2980,0.9418832255857640
2990,0.9393446964828465
3000,0.9412341550702973
3010,0.9407967487348524
3020,0.9418158430657815
3030,0.9465016078492607
3040,0.9598013151255209
3050,0.9695383394056649
3060,0.9666563018180524
3070,0.9665486928851971
3080,0.9735735461483007
3090,0.9697459676675424
3100,0.9777681743595730
3110,0.9810736582511776
3120,0.9742530318777888
3130,0.9756710142181850
3140,0.9774475422866656
3160,0.9881096568575274
3170,0.9856922445294085
3180,0.9874698691295798
3190,0.9842315066429207
3200,0.9842404435871153
3210,0.9926890815596073
3220,0.9881218804254828
3230,0.9863046542443695
3300,0.9992819437187406
3310,0.9961175078996092
3320,0.9933417556865471
3330,0.9954776422270786
3340,0.9879403370608431
3350,0.9943050078340776
3360,0.9873364662978775
3370,0.9891125617632783
3380,0.9924632857140223
3390,0.9825808486994757
3400,0.9834769000592275
3410,0.9886435003810874
3420,0.9797299354378108
3430,0.9858970059002485
3440,0.9761331558232271
3480,0.9729901981991657
3490,0.9741168033507734
3500,0.9752024384494055
3510,0.9650641166623558
3520,0.9669628258700137
3530,0.9620286926350253
3650,0.9711921135866527
3660,0.9721115993294571
3670,0.9725324984488660
3680,0.9791661526697774
3690,0.9739696804496996
3700,0.9774298974602830
3710,0.9792855668269737
3720,0.9795943396096002
3730,0.9839645856210769
3740,0.9851292844328789
3750,0.9845352873895766
3760,0.9819136239452757
3770,0.9812634648460752
3780,0.9918708590155084
3790,0.9855524443858154
3810,0.9859783618893340
3820,0.9871812267556251
3830,0.9941470484743227
3840,0.9976822524708855
3850,0.9946504555731129
3860,0.9909311472997437
3870,0.9905131642191347
3880,0.9963463533976953
3890,0.9879471580098745
3900,0.9957117226256705
3910,0.9953300549300245
3920,0.9949901414417477
3930,0.9928091698142654
3940,0.9859641350644071
3950,0.9846606526668440
3960,0.9850399998586378
3970,0.9912840077942359
3980,0.9843706058843787
3990,0.9848062982656757
4000,0.9888118017897359
4010,0.9851798422518067
4020,0.9805939654782928
4030,0.9764755261990825
4040,0.9781315388830343
4050,0.9785757010593024
4060,0.9738185408806191
4070,0.9755751824598410
4080,0.9744431215062185
4090,0.9668077376335945
4100,0.9663677838070536
4110,0.9680580633870940
4120,0.9514887451296139
4130,0.9453448856943435
4140,0.9466057320704183
4150,0.9474471002516183
4160,0.9405733424510879
4170,0.9436062738996345
4180,0.9434504209100371
4190,0.9488018346454137
4200,0.9451618675307492
4210,0.9592563059556474
4220,0.9627306290545390
4230,0.9667275636978852
4240,0.9665031734500492
4250,0.9768015970313167
4260,0.9734359380864541
4270,0.9792167256415458
4280,0.9763852127278941
4290,0.9735632458434249
4300,0.9736400749082876
4310,0.9766729803797540
4320,0.9855460056250869
