360,0.9288247319364255
370,0.9312576737777926
380,0.9287022110968047
390,0.9348620888332142
530,0.9862028190521458
540,0.9807735221379804
550,0.9891742361593648
560,0.9918091012839080
570,0.9852716105964504
580,0.9895489122277925
750,0.9872406671085333
760,0.9857272356303904
770,0.9898143963905135
780,0.9825877950596800
790,0.9851570824436396
800,0.9818882609630711
810,0.9820127646732123
820,0.9830867158642635
830,0.9831643628308684
880,0.9757524047940161
890,0.9706963769144988
900,0.9715823499589648
910,0.9626386617009600
920,0.9510472892858742
930,0.9489651478748686
940,0.9519057364328261
950,0.9521145427425066
1100,0.9793258067171514
1110,0.9834631974208091
1120,0.9804132381791206
1130,0.9813006543770667
1140,0.9913851100920271
1150,0.9847533700840656
1160,0.9875645231578266
1170,0.9908788632609520
1180,0.9856181737804740
1190,0.9904657229346643
1200,0.9933479640256808
1210,0.9915818925937496
1260,0.9893453281978705
1270,0.9953256812295164
1850,0.9922246984015117
1860,1.0000000000000000
1870,0.9905432598480693
1880,0.9942579513012406
2090,0.9490147139595871
2100,0.9498670270022243
2110,0.9481665585157586
2120,0.9479796376492899
2130,0.9475466278973611
2140,0.9445274687040182
2150,0.9440354962494266
2160,0.9434414415070377
2170,0.9478281491958276
3120,0.9867074912426216
3130,0.9865160406550016
3140,0.9829080181123411
3150,0.9869553192104117
3160,0.9799384480621380
3170,0.9752859890193262
3180,0.9770384151570957
3190,0.9759246068591503
3200,0.9742139829442006
3230,0.9763106159913240
3250,0.9708872723384854
3260,0.9431296051766311
3270,0.9426732563002279
3280,0.9501800285244066
3290,0.9470645540859225
3300,0.9474668776225169
3310,0.9477002478706567
3320,0.9472530432479124
3330,0.9433063684296309
3340,0.9485571419705291
3350,0.9464484813587879
3360,0.9646570520223118
3370,0.9732752413412811
3380,0.9704595453152662
3410,0.9769640962127613
3670,0.9943323416393096
3680,0.9858154579083872
3690,0.9927602838949980
3700,0.9903692324549007
3710,0.9841355089613610
3830,0.9703598343616555
3840,0.9655867944706710
3850,0.9444932442725952
3860,0.9432802478797881
3870,0.9314731682957200
3880,0.9252858850395185
3890,0.9331783653151373
4100,0.9893791082512712
4110,0.9951099821925047
4120,0.9947731074092899
4130,0.9977337685831493
4140,0.9955332546583857
4150,0.9915464814565634
4160,0.9984929734016027
4170,0.9993998563945117
4180,0.9959845574380738
4250,0.9870478244398724
4260,0.9897165747710863
