0,0.9867534771905653
10,0.9829377127823132
20,0.9891785080430794
30,0.9808947422483020
40,0.9801518593491874
50,0.9916054234940416
60,0.9925429758054639
70,0.9835584979657430
80,0.9917765134739058
90,0.9894457433233048
100,0.9956221591678928
170,0.9940999589359345
180,0.9986699695716214
190,0.9919076338527113
200,0.9917543604168534
210,0.9989921950728653
220,0.9964341828490848
230,0.9976025370044438
240,0.9921950464509574
330,0.9926098613111116
530,0.9545279199361618
540,0.9554319885239461
550,0.9780092990737185
560,0.9800258510606862
570,0.9798168997477296
580,0.9792952114108376
590,0.9831583680293762
600,0.9773740688304756
610,0.9868913479857055
620,0.9803447250311975
630,0.9903279222655856
680,0.9856525929865921
690,0.9901108720434262
700,0.9882772851715460
710,0.9868966917900724
720,0.9957161408075716
730,0.9953267054244630
900,0.9844885190302731
910,0.9929750381298104
920,0.9840937867550114
990,0.9821604158162619
1000,0.9829096119399579
1010,0.9750683134409861
1020,0.9857938934307572
1030,0.9694551966076895
1040,0.9521024794493312
1050,0.9424956836835073
1060,0.9474059124771601
1070,0.9377683603041935
1080,0.9337186622431579
1380,0.9997646931637567
1390,0.9907323668687701
1400,0.9993942332371742
1410,0.9952237545895577
1470,0.9938824102924442
1650,0.9514016549994401
1660,0.9567811644581121
1670,0.9593388697663124
1680,0.9547777532149566
1690,0.9616551394180165
1700,0.9623425822785963
1710,0.9634294359511144
1720,0.9809875908118184
1730,0.9785819173074513
1740,0.9755037918500924
1750,0.9873612454505168
1760,0.9872971767319529
1770,0.9803131792239365
1810,0.9916051438271564
1820,0.9834426506823761
1830,0.9881226348132671
1840,0.9929594255444041
1850,0.9864242142523493
1860,0.9914205074238583
1870,0.9912634574164700
1910,0.9964570146804099
1920,0.9893226192153071
1930,0.9910751031512659
1940,0.9893073705931795
1950,0.9985354854326430
1960,0.9946014668663559
1970,0.9988041620886555
1980,0.9885952813161215
1990,0.9982752863049452
2380,0.9872044875549922
2390,0.9837208967330183
2400,0.9901529283136730
2410,0.9922971723561641
2420,0.9864262859746188
2430,0.9932787006618249
2440,0.9888979740895548
2450,0.9942256395943008
2460,0.9862963274219675
2470,0.9894333199747276
2480,0.9947655309886811
2490,0.9917993991668784
2500,0.9892302188520332
2510,0.9980357903330822
2520,0.9925231882571425
2530,0.9965297255257660
2540,0.9935164562909259
3170,0.9874468255663355
3180,0.9871152586311681
3190,0.9955567828961980
3200,0.9891662204587796
3210,0.9911702794191705
3220,0.9953199035610593
3230,0.9933200194210350
3240,0.9942468958502135
3250,0.9914679804463712
3260,0.9858008636221131
3270,0.9902423327657385
3280,0.9871964931290562
3290,0.9823049403724244
3300,0.9795109944401171
3310,0.9823414831444214
3320,0.9810533544608850
3330,0.9804489094040421
3340,0.9815765086337576
3350,0.9797281950894727
3360,0.9856286234172160
3370,0.9709972034175376
3380,0.9541129594693023
3390,0.9487034466511883
3400,0.9460511339637522
3410,0.9385911252383770
3420,0.9375248938249754
3700,0.9925296461440594
3830,0.9928866136302239
4020,0.9615675660656298
4030,0.9608653756311598
4040,0.9520440457562287
4230,0.9967262150539028
4240,0.9916373070357368
4250,0.9904000466259292
