400,0.9954593057020116
410,0.9953689684107403
420,0.9925084103901998
530,0.9856729903108598
540,0.9779425318344612
550,0.9840526447911973
560,0.9792653413141291
570,0.9780229276462200
580,0.9721593697931814
590,0.9795825992396308
610,0.9761452638529955
620,0.9724973008326323
630,0.9746506313642707
640,0.9697389035036090
650,0.9647331492644023
660,0.9642346671936186
670,0.9654074308454978
680,0.9506747702813348
690,0.9485434944447232
700,0.9480644964138716
980,0.9903078090186922
990,0.9966133049278739
1040,0.9945837543164491
1070,0.9893640269396541
1080,0.9891671488559253
1090,0.9984116792126601
1330,0.9548432495858540
1340,0.9403957843814559
1350,0.9305360944419943
1360,0.9237448308480983
1370,0.9226291551923042
1380,0.9276793555644357
1390,0.9246654736410025
1400,0.9275522550222872
1410,0.9293690975939034
1420,0.9456395605155891
1430,0.9519571869020863
1440,0.9670007190495308
1450,0.9687698202865459
1460,0.9695046780680953
1470,0.9730017006275562
1480,0.9742885278588898
1490,0.9745535743995613
1500,0.9682595502450084
1510,0.9701870711780114
1520,0.9771209409328525
1530,0.9746560169339055
1540,0.9805030725917757
1550,0.9809522673911450
1560,0.9811714520666360
1790,0.9913009076959246
1890,0.9729994103575154
1900,0.9716574243433762
1910,0.9693526856013904
1920,0.9735051834067239
2070,0.9473686270793685
2080,0.9530863909732492
2090,0.9687227714762076
2100,0.9709527693818908
2110,0.9682875396613528
2120,0.9647783875999201
2130,0.9700153897789348
2140,0.9727018068312052
2150,0.9710561590669541
2160,0.9740436216784857
2170,0.9815031089375825
2180,0.9755341383545909
2190,0.9780735246473347
2200,0.9816906073523561
2210,0.9827911921723689
2260,0.9838841643284866
2270,0.9913798551552061
2280,0.9879051915229562
2290,0.9940804166250966
2300,0.9920179081851150
2310,0.9982079390360993
2320,0.9986843267339354
2330,1.0000000000000000
2340,0.9965389655332915
2540,0.9732060418392264
2590,0.9651057948085692
2600,0.9732389037537856
2610,0.9715935991422614
2620,0.9646775088693090
2630,0.9521505248957800
2640,0.9367731722913147
2650,0.9284938205819867
2660,0.9295219352124855
2670,0.9231940537999651
2680,0.9282449576245996
2690,0.9239093438184139
2700,0.9350163825684830
2710,0.9311436258737873
2720,0.9480959542622178
2730,0.9575485072061115
2740,0.9622799293134325
2750,0.9675036149583933
3140,0.9830036899667098
3270,0.9578589006426141
3360,0.9420409239727577
3630,0.9907698123637777
3640,0.9947026757390377
3650,0.9894941812433626
3660,0.9997525075417452
3740,0.9915571815750072
3750,0.9855709056295830
3760,0.9886287609911976
3770,0.9905589182593536
3780,0.9860164661995435
3790,0.9815899184489673
3800,0.9802488414624948
3810,0.9777809664020177
3820,0.9743087436716418
3830,0.9771984833244864
3840,0.9741708178601940
3850,0.9750045639552528
3860,0.9745149678330929
4000,0.9363940829148295
4010,0.9379987206345081
4020,0.9523485690144348
4030,0.9635954233956673
4040,0.9664633914070524
4050,0.9637157726501615
4060,0.9682807871831317
4070,0.9729625789548717
4080,0.9773684949701120
4090,0.9729700527009363
4100,0.9770830630859354
4110,0.9739569655827262
4120,0.9722272128049988
4130,0.9840678827802962
4140,0.9856680059837485
4160,0.9825701790646187
4170,0.9799893616264344
4180,0.9913771223553838
4190,0.9839917186926511
4200,0.9930928825597449
4210,0.9916714294987504
4220,0.9924343273581968
4230,0.9918034353251388
4310,0.9951473348769521
