0,0.9746097101544782
10,0.9653113057428007
20,0.9720685788632903
30,0.9714716213356819
90,0.9336555411095666
100,0.9361070058980340
110,0.9405179607980645
120,0.9392607409280116
130,0.9490033328814299
140,0.9622423011600948
170,0.9731977326666890
180,0.9716494698552209
190,0.9661756418756484
200,0.9690516244475006
210,0.9793991303359911
220,0.9810363733511709
230,0.9798663371882889
420,0.9887068265785769
430,0.9928233451394978
440,0.9892754418508400
450,0.9903905927567005
460,0.9876321954546258
470,0.9937628346764817
480,0.9954105280430957
490,0.9900240888230314
500,0.9945283379623450
510,0.9915019362050201
520,0.9873542212321110
530,0.9825380164075691
540,0.9798001470585601
550,0.9876916100019653
560,0.9864126912738553
570,0.9804986140878832
580,0.9841627598582638
590,0.9828797578915921
600,0.9787223879088627
610,0.9748920328868370
620,0.9716598590271863
630,0.9726999228717281
640,0.9704162884299463
650,0.9674217642434237
660,0.9667398928077725
670,0.9640339311278537
680,0.9618384992477913
690,0.9436077908365418
700,0.9459424660224115
710,0.9489536466876718
720,0.9483800936942199
730,0.9494647563105116
740,0.9465323106053261
750,0.9514162887586334
760,0.9536568882293260
770,0.9468353009338302
780,0.9452360914874253
790,0.9645426347006600
800,0.9736891864436259
810,0.9720564022175370
820,0.9665152365585800
830,0.9749010132267366
840,0.9694493199982381
1040,0.9903409480760993
1050,0.9926883681553086
1060,0.9965796160087242
1070,0.9920024270257757
1080,0.9990743625021496
1090,0.9885932864492544
1100,0.9969923937231046
1110,0.9865357641000383
1120,0.9871098863903701
1130,0.9859365911175220
1140,0.9871492300476822
1150,0.9930402396327446
1160,0.9887177319407161
1170,0.9818225425118575
1180,0.9901513290449343
1190,0.9801608234354515
1200,0.9824555184021588
1210,0.9829307567135559
1220,0.9835910625677218
1230,0.9748740781358431
1240,0.9743973809572912
1250,0.9755774266113885
1260,0.9790968185305691
1270,0.9676651735893810
1280,0.9670447781904703
1290,0.9661831841348102
1300,0.9660932076298976
1450,0.9649621091844632
1460,0.9678511744298390
1470,0.9701782744349877
1480,0.9735797267918374
1490,0.9751712476016725
1500,0.9735555695688142
1590,0.9805725147172120
1600,0.9868893077420033
1610,0.9903681318216047
1620,0.9935316538970123
1630,0.9866594198877109
1640,0.9857614257957360
1650,0.9958219241956706
1670,0.9932517031705967
1720,0.9925506144433681
1730,0.9981463606031851
1740,0.9966514402399620
1750,0.9931374628037374
1760,0.9950614647854948
1770,0.9881896677012454
1780,0.9902594746906990
1790,0.9927020887038505
1800,0.9854419839338185
1810,0.9887120723734840
1820,0.9863593236052610
1830,0.9873080062824658
1840,0.9864414858247070
1850,0.9871994374291551
1860,0.9824863753969191
1870,0.9794563555550898
1880,0.9802316086180447
1890,0.9719970184841040
1900,0.9810477875843246
1910,0.9797239028076784
1920,0.9740901507356970
1930,0.9712019412203147
1940,0.9729235590278695
1950,0.9750388076388027
1960,0.9655543884617342
1970,0.9689572135360495
1980,0.9615307103218986
1990,0.9486034101801319
2000,0.9489889494996233
2010,0.9477481707324297
2020,0.9486842835725139
2030,0.9515680373384841
2040,0.9465162345517271
2090,0.9714909430957199
2100,0.9666686287394202
2110,0.9700442705606109
2120,0.9747799785505320
2130,0.9750257228500276
2140,0.9714502843419937
2150,0.9749559349712469
2160,0.9724073672664225
2280,0.9879949018308217
2290,0.9925255006852440
2300,0.9904413016424768
2340,0.9880652904736340
2350,0.9983212908757824
2360,0.9984539430387590
2370,0.9984233924246698
2380,0.9950124801780676
2390,0.9902775873100600
2400,0.9938751429244436
2410,0.9922258406959592
2420,0.9960107575965648
2430,0.9917754399313289
2440,0.9897965908660450
2450,0.9913077600618537
2460,0.9824210690245632
2700,0.9377672636106137
2710,0.9378507593295798
2720,0.9495645516244410
2730,0.9576938081154492
2740,0.9627859955081833
2750,0.9681910634173598
2760,0.9677705427853611
2770,0.9748003231639636
2780,0.9741711569820588
2790,0.9781226463692066
2800,0.9739414192531631
2810,0.9797517369404989
2960,0.9887992391486817
2970,0.9948060695948160
2980,0.9976708136375884
2990,0.9902519439929302
3000,0.9976773257470483
3010,0.9970003227791047
3020,0.9892769358694840
3030,0.9904757287212866
3040,0.9910890379902362
3050,0.9971603795447789
3060,0.9951420353817074
3070,0.9964181634892685
3080,0.9943398447831321
3090,0.9850771235962612
3100,0.9841710709826634
3110,0.9818249820687842
3120,0.9892053351486085
3130,0.9789252575202364
3140,0.9823800085183639
3150,0.9874863167755172
3160,0.9821540548669884
3170,0.9828268968038130
3180,0.9779919176997417
3190,0.9741183835350038
3200,0.9746524758001616
3210,0.9699254958426847
3500,0.9812907284237585
3520,0.9855459502147121
3530,0.9845430200887396
3540,0.9889456015539200
3640,0.9909121022121135
3650,0.9994029700121932
3660,0.9890152730223650
3670,0.9905134290100750
3680,0.9947017137998319
3690,0.9931899595633908
3700,0.9984860036089744
3710,0.9940098245020312
3720,0.9921845392343275
3730,0.9900837236119364
3740,0.9889228118307751
3750,0.9941217771024945
3760,0.9920479494383621
3770,0.9802566799579883
3780,0.9874176750059714
3790,0.9804919514599664
3800,0.9853472074128787
3810,0.9747551486836268
3820,0.9812060643364373
3830,0.9771736168980177
3840,0.9754302077172253
3900,0.9728407544786509
3910,0.9673086136238002
3920,0.9679552572077466
4040,0.9655884809409740
4050,0.9683744433806997
4060,0.9745812521919608
4070,0.9651281301515298
4080,0.9763694814871934
4090,0.9676001118176917
4100,0.9692074130596191
4110,0.9744940142884376
4120,0.9791957238425091
4130,0.9790432539070186
4140,0.9768260970730618
4150,0.9869163739645024
4160,0.9777439493293265
4170,0.9845018066675336
4180,0.9842903234679101
4190,0.9832288254518552
4200,0.9824531452594862
4210,0.9832736127268112
4220,0.9846971659223718
4230,0.9903355773521120
