0,0.9557113670943866
10,0.9574515988010897
20,0.9544731829039822
30,0.9559338990949611
40,0.9564225653290976
50,0.9476066691256545
110,0.9654526187660399
120,0.9758564462864228
130,0.9720000094451220
140,0.9689174456095681
150,0.9763825362005777
160,0.9707537429458432
170,0.9828637820806695
180,0.9790313074631484
190,0.9764833810555141
200,0.9825400566462622
210,0.9874240314226658
220,0.9858949970763689
230,0.9901610972268406
240,0.9903562323544857
250,0.9929949317572236
270,0.9965713488763513
280,0.9957025906929584
290,0.9950602910768883
300,0.9957685600465819
310,0.9974555522077112
320,0.9944001965687570
330,0.9925006532650430
340,0.9932932465757000
350,0.9944707171743705
360,0.9933772364537043
370,0.9961428869990134
380,0.9891273370427097
390,0.9955822915405541
400,0.9894945318538797
410,0.9928496749133556
420,0.9909181557446796
430,0.9893567101059177
440,0.9783367523639495
450,0.9780606368736006
460,0.9787852361593161
470,0.9743213086980892
480,0.9761607064176543
490,0.9744282489080642
500,0.9748678442834545
510,0.9694830394166002
520,0.9731765038061850
530,0.9728740300623941
540,0.9735699185826429
550,0.9671364490987091
560,0.9614790015511644
570,0.9517094228342751
580,0.9449977458475637
590,0.9458999360929352
600,0.9409049078154471
610,0.9391742619562685
630,0.9335995269624527
640,0.9376846621445319
650,0.9475676490665467
660,0.9518732308353998
670,0.9616337583466407
680,0.9629351414505324
690,0.9691733881733788
700,0.9637636262724026
710,0.9655333417436734
720,0.9748101769688129
730,0.9700977931626382
740,0.9746239159906670
750,0.9805105214859463
760,0.9730954478522061
770,0.9790631540317023
780,0.9817781613294012
790,0.9812721000179422
800,0.9889237251409876
810,0.9919601239525759
820,0.9933913521755385
830,0.9877688828266353
840,0.9863331511334898
850,0.9893595660260385
860,0.9949019826129829
870,0.9914219764500457
880,0.9992952770338780
890,0.9951039298278919
900,0.9925088272669098
910,0.9907879604846324
920,0.9982962539699806
930,0.9881804745399390
940,0.9914510110495690
950,0.9887486525387784
960,0.9877085662986603
970,0.9952687343519249
980,0.9949757536842972
990,0.9873543822657783
1000,0.9829611369581829
1010,0.9857200032661134
1020,0.9838146651982593
1030,0.9780582268079382
1040,0.9790048176006753
1050,0.9799999950477301
1060,0.9780040389339386
1070,0.9791152297386486
1080,0.9709833076299721
1090,0.9699940983274753
1100,0.9752028826169696
1110,0.9689410031927171
1120,0.9657022322984118
1130,0.9694494290979715
1140,0.9661778506187545
1150,0.9534370178226061
1160,0.9505848073735725
1170,0.9535209233591454
1180,0.9476411269203282
1190,0.9466539077653983
1200,0.9491170206560096
1210,0.9552503737484694
1220,0.9486680780815924
1230,0.9537818867195951
1240,0.9477711238714835
1250,0.9541742800619996
1260,0.9698101209842991
1270,0.9686132433196116
1280,0.9726992440109216
1290,0.9736229936786759
1300,0.9688206566505023
1310,0.9770119498240823
1320,0.9764759740127782
1330,0.9771003457305651
1340,0.9777329183677962
1350,0.9790361283309059
1360,0.9805764588776122
1370,0.9878730177025413
1380,0.9789215948349579
1390,0.9830567461243711
1400,0.9822775551275829
1410,0.9861738945634506
1420,0.9948520940470621
1430,0.9877017360020143
1440,0.9956390390642849
1450,0.9926846335820780
1460,0.9957395674014420
1470,0.9946596679012001
1480,0.9963143100598592
1490,0.9905171481294891
1500,0.9994143270542958
1510,1.0000000000000000
1520,0.9978466735867704
1530,0.9918071549060054
1540,0.9942195083523581
1550,0.9874727146793898
1560,0.9868792133197183
1570,0.9930721712506048
1580,0.9842352121096307
1590,0.9892328844784625
1600,0.9881632534616251
1610,0.9882949575426593
1620,0.9779502365911862
1630,0.9798394234760212
1640,0.9810071955133975
1650,0.9784777631358156
1660,0.9725367223168839
1670,0.9706761252110518
1680,0.9768233218575999
1690,0.9666319854756654
1700,0.9702872122808809
1710,0.9703376389180933
1720,0.9638991350881965
1730,0.9708495642341569
1740,0.9554697356244096
1750,0.9473517723308797
1760,0.9398894132476527
1770,0.9394298954395863
1780,0.9432601490879775
1790,0.9387600500415839
1800,0.9354820182877100
1810,0.9437321996624278
1820,0.9480636839261473
1830,0.9558293954411442
1840,0.9642960882717888
1850,0.9715623472744630
1860,0.9704871989216145
1870,0.9682813223163947
1880,0.9740779584464335
1890,0.9696136742249009
1900,0.9734272820925798
1910,0.9717863167162399
1920,0.9817711129909025
1930,0.9747025062000334
1940,0.9851961102029656
1950,0.9823359269917457
1960,0.9859410751864028
1970,0.9817647142319720
1980,0.9840111185372613
1990,0.9922432875463183
2000,0.9873516516280664
2010,0.9922285630487830
2020,0.9890026153761906
2030,0.9902806085034368
2040,0.9889192370071679
2050,0.9983104802439557
2060,0.9937659123736990
2070,0.9940833576424745
2080,0.9967422384090301
2090,0.9884479103024536
2100,0.9972814350206505
2110,0.9884331348747325
2120,0.9979370681017312
2130,0.9948152663441502
2140,0.9890426694447957
2150,0.9945488764381115
2160,0.9830830658586840
2170,0.9883595538150154
2180,0.9850546676182060
2190,0.9827994034062091
2200,0.9808428402485401
2210,0.9796875424072142
2220,0.9753750230225129
2230,0.9780097911891960
2240,0.9821982002954502
2250,0.9772536111435599
2260,0.9772238181061602
2270,0.9680542327286450
2280,0.9742994981724716
2290,0.9728134363884380
2300,0.9663490083383154
2310,0.9690762396222220
2320,0.9544734043719618
2330,0.9554341890303789
2340,0.9530512718184787
2350,0.9533944140407712
2360,0.9488551103725777
2370,0.9471154391335109
2380,0.9494879343987968
2390,0.9548727902595664
2400,0.9487534818695560
2410,0.9520912669266459
2420,0.9592607630150940
2430,0.9656365753869112
2440,0.9724376635976610
2450,0.9648896780334589
2460,0.9731702844836052
2470,0.9765040751025816
2480,0.9780255012313139
2490,0.9740717945831527
2500,0.9812451672773288
2510,0.9808811589640054
2520,0.9747445864114745
2530,0.9829147468903350
2540,0.9834367447983794
2610,0.9952284373194396
2620,0.9949083497282593
2630,0.9956206585907796
2640,0.9940205533634325
2650,0.9913915181964833
2660,0.9979690034091238
2670,0.9917130344963352
2680,0.9953020191275833
2690,0.9889442090774165
2700,0.9877544957738559
2710,0.9906214979436899
2720,0.9936237950629669
2730,0.9920832934785305
2740,0.9848063114060867
2750,0.9891117434712278
2760,0.9876072802649948
2770,0.9908352682497227
2780,0.9842897532972928
2790,0.9822618225950555
2800,0.9818406482541252
2810,0.9744680023962814
2820,0.9781974107541578
2830,0.9703964700440095
2840,0.9785305666468126
2850,0.9707353769283048
2860,0.9757727655719454
2870,0.9681548290223442
2880,0.9670221452258242
2890,0.9625414886318965
2900,0.9614894083705758
2910,0.9508189725289475
2920,0.9491080992923349
2930,0.9469366905668779
2940,0.9339969847724284
2950,0.9409600028719329
2960,0.9340924358563483
2970,0.9378701194117030
2980,0.9458426692838220
3010,0.9629358657283231
3020,0.9664726431917972
3030,0.9705465501727679
3040,0.9748281356934662
3050,0.9685438509771577
3060,0.9765766854384131
3070,0.9755941045035623
3080,0.9707452764924341
3090,0.9824420903597310
3100,0.9726910244545126
3160,0.9934492211768050
3170,0.9940621234112867
3180,0.9944592115231122
3190,0.9909707108805894
3200,0.9964810588083040
3210,0.9935262008516248
3220,0.9981147875172347
3230,0.9914052843072991
3240,0.9916056635749916
3250,0.9899177740612460
3260,0.9933397292398768
3270,0.9948733926641117
3280,0.9911685654218824
3290,0.9967119911548554
3300,0.9926026691207618
3310,0.9961259852121472
3320,0.9864645190849424
3330,0.9929292660738266
3340,0.9880125304349944
3350,0.9873735005638965
3360,0.9839133401492476
3370,0.9882770008726547
3380,0.9829526635857455
3390,0.9783971274340453
3400,0.9777887619078346
3410,0.9709530958118477
3420,0.9781184255748844
3430,0.9780815174730305
3440,0.9731996801440123
3450,0.9702579729073378
3460,0.9739487584319525
3470,0.9694593048425237
3480,0.9649783043795812
3490,0.9586540451918020
3500,0.9517391800858799
3510,0.9469372750176613
3520,0.9467063959308587
3530,0.9525412981010435
3540,0.9571676020080127
3550,0.9481081973344883
3560,0.9561688978596546
3570,0.9545477836578173
3580,0.9512351552777989
3590,0.9545735088985707
3600,0.9658113529615243
3610,0.9710761525378346
3620,0.9724752952181741
3630,0.9665488036501553
3640,0.9655329334057262
3650,0.9762599762480867
3660,0.9693385069522092
3670,0.9738416062327021
3680,0.9763874214432429
3690,0.9771183118091623
3700,0.9769839679971797
3710,0.9847567639655807
3720,0.9790026891284467
3730,0.9911672776254157
3740,0.9894042059066138
3750,0.9899774018418076
3760,0.9841074140260043
3770,0.9897265813309125
3780,0.9944677997408631
3790,0.9923143787661661
3840,0.9969189775480358
3850,0.9986659016195686
3860,0.9933651070503277
3870,0.9953938613543423
3880,0.9951580086586516
3890,0.9867424892346484
3900,0.9895267456856019
3910,0.9879442178326673
3920,0.9861518619222502
3930,0.9902576983585433
3940,0.9822535130434794
3950,0.9860573535510739
3960,0.9793618263805045
3970,0.9843631493762588
3980,0.9796475597782137
3990,0.9720883806727658
4000,0.9725308966668909
4010,0.9731223321241950
4020,0.9763563177202546
4030,0.9722169706468121
4040,0.9647475099035793
4050,0.9710961600325977
4060,0.9677400201318304
4070,0.9685988951139264
4080,0.9554123688586833
4090,0.9502104564003714
4100,0.9368584972239457
4110,0.9336711280863272
4120,0.9398386116328767
4130,0.9412193693231935
4140,0.9411307060577082
4150,0.9421194303949844
4160,0.9419245186110292
4170,0.9441470400569472
4180,0.9623195565026643
4190,0.9613516931377148
4200,0.9635965365351347
4210,0.9658022238549437
4220,0.9756783180919413
4230,0.9776217381920647
4240,0.9782557630231025
4250,0.9789394229007087
4260,0.9723722995962187
4270,0.9774997515325402
4280,0.9842256463306279
4290,0.9772938515005707
4300,0.9846406596245104
4310,0.9876880932588211
4320,0.9864416501091691
