10,0.9847052999739835
20,0.9882453935010881
50,0.9871971621905562
60,0.9766785616382285
70,0.9787157725242112
80,0.9772940840113871
90,0.9772261758418110
160,0.9473315776207627
170,0.9357407345134690
180,0.9379570467124332
190,0.9372446212066630
200,0.9419599726567205
210,0.9387944270549544
460,0.9934376636433951
470,0.9890014469518168
480,0.9975940287902517
490,0.9903496857897165
500,0.9921171809506288
1080,0.9977639324884158
1090,0.9977814988333266
1100,0.9963663216464292
1110,0.9913543603107422
1120,0.9905886483980726
1130,0.9881096207334167
1140,0.9916137077331110
1150,0.9862566978420394
1330,0.9390847424828631
1340,0.9440782322769933
1350,0.9341604975149498
1360,0.9377953592661842
1370,0.9433335454189580
1390,0.9510758919669027
1400,0.9497047969401310
1410,0.9653235128153090
1420,0.9749766508194279
1430,0.9796284741632583
1440,0.9734334454765055
1450,0.9719072566093202
1460,0.9773325527474882
1470,0.9757523363170720
1550,0.9917611056981500
1560,0.9911449251817169
1570,0.9947270886460940
1580,0.9959341699708902
1590,0.9945558568205191
2320,0.9853198174207529
2330,0.9847326860693260
2340,0.9870954371249564
2350,0.9816579508225114
2360,0.9872303093282107
2370,0.9897259568836186
2380,0.9809097567780783
2390,0.9799816082331552
2400,0.9755663363731265
2580,0.9721052279306401
2890,0.9943770784154526
2900,0.9890543881535488
2910,0.9929153588178335
2920,0.9899626500228978
2930,0.9847775854979237
2940,0.9829522843893931
2950,0.9900369113328802
2960,0.9891126206330393
2970,0.9856027948580272
2980,0.9781289098047694
3010,0.9763033562208618
3020,0.9768748889459093
3030,0.9782268007185422
3220,0.9819892038412400
3230,0.9821267801681896
3240,0.9775563874717785
3250,0.9843152768154730
3260,0.9814085602193132
3270,0.9794131192659974
3280,0.9882820664432627
3290,0.9898365051985212
3300,0.9905079199123175
3310,0.9937310991600126
3320,0.9919074173873857
3740,0.9520512154251797
3750,0.9663113940414092
3760,0.9780688614261520
3780,0.9736778111907410
3790,0.9777209325069833
3800,0.9789431580882583
3810,0.9779937779459076
3820,0.9778034913411202
3830,0.9787830450264546
3840,0.9853210632083305
3850,0.9860599754561348
3860,0.9834961810549377
3870,0.9834018675001212
3880,0.9877694387172742
3890,0.9874402041953843
3900,0.9900512182252467
4020,0.9902891768297238
4030,0.9917610218092795
4040,0.9879545117304878
4050,0.9951816448752757
4060,0.9964015199313302
4070,0.9855500862707979
4080,0.9880294442651587
4090,0.9950540603636749
4100,0.9879215430691837
