0,0.9632811752942021
10,0.9704424509827936
20,0.9670526102202818
30,0.9682119012740792
40,0.9690899504249295
50,0.9664576033556691
150,0.9899513555204972
260,0.9915849853183701
270,0.9965335847875473
280,0.9889969993499443
310,0.9952297767901248
320,0.9867376560701383
330,0.9931665031861914
340,0.9877066661360068
350,0.9886893108347704
360,0.9793746752394965
370,0.9874342389876414
380,0.9856629246173276
390,0.9736727125835677
400,0.9821097042626711
410,0.9698305485543043
420,0.9772113893361585
430,0.9728525686012843
440,0.9726544571870680
450,0.9735471612612706
460,0.9622664276886560
470,0.9648938056232834
480,0.9582297569178814
490,0.9535505490964585
500,0.9549531862433848
510,0.9536484787946977
520,0.9571540555845173
530,0.9508954463062560
540,0.9488650620376806
550,0.9544189214296684
560,0.9534728562157059
570,0.9513364103758606
580,0.9534025341193373
680,0.9811650720409463
690,0.9792895224174291
700,0.9840672190228505
710,0.9868177307398254
720,0.9867486326382527
730,0.9904498536245593
740,0.9935090454455202
750,0.9853325031813918
760,0.9932585051103596
770,0.9912191088277792
780,0.9959677679451553
790,0.9932184978894932
920,0.9882928063952665
930,0.9908945006594109
940,0.9814184278525087
950,0.9774542787204313
960,0.9862323323649159
970,0.9745334174945924
980,0.9749721711525466
990,0.9803090287645810
1000,0.9708157127466382
1010,0.9738598074340801
1020,0.9707282597832415
1030,0.9680207855429150
1040,0.9629405547813936
1050,0.9672306376561030
1060,0.9625649086875097
1070,0.9616161986497860
1080,0.9460427964360826
1090,0.9473795806819683
1100,0.9405800534333510
1110,0.9412376456780882
1120,0.9447092648487234
1130,0.9386710612611830
1140,0.9408169503115734
1150,0.9472127690992904
1160,0.9466306233648081
1170,0.9596064240508430
1180,0.9629613246606784
1190,0.9695748515848447
1200,0.9667267139972697
1210,0.9681445997516440
1220,0.9763398538284584
1230,0.9763993234314337
1240,0.9702154909271937
1250,0.9787846913024337
1260,0.9773130146109583
1270,0.9789295852648395
1280,0.9764085242155303
1290,0.9794825396029194
1300,0.9815926238404207
1310,0.9896015561303949
1320,0.9912815636901059
1330,0.9877396753617526
1340,0.9933068614931220
1380,0.9908255965370687
1390,0.9928581253374977
1400,0.9955821840040090
1410,0.9949942105682007
1420,0.9891971585908974
1430,0.9962967318320536
1440,0.9906329843271966
1470,0.9958975460133568
1480,0.9856971141960540
1490,0.9885806033928256
1500,0.9895723243136554
1510,0.9852868363104026
1520,0.9907982524673083
1530,0.9801357733646539
1540,0.9801668928189494
1550,0.9809050654626226
1560,0.9741141254004170
1570,0.9798964085851583
1580,0.9757700888928298
1590,0.9719416871573493
1600,0.9684842991517338
1610,0.9732142543246508
1620,0.9662423520778473
1630,0.9730540137730640
1640,0.9675543713368855
1650,0.9603631041904687
1660,0.9489885584410875
1670,0.9495405272454701
1680,0.9503134798498369
1690,0.9575978724302174
1700,0.9470752427462742
1710,0.9508216575421378
1720,0.9490018334296173
1730,0.9522706104378805
1740,0.9509312992717803
1750,0.9575625368593618
1760,0.9594846040382081
1770,0.9637696484298737
1780,0.9733559310584349
1790,0.9674090278349672
1800,0.9652705579196384
1810,0.9717199047001823
1820,0.9724732739720068
1830,0.9807231902771438
1840,0.9808120507182705
1850,0.9812723054085205
1860,0.9761215708622948
1870,0.9762852764215594
1880,0.9807883306213687
1890,0.9858020586597877
1900,0.9804482499737338
1910,0.9914519255406873
1920,0.9947048582120861
1930,0.9919628210607622
1940,0.9971300561589660
1950,0.9916906046753035
1960,0.9964152225957716
1970,0.9897237403815824
1980,0.9953811949553565
1990,0.9945827948690267
2000,0.9954401368608103
2010,0.9993051621208079
2020,0.9957091678882903
2030,0.9892114859152807
2040,0.9932306883321582
2050,0.9912034048112638
2060,0.9876561198225098
2070,0.9857883992037744
2080,0.9908524251298368
2280,0.9393762958713564
2290,0.9437770132481004
2300,0.9397747713642982
2310,0.9461469120138840
2320,0.9463211779920463
2330,0.9443772324782439
2340,0.9582883967992394
2350,0.9699931850909378
2360,0.9652438221803535
2370,0.9633775024397964
2380,0.9687591962810386
2390,0.9713893942834254
2400,0.9776028810984545
2410,0.9756120673670744
2420,0.9742520787869234
2430,0.9797273640484397
2440,0.9772209851377791
2450,0.9791701149708740
2460,0.9878713670589300
2470,0.9828450728299121
2480,0.9839160644882771
2490,0.9816038106360527
2500,0.9850196272284051
2510,0.9869184282630034
2520,0.9958880034372261
2530,0.9877885760772662
2540,0.9948499443571500
2550,0.9909738161145730
2560,0.9901181086492002
2570,0.9998787770214534
2580,0.9909316583204230
2590,0.9938533241968599
2600,0.9981064550792543
2610,0.9983414461213520
2620,0.9967832101278015
2630,0.9975408196747300
2640,0.9963387690991938
2650,0.9877626493323179
2660,0.9884700134584101
2670,0.9849197605445771
2680,0.9873470234407474
2690,0.9898668953186421
2700,0.9830817602436773
2710,0.9858504406119831
2720,0.9767612349455844
2730,0.9826915008055834
2740,0.9739297658719211
2750,0.9759030758440618
2790,0.9661843829813233
2800,0.9628582690452909
2810,0.9689298406514651
2820,0.9630284317643283
2830,0.9562924547674789
2840,0.9491697196677442
2850,0.9555793644348963
2860,0.9525198205657958
2870,0.9560772055703359
2880,0.9501159113022812
2890,0.9523761007996907
2900,0.9475607621804901
2910,0.9533522064932914
3110,0.9898443044119024
3120,0.9944040429027838
3130,0.9884289815418672
3140,0.9989086996867721
3150,0.9977393512223046
3160,1.0000000000000000
3170,0.9947183472955621
3180,0.9924497533855523
3190,0.9889819742102054
3200,0.9930812141365390
3210,0.9965519728523728
3220,0.9978341744927010
3240,0.9866475913540176
3250,0.9917594062543869
3260,0.9836057450285832
3270,0.9912494262539953
3280,0.9790064928416056
3290,0.9815939133536311
3300,0.9832582041895358
3310,0.9824595053009021
3320,0.9725846507839244
3330,0.9794420770730590
3340,0.9764719855503307
3350,0.9711790832598058
3360,0.9697749674536057
3370,0.9717517074159306
3380,0.9710669287033107
3390,0.9675275650859330
3400,0.9647543374053117
3410,0.9576965383680319
3490,0.9432385493026995
3500,0.9435699294307206
3510,0.9578526716702249
3520,0.9673490057979509
3530,0.9624144142703881
3540,0.9680843083514991
3550,0.9730371175920925
3560,0.9716224767389204
3570,0.9704182606681987
3580,0.9777230560241122
3590,0.9750330854591400
3600,0.9738833795983889
3610,0.9810768674298265
3620,0.9760881439668574
3630,0.9873569898525553
3640,0.9879818315440310
3650,0.9864558719989680
3660,0.9899645314404050
3670,0.9884181688119545
3680,0.9949600122231639
3690,0.9885556801192766
3700,0.9906223207432256
3710,0.9867778499297323
3720,0.9909386902937716
3730,0.9975344451041179
3740,0.9909660850545874
3750,0.9937817291171552
3760,0.9963838480103168
3770,0.9966140060481304
3780,0.9965739931816037
3890,0.9757575415826090
3900,0.9731254280620625
3910,0.9798223410728708
3920,0.9704606915008274
3930,0.9768806413097144
3940,0.9733697508860276
3950,0.9731452431842618
3960,0.9724498465740367
3970,0.9729925309694687
3980,0.9651860131933843
3990,0.9626168471221555
4030,0.9532515837403708
4040,0.9576156204258016
4050,0.9560657678004116
4060,0.9544562769997651
4090,0.9480591427260509
4100,0.9641626972003884
4110,0.9615952609392914
4120,0.9731839538795347
4130,0.9629484530126131
4140,0.9741051218856396
4160,0.9778449957945343
4170,0.9716797019641694
4180,0.9732336658387672
4190,0.9796474628103987
4200,0.9755441973653933
4210,0.9791005477926968
4220,0.9875145682078008
4230,0.9834325695547972
4240,0.9811156411405626
4250,0.9829029165556874
4260,0.9863723895096697
4270,0.9942545475634500
4280,0.9868944799376357
4290,0.9897535271979672
4300,0.9944505375517404
4310,0.9935752981559328
4320,0.9892633236504823
